File: C:\MED-PC IV\Data\Reyes\AY\AY4052.999


Start Date: 11/19/24
End Date: 11/19/24
Subject: 52
Experiment: AY
Group: LONG
Box: 1
Start Time: 14:29:44
End Time: 14:56:30
MSN: DRRD_timeout_retract
C:       0.000
F:       0.000
G:       0.000
H:       0.000
I:       0.000
J:       0.000
K:   10000.000
L:       0.000
M:       0.000
N:     100.000
O:       0.000
P:    5000.000
Q:       0.000
R:       0.000
S:       0.000
U:   38769.000
V:       0.000
X:       0.000
Y:    1216.000
Z:       0.000
A:
     0:    12270.005    12282.009    12283.005    13121.009    13610.005
     5:    13632.009    13808.005    13889.009    14158.005    14177.009
    10:    14338.005    14405.009    15000.013    15000.011    16058.005
    15:    16083.009    16699.001    16959.003    16964.023    16964.021
    20:    17038.001    17068.003    17505.005    17567.009    20407.005
    25:    20424.009    20435.005    20493.009    20526.005    20785.009
    30:    21965.013    21965.011    22511.001    22855.003    22860.023
    35:    22860.021    22930.001    22975.003    23801.005    24111.009
    40:    24192.005    24217.009    27861.013    27861.011    28916.001
    45:    29419.003    29424.023    29424.021    29427.001    29994.003
    50:    30321.005    30332.009    30342.005    30510.009    34425.013
    55:    34425.011    35212.001    35636.003    35641.023    35641.021
    60:    35653.001    35925.003    40642.013    40642.011    43108.001
    65:    43553.003    43558.023    43558.021    43610.001    43932.003
    70:    44141.005    44283.009    48559.013    48559.011    49197.001
    75:    50114.003    50119.023    50119.021    50152.001    50414.003
    80:    50704.005    51299.009    55120.013    55120.011    57155.001
    85:    58066.003    58071.023    58071.021    58151.001    58222.003
    90:    61226.005    62034.009    63072.013    63072.011    64079.001
    95:    66242.003    66247.023    66247.021    67254.005    67449.009
   100:    67454.005    67507.009    67519.005    67581.009    71248.013
   105:    71248.011    71758.001    72138.003    72143.023    72143.021
   110:    72159.001    72288.003    72635.005    72924.009    72965.005
   115:    73009.009    73028.005    73042.009    73261.005    73274.009
   120:    74333.005    74410.009    76350.005    76455.009    76473.005
   125:    76570.009    76575.005    77129.009    77144.013    77144.011
   130:    77540.001    79799.003    79804.023    79804.021    79830.001
   135:    79943.003    84805.013    84805.011    85161.001    85703.003
   140:    85708.023    85708.021    85744.001    86012.003    86616.005
   145:    87279.009    90709.013    90709.011    93415.001    93738.003
   150:    93743.023    93743.021    93810.001    93957.003    98744.013
   155:    98744.011   111146.001   112039.003   112044.023   112044.021
   160:   117045.013   117045.011   117750.001   118997.003   119002.023
   165:   119002.021   119466.005   119886.009   119957.005   119975.009
   170:   120781.005   120794.009   120853.005   120867.009   124003.013
   175:   124003.011   124367.001   124866.003   124871.023   124871.021
   180:   124917.001   125166.003   125810.005   125836.009   125849.005
   185:   125878.009   126766.005   126787.009   126838.005   126857.009
   190:   126918.005   126936.009   127154.005   127166.009   127490.005
   195:   129691.009   129872.013   129872.011   130339.001   131877.003
   200:   131882.023   131882.021   136883.013   136883.011   137393.001
   205:   137796.003   137801.023   137801.021   137863.001   137992.003
   210:   138674.005   139020.009   142789.005   142802.013   142802.011
   215:   142830.009   143129.001   143799.003   143804.023   143804.021
   220:   143866.001   143920.003   144303.005   144384.009   147026.005
   225:   148150.009   148756.005   148805.013   148805.011   148891.009
   230:   149313.001   149377.003   149382.023   149382.021   149481.001
   235:   149518.003   154383.013   154383.011   156621.001   156776.003
   240:   156781.023   156781.021   156825.001   156894.003   160945.005
   245:   160969.009   160984.005   161782.013   161782.011   161989.009
   250:   162216.005   162227.009   164357.005   164364.009   164583.001
   255:   166147.003   166152.023   166152.021   166814.005   167411.009
   260:   167445.005   167463.009   169905.005   169915.009   170585.005
   265:   170600.009   171153.013   171153.011   171539.005   171564.009
   270:   171591.005   171603.009   172599.001   174391.003   174396.023
   275:   174396.021   178163.005   178180.009   179049.005   179066.009
   280:   179397.013   179397.011   179439.005   179451.009   180090.001
   285:   182388.003   182393.023   182393.021   182757.005   183036.009
   290:   183071.005   184529.009   184566.005   184602.009   187394.013
   295:   187394.011   188398.001   192171.003   192176.023   192176.021
   300:   197177.013   197177.011   198984.001   200141.003   200146.023
   305:   200146.021   200511.005   200791.009   205054.005   205147.013
   310:   205147.011   205193.009   205201.005   205232.009   205572.001
   315:   205794.003   205799.023   205799.021   205839.001   205912.003
   320:   210800.013   210800.011   211448.001   213100.003   213105.023
   325:   213105.021   213718.005   213939.009   214279.005   215181.009
   330:   215744.005   215759.009   215775.005   215787.009   215857.005
   335:   216136.009   216408.005   216456.009   216694.005   216742.009
   340:   218106.013   218106.011   219424.005   219543.009   219771.005
   345:   219846.009   220223.005   220241.009   220695.001   220779.003
   350:   220784.023   220784.021   220800.001   220899.003   222327.005
   355:   223607.009   224258.005   224329.009   224381.005   224400.009
   360:   224425.005   224632.009   224707.005   224725.009   224858.005
   365:   224910.009   224943.005   225056.009   225186.005   225225.009
   370:   225785.013   225785.011   226034.001   226648.003   226653.023
   375:   226653.021   231654.013   231654.011   231894.001   236894.018
   380:   237060.003   237066.016   237116.026   237334.005   237700.009
   385:   237742.005   237803.009   239382.001   243619.003   243624.023
   390:   243624.021   244445.005   244483.009   244498.005   244814.009
   395:   245330.005   245451.009   248574.005   248625.013   248625.011
   400:   249592.009   250609.001   254496.003   254501.023   254501.021
   405:   254518.001   254801.003   254978.005   255184.009   255251.005
   410:   255266.009   255672.005   255694.009   259502.013   259502.011
   415:   260357.001   265357.018   265964.003   265970.016   266020.026
   420:   266160.005   266443.009   267985.001   272985.018   273204.003
   425:   273210.016   273260.026   273349.005   274110.009   275777.001
   430:   275836.003   275841.023   275841.021   275844.001   276124.003
   435:   276363.005   276616.009   276684.005   276704.009   276806.005
   440:   276868.009   277832.005   278102.009   279540.005   279672.009
   445:   279792.005   280031.009   280300.005   280842.013   280842.011
   450:   282075.009   282799.001   287761.003   287766.023   287766.021
   455:   287841.001   287901.003   288417.005   288619.009   289841.005
   460:   292624.009   292767.013   292767.011   293086.001   293304.003
   465:   293309.023   293309.021   293318.001   293446.003   293799.005
   470:   294000.009   294283.005   294481.009   294494.005   295053.009
   475:   297623.005   297871.009   297930.005   298310.013   298310.011
   480:   298409.009   298950.001   302964.003   302969.023   302969.021
   485:   304030.005   304153.009   306071.005   306395.009   306415.005
   490:   306641.009   306693.005   306721.009   306834.005   306909.009
   495:   307029.005   307143.009   307225.005   307252.009   307330.005
   500:   307364.009   307970.013   307970.011   308305.001   312551.003
   505:   312556.023   312556.021   312627.001   312664.003   313173.005
   510:   313210.009   313357.005   313376.009   313482.005   313512.009
   515:   313571.005   313911.009   313952.005   314038.009   314048.005
   520:   314573.009   314594.005   314601.009   314608.005   314618.009
   525:   315503.005   315767.009   315822.005   316546.009   317557.013
   530:   317557.011   317751.001   322481.003   322486.023   322486.021
   535:   323500.005   323650.009   327487.013   327487.011   327661.001
   540:   327681.003   327686.023   327686.021   328862.005   328873.009
   545:   328876.005   329033.009   331843.005   331995.009   332004.005
   550:   332424.009   332687.013   332687.011   332851.001   333117.003
   555:   333122.023   333122.021   333186.001   333260.003   336720.005
   560:   336863.009   336931.005   336945.009   337116.005   337146.009
   565:   337154.005   337171.009   337352.005   337644.009   338123.013
   570:   338123.011   338816.001   338922.003   338927.023   338927.021
   575:   338936.001   339206.003   339398.005   340192.009   341009.005
   580:   341050.009   343928.013   343928.011   345462.001   345727.003
   585:   345732.023   345732.021   345777.001   345871.003   346724.005
   590:   346756.009   346780.005   347119.009   347152.005   347170.009
   595:   350231.005   350335.009   350733.013   350733.011   351020.001
   600:   356020.018   356647.003   356653.016   356703.026   356804.005
   605:   357640.009   357658.005   357917.009   357977.005   358005.009
   610:   358849.001   363062.003   363067.023   363067.021   363485.005
   615:   363690.009   363777.005   363792.009   366076.005   366171.009
   620:   368068.013   368068.011   368610.001   372515.003   372520.023
   625:   372520.021   373556.005   373780.009   373947.005   373971.009
   630:   373981.005   374012.009   374269.005   374601.009   375875.005
   635:   375890.009   375939.005   375946.009   377521.013   377521.011
   640:   379442.001   384442.018   384632.003   384638.016   384688.026
   645:   385037.005   385576.009   385610.005   385878.009   386622.001
   650:   388439.003   388444.023   388444.021   388508.001   388543.003
   655:   389017.005   389219.009   393445.013   393445.011   394962.001
   660:   399460.003   399465.023   399465.021   399536.005   400195.009
   665:   404466.013   404466.011   404840.001   409840.018   410572.003
   670:   410578.016   410628.026   410728.005   411237.009   412140.001
   675:   415355.003   415360.023   415360.021   415408.001   415617.003
   680:   416019.005   416148.009   420361.013   420361.011   420538.001
   685:   420853.003   420858.023   420858.021   420927.001   421494.003
   690:   422404.005   422525.009   425859.013   425859.011   426483.001
   695:   429435.003   429440.023   429440.021   430143.005   430201.009
   700:   432221.005   433829.009   434441.013   434441.011   434790.001
   705:   438533.003   438538.023   438538.021   439179.005   439271.009
   710:   439360.005   439377.009   439412.005   439417.009   443539.013
   715:   443539.011   444127.001   448984.003   448989.023   448989.021
   720:   453990.013   453990.011   454899.001   455082.003   455087.023
   725:   455087.021   455145.001   455360.003   455519.005   455937.009
   730:   455977.005   456096.009   460088.013   460088.011   460694.001
   735:   460880.003   460885.023   460885.021   460947.001   461024.003
   740:   461359.005   461442.009   463403.005   463549.009   465886.013
   745:   465886.011   466522.001   470611.003   470616.023   470616.021
   750:   475617.013   475617.011   476227.001   480890.003   480895.023
   755:   480895.021   485896.013   485896.011   487086.001   492086.018
   760:   492181.003   492187.016   492234.001   492237.026   492319.003
   765:   492324.023   492324.021   492402.005   492677.009   495798.005
   770:   496039.009   497325.013   497325.011   497886.001   502886.018
   775:   504118.003   504124.016   504174.026   504326.005   504952.009
   780:   506810.001   507146.003   507151.023   507151.021   507155.001
   785:   507278.003   507722.005   507880.009   507908.005   508554.009
   790:   508579.005   508616.009   509001.005   509526.009   509566.005
   795:   509579.009   509922.005   509981.009   509985.005   510050.009
   800:   510053.005   510068.009   512152.013   512152.011   512508.001
   805:   516890.003   516895.023   516895.021   517607.005   517638.009
   810:   517672.005   517686.009   521896.013   521896.011   522201.001
   815:   522611.003   522616.023   522616.021   522624.001   522938.003
   820:   523278.005   523414.009   523637.005   523667.009   523713.005
   825:   523723.009   523843.005   523898.009   523919.005   524348.009
   830:   524998.005   525057.009   525643.005   526756.009   527018.005
   835:   527046.009   527617.013   527617.011   528123.001   528322.003
   840:   528327.023   528327.021   528353.001   528461.003   529924.005
   845:   529938.009   530535.005   530914.009   533328.013   533328.011
   850:   533635.001   534227.003   534232.023   534232.021   534251.001
   855:   534499.003   534881.005   534898.009   534901.005   535176.009
   860:   535234.005   535345.009   539233.013   539233.011   540358.001
   865:   543400.003   543405.023   543405.021   543587.005   543781.009
   870:   547637.005   547921.009   548406.013   548406.011   548694.001
   875:   549414.003   549419.023   549419.021   549423.001   549710.003
   880:   552203.005   553161.009   554420.013   554420.011   555951.001
   885:   556115.003   556120.023   556120.021   556169.001   556281.003
   890:   558367.005   558800.009   561121.013   561121.011   561941.001
   895:   564255.003   564260.023   564260.021   569261.013   569261.011
   900:   569923.001   570148.003   570153.023   570153.021   570187.001
   905:   570276.003   572127.005   572141.009   572150.005   572555.009
   910:   575154.013   575154.011   575691.001   580612.003   580617.023
   915:   580617.021   584170.005   584733.009   585618.013   585618.011
   920:   585782.001   590782.018   591105.003   591111.016   591161.026
   925:   591324.005   591767.009   591784.005   591828.009   593090.001
   930:   593135.003   593140.023   593140.021   593186.001   593287.003
   935:   596580.005   597141.009   597194.005   597219.009   597996.005
   940:   598141.013   598141.011   598247.009   598667.001   603667.018
   945:   604591.003   604597.016   604647.026   604786.005   605140.009
   950:   605252.005   605285.009   607178.001   611730.003   611735.023
   955:   611735.021   612364.005   612639.009   612729.005   612760.009
   960:   613256.005   613271.009   613279.005   613613.009   613617.005
   965:   613650.009   613663.005   613697.009   615549.005   615931.009
   970:   616736.013   616736.011   617730.005   617806.009   618659.001
   975:   622818.003   622823.023   622823.021   623281.005   625014.009
   980:   625047.005   625068.009   625234.005   625564.009   625577.005
   985:   625612.009   626942.005   627824.013   627824.011   627947.009
   990:   629957.001   632842.003   632847.023   632847.021   633281.005
   995:   633379.009   637848.013   637848.011   638729.001   643729.018
  1000:   643816.003   643822.016   643872.026   644049.005   645014.009
  1005:   646165.001   650679.003   650684.023   650684.021   653980.005
  1010:   654472.009   655685.013   655685.011   655906.001   656135.003
  1015:   656140.001   656140.023   656140.021   656554.003   660814.005
  1020:   661141.013   661141.011   661151.009   661563.001   666101.003
  1025:   666106.023   666106.021   667718.005   668264.009   668606.005
  1030:   668631.009   668634.005   668654.009   668679.005   668702.009
  1035:   668707.005   668736.009   671107.013   671107.011   671864.001
  1040:   676799.003   676804.023   676804.021   676873.001   676897.003
  1045:   677314.005   677364.009   681295.005   681326.009   681352.005
  1050:   681678.009   681805.013   681805.011   682065.001   687065.018
  1055:   687125.003   687131.016   687181.026   687313.005   688037.009
  1060:   689004.001   689383.003   689388.023   689388.021   689403.001
  1065:   689746.003   689994.005   690251.009   690321.005   690343.009
  1070:   690810.005   690815.009   692846.005   694389.013   694389.011
  1075:   694477.009   694802.001   695124.003   695129.023   695129.021
  1080:   695144.001   695477.003   696194.005   698543.009   699369.005
  1085:   700130.013   700130.011   700229.009   700762.001   704913.003
  1090:   704918.023   704918.021   705057.005   705275.009   706534.005
  1095:   706654.009   707523.005   707565.009   707569.005   708048.009
  1100:   709919.013   709919.011   710209.001   710819.003   710824.023
  1105:   710824.021   710842.001   711115.003   711326.005   711415.009
  1110:   715825.013   715825.011   716001.001   720952.003   720957.023
  1115:   720957.021   721567.005   721873.009   721915.005   722138.009
  1120:   722153.005   722172.009   725958.013   725958.011   726956.001
  1125:   727297.003   727302.023   727302.021   727361.001   727557.003
  1130:   727744.005   727830.009   732303.013   732303.011   732485.001
  1135:   737323.003   737328.023   737328.021   739009.005   739104.009
  1140:   739148.005   739194.009   739277.005   739298.009   739871.005
  1145:   739900.009   739923.005   740304.009   741588.005   742329.013
  1150:   742329.011   743181.009   743765.001   747990.003   747995.023
  1155:   747995.021   748514.005   750826.009   750978.005   752092.009
  1160:   752996.013   752996.011   753186.001   758186.018   758452.003
  1165:   758458.016   758508.026   758639.005   759172.009   760943.001
  1170:   765943.018   766496.003   766502.016   766552.026   766701.005
  1175:   767341.009   768587.001   773370.003   773375.023   773375.021
  1180:   773797.005   774057.009   774085.005   774178.009   776767.005
  1185:   777238.009   778376.013   778376.011   778676.001   783676.018
  1190:   783701.003   783707.016   783757.026   783926.005   784407.009
  1195:   788446.001   791981.003   791986.023   791986.021   792408.005
  1200:   792844.009   796987.013   796987.011   797557.001   797961.003
  1205:   797966.023   797966.021   797994.001   798091.003   802967.013
  1210:   802967.011   802968.061   802969.061   802970.061   802971.061
  1215:   802972.061
B:
     0:        0.000      146.000        0.000      146.000        0.000
     5:      266.000        0.000        0.000        0.000      266.000
    10:        0.000       86.000        0.000       86.000        0.000
    15:        0.000       15.000        0.000       15.000        0.000
    20:        0.000       85.000        0.000       85.000        0.000
    25:        0.000       15.000        0.000        0.000        0.000
    30:        0.000
D:
     0:   836729.000   836326.000   836730.000
E:
     0:     5000.000     5000.000
T:
     0:        0.000        0.000        0.000        0.000
W:
     0:        0.000        0.000        0.000
