File: C:\MED-PC IV\Data\Reyes\AY\AY4074.999


Start Date: 11/21/24
End Date: 11/21/24
Subject: 74
Experiment: AY
Group: SHORT
Box: 6
Start Time: 14:59:55
End Time: 15:20:07
MSN: DRRD_timeout_retract
C:       0.000
F:       0.000
G:       0.000
H:       0.000
I:       0.000
J:       0.000
K:   10000.000
L:       0.000
M:       0.000
N:     100.000
O:       0.000
P:    2500.000
Q:       0.000
R:       0.000
S:       0.000
U: 1627202.000
V:       0.000
X:       0.000
Y:    1099.000
Z:       0.000
A:
     0:    12761.005    13354.009    15000.013    15000.011    15248.001
     5:    15657.003    15662.023    15662.021    17452.005    17814.009
    10:    18163.013    18163.011    18263.001    18752.003    18757.023
    15:    18757.021    18787.001    18875.003    19362.005    20586.009
    20:    21162.005    21237.009    21243.005    21258.013    21258.011
    25:    21301.009    21763.001    24254.003    24259.023    24259.021
    30:    24284.001    24712.003    25380.005    25909.009    26760.013
    35:    26760.011    26860.001    27052.003    27057.023    27057.021
    40:    27073.001    27160.003    27559.005    27647.009    29558.013
    45:    29558.011    29829.001    30103.003    30108.023    30108.021
    50:    31330.005    31827.009    32609.013    32609.011    32743.001
    55:    33155.003    33160.023    33160.021    33180.001    33268.003
    60:    34765.005    34932.009    35661.013    35661.011    35778.001
    65:    36577.003    36582.023    36582.021    36634.001    36682.003
    70:    38857.005    39083.013    39083.011    39205.009    39494.005
    75:    40064.009    40617.001    43386.003    43391.023    43391.021
    80:    43454.001    43462.003    43878.005    44564.009    45892.013
    85:    45892.011    45986.001    46437.003    46442.023    46442.021
    90:    47045.005    47250.009    47307.005    47533.009    48943.013
    95:    48943.011    49068.001    49220.003    49225.023    49225.021
   100:    49241.001    49327.003    50129.005    50214.009    50291.005
   105:    50425.009    50979.005    51025.009    51726.013    51726.011
   110:    51859.001    52036.003    52041.023    52041.021    52058.001
   115:    52136.003    54542.013    54542.011    54705.001    55056.003
   120:    55061.023    55061.021    55086.001    55167.003    56300.005
   125:    56813.009    57562.013    57562.011    57675.001    58062.003
   130:    58067.023    58067.021    58130.001    58170.003    58850.005
   135:    58914.009    60568.013    60568.011    60672.001    61061.003
   140:    61066.023    61066.021    62751.005    62958.009    62969.005
   145:    63477.009    63567.013    63567.011    64157.005    64467.009
   150:    64468.005    64666.009    64840.005    64985.009    65097.005
   155:    65791.009    66516.001    66759.003    66764.023    66764.021
   160:    67341.005    67980.009    69265.013    69265.011    69407.001
   165:    69681.003    69686.023    69686.021    69705.001    69790.003
   170:    72187.013    72187.011    73103.005    73118.009    73180.005
   175:    73204.009    73215.005    73646.009    74400.001    78530.003
   180:    78535.023    78535.021    78545.001    78650.003    78967.005
   185:    79477.009    81036.013    81036.011    81156.001    81557.003
   190:    81562.023    81562.021    82450.005    82626.009    83225.005
   195:    83283.009    83303.005    83601.009    84063.013    84063.011
   200:    84601.001    84726.003    84731.023    84731.021    84736.001
   205:    85023.003    85914.005    85951.009    87232.013    87232.011
   210:    87403.001    87635.003    87640.023    87640.021    87670.001
   215:    87740.003    89570.005    90141.013    90141.011    90289.009
   220:    90346.005    90356.009    90531.005    90879.009    91397.001
   225:    96287.003    96292.023    96292.021    96846.005    97394.009
   230:    97399.005    97448.009    97569.005    98000.009    98793.013
   235:    98793.011    98900.001    99041.003    99046.023    99046.021
   240:    99069.001    99142.003    99811.005   100214.009   101547.013
   245:   101547.011   101713.001   101998.003   102003.023   102003.021
   250:   102018.001   102106.003   104504.013   104504.011   105273.001
   255:   108341.003   108346.023   108346.021   108821.005   109319.009
   260:   110847.013   110847.011   111347.001   111471.003   111476.023
   265:   111476.021   112372.005   112713.009   113977.013   113977.011
   270:   114107.001   114278.003   114283.023   114283.021   116784.013
   275:   116784.011   119048.001   124048.018   129922.003   129928.016
   280:   129978.026   130464.005   131459.009   131467.005   131556.009
   285:   131576.005   131760.009   131822.005   132488.009   132969.001
   290:   137969.018   139737.003   139743.016   139793.026   139959.005
   295:   142055.009   142886.001   147886.018   149975.003   149981.016
   300:   149996.001   150031.026   150088.003   150093.023   150093.021
   305:   150199.005   151200.009   151202.005   151229.009   151245.005
   310:   151253.009   151266.005   151365.009   151390.005   151555.009
   315:   151614.005   151640.009   151652.005   151687.009   151707.005
   320:   151746.009   152594.013   152594.011   152716.001   152914.003
   325:   152919.023   152919.021   152991.001   153015.003   153326.005
   330:   153666.009   153688.005   153974.009   155420.013   155420.011
   335:   155530.001   155596.003   155601.023   155601.021   155621.001
   340:   155676.003   158102.013   158102.011   158423.001   163423.018
   345:   165438.003   165444.016   165494.026   165576.005   167469.009
   350:   167504.005   167757.009   168434.005   168458.009   168487.005
   355:   168537.009   168858.005   169249.009   169799.001   174799.018
   360:   176049.003   176055.016   176105.026   176199.005   177694.009
   365:   177733.005   177886.009   177942.005   178259.009   178771.001
   370:   183218.003   183223.023   183223.021   183293.001   183311.003
   375:   183734.005   184025.009   184367.005   184391.009   184440.005
   380:   184448.009   184897.005   185724.013   185724.011   185737.009
   385:   185760.005   185822.009   186298.001   186408.003   186413.023
   390:   186413.021   186426.001   186843.003   187987.005   188914.013
   395:   188914.011   189216.009   189734.001   193800.003   193805.023
   400:   193805.021   194153.005   194319.009   196306.013   196306.011
   405:   196525.001   196872.003   196877.023   196877.021   196908.001
   410:   196984.003   197372.005   198180.009   198188.005   198417.009
   415:   198443.005   198459.009   198628.005   199378.013   199378.011
   420:   199510.009   199730.005   199734.009   199823.005   199831.009
   425:   200343.001   204255.003   204260.023   204260.021   204722.005
   430:   205453.009   205481.005   205545.009   205757.005   206259.009
   435:   206761.013   206761.011   206875.001   207003.003   207008.023
   440:   207008.021   207034.001   207108.003   209509.013   209509.011
   445:   209777.001   209850.003   209855.023   209855.021   209892.001
   450:   209955.003   210241.005   210921.009   212223.005   212261.009
   455:   212284.005   212356.013   212356.011   212380.009   212397.005
   460:   212451.009   213268.001   218268.018   219757.003   219763.016
   465:   219813.026   219940.005   220251.009   220269.005   220279.009
   470:   220300.005   220585.009   220602.005   221001.009   221047.005
   475:   221197.009   221648.001   221698.003   221703.023   221703.021
   480:   221712.001   221888.003   222506.005   222859.009   223078.005
   485:   223965.009   224204.013   224204.011   224604.001   224715.003
   490:   224720.023   224720.021   224723.001   224837.003   227221.013
   495:   227221.011   227527.001   232527.018   232615.003   232621.016
   500:   232671.026   233294.001   233307.003   233312.023   233312.021
   505:   233332.001   233443.003   233745.005   233753.009   233766.005
   510:   233838.009   233886.005   235017.009   235047.005   235140.009
   515:   235223.005   235332.009   235360.005   235747.009   235813.013
   520:   235813.011   235878.005   236125.009   237054.001   242054.018
   525:   242394.003   242400.016   242450.026   242482.001   242494.003
   530:   242499.023   242499.021   242619.005   244651.009   245000.013
   535:   245000.011   245114.001   245312.003   245317.023   245317.021
   540:   245332.001   245423.003   245944.005   245963.009   246020.005
   545:   246289.009   247818.013   247818.011   247976.001   248173.003
   550:   248178.023   248178.021   248202.001   248273.003   249859.005
   555:   250267.009   250640.005   250664.009   250679.013   250679.011
   560:   250731.005   250760.009   251245.001   256245.018   258481.003
   565:   258487.016   258537.026   258689.005   260105.009   260613.001
   570:   265613.018   266515.003   266521.016   266571.026   266672.005
   575:   268750.009   269257.001   269307.003   269312.023   269312.021
   580:   269326.001   269569.003   270211.005   270234.009   270247.005
   585:   270278.009   270337.005   270342.009   270354.005   270772.009
   590:   271813.013   271813.011   271958.001   272129.003   272134.023
   595:   272134.021   272153.001   272229.003   272565.005   272908.009
   600:   273803.005   274262.009   274635.013   274635.011   276119.005
   605:   276837.009   277350.005   277387.009   278382.001   282852.003
   610:   282857.023   282857.021   283862.005   284357.009   285358.013
   615:   285358.011   285530.001   285639.003   285644.023   285644.021
   620:   285668.001   285733.003   286085.005   286536.009   288145.013
   625:   288145.011   288280.001   288705.003   288710.023   288710.021
   630:   288736.001   288821.003   291211.013   291211.011   291286.001
   635:   291293.003   291298.023   291298.021   292564.005   292592.009
   640:   292604.005   292809.009   292901.005   292922.009   292936.005
   645:   293721.009   293749.005   293799.013   293799.011   293907.009
   650:   294324.005   294333.009   294425.005   294510.009   294562.005
   655:   294571.009   295088.001   300088.018   301941.003   301947.016
   660:   301997.026   302074.005   302567.009   302689.005   303006.009
   665:   303022.005   303950.009   304503.001   309503.018   311244.003
   670:   311250.016   311300.026   312189.001   312275.003   312280.023
   675:   312280.021   312688.005   314257.009   314279.005   314434.009
   680:   314579.005   314781.013   314781.011   316277.009   317042.001
   685:   322042.018   324611.003   324617.016   324667.026   324794.005
   690:   325150.009   325185.005   325210.009   325267.005   326032.009
   695:   326618.001   331564.003   331569.023   331569.021   332782.005
   700:   333669.009   334070.013   334070.011   334202.001   334861.003
   705:   334866.023   334866.021   335264.005   336250.009   337367.013
   710:   337367.011   337485.001   337739.003   337744.023   337744.021
   715:   337775.001   337837.003   338313.005   338753.009   339439.005
   720:   339520.009   339532.005   340114.009   340245.013   340245.011
   725:   340434.005   340469.009   340836.005   340859.009   341701.001
   730:   346701.018   350893.003   350899.016   350949.026   351129.005
   735:   351999.009   352019.005   352391.009   352596.005   352621.009
   740:   352646.005   352658.009   352687.005   352694.009   352707.005
   745:   352840.009   353481.005   353523.009   353531.005   354061.009
   750:   354962.001   359962.018   362446.003   362452.016   362502.026
   755:   362565.005   363177.009   363190.005   365378.009   365936.001
   760:   370936.018   372057.003   372063.016   372113.026   372245.005
   765:   373505.009   373532.005   373982.009   374528.001   379528.018
   770:   380872.003   380878.016   380928.026   381020.005   382745.009
   775:   383259.001   388259.018   388827.003   388833.016   388883.026
   780:   389022.005   390198.009   390217.005   390256.009   390295.005
   785:   390622.009   391164.001   396164.018   397567.003   397573.016
   790:   397623.026   397674.005   399066.009   399083.005   399087.009
   795:   399684.001   402232.003   402237.023   402237.021   402300.001
   800:   402339.003   402890.005   403305.009   404738.013   404738.011
   805:   405373.005   405576.009   405583.005   406745.009   407574.001
   810:   412574.018   414572.003   414578.016   414628.026   414709.005
   815:   416924.009   417424.001   422424.018   423403.003   423409.016
   820:   423459.026   423594.005   424917.009   424966.005   425021.009
   825:   425681.001   430681.018   431180.003   431186.016   431236.026
   830:   431307.001   431449.003   431454.023   431454.021   432651.005
   835:   432654.009   432674.005   433955.013   433955.011   434126.009
   840:   434132.005   434775.009   435110.005   435147.009   435702.001
   845:   440131.003   440136.023   440136.021   440908.005   441473.009
   850:   441594.005   441730.009   442241.005   442447.009   442637.013
   855:   442637.011   443511.001   448511.018   448808.003   448814.016
   860:   448864.026   448957.005   450122.009   450165.005   450493.009
   865:   450927.001   451039.003   451044.023   451044.021   451054.001
   870:   451156.003   452007.005   452646.009   452648.005   453545.013
   875:   453545.011   453855.009   453866.005   453901.009   454513.001
   880:   459513.018   459936.003   459942.016   459992.026   460108.005
   885:   461982.009   462032.005   462034.009   462600.001   467230.003
   890:   467235.023   467235.021   467361.005   467926.009   467961.005
   895:   468039.009   468068.005   468114.009   469736.013   469736.011
   900:   470992.005   472335.009   472875.001   477875.018   480453.003
   905:   480459.016   480497.001   480509.026   480548.003   480553.023
   910:   480553.021   480624.005   482212.009   483054.013   483054.011
   915:   483167.001   483411.003   483416.023   483416.021   483445.001
   920:   483523.003   483913.005   484076.009   484335.005   485426.009
   925:   485611.005   485622.009   485917.013   485917.011   486686.001
   930:   491686.018   493418.003   493424.016   493474.026   493595.005
   935:   494938.009   495596.001   500596.018   501568.003   501574.016
   940:   501624.026   501769.005   503566.009   504216.001   509216.018
   945:   510145.003   510151.016   510201.026   510258.005   511304.009
   950:   511883.001   516883.018   518602.003   518608.016   518658.026
   955:   518706.005   520438.009   520450.005   520941.009   521498.001
   960:   526498.018   527612.003   527618.016   527668.026   527787.005
   965:   528426.009   528517.005   528784.009   528852.005   529015.009
   970:   529504.001   534504.018   534871.003   534877.016   534927.026
   975:   534973.005   536364.009   536914.001   541748.003   541753.023
   980:   541753.021   542560.005   543079.009   543095.005   543373.009
   985:   544254.013   544254.011   545960.005   546263.009   546833.001
   990:   551833.018   552692.003   552698.016   552748.026   552801.005
   995:   553950.009   555452.001   560131.003   560136.023   560136.021
  1000:   561023.005   561037.009   561117.005   561625.009   562637.013
  1005:   562637.011   562770.001   563157.003   563162.023   563162.021
  1010:   563661.005   564947.009   564977.005   564981.009   565663.013
  1015:   565663.011   565786.001   566048.003   566053.023   566053.021
  1020:   566085.001   566153.003   566552.005   566821.009   568554.013
  1025:   568554.011   569828.005   569839.009   569855.005   570077.009
  1030:   572457.001   577457.018   578108.003   578114.016   578164.026
  1035:   578306.005   578822.009   578851.005   580010.009   580537.001
  1040:   584628.003   584633.023   584633.021   585526.005   585556.009
  1045:   585607.005   585613.009   585618.005   585984.009   587134.013
  1050:   587134.011   587274.001   587514.003   587519.023   587519.021
  1055:   587538.001   587622.003   588002.005   588843.009   588853.005
  1060:   588855.009   588896.005   588901.009   590000.005   590020.013
  1065:   590020.011   590033.009   590062.005   590102.009   590619.001
  1070:   595619.018   597085.003   597091.016   597141.026   597209.005
  1075:   598514.009   598545.005   598563.009   598581.005   598590.009
  1080:   599063.001   602983.003   602988.023   602988.021   602995.001
  1085:   603184.003   604010.005   604116.009   604136.005   604151.009
  1090:   604175.005   604855.009   605489.013   605489.011   605490.061
  1095:   605491.061   605492.061   605493.061   605494.061
B:
     0:        0.000      139.000        0.000      139.000        0.000
     5:      224.000        0.000        0.000        0.000      224.000
    10:        0.000       67.000        0.000       67.000        0.000
    15:        0.000       34.000        0.000       34.000        0.000
    20:        0.000       66.000        0.000       66.000        0.000
    25:        0.000       34.000        0.000        0.000        0.000
    30:        0.000
D:
     0:  2230184.000  2226265.000  2230185.000
E:
     0:     5000.000     5000.000
T:
     0:        0.000        0.000        0.000        0.000
W:
     0:        0.000        0.000        0.000
