File: C:\MED-PC IV\Data\Reyes\AY\AY4052.999


Start Date: 11/20/24
End Date: 11/20/24
Subject: 52
Experiment: AY
Group: LONG
Box: 1
Start Time: 14:27:33
End Time: 14:57:28
MSN: DRRD_timeout_retract
C:       0.000
F:       4.000
G:       0.000
H:       0.000
I:       0.000
J:       0.000
K:   10000.000
L:       0.000
M:       0.000
N:     100.000
O:       0.000
P:    5000.000
Q:       0.000
R:       0.000
S:       0.000
U:   40010.000
V:       0.000
X:       0.000
Y:     790.000
Z:       0.000
A:
     0:    11549.005    11805.009    15000.013    15000.011    19555.001
     5:    21639.003    21644.023    21644.021    26645.013    26645.011
    10:    31090.001    36018.003    36023.023    36023.021    41024.013
    15:    41024.011    46586.001    51173.003    51178.023    51178.021
    20:    56179.013    56179.011    56494.001    61219.003    61224.023
    25:    61224.021    66225.013    66225.011    66561.001    71561.018
    30:    71890.003    71896.016    71904.001    71946.026    72024.003
    35:    72029.023    72029.021    72051.005    72444.009    72454.005
    40:    72544.009    72613.005    72628.009    72639.005    72768.009
    45:    77030.013    77030.011    77400.001    81046.003    81051.023
    50:    81051.021    85085.005    85128.009    85209.005    85326.009
    55:    86052.013    86052.011    86407.001    91407.018    91971.003
    60:    91977.016    92027.026    92158.005    92490.009    94015.001
    65:    94041.003    94046.023    94046.021    94082.001    94179.003
    70:    98546.005    98675.009    99047.013    99047.011    99886.001
    75:   104109.003   104114.023   104114.021   104656.005   104743.009
    80:   109115.013   109115.011   109680.001   109760.003   109765.023
    85:   109765.021   109816.001   109946.003   111819.005   111838.009
    90:   114766.013   114766.011   114975.001   119975.018   120384.003
    95:   120390.016   120440.026   120604.005   120943.009   122398.001
   100:   127063.003   127068.023   127068.021   127639.005   127689.009
   105:   131153.005   131243.009   132069.013   132069.011   133026.001
   110:   137995.003   138000.023   138000.021   138503.005   138510.009
   115:   143001.013   143001.011   143173.001   143291.003   143296.023
   120:   143296.021   143320.001   143409.003   144070.005   144701.009
   125:   146571.005   146654.009   148297.013   148297.011   148784.001
   130:   148827.003   148832.023   148832.021   148847.001   149606.003
   135:   153833.013   153833.011   154233.001   157226.003   157231.023
   140:   157231.021   162232.013   162232.011   162606.001   163548.003
   145:   163553.023   163553.021   163620.001   163668.003   168554.013
   150:   168554.011   169181.001   169742.003   169747.023   169747.021
   155:   169770.001   169860.003   173759.005   173780.009   174748.013
   160:   174748.011   175076.001   175908.003   175913.023   175913.021
   165:   175935.001   176068.003   180914.013   180914.011   181669.001
   170:   186669.018   187242.003   187248.016   187298.026   187378.005
   175:   187846.009   188761.001   193761.018   194072.003   194078.016
   180:   194128.026   194259.005   194499.009   194616.005   194653.009
   185:   195816.001   200435.003   200440.023   200440.021   201145.005
   190:   201289.009   204234.005   204248.009   204274.005   204334.009
   195:   204361.005   204589.009   205441.013   205441.011   205973.001
   200:   210973.018   211871.003   211877.016   211927.026   212110.005
   205:   212731.009   214222.001   214722.003   214727.023   214727.021
   210:   214783.001   214855.003   215307.005   215327.009   219728.013
   215:   219728.011   220039.001   225039.018   225397.003   225403.016
   220:   225453.026   225527.005   226005.009   226246.005   226310.009
   225:   227624.001   232624.018   232866.003   232872.016   232922.026
   230:   233007.005   233685.009   235543.001   240401.003   240406.023
   235:   240406.021   245407.013   245407.011   245601.001   249077.003
   240:   249082.023   249082.021   250716.005   251012.009   254083.013
   245:   254083.011   254436.001   258518.003   258523.023   258523.021
   250:   263524.013   263524.011   263957.001   267648.003   267653.023
   255:   267653.021   272654.013   272654.011   273087.001   274177.003
   260:   274182.023   274182.021   279183.013   279183.011   280410.001
   265:   285046.003   285051.023   285051.021   290052.013   290052.011
   270:   290273.001   291000.003   291005.023   291005.021   291064.001
   275:   291109.003   296006.013   296006.011   296421.001   301306.003
   280:   301311.023   301311.021   306312.013   306312.011   306968.001
   285:   310245.003   310250.023   310250.021   310251.001   310516.003
   290:   311041.005   311235.009   314474.005   314527.009   314534.005
   295:   314599.009   315251.013   315251.011   315645.001   320412.003
   300:   320417.023   320417.021   322006.005   322043.009   325418.013
   305:   325418.011   325658.001   330377.003   330382.023   330382.021
   310:   335383.013   335383.011   335764.001   340764.018   340887.003
   315:   340893.016   340943.026   341065.005   341353.009   343010.001
   320:   348010.018   348080.003   348086.016   348136.026   348247.005
   325:   348791.009   348865.005   348885.009   350588.001   354307.003
   330:   354312.023   354312.021   354319.001   354515.003   359313.013
   335:   359313.011   359886.001   364344.003   364349.023   364349.021
   340:   364859.005   364991.009   369350.013   369350.011   369884.001
   345:   369971.003   369975.001   369976.023   369976.021   370149.003
   350:   372991.005   373060.009   374977.013   374977.011   375563.001
   355:   380563.018   381316.003   381322.016   381372.026   381457.005
   360:   381776.009   383438.001   388376.003   388381.023   388381.021
   365:   388929.005   388943.009   391947.005   392012.009   393382.013
   370:   393382.011   393647.001   398647.018   401099.003   401105.016
   375:   401155.026   401280.005   401527.009   403105.001   408105.018
   380:   408456.003   408462.016   408512.026   408641.005   408892.009
   385:   410329.001   415329.018   416679.003   416685.016   416735.026
   390:   416816.005   417066.009   423305.001   428305.018   428500.003
   395:   428506.016   428556.026   428654.005   428895.009   429127.005
   400:   429408.009   433196.001   438125.003   438130.023   438130.021
   405:   438143.001   438314.003   441882.005   441988.009   443131.013
   410:   443131.011   443404.001   448404.018   449952.003   449958.016
   415:   450008.026   450104.005   450422.009   453170.001   458170.018
   420:   458826.003   458832.016   458882.026   458943.005   459569.009
   425:   461359.001   466359.018   466528.003   466534.016   466584.026
   430:   466678.005   466879.009   469544.001   474543.003   474548.023
   435:   474548.021   475494.005   475570.009   479549.013   479549.011
   440:   479859.001   484859.018   485350.003   485356.016   485406.026
   445:   485480.005   485776.009   486963.001   491963.018   492550.003
   450:   492556.016   492606.026   492726.005   493053.009   494213.001
   455:   499171.003   499176.023   499176.021   501510.005   501539.009
   460:   504177.013   504177.011   505189.001   509042.003   509047.023
   465:   509047.021   509556.005   509675.009   514048.013   514048.011
   470:   514911.001   519911.018   520414.003   520420.016   520470.026
   475:   520587.005   520978.009   522531.001   527108.003   527113.023
   480:   527113.021   527919.005   527941.009   532114.013   532114.011
   485:   532669.001   537669.018   539054.003   539060.016   539110.026
   490:   539288.005   539664.009   541015.001   546015.018   546252.003
   495:   546258.016   546308.026   546426.005   546785.009   548695.001
   500:   553695.018   554741.003   554747.016   554797.026   554890.005
   505:   555283.009   556999.001   561999.018   563448.003   563454.016
   510:   563504.026   563601.005   563868.009   565458.001   570458.018
   515:   570535.003   570541.016   570591.026   570747.005   571058.009
   520:   572797.001   577681.003   577686.023   577686.021   582687.013
   525:   582687.011   583292.001   588292.018   589817.003   589823.016
   530:   589873.026   589950.005   590517.009   592650.001   597650.018
   535:   598865.003   598871.016   598921.026   598997.005   599368.009
   540:   601290.001   606290.018   606712.003   606718.016   606768.026
   545:   606864.005   607250.009   607266.005   607414.009   608445.001
   550:   613445.018   614350.003   614356.016   614406.026   614524.005
   555:   614961.009   617861.001   622861.018   624249.003   624255.016
   560:   624305.026   624383.005   624700.009   624769.005   624819.009
   565:   625892.001   630892.018   631069.003   631075.016   631125.026
   570:   631213.005   631595.009   633541.001   638541.018   639182.003
   575:   639188.016   639238.026   639337.005   640019.009   642039.001
   580:   647039.018   648038.003   648044.016   648094.026   648199.005
   585:   648507.009   650529.001   655529.018   656739.003   656745.016
   590:   656795.026   656900.005   657191.009   659228.001   664228.018
   595:   664727.003   664733.016   664783.026   664858.005   665311.009
   600:   665327.005   665607.009   673409.001   678397.003   678402.023
   605:   678402.021   683403.013   683403.011   683675.001   688675.018
   610:   690096.003   690102.016   690152.026   690275.005   690606.009
   615:   691631.001   696203.003   696208.023   696208.021   696832.005
   620:   696915.009   701209.013   701209.011   702503.001   707503.018
   625:   708853.003   708859.016   708909.026   709043.005   709599.009
   630:   711626.001   716626.018   718293.003   718299.016   718349.026
   635:   718441.005   718823.009   718825.005   718949.009   720565.001
   640:   725565.018   728499.003   728505.016   728555.026   728596.005
   645:   729238.009   730543.001   735543.018   736614.003   736620.016
   650:   736670.026   736744.005   737274.009   738522.001   743522.018
   655:   743768.003   743774.016   743824.026   743914.005   744801.009
   660:   746133.001   751133.018   752598.003   752604.016   752654.026
   665:   752729.005   753020.009   753156.005   753174.009   754900.001
   670:   759900.018   761235.003   761241.016   761291.026   761426.005
   675:   762099.009   764601.001   769601.018   771179.003   771185.016
   680:   771235.026   771274.005   771893.009   773553.001   778553.018
   685:   780455.003   780461.016   780511.026   780595.005   780914.009
   690:   783382.001   788382.018   789063.003   789069.016   789119.026
   695:   789233.005   789729.009   792247.001   797247.018   799473.003
   700:   799479.016   799529.026   799590.005   800004.009   803776.001
   705:   808776.018   809831.003   809837.016   809887.026   810012.005
   710:   810443.009   810451.005   810516.009   812812.001   817812.018
   715:   819119.003   819125.016   819175.026   819281.005   819525.009
   720:   822727.001   827727.018   830475.003   830481.016   830531.026
   725:   830602.005   831247.009   831330.005   831499.009   831514.005
   730:   831539.009   833320.001   838320.018   841232.003   841238.016
   735:   841288.026   841379.005   841872.009   850574.001   855574.018
   740:   855858.003   855864.016   855914.026   856019.005   856615.009
   745:   859814.001   859941.003   859946.023   859946.021   860011.001
   750:   860088.003   860612.005   860688.009   860726.005   860738.009
   755:   860794.005   860936.009   864947.013   864947.011   865477.001
   760:   870477.018   870874.003   870880.016   870930.026   870974.005
   765:   871753.009   874007.001   879007.018   880448.003   880454.016
   770:   880504.026   880585.005   881087.009   882500.001   887500.018
   775:   887805.003   887811.016   887861.026   887953.005   888295.009
   780:   891207.001   896207.018   897635.003   897641.016   897691.026
   785:   897693.061   897694.061   897695.061   897696.061   897697.061
B:
     0:        0.000      114.000        0.000      114.000        0.000
     5:      106.000        0.000        0.000        0.000      106.000
    10:        0.000       44.000        0.000       44.000        0.000
    15:        0.000       57.000        0.000       57.000        0.000
    20:        0.000       43.000        0.000       43.000        0.000
    25:        0.000       57.000        0.000        0.000        0.000
    30:        0.000
D:
     0:   937644.000   931217.000   937645.000
E:
     0:     5000.000     5000.000
T:
     0:        0.000        0.000        0.000        0.000
W:
     0:        0.000        0.000        0.000
