File: C:\MED-PC IV\Data\Reyes\AY\AY4052.999


Start Date: 11/21/24
End Date: 11/21/24
Subject: 52
Experiment: AY
Group: LONG
Box: 1
Start Time: 14:11:00
End Time: 14:38:57
MSN: DRRD_timeout_retract
C:       0.000
F:       1.000
G:       0.000
H:       0.000
I:       0.000
J:       0.000
K:   10000.000
L:       0.000
M:       0.000
N:     100.000
O:       0.000
P:    5000.000
Q:       0.000
R:       0.000
S:       0.000
U:  159320.000
V:       0.000
X:       0.000
Y:     862.000
Z:       0.000
A:
     0:     6199.005     6286.009     6609.005     6663.009     6716.005
     5:     6827.009    13712.005    13756.009    13815.005    13858.009
    10:    15000.013    15000.011    15194.001    16353.003    16356.001
    15:    16358.023    16358.021    16526.003    21359.013    21359.011
    20:    21563.001    21623.003    21628.023    21628.021    21674.001
    25:    21935.003    22821.005    22878.009    26629.013    26629.011
    30:    27001.001    27501.003    27506.023    27506.021    27573.001
    35:    27824.003    32205.005    32246.009    32507.013    32507.011
    40:    32757.001    33001.003    33006.023    33006.021    33016.001
    45:    33124.003    37089.005    37206.009    38007.013    38007.011
    50:    38295.001    40694.003    40699.023    40699.021    43027.005
    55:    43071.009    43163.005    43396.009    45700.013    45700.011
    60:    45982.001    46280.003    46285.023    46285.021    51286.013
    65:    51286.011    52041.001    55981.003    55986.023    55986.021
    70:    56465.005    56562.009    60987.013    60987.011    61170.001
    75:    62134.003    62139.023    62139.021    67140.013    67140.011
    80:    67254.001    67526.003    67531.023    67531.021    72532.013
    85:    72532.011    72879.001    74536.003    74541.023    74541.021
    90:    79401.005    79517.009    79542.013    79542.011    79839.001
    95:    82661.003    82666.023    82666.021    83038.005    83256.009
   100:    83318.005    83480.009    87667.013    87667.011    87910.001
   105:    92677.003    92682.023    92682.021    93871.005    93955.009
   110:    97683.013    97683.011    97944.001   101996.003   102001.023
   115:   102001.021   107002.013   107002.011   107375.001   107529.003
   120:   107534.023   107534.021   107539.001   107791.003   112535.013
   125:   112535.011   112819.001   115784.003   115789.023   115789.021
   130:   116335.005   116501.009   120790.013   120790.011   120914.001
   135:   121192.003   121197.023   121197.021   121211.001   121487.003
   140:   126198.013   126198.011   126929.001   130403.003   130408.023
   145:   130408.021   131245.005   131342.009   133502.005   133629.009
   150:   135409.013   135409.011   135749.001   135976.003   135981.023
   155:   135981.021   135994.001   136262.003   136514.005   136548.009
   160:   136571.005   136923.009   138457.005   138488.009   140982.013
   165:   140982.011   141316.001   144708.003   144713.023   144713.021
   170:   145174.005   145245.009   149056.005   149119.009   149125.005
   175:   149154.009   149160.005   149181.009   149558.005   149590.009
   180:   149714.013   149714.011   149729.005   149743.009   150312.001
   185:   150522.003   150527.023   150527.021   151068.005   151102.009
   190:   152165.005   152173.009   152178.005   152276.009   152295.005
   195:   153041.009   153292.005   153423.009   155528.013   155528.011
   200:   155804.001   156081.003   156083.001   156086.023   156086.021
   205:   156431.003   161087.013   161087.011   161434.001   165782.003
   210:   165787.023   165787.021   168106.005   168396.009   168436.005
   215:   168448.009   170788.013   170788.011   171157.001   173940.003
   220:   173945.023   173945.021   175759.005   175768.009   178946.013
   225:   178946.011   179401.001   179884.003   179889.023   179889.021
   230:   179917.001   180145.003   184890.013   184890.011   186039.001
   235:   190383.003   190388.023   190388.021   190943.005   190952.009
   240:   190957.005   191188.009   195389.013   195389.011   195685.001
   245:   199196.003   199201.023   199201.021   202056.005   202106.009
   250:   204202.013   204202.011   204694.001   209551.003   209556.023
   255:   209556.021   211166.005   211396.009   214557.013   214557.011
   260:   214916.001   217823.003   217828.023   217828.021   222829.013
   265:   222829.011   223436.001   228436.018   228457.003   228463.016
   270:   228513.026   228634.005   228871.009   230492.001   230793.003
   275:   230798.023   230798.021   230803.001   231212.003   231673.005
   280:   231689.009   231697.005   231800.009   235799.013   235799.011
   285:   236224.001   240604.003   240609.023   240609.021   243498.005
   290:   243947.009   245610.013   245610.011   246738.001   251192.003
   295:   251197.023   251197.021   256198.013   256198.011   256400.001
   300:   261400.018   261788.003   261794.016   261844.026   261981.005
   305:   262326.009   263771.001   268771.018   269007.003   269013.016
   310:   269063.026   269297.005   269654.009   271313.001   274093.003
   315:   274098.023   274098.021   274677.005   274813.009   277303.005
   320:   277403.009   279099.013   279099.011   279733.001   280171.003
   325:   280176.023   280176.021   282576.005   282593.009   285177.013
   330:   285177.011   285319.001   285356.003   285361.023   285361.021
   335:   285382.001   285562.003   290362.013   290362.011   290691.001
   340:   295004.003   295009.023   295009.021   295329.005   295562.009
   345:   300010.013   300010.011   300458.001   300883.003   300888.023
   350:   300888.021   301547.005   301965.009   303488.005   303569.009
   355:   305889.013   305889.011   306215.001   310534.003   310539.023
   360:   310539.021   315540.013   315540.011   315851.001   320586.003
   365:   320591.023   320591.021   321353.005   321437.009   325592.013
   370:   325592.011   325940.001   326671.003   326676.023   326676.021
   375:   326681.001   327043.003   329285.005   329336.009   331677.013
   380:   331677.011   331880.001   336880.018   337894.003   337900.016
   385:   337950.026   338078.005   338775.009   339838.001   344360.003
   390:   344365.023   344365.021   348568.005   348583.009   348608.005
   395:   349150.009   349366.013   349366.011   349616.001   349957.003
   400:   349962.023   349962.021   349979.001   350324.003   352333.005
   405:   352500.009   354613.005   354654.009   354963.013   354963.011
   410:   355475.001   360475.018   360700.003   360706.016   360756.026
   415:   360862.005   361178.009   361180.005   361211.009   362785.001
   420:   364259.003   364264.023   364264.021   364282.001   364387.003
   425:   365149.005   365632.009   369265.013   369265.011   369752.001
   430:   374013.003   374018.023   374018.021   374814.005   374873.009
   435:   378916.005   378945.009   379019.013   379019.011   379513.001
   440:   384408.003   384413.023   384413.021   384522.005   384866.009
   445:   387027.005   387214.009   388228.005   388251.009   388347.005
   450:   388371.009   388439.005   388521.009   388529.005   388559.009
   455:   388620.005   389333.009   389414.013   389414.011   389616.001
   460:   394616.018   394961.003   394967.016   395017.026   395153.005
   465:   395652.009   397035.001   402035.018   402288.003   402294.016
   470:   402344.026   402405.005   402635.009   404794.001   409794.018
   475:   410741.003   410747.016   410797.026   410852.005   411241.009
   480:   413387.001   418387.018   419249.003   419255.016   419305.026
   485:   419349.005   419665.009   421877.001   426877.018   426879.003
   490:   426885.016   426935.026   427002.005   427487.009   429498.001
   495:   434163.003   434168.023   434168.021   434248.005   434544.009
   500:   436649.005   437587.009   439169.013   439169.011   439614.001
   505:   444614.018   445323.003   445329.016   445379.026   445448.005
   510:   445658.009   448908.001   452948.003   452953.023   452953.021
   515:   453044.005   453220.009   455912.005   456404.009   457954.013
   520:   457954.011   458052.005   458186.009   458678.001   463051.003
   525:   463056.023   463056.021   463127.001   463187.003   463526.005
   530:   463651.009   467396.005   467418.009   467432.005   467443.009
   535:   467444.005   467563.009   468057.013   468057.011   468925.001
   540:   473363.003   473368.023   473368.021   474266.005   474315.009
   545:   478369.013   478369.011   478583.001   483583.018   484349.003
   550:   484355.016   484405.026   484555.005   484876.009   486557.001
   555:   491557.018   492319.003   492325.016   492375.026   492424.005
   560:   492900.009   494839.001   499839.018   501222.003   501228.016
   565:   501278.026   501375.005   501634.009   503534.001   508534.018
   570:   510103.003   510109.016   510159.026   510330.005   510794.009
   575:   512305.001   517305.018   518602.003   518608.016   518658.026
   580:   518750.005   519190.009   520549.001   525549.018   525917.003
   585:   525923.016   525928.001   525973.026   526050.003   526055.023
   590:   526055.021   526115.005   526490.009   526581.005   526642.009
   595:   529707.005   530377.009   531056.013   531056.011   531267.001
   600:   536267.018   538035.003   538041.016   538091.026   538167.005
   605:   538456.009   540330.001   545330.018   546685.003   546691.016
   610:   546741.026   546848.005   547283.009   548104.001   553104.018
   615:   553653.003   553659.016   553709.026   553799.005   554032.009
   620:   555606.001   560606.018   562348.003   562354.016   562404.026
   625:   562533.005   562859.009   564231.001   569231.018   570817.003
   630:   570823.016   570873.026   570972.005   571635.009   573652.001
   635:   578652.018   580665.003   580671.016   580721.026   580790.005
   640:   581053.009   582964.001   587964.018   589371.003   589377.016
   645:   589427.026   589549.005   589776.009   591086.001   596086.018
   650:   597317.003   597323.016   597373.026   597462.005   597906.009
   655:   597911.005   598104.009   600092.001   605092.018   606230.003
   660:   606236.016   606286.026   606389.005   606959.009   608593.001
   665:   613593.018   615902.003   615908.016   615958.026   616141.005
   670:   616834.009   618550.001   623550.018   625132.003   625138.016
   675:   625188.026   625281.005   625572.009   628007.001   633007.018
   680:   634187.003   634193.016   634243.026   634314.001   634344.005
   685:   634375.003   634380.023   634380.021   634782.009   634823.005
   690:   634871.009   639381.013   639381.011   639946.001   644946.018
   695:   646340.003   646346.016   646396.026   646478.005   646822.009
   700:   648406.001   653406.018   654398.003   654404.016   654454.026
   705:   654543.005   655462.009   655481.005   655601.009   655611.005
   710:   657172.009   658608.001   663608.018   663783.003   663789.016
   715:   663839.026   664014.005   664599.009   670649.001   675431.003
   720:   675436.023   675436.021   675453.001   675626.003   677276.005
   725:   677473.009   677826.005   677837.009   680437.013   680437.011
   730:   685397.001   690397.018   692174.003   692180.016   692230.026
   735:   692305.005   692612.009   694291.001   699291.018   700825.003
   740:   700831.016   700881.026   700975.005   701284.009   703401.001
   745:   708401.018   710008.003   710014.016   710064.026   710166.005
   750:   710426.009   712173.001   717173.018   718380.003   718386.016
   755:   718436.026   718560.005   719288.009   721216.001   726216.018
   760:   727064.003   727070.016   727120.026   727213.005   727656.009
   765:   728958.001   733958.018   734568.003   734574.016   734624.026
   770:   734772.005   735005.009   736405.001   741405.018   741782.003
   775:   741788.016   741838.026   742011.005   742231.009   742307.005
   780:   742375.009   742398.005   742453.009   744444.001   749444.018
   785:   750594.003   750600.016   750650.026   750784.005   751673.009
   790:   753408.001   758408.018   759267.003   759273.016   759323.026
   795:   759396.005   759807.009   759918.005   759971.009   762301.001
   800:   767301.018   768959.003   768965.016   769015.026   769098.005
   805:   769310.009   772475.001   777475.018   778810.003   778816.016
   810:   778866.026   778937.005   779250.009   781536.001   786536.018
   815:   788381.003   788387.016   788437.026   788518.005   789218.009
   820:   791838.001   796838.018   798762.003   798768.016   798818.026
   825:   798954.005   799287.009   802048.001   807048.018   809761.003
   830:   809767.016   809817.026   809924.005   810174.009   813005.001
   835:   818005.018   820244.003   820250.016   820300.026   820408.005
   840:   820631.009   823138.001   825135.003   825140.023   825140.021
   845:   825206.001   825263.003   826467.005   826649.009   830141.013
   850:   830141.011   831777.001   836777.018   838366.003   838372.016
   855:   838384.001   838422.026   838424.061   838425.061   838426.061
   860:   838427.061   838428.061
B:
     0:        0.000      118.000        0.000      117.000        0.000
     5:      134.000        0.000        0.000        0.000      134.000
    10:        0.000       53.000        0.000       53.000        0.000
    15:        0.000       48.000        0.000       48.000        0.000
    20:        0.000       52.000        0.000       52.000        0.000
    25:        0.000       48.000        0.000        0.000        0.000
    30:        0.000
D:
     0:   997685.000   991097.000   997686.000
E:
     0:     5000.000     5000.000
T:
     0:        0.000        0.000        0.000        0.000
W:
     0:        2.000        0.000        0.000
