File: C:\MED-PC IV\Data\Reyes\AY\AY4074.999


Start Date: 11/22/24
End Date: 11/22/24
Subject: 74
Experiment: AY
Group: SHORT
Box: 6
Start Time: 14:43:39
End Time: 15:04:09
MSN: DRRD_timeout_retract
C:       0.000
F:       2.000
G:       0.000
H:       0.000
I:       0.000
J:       0.000
K:   10000.000
L:       0.000
M:       0.000
N:     100.000
O:       0.000
P:    2500.000
Q:       0.000
R:       0.000
S:       0.000
U:    2917.000
V:       0.000
X:       0.000
Y:    1305.000
Z:       0.000
A:
     0:    15000.013    15000.011    15100.001    15426.003    15431.023
     5:    15431.021    15503.001    15533.003    16211.005    16521.009
    10:    16784.005    16999.009    17218.005    17570.009    17620.005
    15:    17625.009    17786.005    17932.013    17932.011    18079.009
    20:    18797.001    18928.003    18933.023    18933.021    18945.001
    25:    19404.003    21434.013    21434.011    21556.001    21945.003
    30:    21950.023    21950.021    21983.001    22056.003    22298.005
    35:    23480.009    23497.005    23792.009    24147.005    24451.013
    40:    24451.011    24837.009    25291.001    29889.003    29894.023
    45:    29894.021    30027.005    30464.009    30495.005    30607.009
    50:    32395.013    32395.011    32530.001    32683.003    32688.023
    55:    32688.021    32696.001    32788.003    33080.005    34065.009
    60:    35139.005    35150.009    35189.013    35189.011    35198.005
    65:    35251.009    35647.001    39439.003    39444.023    39444.021
    70:    39498.001    39578.003    39844.005    39993.009    40006.005
    75:    40908.009    41341.005    41357.009    41945.013    41945.011
    80:    42053.001    42659.003    42664.023    42664.021    42694.001
    85:    42755.003    43091.005    43103.009    43114.005    45059.009
    90:    45165.013    45165.011    45622.005    45628.009    45648.005
    95:    46014.009    46161.005    46256.009    46375.005    47116.009
   100:    47127.005    47423.009    47494.005    47505.009    47977.005
   105:    48073.009    48690.001    53690.018    53711.003    53717.016
   110:    53767.026    53798.005    54205.009    54270.005    54312.009
   115:    54371.005    54375.009    54382.005    54732.009    54737.005
   120:    56056.009    56473.005    56478.009    56492.005    56636.009
   125:    56664.005    56695.009    56994.005    57208.009    57213.005
   130:    57513.009    57581.005    57588.009    57667.005    57679.009
   135:    57716.005    57724.009    57824.005    57828.009    58384.001
   140:    59854.003    59859.023    59859.021    59879.001    60021.003
   145:    60323.005    60411.009    60630.005    61630.009    61644.005
   150:    61661.009    61698.005    61702.009    62360.013    62360.011
   155:    62792.001    65427.003    65432.023    65432.021    65455.001
   160:    65725.003    65876.005    66572.009    66629.005    66733.009
   165:    66758.005    67933.013    67933.011    68103.009    68715.001
   170:    73543.003    73548.023    73548.021    73627.005    74285.009
   175:    74318.005    74849.009    76049.013    76049.011    76165.001
   180:    76583.003    76588.023    76588.021    76605.001    76686.003
   185:    77004.005    78488.009    78494.005    78686.009    78710.005
   190:    78713.009    78922.005    79089.013    79089.011    79175.009
   195:    79191.005    79195.009    79197.005    79201.009    79285.005
   200:    79295.009    79345.005    79352.009    79419.005    79432.009
   205:    79924.001    84484.003    84489.023    84489.021    84609.005
   210:    85062.009    85382.005    85921.009    85928.005    85966.009
   215:    86026.005    86039.009    86076.005    86145.009    86990.013
   220:    86990.011    87104.001    87281.003    87286.023    87286.021
   225:    87306.001    87382.003    87755.005    87765.009    87777.005
   230:    89622.009    89692.005    89699.009    89787.013    89787.011
   235:    89890.005    89896.009    90038.005    90054.009    90833.001
   240:    90843.003    90848.023    90848.021    90853.001    91459.003
   245:    93349.013    93349.011    93408.001    93413.003    93418.023
   250:    93418.021    95919.013    95919.011    96039.001    96654.003
   255:    96659.023    96659.021    96698.001    96768.003    97100.005
   260:    97104.009    97118.005    97765.009    97796.005    97805.009
   265:    98576.005    98612.009    98629.005    99040.009    99160.013
   270:    99160.011    99373.005    99427.009    99429.005    99441.009
   275:    99443.005    99481.009    99482.005    99520.009    99553.005
   280:    99586.009    99596.005    99641.009    99745.005   100178.009
   285:   100232.005   100241.009   100676.001   105578.003   105583.023
   290:   105583.021   105600.001   105931.003   106266.005   107385.009
   295:   107426.005   107429.009   107553.005   107881.009   108084.013
   300:   108084.011   108519.005   108579.009   108611.005   108691.009
   305:   109245.001   114245.018   115102.003   115108.016   115158.026
   310:   115184.005   116281.009   116308.005   116565.009   117086.001
   315:   121335.003   121340.023   121340.021   121665.005   122082.009
   320:   123841.013   123841.011   124682.005   124746.009   124778.005
   325:   124780.009   125631.001   125740.003   125745.023   125745.021
   330:   125752.001   126169.003   127577.005   127950.009   128246.013
   335:   128246.011   128397.005   128403.009   128477.005   130031.009
   340:   130637.001   135637.018   135817.003   135823.016   135873.026
   345:   135961.005   136864.009   136882.005   136958.009   136978.005
   350:   138101.009   138593.005   138880.009   138891.005   138940.009
   355:   138945.005   138962.009   139252.005   139673.009   140171.001
   360:   145171.018   145608.003   145614.016   145664.026   145803.005
   365:   146741.009   146790.005   148100.009   148701.001   153701.018
   370:   154472.003   154478.016   154510.001   154528.026   154631.003
   375:   154636.023   154636.021   154692.005   154697.009   154702.005
   380:   155749.009   155789.005   156063.009   156128.005   157137.013
   385:   157137.011   157424.009   158098.001   163098.018   163267.003
   390:   163273.016   163293.001   163323.026   163410.003   163415.023
   395:   163415.021   163471.005   164273.009   164283.005   164290.009
   400:   164321.005   164411.009   164425.005   164492.009   164540.005
   405:   164871.009   164883.005   164907.009   165016.005   165151.009
   410:   165217.005   165916.013   165916.011   166327.009   166392.005
   415:   166395.009   166400.005   166407.009   166879.005   167319.009
   420:   167720.005   169602.009   170121.005   170425.009   171137.001
   425:   176137.018   176689.003   176695.016   176745.026   176854.005
   430:   178652.009   179184.001   184184.018   184710.003   184716.016
   435:   184766.026   184841.005   185794.009   185805.005   186028.009
   440:   186088.005   186091.009   187037.001   187081.003   187086.023
   445:   187086.021   187097.001   187386.003   187885.005   187985.009
   450:   188039.005   188695.009   188916.005   189587.013   189587.011
   455:   189791.009   189945.005   189951.009   190157.005   190160.009
   460:   190167.005   190177.009   190465.005   190472.009   190939.001
   465:   190993.003   190998.023   190998.021   191011.001   191519.003
   470:   193278.005   193499.013   193499.011   193778.009   193792.005
   475:   193885.009   194042.005   194104.009   194340.005   194426.009
   480:   194493.005   194495.009   194522.005   195469.009   195499.005
   485:   195511.009   196206.001   200705.003   200710.023   200710.021
   490:   200758.001   200845.003   201244.005   201801.009   203211.013
   495:   203211.011   204022.001   209022.018   211783.003   211789.016
   500:   211812.001   211823.003   211839.026   211862.001   211903.003
   505:   211908.023   211908.021   211926.001   211931.003   211955.005
   510:   213242.009   213248.005   213369.009   213395.005   213750.009
   515:   213756.005   214354.009   214409.013   214409.011   214669.005
   520:   214672.009   215260.001   220260.018   220609.003   220615.016
   525:   220660.001   220665.026   220721.003   220726.023   220726.021
   530:   220808.005   221830.009   221862.005   222409.009   223227.013
   535:   223227.011   223345.001   223719.003   223724.023   223724.021
   540:   224156.005   224730.009   224920.005   226049.009   226101.005
   545:   226117.009   226225.013   226225.011   226273.005   226428.009
   550:   226446.005   226507.009   226511.005   226526.009   226689.005
   555:   226798.009   226821.005   226833.009   226903.005   227406.009
   560:   228515.005   228555.009   228585.005   228597.009   229058.001
   565:   229221.003   229226.023   229226.021   229238.001   229370.003
   570:   230235.005   231101.009   231348.005   231386.009   231422.005
   575:   231727.013   231727.011   231963.009   232124.005   232132.009
   580:   232220.005   232481.009   233361.001   238361.018   238380.003
   585:   238386.016   238436.026   238443.001   238510.003   238515.023
   590:   238515.021   238582.005   239492.009   239553.005   239734.009
   595:   239740.005   239763.009   239766.005   239783.009   239853.005
   600:   240226.009   241016.013   241016.011   241169.001   241397.003
   605:   241402.023   241402.021   241482.001   241507.003   241809.005
   610:   243416.009   243903.013   243903.011   244269.001   249269.018
   615:   250862.003   250868.016   250918.026   251011.005   251770.009
   620:   251792.005   252234.009   252682.001   256399.003   256404.023
   625:   256404.021   257050.005   257610.009   257645.005   257971.009
   630:   258905.013   258905.011   259363.001   264363.018   264634.003
   635:   264640.016   264690.026   264846.005   265267.009   265409.005
   640:   265857.009   265889.005   266577.009   267065.001   271629.003
   645:   271634.023   271634.021   271675.001   271757.003   272283.005
   650:   273417.009   274135.013   274135.011   274272.001   274901.003
   655:   274906.023   274906.021   274957.001   275016.003   275520.005
   660:   276622.009   277407.013   277407.011   277507.001   278255.003
   665:   278260.023   278260.021   278330.001   278363.003   280761.013
   670:   280761.011   280875.001   281176.003   281181.023   281181.021
   675:   281205.001   281266.003   282601.005   282609.009   282625.005
   680:   283682.013   283682.011   283745.009   283774.005   283802.009
   685:   284502.001   289502.018   290429.003   290435.016   290485.026
   690:   290552.005   291611.009   291648.005   292054.009   292576.001
   695:   297576.018   298848.003   298854.016   298875.001   298904.026
   700:   298988.003   298993.023   298993.021   299068.005   299585.009
   705:   299595.005   300043.009   300070.005   300073.009   300111.005
   710:   300171.009   300191.005   300350.009   300368.005   300379.009
   715:   301494.013   301494.011   301610.001   302121.003   302126.023
   720:   302126.021   302159.001   302236.003   302558.005   302569.009
   725:   302584.005   303040.009   303077.005   303356.009   304627.013
   730:   304627.011   305236.005   305253.009   305312.005   305318.009
   735:   305321.005   305387.009   306389.001   311389.018   312967.003
   740:   312973.016   313019.001   313023.026   313061.003   313066.023
   745:   313066.021   313134.005   313933.009   313959.005   314338.009
   750:   314359.005   314583.009   314595.005   314599.009   315567.013
   755:   315567.011   315683.001   316044.003   316049.023   316049.021
   760:   316513.005   316741.009   316750.005   317321.009   317586.005
   765:   318527.009   318550.013   318550.011   318562.005   318566.009
   770:   319334.005   319564.009   320343.001   325343.018   325926.003
   775:   325932.016   325940.001   325982.026   326103.003   326108.023
   780:   326108.021   326165.005   326557.009   326570.005   327164.009
   785:   328609.013   328609.011   328734.001   329112.003   329117.023
   790:   329117.021   329140.001   329216.003   329578.005   330588.009
   795:   330676.005   330680.009   330684.005   330691.009   331210.005
   800:   331618.013   331618.011   331629.009   331652.005   331680.009
   805:   332268.001   337268.018   338623.003   338629.016   338679.026
   810:   338795.005   340564.009   341281.001   341810.003   341815.023
   815:   341815.021   341829.001   341928.003   342388.005   343875.009
   820:   344316.013   344316.011   344359.005   344509.009   344537.005
   825:   344590.009   345539.001   345585.003   345590.023   345590.021
   830:   345594.001   346020.003   346331.005   346356.009   346361.005
   835:   348091.013   348091.011   348266.009   348324.005   348336.009
   840:   348409.005   348423.009   348981.001   353981.018   355369.003
   845:   355375.016   355389.001   355425.026   355510.003   355515.023
   850:   355515.021   355564.005   356537.009   356570.005   356743.009
   855:   358016.013   358016.011   358105.001   359140.003   359145.023
   860:   359145.021   359585.005   361646.013   361646.011   361764.009
   865:   361839.005   361867.009   362089.005   362171.009   362266.005
   870:   362301.009   363199.001   368199.018   369457.003   369463.016
   875:   369513.026   369594.001   369615.003   369620.023   369620.021
   880:   369661.005   369944.009   371143.005   371179.009   371198.005
   885:   371213.009   371234.005   371241.009   371253.005   371324.009
   890:   371373.005   371491.009   371558.005   371692.009   371800.005
   895:   372121.013   372121.011   372314.009   372618.005   372852.009
   900:   372985.005   372987.009   373620.001   378182.003   378187.023
   905:   378187.021   380156.005   380173.009   380177.005   380688.013
   910:   380688.011   383099.009   383230.005   383231.009   383414.005
   915:   383501.009   383508.005   383550.009   384350.001   386258.003
   920:   386263.023   386263.021   386277.001   386858.003   387566.005
   925:   387570.009   387579.005   387752.009   387775.005   387907.009
   930:   387915.005   388437.009   388526.005   388764.013   388764.011
   935:   389726.009   389734.005   389742.009   389974.005   391902.009
   940:   392663.001   397663.018   399239.003   399245.016   399295.026
   945:   399379.005   399924.009   399936.005   400262.009   400270.005
   950:   401309.009   401752.001   406752.018   408597.003   408603.016
   955:   408653.026   408782.005   409927.009   409937.005   411060.009
   960:   411614.001   411713.003   411718.023   411718.021   411726.001
   965:   412053.003   412237.005   414219.013   414219.011   414367.009
   970:   414551.005   414553.009   415212.001   420212.018   420554.003
   975:   420560.016   420603.001   420610.026   420698.003   420703.023
   980:   420703.021   420774.005   421699.009   421729.005   421803.009
   985:   421839.005   421916.009   421933.005   422515.009   423204.013
   990:   423204.011   423514.001   428514.018   429465.003   429471.016
   995:   429521.026   429590.005   430896.009   431357.001   436357.018
  1000:   436942.003   436948.016   436998.026   437055.005   438099.009
  1005:   438125.005   439282.009   439293.005   439296.009   440167.001
  1010:   442366.003   442371.023   442371.021   442413.001   442764.003
  1015:   442954.005   443094.009   443097.005   444108.009   444285.005
  1020:   444872.013   444872.011   445156.009   446104.005   446138.009
  1025:   446210.005   446229.009   446259.005   446262.009   446307.005
  1030:   446316.009   446758.005   446825.009   446837.005   448216.009
  1035:   449306.001   454306.018   455399.003   455405.016   455455.026
  1040:   455548.005   456575.009   457143.001   462143.018   462374.003
  1045:   462380.016   462430.026   462492.005   463590.009   463631.005
  1050:   463898.009   464254.001   469254.018   469768.003   469774.016
  1055:   469824.026   469885.005   471455.009   471911.001   476366.003
  1060:   476371.023   476371.021   476862.005   477571.009   478872.013
  1065:   478872.011   479594.005   479667.009   479672.005   479728.009
  1070:   481403.001   486295.003   486300.023   486300.021   486348.001
  1075:   486389.003   486851.005   487316.009   487335.005   487744.009
  1080:   488801.013   488801.011   488911.001   489501.003   489506.023
  1085:   489506.021   489551.001   489610.003   490560.005   491881.009
  1090:   492007.013   492007.011   492566.005   492935.009   493471.001
  1095:   497934.003   497939.023   497939.021   498450.005   498726.009
  1100:   498740.005   498759.009   498778.005   498845.009   498846.005
  1105:   498860.009   500440.013   500440.011   501083.001   506083.018
  1110:   507195.003   507201.016   507230.001   507251.026   507273.003
  1115:   507278.023   507278.021   507355.005   508379.009   508394.005
  1120:   509203.009   509215.005   509254.009   509779.013   509779.011
  1125:   510279.001   515279.018   515882.003   515888.016   515938.026
  1130:   515975.005   517293.009   517306.005   517376.009   517384.005
  1135:   517519.009   517559.005   517970.009   518730.001   520653.003
  1140:   520658.023   520658.021   520671.001   520784.003   521262.005
  1145:   522052.009   522056.005   522078.009   522196.005   522366.009
  1150:   522455.005   522626.009   523159.013   523159.011   523554.001
  1155:   528554.018   530084.003   530090.016   530140.026   530172.005
  1160:   531214.009   531226.005   531395.009   531915.001   536915.018
  1165:   538086.003   538092.016   538142.026   538181.005   539274.009
  1170:   539778.001   544778.018   546649.003   546655.016   546705.026
  1175:   546803.005   548016.009   548021.005   548492.009   548498.005
  1180:   548727.009   548776.005   548830.009   549451.001   554451.018
  1185:   554939.003   554945.016   554995.026   555093.005   555575.009
  1190:   555592.005   555774.009   555796.005   555803.009   555825.005
  1195:   556042.009   556071.005   556080.009   556126.005   556331.009
  1200:   556342.005   556534.009   556570.005   556624.009   556651.005
  1205:   556784.009   557244.001   561979.003   561984.023   561984.021
  1210:   562250.005   562812.009   562844.005   562859.009   562868.005
  1215:   563121.009   564485.013   564485.011   565004.001   570004.018
  1220:   570477.003   570483.016   570498.001   570533.026   570564.003
  1225:   570569.023   570569.021   570642.005   571161.009   571251.005
  1230:   572555.009   572590.005   572606.009   573070.013   573070.011
  1235:   573327.001   578327.018   578801.003   578807.016   578857.026
  1240:   578988.005   579725.009   579739.005   580549.009   581368.001
  1245:   586198.003   586203.023   586203.021   586646.005   586670.009
  1250:   586680.005   587123.009   587137.005   587671.009   587693.005
  1255:   587704.009   587706.005   587843.009   588005.005   588476.009
  1260:   588704.013   588704.011   589852.001   594721.003   594726.023
  1265:   594726.021   594879.005   595561.009   595563.005   595594.009
  1270:   595705.005   595836.009   597227.013   597227.011   597333.001
  1275:   597773.003   597778.023   597778.021   598253.005   598255.009
  1280:   598279.005   598784.009   600279.013   600279.011   600673.005
  1285:   600700.009   601690.001   606690.018   606888.003   606894.016
  1290:   606944.026   606993.005   607828.009   607855.005   608732.009
  1295:   609488.001   614488.018   614796.003   614802.016   614852.026
  1300:   614854.061   614855.061   614856.061   614857.061   614858.061
B:
     0:        0.000      135.000        0.000      135.000        0.000
     5:      333.000        0.000        0.000        0.000      333.000
    10:        0.000       63.000        0.000       63.000        0.000
    15:        0.000       38.000        0.000       38.000        0.000
    20:        0.000       62.000        0.000       62.000        0.000
    25:        0.000       38.000        0.000        0.000        0.000
    30:        0.000
D:
     0:   617712.000   612405.000   617713.000
E:
     0:     5000.000     5000.000
T:
     0:        0.000        0.000        0.000        0.000
W:
     0:        0.000        0.000        0.000
