File: C:\MED-PC IV\Data\Reyes\AY\AY4060.999


Start Date: 11/23/24
End Date: 11/23/24
Subject: 60
Experiment: AY
Group: LONG
Box: 1
Start Time: 14:54:10
End Time: 15:30:34
MSN: DRRD_timeout_retract
C:       0.000
F:       1.000
G:       0.000
H:       0.000
I:       0.000
J:       0.000
K:   10000.000
L:       0.000
M:       0.000
N:     100.000
O:       0.000
P:    5000.000
Q:       0.000
R:       0.000
S:       0.000
U:    1491.000
V:       0.000
X:       0.000
Y:     880.000
Z:       0.000
A:
     0:     1306.005     1355.009     2359.005     2478.009    10745.005
     5:    10845.009    15000.013    15000.011    16126.001    16502.003
    10:    16507.023    16507.021    16508.001    16973.003    17358.005
    15:    17778.009    21508.013    21508.011    22394.001    26410.003
    20:    26415.023    26415.021    31416.013    31416.011    32241.001
    25:    37241.018    37376.003    37382.016    37431.001    37432.026
    30:    37523.003    37528.023    37528.021    37622.005    38498.009
    35:    39065.005    39472.009    42529.013    42529.011    47056.001
    40:    51906.003    51911.023    51911.021    51960.001    51984.003
    45:    56912.013    56912.011    58097.001    63097.018    65403.003
    50:    65409.016    65434.001    65459.026    65562.003    65567.023
    55:    65567.021    65752.005    66311.009    70568.013    70568.011
    60:    74070.001    79070.018    79266.003    79272.016    79322.026
    65:    79439.005    79861.009    81572.001    86565.003    86570.023
    70:    86570.021    91571.013    91571.011   100994.001   101082.003
    75:   101087.023   101087.021   101172.001   101296.003   106088.013
    80:   106088.011   108000.001   113000.018   113603.003   113609.016
    85:   113659.026   113797.005   114348.009   115330.001   120330.018
    90:   123166.003   123172.016   123222.026   123331.005   123793.009
    95:   123807.005   123864.009   125294.001   130294.018   132111.003
   100:   132117.016   132167.026   132295.005   133131.009   135069.001
   105:   140069.018   142283.003   142289.016   142339.026   142513.005
   110:   143128.009   144219.001   149219.018   150152.003   150158.016
   115:   150208.026   150472.005   151017.009   151099.005   151533.009
   120:   153812.001   154615.003   154620.023   154620.021   154621.001
   125:   154764.003   159621.013   159621.011   165141.001   170141.018
   130:   170780.003   170786.016   170836.026   170852.001   170895.003
   135:   170900.023   170900.021   171006.005   171685.009   175901.013
   140:   175901.011   184124.001   189124.018   189560.003   189566.016
   145:   189616.026   189817.005   190160.009   192447.001   193234.003
   150:   193239.023   193239.021   193252.001   193588.003   198240.013
   155:   198240.011   202020.001   207020.018   208441.003   208447.016
   160:   208497.026   208613.005   209167.009   209192.005   209211.009
   165:   211088.001   215359.003   215364.023   215364.021   220365.013
   170:   220365.011   222792.001   227792.018   228417.003   228423.016
   175:   228473.026   228791.005   229505.009   230947.001   235947.018
   180:   236899.003   236905.016   236955.026   237107.005   237721.009
   185:   240567.001   240790.003   240791.001   240795.023   240795.021
   190:   240965.003   245796.013   245796.011   258075.001   259487.003
   195:   259492.023   259492.021   259498.001   259684.003   264493.013
   200:   264493.011   267917.001   272332.003   272337.023   272337.021
   205:   272592.005   272948.009   277338.013   277338.011   278775.001
   210:   283775.018   285320.003   285326.016   285349.001   285376.003
   215:   285376.026   285507.005   286079.009   286082.005   286128.009
   220:   286183.005   286261.009   288100.001   293100.018   294163.003
   225:   294169.016   294219.026   294328.005   295008.009   295056.005
   230:   295112.009   297317.001   302317.018   303106.003   303112.016
   235:   303162.026   303295.005   303721.009   303742.005   303772.009
   240:   305440.001   305653.003   305658.023   305658.021   305677.001
   245:   305755.003   310659.013   310659.011   322446.001   327446.018
   250:   330135.003   330141.016   330191.026   330310.005   331474.009
   255:   331487.005   331634.009   333469.001   333726.003   333731.023
   260:   333731.021   333794.001   333861.003   334234.005   334266.009
   265:   334292.005   334457.009   338732.013   338732.011   339818.001
   270:   344818.018   346717.003   346723.016   346773.026   346981.005
   275:   347319.009   347361.005   347398.009   350014.001   355014.018
   280:   355260.003   355266.016   355316.026   355425.005   355837.009
   285:   356820.001   361820.018   364357.003   364363.016   364413.026
   290:   364533.005   365085.009   366559.001   371559.018   374277.003
   295:   374283.016   374333.026   374567.005   375098.009   376560.001
   300:   381560.018   383097.003   383103.016   383153.026   383297.005
   305:   383834.009   384513.005   384541.009   386436.001   391436.018
   310:   393721.003   393727.016   393777.026   394050.005   394671.009
   315:   394688.005   394730.009   397060.001   402060.018   403584.003
   320:   403590.016   403640.026   403764.005   404361.009   406041.001
   325:   411041.018   412847.003   412853.016   412903.026   413048.005
   330:   413406.009   416364.001   421364.018   422641.003   422647.016
   335:   422697.026   422892.005   424437.009   424651.005   424754.009
   340:   427283.001   432283.018   436241.003   436247.016   436297.026
   345:   436448.005   437281.009   439048.001   444048.018   445668.003
   350:   445674.016   445724.026   445880.005   446419.009   449509.001
   355:   454509.018   456503.003   456509.016   456559.026   456669.005
   360:   457360.009   459129.001   464129.018   465648.003   465654.016
   365:   465704.026   465872.005   466681.009   466907.005   466945.009
   370:   467101.005   467212.009   468929.001   473929.018   475855.003
   375:   475861.016   475911.026   476083.005   477791.009   478044.005
   380:   478149.009   481403.001   486403.018   490540.003   490546.016
   385:   490596.026   490812.005   491417.009   494381.001   499381.018
   390:   501253.003   501259.016   501309.026   501568.005   502414.009
   395:   507825.001   507947.003   507952.023   507952.021   507988.001
   400:   508798.003   512953.013   512953.011   514205.001   516374.003
   405:   516379.023   516379.021   516384.001   516702.003   521380.013
   410:   521380.011   523026.001   528026.018   530498.003   530504.016
   415:   530554.026   530664.005   531448.009   533516.001   538516.018
   420:   541058.003   541064.016   541114.026   541323.005   541790.009
   425:   541800.005   541889.009   542118.005   542187.009   544095.001
   430:   549095.018   550121.003   550127.016   550177.026   550342.005
   435:   550848.009   551101.005   551131.009   552677.001   553360.003
   440:   553362.001   553365.023   553365.021   553601.003   558366.013
   445:   558366.011   559709.001   564709.018   567548.003   567554.016
   450:   567604.026   567724.005   568143.009   568152.005   568177.009
   455:   569840.001   574840.018   575707.003   575713.016   575763.026
   460:   575931.005   576505.009   577807.001   582807.018   585610.003
   465:   585616.016   585666.026   585897.005   586814.009   610251.001
   470:   615251.018   617350.003   617356.016   617406.026   617609.005
   475:   618250.009   618268.005   618348.009   618394.005   618438.009
   480:   618649.005   618679.009   620204.001   621306.003   621311.023
   485:   621311.021   621319.001   621674.003   626312.013   626312.011
   490:   627627.001   632627.018   632977.003   632983.016   633033.026
   495:   633170.005   634377.009   634454.005   634523.009   636803.001
   500:   638964.003   638969.023   638969.021   638983.001   639087.003
   505:   639929.005   640224.009   643970.013   643970.011   646967.001
   510:   651667.003   651672.023   651672.021   652133.005   652523.009
   515:   656673.013   656673.011   657858.001   662858.018   663854.003
   520:   663860.016   663910.026   664028.005   664565.009   665653.001
   525:   670653.018   671881.003   671887.016   671937.026   672057.005
   530:   672408.009   673787.001   678787.018   680798.003   680804.016
   535:   680854.026   681001.005   681588.009   681619.005   681905.009
   540:   682017.005   682104.009   684036.001   687576.003   687581.023
   545:   687581.021   687585.001   688256.003   691572.005   691582.009
   550:   691613.005   691639.009   691660.005   691814.009   691837.005
   555:   691873.009   691907.005   691929.009   691939.005   692148.009
   560:   692582.013   692582.011   693873.001   698873.018   699776.003
   565:   699782.016   699832.026   700050.005   700386.009   701436.001
   570:   706436.018   708146.003   708152.016   708202.026   708390.005
   575:   709023.009   709048.005   709077.009   709345.005   709360.009
   580:   710974.001   715974.018   718073.003   718079.016   718129.026
   585:   718271.005   718845.009   718874.005   718894.009   718936.005
   590:   718968.009   719046.005   719315.009   719328.005   719498.009
   595:   719545.005   719625.009   721408.001   726408.018   729325.003
   600:   729331.016   729381.026   729529.005   730145.009   730514.005
   605:   730535.009   733577.001   738577.018   742297.003   742303.016
   610:   742353.026   742571.005   743174.009   745312.001   750312.018
   615:   753681.003   753687.016   753737.026   753912.005   754588.009
   620:   754648.005   754736.009   754781.005   754946.009   755003.005
   625:   755013.009   757306.001   762306.018   764051.003   764057.016
   630:   764067.001   764107.026   766491.003   766496.023   766496.021
   635:   766756.005   767746.009   767781.005   767790.009   771497.013
   640:   771497.011   772442.005   772736.009   774507.001   777342.003
   645:   777347.023   777347.021   777360.001   777495.003   780642.005
   650:   780899.009   782348.013   782348.011   784845.005   785486.009
   655:   787764.001   792764.018   797386.003   797392.016   797442.026
   660:   797674.005   798215.009   798237.005   798270.009   798347.005
   665:   798370.009   798399.005   798417.009   798437.005   798741.009
   670:   801943.001   806943.018   809768.003   809774.016   809824.026
   675:   810006.005   810717.009   832207.001   837207.018   838572.003
   680:   838578.016   838628.026   838834.005   839623.009   842403.001
   685:   847403.018   849722.003   849728.016   849778.026   849931.005
   690:   850527.009   853440.001   858440.018   861086.003   861092.016
   695:   861142.026   861337.005   862059.009   862252.005   862513.009
   700:   862556.005   863907.009   866277.001   868508.003   868513.023
   705:   868513.021   868514.001   868653.003   869828.005   870047.009
   710:   873514.013   873514.011   877062.001   882062.018   883706.003
   715:   883712.016   883762.026   883860.005   885766.009   889381.001
   720:   894381.018   896868.003   896874.016   896924.026   897102.005
   725:   897600.009   900774.001   905774.018   907297.003   907303.016
   730:   907353.026   907483.005   908609.009   912604.001   917604.018
   735:   919543.003   919549.016   919599.026   919792.005   920456.009
   740:   924221.001   929221.018   930736.003   930742.016   930792.026
   745:   930992.005   931738.009   941183.001   946183.018   948836.003
   750:   948842.016   948892.026   949094.005   949675.009   950184.005
   755:   950277.009   952791.001   957791.018   961461.003   961467.016
   760:   961517.026   961629.005   962170.009   965676.001   970676.018
   765:   973073.003   973079.016   973129.026   973398.005   974077.009
   770:   974171.005   974303.009   974409.005   974488.009   975033.005
   775:   975214.009   977187.001   982187.018   983838.003   983844.016
   780:   983894.026   983990.005   985127.009   985155.005   985226.009
   785:   986372.005   986673.009   986689.005   986698.009   988428.001
   790:   993428.018   994404.003   994410.016   994460.026   994645.005
   795:   995810.009   999889.001  1004889.018  1006801.003  1006807.016
   800:  1006857.026  1007048.005  1007460.009  1008090.005  1008233.009
   805:  1009645.001  1013249.003  1013254.023  1013254.021  1013261.001
   810:  1013954.003  1015141.005  1015372.009  1017328.005  1017620.009
   815:  1018255.013  1018255.011  1020125.005  1020677.009  1027035.001
   820:  1032035.018  1032818.003  1032824.016  1032874.026  1033067.005
   825:  1033447.009  1037809.001  1042809.018  1045285.003  1045291.016
   830:  1045341.026  1045557.005  1046264.009  1046271.005  1046290.009
   835:  1046314.005  1046350.009  1046367.005  1046395.009  1046411.005
   840:  1046507.009  1046713.005  1046850.009  1049493.001  1053527.003
   845:  1053532.023  1053532.021  1053538.001  1053695.003  1054259.005
   850:  1054735.009  1058533.013  1058533.011  1065164.001  1070164.018
   855:  1070266.003  1070272.016  1070322.026  1070509.005  1070966.009
   860:  1072786.001  1077222.003  1077227.023  1077227.021  1077608.005
   865:  1078100.009  1079350.005  1079439.009  1082228.013  1082228.011
   870:  1084779.001  1089779.018  1091733.003  1091739.016  1091789.026
   875:  1091791.061  1091792.061  1091793.061  1091794.061  1091795.061
B:
     0:        0.000      120.000        0.000      120.000        0.000
     5:      152.000        0.000        0.000        0.000      152.000
    10:        0.000       30.000        0.000       30.000        0.000
    15:        0.000       71.000        0.000       71.000        0.000
    20:        0.000       29.000        0.000       29.000        0.000
    25:        0.000       71.000        0.000        0.000        0.000
    30:        0.000
D:
     0:  1093223.000  1086270.000  1093224.000
E:
     0:     5000.000     5000.000
T:
     0:        0.000        0.000        0.000        0.000
W:
     0:        0.000        0.000        0.000
