File: C:\MED-PC IV\Data\Reyes\AY\AY4074.999


Start Date: 11/23/24
End Date: 11/23/24
Subject: 74
Experiment: AY
Group: SHORT
Box: 6
Start Time: 14:54:10
End Time: 15:16:38
MSN: DRRD_timeout_retract
C:       0.000
F:       1.000
G:       0.000
H:       0.000
I:       0.000
J:       0.000
K:   10000.000
L:       0.000
M:       0.000
N:     100.000
O:       0.000
P:    2500.000
Q:       0.000
R:       0.000
S:       0.000
U:    1491.000
V:       0.000
X:       0.000
Y:    1275.000
Z:       0.000
A:
     0:    15000.013    15000.011    16079.005    16241.009    16673.001
     5:    20655.003    20660.023    20660.021    20802.005    21031.009
    10:    23161.013    23161.011    23288.001    23678.003    23683.023
    15:    23683.021    23704.001    23791.003    24046.005    24809.009
    20:    24882.005    24886.009    26184.013    26184.011    26424.001
    25:    26567.003    26572.023    26572.021    26642.001    26674.003
    30:    27020.005    27375.009    27415.005    27421.009    27442.005
    35:    27501.009    27619.005    28199.009    29073.013    29073.011
    40:    29195.001    29869.003    29874.023    29874.021    29894.001
    45:    29981.003    30313.005    30319.009    30336.005    31779.009
    50:    32375.013    32375.011    32470.001    32716.003    32721.023
    55:    32721.021    32741.001    32829.003    35004.005    35222.013
    60:    35222.011    35613.009    35909.005    35913.009    35936.005
    65:    36545.009    36962.001    38662.003    38667.023    38667.021
    70:    38679.001    38916.003    39184.005    39618.009    39639.005
    75:    39980.009    41139.005    41168.013    41168.011    41234.009
    80:    41800.001    46800.018    48851.003    48857.016    48907.026
    85:    48920.005    49711.009    49751.005    50036.009    50077.005
    90:    50368.009    50511.005    51406.009    51814.005    52109.009
    95:    52241.005    52245.009    52366.005    53103.009    53357.005
   100:    53364.009    53418.005    53427.009    53488.005    53491.009
   105:    53990.001    58990.018    59469.003    59475.016    59518.005
   110:    59525.026    60466.009    60488.005    62256.009    62813.001
   115:    62898.003    62903.023    62903.021    62908.001    63181.003
   120:    63354.005    63927.009    63987.005    63992.009    64414.005
   125:    65404.013    65404.011    66878.009    66885.005    66897.009
   130:    66974.005    66978.009    67822.001    68320.003    68325.023
   135:    68325.021    68341.001    68453.003    68690.005    69878.009
   140:    69910.005    69916.009    69932.005    69954.009    70826.013
   145:    70826.011    71271.001    76271.018    77010.003    77016.016
   150:    77066.026    77082.005    77596.009    77616.005    78443.009
   155:    79272.001    79305.003    79310.023    79310.021    79318.001
   160:    79604.003    79998.005    80070.009    81484.005    81690.009
   165:    81811.013    81811.011    82032.005    82090.009    82096.005
   170:    82103.009    82217.005    82223.009    82346.005    82393.009
   175:    82395.005    82408.009    83308.001    84772.003    84777.023
   180:    84777.021    84788.001    85142.003    85396.005    85509.009
   185:    85517.005    85632.009    86302.005    86965.009    87278.013
   190:    87278.011    88022.005    88023.009    88414.005    89382.009
   195:    89926.005    90283.009    90396.005    90512.009    91264.001
   200:    96264.018    96380.003    96386.016    96436.026    96440.005
   205:    97799.009    98240.001   102527.003   102532.023   102532.021
   210:   102558.001   102654.003   102764.001   102923.003   103202.005
   215:   103325.009   103408.005   103427.009   103451.005   103469.009
   220:   103492.005   103582.009   103791.005   104366.009   105033.013
   225:   105033.011   105481.001   110481.018   110791.003   110797.016
   230:   110847.026   110864.005   111815.009   111817.005   112076.009
   235:   112109.005   112612.009   113080.001   113344.003   113349.023
   240:   113349.021   113356.001   113621.003   114305.005   115057.009
   245:   115513.005   115850.013   115850.011   116002.009   116361.005
   250:   116876.009   117465.005   117475.009   118027.001   123027.018
   255:   125243.003   125249.016   125288.001   125299.026   125318.003
   260:   125323.023   125323.021   125400.005   126669.009   127824.013
   265:   127824.011   127957.001   128073.003   128078.023   128078.021
   270:   128105.001   128175.003   128515.005   128633.009   129427.005
   275:   129429.009   129492.005   129502.009   129520.005   130179.009
   280:   130444.005   130579.013   130579.011   131251.009   132627.001
   285:   137627.018   138668.003   138674.016   138697.001   138724.026
   290:   138777.003   138782.023   138782.021   138809.005   139593.009
   295:   139623.005   139994.009   140043.005   140438.009   141283.013
   300:   141283.011   141389.001   141903.003   141908.023   141908.021
   305:   141928.001   142011.003   142397.005   143781.009   144000.005
   310:   144006.009   144033.005   144409.013   144409.011   144560.009
   315:   144682.005   144690.009   145819.001   150210.003   150215.023
   320:   150215.021   150276.005   150762.009   150864.005   151049.009
   325:   151125.005   152192.009   152716.013   152716.011   152809.001
   330:   153407.003   153412.023   153412.021   153456.001   153512.003
   335:   153833.005   154015.009   154104.005   154108.009   154116.005
   340:   154164.009   155510.005   155521.009   155547.005   155779.009
   345:   155829.005   155833.009   155913.013   155913.011   155949.005
   350:   155954.009   156558.001   161558.018   164889.003   164895.016
   355:   164945.026   164999.005   166088.009   166501.001   167083.003
   360:   167088.023   167088.021   167110.001   167281.003   169589.013
   365:   169589.011   169858.001   170235.003   170240.023   170240.021
   370:   170276.001   170347.003   170671.005   171696.009   171935.005
   375:   172165.009   172338.005   172341.009   172519.005   172528.009
   380:   172562.005   172570.009   172626.005   172635.009   172741.013
   385:   172741.011   172807.005   172815.009   173163.001   178163.018
   390:   181858.003   181864.016   181911.005   181914.026   182760.009
   395:   183158.001   183367.003   183372.023   183372.021   183384.001
   400:   183603.003   185873.013   185873.011   186115.001   186349.003
   405:   186354.023   186354.021   186376.001   186461.003   186788.005
   410:   187445.009   187467.005   187547.009   187566.005   187633.009
   415:   187683.005   187716.009   187774.005   187828.009   187906.005
   420:   187913.009   188117.005   188128.009   188174.005   188184.009
   425:   188269.005   188276.009   188855.013   188855.011   188962.001
   430:   189288.003   189293.023   189293.021   189317.001   189403.003
   435:   189908.005   189947.009   190009.005   190187.009   190312.005
   440:   190998.009   191000.005   191068.009   191080.005   191794.013
   445:   191794.011   191971.009   192301.005   192305.009   193230.001
   450:   198230.018   198352.003   198358.016   198408.026   198504.005
   455:   198908.009   198914.005   199819.009   200381.001   205381.018
   460:   207088.003   207094.016   207144.026   207162.005   209150.009
   465:   209561.001   209642.003   209647.023   209647.021   209659.001
   470:   209786.003   210004.005   210968.009   212148.013   212148.011
   475:   212267.001   212526.003   212531.023   212531.021   213040.005
   480:   213047.009   213055.005   213110.009   213160.005   213664.009
   485:   213675.005   213679.009   215032.013   215032.011   215160.001
   490:   215737.003   215742.023   215742.021   215759.001   215850.003
   495:   218243.013   218243.011   218416.001   218784.003   218789.023
   500:   218789.021   218821.001   218890.003   219207.005   219715.009
   505:   220513.005   220549.009   220585.005   221290.013   221290.011
   510:   221357.009   221369.005   221377.009   221642.005   221651.009
   515:   221728.005   221739.009   221782.005   221792.009   221895.005
   520:   221905.009   222320.001   227320.018   227724.003   227730.016
   525:   227780.026   227814.005   229383.009   231173.005   231198.009
   530:   231636.001   236160.003   236165.023   236165.021   236254.005
   535:   236735.009   238666.013   238666.011   239708.001   243939.003
   540:   243944.023   243944.021   243991.005   244407.009   246445.013
   545:   246445.011   247160.001   250619.003   250624.023   250624.021
   550:   250629.001   250986.003   253125.013   253125.011   253342.001
   555:   253557.003   253562.023   253562.021   253602.001   253668.003
   560:   253858.005   254712.009   254741.005   254756.009   254771.005
   565:   254781.009   256063.013   256063.011   256194.001   256506.003
   570:   256511.023   256511.021   257543.005   257587.009   259012.013
   575:   259012.011   259434.005   259439.009   259851.001   264851.018
   580:   264989.003   264995.016   265039.005   265045.026   267027.009
   585:   267361.001   271536.003   271541.023   271541.021   271593.001
   590:   271638.003   272022.005   272066.009   272096.005   272483.009
   595:   274042.013   274042.011   274195.001   274680.003   274685.023
   600:   274685.021   274707.001   274793.003   277186.013   277186.011
   605:   277328.001   277759.003   277764.023   277764.021   277792.001
   610:   277871.003   278184.005   279028.009   279244.005   280265.013
   615:   280265.011   280282.009   280345.005   280352.009   280685.005
   620:   280694.009   280854.005   280857.009   281245.001   286228.003
   625:   286233.023   286233.021   286299.005   286710.009   288734.013
   630:   288734.011   289300.001   294300.018   296562.003   296568.016
   635:   296618.026   296646.005   297832.009   297843.005   298039.009
   640:   298052.005   298110.009   299423.001   304423.018   305489.003
   645:   305495.016   305545.026   305570.005   306479.009   306498.005
   650:   306747.009   307127.001   312127.018   313345.003   313351.016
   655:   313401.026   313423.005   314441.009   314462.005   314558.009
   660:   314967.001   319967.018   321090.003   321096.016   321146.026
   665:   321247.005   322059.009   322482.001   327482.018   328075.003
   670:   328081.016   328131.026   328148.005   329442.009   329458.005
   675:   329816.009   330206.001   334945.003   334950.023   334950.021
   680:   335083.005   335420.009   337045.005   337451.013   337451.011
   685:   337570.009   337813.005   338062.009   338172.005   338182.009
   690:   338420.005   338476.009   338500.005   338527.009   339291.001
   695:   344291.018   345513.003   345519.016   345569.026   345593.005
   700:   347480.009   347876.001   347979.003   347984.023   347984.021
   705:   348001.001   348104.003   348659.005   348772.009   348821.005
   710:   349115.009   350485.013   350485.011   350789.005   350792.009
   715:   350796.005   350803.009   350848.005   350859.009   351628.001
   720:   356628.018   358643.003   358649.016   358699.026   358733.005
   725:   359658.009   359677.005   360083.009   360694.001   365694.018
   730:   366051.003   366057.016   366107.026   366130.005   367226.009
   735:   367687.001   367790.003   367795.023   367795.021   367807.001
   740:   367937.003   368217.005   368302.009   369219.005   369364.009
   745:   370296.013   370296.011   372521.001   377521.018   379873.003
   750:   379879.016   379929.026   379951.005   380751.009   381232.001
   755:   386145.003   386150.023   386150.021   386259.005   386715.009
   760:   386738.005   386998.009   388651.013   388651.011   388784.001
   765:   389086.003   389091.023   389091.021   389577.005   389663.009
   770:   389706.005   389718.009   389728.005   389757.009   390292.005
   775:   390386.009   390465.005   390471.009   390765.005   390768.009
   780:   390774.005   390782.009   391009.005   391018.009   391592.013
   785:   391592.011   391696.005   391701.009   391746.005   391750.009
   790:   391802.005   391810.009   392211.001   397211.018   397976.003
   795:   397982.016   398032.026   398116.005   399152.009   399184.005
   800:   399447.009   399464.005   399605.009   400057.001   405018.003
   805:   405023.023   405023.021   405114.005   405416.009   405423.005
   810:   405427.009   407524.013   407524.011   407654.001   407916.003
   815:   407921.023   407921.021   407943.001   408023.003   408792.005
   820:   409461.009   409836.005   409838.009   409920.005   409986.009
   825:   410024.005   410085.009   410301.005   410311.009   410422.013
   830:   410422.011   410461.005   410466.009   410589.005   410592.009
   835:   410983.001   415980.003   415985.023   415985.021   415992.001
   840:   416411.003   416829.005   417848.009   417882.005   417940.009
   845:   418163.005   418486.013   418486.011   418632.009   418747.005
   850:   418753.009   418846.005   418851.009   419006.005   419010.009
   855:   419011.005   419019.009   419417.005   419419.009   419518.005
   860:   419523.009   420396.001   425396.018   427385.003   427391.016
   865:   427441.026   427488.005   428612.009   428620.005   428821.009
   870:   429280.001   434280.018   436526.003   436532.016   436582.026
   875:   436601.005   438183.009   438634.001   443634.018   444217.003
   880:   444223.016   444273.026   444312.005   445853.009   446182.005
   885:   446397.009   446926.001   451926.018   451937.003   451943.016
   890:   451993.026   452066.005   452919.009   452932.005   453162.009
   895:   453201.005   453340.009   453765.001   458083.003   458088.023
   900:   458088.021   458636.005   459735.009   459759.005   459774.009
   905:   459979.005   460589.013   460589.011   460736.009   461140.005
   910:   461396.009   461440.005   461498.009   462365.001   467365.018
   915:   469207.003   469213.016   469263.026   469270.005   471133.009
   920:   471666.001   476666.018   476780.003   476786.016   476836.026
   925:   476882.005   478004.009   478043.005   478981.009   479470.005
   930:   479491.009   480177.001   484391.003   484396.023   484396.021
   935:   484408.001   484869.003   485770.005   485801.009   485839.005
   940:   485847.009   485852.005   485864.009   485872.005   485966.009
   945:   486120.005   486897.013   486897.011   487098.009   487116.005
   950:   487146.009   487148.005   489156.009   489176.005   489220.009
   955:   489732.005   490441.009   490811.005   491100.009   492199.001
   960:   496978.003   496983.023   496983.021   497042.005   498597.009
   965:   498627.005   499231.009   499484.013   499484.011   500015.001
   970:   505015.018   506281.003   506287.016   506337.026   506387.005
   975:   507867.009   508318.001   513318.018   513734.003   513740.016
   980:   513790.026   513813.005   514632.009   515123.001   515882.003
   985:   515887.023   515887.021   515893.001   516315.003   516616.005
   990:   516650.009   516659.005   516668.009   516679.005   516737.009
   995:   517045.005   517281.009   518388.013   518388.011   518523.001
  1000:   519000.003   519005.023   519005.021   519029.001   519112.003
  1005:   520176.005   520180.009   520185.005   520240.009   520262.005
  1010:   520264.009   520409.005   520414.009   520477.005   520482.009
  1015:   521506.013   521506.011   522111.001   525951.003   525956.023
  1020:   525956.021   526011.005   526441.009   526472.005   526479.009
  1025:   528457.013   528457.011   528563.001   528829.003   528834.023
  1030:   528834.021   528865.001   528898.003   531335.013   531335.011
  1035:   531402.005   531817.009   532263.001   537263.018   537402.003
  1040:   537408.016   537458.026   537559.005   538097.009   538099.005
  1045:   538803.009   538860.005   539346.009   539779.001   544779.018
  1050:   545295.003   545301.016   545351.026   545401.005   546452.009
  1055:   546487.005   546523.009   546594.005   546610.009   546637.005
  1060:   546669.009   546698.005   546759.009   546787.005   546800.009
  1065:   547290.001   551445.003   551450.023   551450.021   551780.005
  1070:   552763.009   552899.005   553046.009   553053.005   553058.009
  1075:   553184.005   553223.009   553951.013   553951.011   556829.005
  1080:   557087.009   557672.001   562672.018   562682.003   562688.016
  1085:   562738.026   562810.005   563954.009   564373.001   569373.018
  1090:   569383.003   569389.016   569439.026   569474.005   570546.009
  1095:   572938.001   577938.018   578386.003   578392.016   578442.026
  1100:   578627.005   578631.009   578644.005   579871.009   579992.005
  1105:   580146.009   580315.005   580652.009   581147.005   581246.009
  1110:   581895.001   582022.003   582027.023   582027.021   582428.005
  1115:   582433.009   582439.005   584528.013   584528.011   584665.009
  1120:   584693.005   584701.009   584738.005   584745.009   584797.005
  1125:   584802.009   584930.005   584937.009   584982.005   584984.009
  1130:   585669.001   590669.018   590965.003   590971.016   591021.026
  1135:   591045.005   593273.009   593303.005   593450.009   593922.001
  1140:   598922.018   599468.003   599474.016   599524.026   599641.005
  1145:   600725.009   600732.005   601411.009   601457.005   601475.009
  1150:   601506.005   601588.009   602076.001   606443.003   606448.023
  1155:   606448.021   606512.005   607141.009   608742.005   608786.009
  1160:   608790.005   608812.009   608949.013   608949.011   609583.005
  1165:   609588.009   609599.005   609658.009   609712.005   609727.009
  1170:   609916.005   610684.009   611241.001   616241.018   616373.003
  1175:   616379.016   616429.026   616459.005   617528.009   617560.005
  1180:   617943.009   618577.001   623577.018   623706.003   623712.016
  1185:   623762.026   623799.005   625173.009   625577.001   629523.003
  1190:   629528.023   629528.021   629584.005   630433.009   631338.005
  1195:   631398.009   631444.005   631469.009   631530.005   631564.009
  1200:   632029.013   632029.011   634387.005   634520.009   634556.005
  1205:   635333.009   635435.005   636239.009   636391.005   637533.009
  1210:   637587.005   637589.009   638429.001   643429.018   643479.003
  1215:   643485.016   643535.026   643603.005   644355.009   644436.005
  1220:   644510.009   645442.001   650442.018   650959.003   650965.016
  1225:   651015.026   651055.005   651315.009   651364.005   652554.009
  1230:   652974.001   657974.018   658202.003   658208.016   658258.026
  1235:   658341.005   658769.009   658781.005   659165.009   659187.005
  1240:   659261.009   659368.005   659390.009   659412.005   659477.009
  1245:   659517.005   659724.009   660177.001   664775.003   664780.023
  1250:   664780.021   664837.005   665409.009   665468.005   665568.009
  1255:   666886.005   666906.009   666956.005   667142.009   667281.013
  1260:   667281.011   667715.005   667736.009   667766.005   667970.009
  1265:   668470.001   673470.018   673694.003   673700.016   673750.026
  1270:   673752.061   673753.061   673754.061   673755.061   673756.061
B:
     0:        0.000      136.000        0.000      136.000        0.000
     5:      320.000        0.000        0.000        0.000      320.000
    10:        0.000       57.000        0.000       57.000        0.000
    15:        0.000       44.000        0.000       44.000        0.000
    20:        0.000       56.000        0.000       56.000        0.000
    25:        0.000       44.000        0.000        0.000        0.000
    30:        0.000
D:
     0:   675184.000   669961.000   675185.000
E:
     0:     5000.000     5000.000
T:
     0:        0.000        0.000        0.000        0.000
W:
     0:        0.000        0.000        0.000
