File: C:\MED-PC IV\Data\Reyes\AY\AY4059.999


Start Date: 11/19/24
End Date: 11/19/24
Subject: 59
Experiment: AY
Group: LONG
Box: 6
Start Time: 14:29:44
End Time: 14:51:44
MSN: DRRD_timeout_retract
C:       0.000
F:       1.000
G:       0.000
H:       0.000
I:       0.000
J:       0.000
K:   10000.000
L:       0.000
M:       0.000
N:     100.000
O:       0.000
P:    5000.000
Q:       0.000
R:       0.000
S:       0.000
U:   38769.000
V:       0.000
X:       0.000
Y:     790.000
Z:       0.000
A:
     0:     5045.005     5426.009    15000.013    15000.011    16743.001
     5:    16834.003    16839.023    16839.021    16901.001    16939.003
    10:    21840.013    21840.011    22189.001    22222.003    22227.023
    15:    22227.021    24931.005    25066.009    27228.013    27228.011
    20:    27367.001    27582.003    27587.023    27587.021    32588.013
    25:    32588.011    32735.001    32766.003    32771.023    32771.021
    30:    37772.013    37772.011    39211.001    39795.003    39800.023
    35:    39800.021    39829.001    40139.003    44801.013    44801.011
    40:    45162.001    45323.003    45328.023    45328.021    45388.001
    45:    45648.003    49678.005    50016.009    50068.005    50153.009
    50:    50329.013    50329.011    50435.001    50660.003    50665.023
    55:    50665.021    55666.013    55666.011    55784.001    55802.003
    60:    55807.023    55807.021    55818.001    55925.003    60808.013
    65:    60808.011    61538.001    61894.003    61899.023    61899.021
    70:    61927.001    62402.003    66389.005    66716.009    66900.013
    75:    66900.011    67040.001    67678.003    67683.023    67683.021
    80:    67717.001    67809.003    72577.005    72593.009    72615.005
    85:    72641.009    72684.013    72684.011    72869.001    73123.003
    90:    73128.023    73128.021    73166.001    73494.003    78129.013
    95:    78129.011    79089.001    79340.003    79345.023    79345.021
   100:    79377.001    79557.003    84346.013    84346.011    85036.001
   105:    85105.003    85110.023    85110.021    85184.001    85405.003
   110:    87277.005    87494.009    90111.013    90111.011    90563.001
   115:    90715.003    90720.023    90720.021    95721.013    95721.011
   120:    96548.001    96941.003    96946.023    96946.021    96999.001
   125:    97130.003   101947.013   101947.011   102052.001   102076.003
   130:   102081.023   102081.021   103298.005   103317.009   103348.005
   135:   103359.009   107082.013   107082.011   107173.001   107185.003
   140:   107190.023   107190.021   107214.001   107647.003   112191.013
   145:   112191.011   112296.001   112606.003   112611.023   112611.021
   150:   117612.013   117612.011   118203.001   118751.003   118756.023
   155:   118756.021   118796.001   118861.003   123757.013   123757.011
   160:   124051.005   124276.009   124569.005   124811.009   125047.001
   165:   125315.003   125320.023   125320.021   125393.001   125581.003
   170:   130277.005   130321.013   130321.011   130594.009   130727.005
   175:   131132.009   131723.001   132075.003   132080.023   132080.021
   180:   137081.013   137081.011   137204.001   137313.003   137318.023
   185:   137318.021   139052.005   139063.009   139083.005   139515.009
   190:   142319.013   142319.011   142402.001   142696.003   142701.023
   195:   142701.021   147702.013   147702.011   148201.001   153201.018
   200:   154594.003   154600.016   154650.026   154680.005   155135.009
   205:   156374.001   156431.003   156436.023   156436.021   161437.013
   210:   161437.011   161575.001   161622.003   161627.023   161627.021
   215:   166628.013   166628.011   166880.001   171880.018   173426.003
   220:   173432.016   173482.026   173493.005   174000.009   174013.005
   225:   174113.009   175483.001   175793.003   175798.023   175798.021
   230:   175833.001   176179.003   180799.013   180799.011   181664.001
   235:   181871.003   181876.023   181876.021   181926.001   181983.003
   240:   186877.013   186877.011   186991.001   187668.003   187673.023
   245:   187673.021   187692.001   187704.003   187726.001   187813.003
   250:   192674.013   192674.011   192752.001   192765.003   192770.023
   255:   192770.021   197771.013   197771.011   197912.001   197920.003
   260:   197925.023   197925.021   202926.013   202926.011   203638.001
   265:   204107.003   204112.023   204112.021   209113.013   209113.011
   270:   209225.001   209741.003   209746.023   209746.021   214747.013
   275:   214747.011   214859.001   214880.003   214885.023   214885.021
   280:   214894.001   214984.003   219583.005   219668.009   219886.013
   285:   219886.011   219972.001   220349.003   220354.023   220354.021
   290:   220402.001   220613.003   225355.013   225355.011   225796.005
   295:   225961.009   226411.001   226596.003   226601.023   226601.021
   300:   226666.001   226926.003   231602.013   231602.011   231818.001
   305:   232064.003   232069.023   232069.021   232103.001   232366.003
   310:   237070.013   237070.011   237173.001   237705.003   237710.023
   315:   237710.021   238818.005   239101.009   242711.013   242711.011
   320:   242816.001   247816.018   247908.003   247914.016   247964.026
   325:   247979.005   248344.009   249480.001   254480.018   254599.003
   330:   254605.016   254655.026   254708.005   255048.009   256386.001
   335:   261386.018   262399.003   262405.016   262455.026   262470.005
   340:   262807.009   262868.005   262909.009   264764.001   269764.018
   345:   271296.003   271302.016   271352.026   271378.005   271800.009
   350:   272516.001   273255.003   273260.023   273260.021   273297.001
   355:   273367.003   278261.013   278261.011   278361.001   283361.018
   360:   285001.003   285007.016   285057.026   285063.005   285459.009
   365:   285850.001   287092.003   287097.023   287097.021   287104.001
   370:   287220.003   292098.013   292098.011   292208.001   292459.003
   375:   292464.023   292464.021   292488.001   292780.003   297465.013
   380:   297465.011   297556.001   302556.018   304960.003   304966.016
   385:   305016.026   305032.005   305480.009   305926.001   305985.003
   390:   305990.023   305990.021   306031.001   306621.003   310151.005
   395:   310277.009   310991.013   310991.011   311295.001   311468.003
   400:   311473.023   311473.021   311501.001   311811.003   316474.013
   405:   316474.011   316649.001   316787.003   316792.023   316792.021
   410:   321793.013   321793.011   321910.001   322281.003   322286.023
   415:   322286.021   322307.001   322633.003   327287.013   327287.011
   420:   327364.001   332364.018   332544.003   332550.016   332600.026
   425:   332620.005   333061.009   333540.001   338374.003   338379.023
   430:   338379.021   338448.005   338501.009   343380.013   343380.011
   435:   343567.001   348567.018   349718.003   349724.016   349774.026
   440:   349786.005   350340.009   351390.001   352204.003   352209.023
   445:   352209.021   352239.001   352320.003   357210.013   357210.011
   450:   357294.001   357302.003   357307.023   357307.021   357314.001
   455:   357358.003   362308.013   362308.011   362426.001   367196.003
   460:   367201.023   367201.021   372202.013   372202.011   372309.001
   465:   372323.003   372328.023   372328.021   372340.001   372683.003
   470:   377329.013   377329.011   377418.001   382418.018   383385.003
   475:   383391.016   383441.026   383463.005   383931.009   385035.001
   480:   385093.003   385098.023   385098.021   385155.001   385385.003
   485:   390099.013   390099.011   390251.001   395251.018   396408.003
   490:   396414.016   396464.026   396466.005   397027.009   397449.001
   495:   402449.018   402637.003   402643.016   402693.026   402722.005
   500:   403229.009   403285.005   403359.009   403759.001   408759.018
   505:   409071.003   409077.016   409127.026   409152.005   409550.009
   510:   411008.001   411497.003   411502.023   411502.021   411557.001
   515:   411612.003   416503.013   416503.011   416674.001   421674.018
   520:   422572.003   422578.016   422597.001   422628.026   422736.003
   525:   422741.023   422741.021   422804.005   423239.009   427742.013
   530:   427742.011   428102.001   430079.003   430084.023   430084.021
   535:   430085.001   431196.003   433633.001   433708.003   435085.013
   540:   435085.011   435172.001   440172.018   440522.003   440528.016
   545:   440578.026   440598.005   440919.009   441226.001   442083.003
   550:   442088.023   442088.021   442122.001   442537.003   447089.013
   555:   447089.011   447169.001   451615.003   451620.023   451620.021
   560:   451677.005   452086.009   452176.005   452302.009   456621.013
   565:   456621.011   456721.001   456752.003   456757.023   456757.021
   570:   456796.001   457057.003   457837.001   458476.003   461758.013
   575:   461758.011   461815.001   462785.003   462790.023   462790.021
   580:   462793.001   463507.003   467791.013   467791.011   467920.001
   585:   468093.003   468098.023   468098.021   473099.013   473099.011
   590:   473263.001   476573.003   476578.023   476578.021   476640.005
   595:   476843.009   481579.013   481579.011   481720.001   486720.018
   600:   487430.003   487436.016   487483.005   487486.026   487889.009
   605:   489061.001   494061.018   494087.003   494093.016   494143.026
   610:   494152.005   494471.009   494809.001   495262.003   495267.023
   615:   495267.021   495286.001   495417.003   500268.013   500268.011
   620:   502028.001   506417.003   506422.023   506422.021   511423.013
   625:   511423.011   511599.001   511622.003   511627.023   511627.021
   630:   511643.001   512345.003   516628.013   516628.011   516698.001
   635:   516714.003   516719.023   516719.021   516724.001   517199.003
   640:   521720.013   521720.011   521812.001   526812.018   526958.003
   645:   526964.016   527014.026   527016.005   527358.009   528084.001
   650:   533084.018   534709.003   534715.016   534765.026   534775.005
   655:   535317.009   536008.001   541008.018   542821.003   542827.016
   660:   542877.026   542899.005   543416.009   544622.001   549622.018
   665:   550076.003   550082.016   550132.026   550135.005   550724.009
   670:   550758.005   550842.009   551645.001   551974.003   551979.023
   675:   551979.021   552008.001   552577.003   556980.013   556980.011
   680:   557092.001   560894.003   560899.023   560899.021   560961.005
   685:   561367.009   565900.013   565900.011   566158.001   571158.018
   690:   571277.003   571283.016   571333.026   571399.005   571816.009
   695:   572862.001   577862.018   578189.003   578195.016   578245.026
   700:   578258.005   578827.009   579248.001   579415.003   579420.023
   705:   579420.021   579473.001   579559.003   584421.013   584421.011
   710:   584559.001   589559.018   589768.003   589774.016   589824.026
   715:   589880.005   590390.009   590786.001   595536.003   595541.023
   720:   595541.021   595611.005   595811.009   600542.013   600542.011
   725:   600666.001   605166.003   605171.023   605171.021   605226.005
   730:   605453.009   610172.013   610172.011   610322.001   613816.003
   735:   613821.023   613821.021   613867.005   614064.009   618822.013
   740:   618822.011   618928.001   623656.003   623661.023   623661.021
   745:   623716.005   623921.009   628662.013   628662.011   628804.001
   750:   633804.018   633960.003   633966.016   634016.026   634037.005
   755:   634389.009   634698.001   639284.003   639289.023   639289.021
   760:   639354.005   639539.009   644290.013   644290.011   644353.001
   765:   644361.003   644366.023   644366.021   644371.001   644675.003
   770:   649367.013   649367.011   649467.001   649478.003   649483.023
   775:   649483.021   649494.001   649546.003   654484.013   654484.011
   780:   654566.001   659566.018   659664.003   659670.016   659720.026
   785:   659722.061   659723.061   659724.061   659725.061   659726.061
B:
     0:        0.000      145.000        0.000      145.000        0.000
     5:       60.000        0.000        0.000        0.000       60.000
    10:        0.000       74.000        0.000       74.000        0.000
    15:        0.000       27.000        0.000       27.000        0.000
    20:        0.000       73.000        0.000       73.000        0.000
    25:        0.000       27.000        0.000        0.000        0.000
    30:        0.000
D:
     0:   698432.000   693335.000   698433.000
E:
     0:     5000.000     5000.000
T:
     0:        0.000        0.000        0.000        0.000
W:
     0:        0.000        0.000        0.000
