File: C:\MED-PC IV\Data\Reyes\AY\AY4056.999


Start Date: 11/21/24
End Date: 11/21/24
Subject: 56
Experiment: AY
Group: LONG
Box: 4
Start Time: 14:11:00
End Time: 14:40:42
MSN: DRRD_timeout_retract
C:       0.000
F:       9.000
G:       0.000
H:       0.000
I:       0.000
J:       0.000
K:   10000.000
L:       0.000
M:       0.000
N:     100.000
O:       0.000
P:    5000.000
Q:       0.000
R:       0.000
S:       0.000
U:  159320.000
V:       0.000
X:       0.000
Y:     798.000
Z:       0.000
A:
     0:    11280.005    11318.009    15000.013    15000.011    15189.001
     5:    15345.003    15350.023    15350.021    15982.005    15989.009
    10:    16196.005    16312.009    17126.005    17386.009    17429.005
    15:    17794.009    18428.005    18450.009    20351.013    20351.011
    20:    21212.001    25620.003    25625.023    25625.021    30626.013
    25:    30626.011    30720.001    30754.003    30759.023    30759.021
    30:    31631.005    31805.009    32919.005    32968.009    35760.013
    35:    35760.011    36159.001    36795.005    36803.009    41159.018
    40:    42590.003    42596.016    42646.026    42696.005    42704.009
    45:    42711.005    43460.009    44101.001    49101.018    49151.003
    50:    49157.016    49207.026    49316.005    50644.009    51183.001
    55:    51614.005    51728.009    55130.003    55135.023    55135.021
    60:    55987.005    56073.009    56094.005    56250.009    60136.013
    65:    60136.011    60438.001    65438.018    65903.003    65909.016
    70:    65959.026    66052.005    66728.009    67496.001    72013.003
    75:    72018.023    72018.021    72437.005    72457.009    72461.005
    80:    72767.009    77019.013    77019.011    77211.001    81983.003
    85:    81988.023    81988.021    82511.005    83321.009    86989.013
    90:    86989.011    87210.001    89648.005    89661.009    92210.018
    95:    92826.003    92832.016    92882.026    92951.005    93806.009
   100:    94295.001    99183.003    99188.023    99188.021    99633.005
   105:    99748.009   104189.013   104189.011   104478.001   109478.018
   110:   109554.003   109560.016   109610.026   109710.005   110199.009
   115:   110620.001   114492.003   114497.023   114497.021   114959.005
   120:   114967.009   114975.005   115106.009   115311.005   115410.009
   125:   119498.013   119498.011   119730.001   124413.003   124418.023
   130:   124418.021   129419.013   129419.011   129775.001   134775.018
   135:   135053.003   135059.016   135109.026   135198.005   135524.009
   140:   135559.005   135566.009   136419.001   137246.005   137251.009
   145:   141090.003   141095.023   141095.021   141675.005   141681.009
   150:   141697.005   142009.009   146096.013   146096.011   146379.001
   155:   151379.018   152061.003   152067.016   152117.026   152231.005
   160:   152495.009   153275.001   153542.003   153547.023   153547.021
   165:   153603.001   153649.003   155711.005   155721.009   157062.005
   170:   157148.009   158548.013   158548.011   158782.001   162889.003
   175:   162894.023   162894.021   167895.013   167895.011   168308.001
   180:   173308.018   173375.003   173381.016   173431.026   173536.005
   185:   174184.009   175407.001   179573.003   179578.023   179578.021
   190:   184579.013   184579.011   185116.001   190030.003   190035.023
   195:   190035.021   195036.013   195036.011   195532.001   199813.003
   200:   199818.023   199818.021   204819.013   204819.011   205131.001
   205:   209876.003   209881.023   209881.021   214882.013   214882.011
   210:   215020.001   219868.003   219873.023   219873.021   220586.005
   215:   220759.009   224874.013   224874.011   225077.001   230077.018
   220:   230620.003   230626.016   230676.026   230705.005   232354.009
   225:   233248.001   238248.018   238605.003   238611.016   238661.026
   230:   238756.005   239537.009   240160.001   245160.018   245778.003
   235:   245784.016   245834.026   245950.005   247043.009   247059.005
   240:   247115.009   248105.001   253105.018   253288.003   253294.016
   245:   253344.026   253437.005   254803.009   256080.001   260904.003
   250:   260909.023   260909.021   265910.013   265910.011   266062.001
   255:   270940.003   270945.023   270945.021   275946.013   275946.011
   260:   276122.001   277495.005   277499.009   277500.005   281122.018
   265:   281403.003   281409.016   281459.026   282662.009   283516.001
   270:   284755.003   284760.023   284760.021   284802.001   285065.003
   275:   289761.013   289761.011   289949.001   294797.003   294802.023
   280:   294802.021   299803.013   299803.011   300044.001   304318.003
   285:   304323.023   304323.021   309324.013   309324.011   309752.001
   290:   313779.003   313784.023   313784.021   318785.013   318785.011
   295:   319218.001   321844.003   321849.023   321849.021   325021.005
   300:   325066.009   325076.005   325137.009   326850.013   326850.011
   305:   327793.001   332150.003   332155.023   332155.021   336695.005
   310:   336793.009   337156.013   337156.011   337391.001   342391.018
   315:   342535.003   342541.016   342591.026   342689.005   343485.009
   320:   344193.001   344217.003   344222.023   344222.021   344274.001
   325:   344322.003   349223.013   349223.011   349543.001   354543.018
   330:   355710.003   355716.016   355766.026   355871.005   357354.009
   335:   358110.005   358136.009   358549.001   360687.003   360692.023
   340:   360692.021   360748.001   360794.003   365693.013   365693.011
   345:   366050.001   370197.003   370202.023   370202.021   370583.005
   350:   370609.009   375203.013   375203.011   375568.001   380285.003
   355:   380290.023   380290.021   385291.013   385291.011   385597.001
   360:   386042.003   386047.023   386047.021   386072.001   386272.003
   365:   391048.013   391048.011   391213.001   394958.003   394963.023
   370:   394963.021   399964.013   399964.011   400184.001   405001.003
   375:   405006.023   405006.021   405457.005   405566.009   405583.005
   380:   405586.009   406282.005   406295.009   406346.005   406379.009
   385:   410007.013   410007.011   410308.001   415308.018   416541.003
   390:   416547.016   416597.026   416667.005   417191.009   417892.001
   395:   421339.003   421344.023   421344.021   425944.005   425965.009
   400:   426345.013   426345.011   426590.001   431590.018   432729.003
   405:   432735.016   432785.026   432844.005   434418.009   435731.001
   410:   440007.003   440012.023   440012.021   445013.013   445013.011
   415:   445311.001   449699.003   449704.023   449704.021   454705.013
   420:   454705.011   455047.001   459785.003   459790.023   459790.021
   425:   464791.013   464791.011   464961.001   469139.003   469144.023
   430:   469144.021   469427.005   469642.009   474145.013   474145.011
   435:   474317.001   479317.018   479627.003   479633.016   479681.005
   440:   479683.026   480741.009   480811.005   480820.009   481323.001
   445:   486323.018   487136.003   487142.016   487192.026   487238.005
   450:   488198.009   488379.005   488416.009   490140.001   494575.003
   455:   494580.023   494580.021   499581.013   499581.011   501351.001
   460:   506351.018   507250.003   507256.016   507306.026   507408.005
   465:   507890.009   507931.005   507966.009   508025.005   508201.009
   470:   508255.005   508439.009   508930.001   513930.018   514996.003
   475:   515002.016   515052.026   515159.005   516014.009   516985.001
   480:   521985.018   522064.003   522070.016   522120.026   522244.005
   485:   523591.009   524408.001   529408.018   529908.003   529914.016
   490:   529964.026   530041.005   531752.009   533847.001   538847.018
   495:   539480.003   539486.016   539536.026   539603.005   540418.009
   500:   540441.005   540659.009   542182.001   547182.018   548627.003
   505:   548633.016   548683.026   548787.005   550564.009   551240.001
   510:   556240.018   557204.003   557210.016   557260.026   557355.005
   515:   558405.009   559395.001   564395.018   565540.003   565546.016
   520:   565596.026   565693.005   566294.009   566345.005   567186.009
   525:   568404.001   572958.003   572963.023   572963.021   577964.013
   530:   577964.011   578488.001   583488.018   584355.003   584361.016
   535:   584411.026   584476.005   585491.009   585941.001   590941.018
   540:   591456.003   591462.016   591512.026   591597.005   592860.009
   545:   593385.001   598385.018   599378.003   599384.016   599434.026
   550:   599544.005   601116.009   601195.005   602178.009   602285.005
   555:   602328.009   602979.001   607979.018   608735.003   608741.016
   560:   608791.026   608881.005   609535.009   610570.001   615569.003
   565:   615574.023   615574.021   620575.013   620575.011   620742.001
   570:   625742.018   627517.003   627523.016   627573.026   627608.005
   575:   628982.009   629790.001   634790.018   637127.003   637133.016
   580:   637183.026   637288.005   638263.009   638268.005   638323.009
   585:   638907.001   641380.005   641394.009   643907.018   644624.003
   590:   644630.016   644680.026   644773.005   646395.009   647532.001
   595:   652532.018   654103.003   654109.016   654159.026   654242.005
   600:   655351.009   655366.005   655491.009   656364.001   656864.005
   605:   656887.009   658205.005   658258.009   661364.018   662843.003
   610:   662849.016   662899.026   662987.005   663987.009   664652.001
   615:   669652.018   672020.003   672026.016   672076.026   672131.005
   620:   673659.009   674307.001   679307.018   682871.003   682877.016
   625:   682927.026   683008.005   684393.009   684978.001   689978.018
   630:   690773.003   690779.016   690829.026   690897.005   692758.009
   635:   693244.001   698244.018   701113.003   701119.016   701169.026
   640:   701253.005   701995.009   702017.005   702049.009   702521.001
   645:   707521.018   710620.003   710626.016   710676.026   710774.005
   650:   712560.009   714305.001   719305.018   721626.003   721632.016
   655:   721682.026   721803.005   722955.009   723876.001   728876.018
   660:   730808.003   730814.016   730864.026   730922.005   731756.009
   665:   732496.001   737496.018   740735.003   740741.016   740791.026
   670:   740857.005   741750.009   742490.001   747490.018   750343.003
   675:   750349.016   750399.026   750470.005   750955.009   751734.001
   680:   756734.018   759255.003   759261.016   759311.026   759377.005
   685:   760449.009   760459.005   760865.009   761439.001   766439.018
   690:   770196.003   770202.016   770252.026   770309.005   770924.009
   695:   770959.005   770973.009   771849.001   776849.018   780567.003
   700:   780573.016   780623.026   780708.005   781211.009   782303.001
   705:   787303.018   791374.003   791380.016   791430.026   791505.005
   710:   792330.009   793197.001   798197.018   800461.003   800467.016
   715:   800517.026   800625.005   801755.009   802442.001   802707.003
   720:   802712.023   802712.021   802748.001   803069.003   807713.013
   725:   807713.011   807894.001   812894.018   814044.003   814050.016
   730:   814100.026   814181.005   815173.009   815663.001   817061.005
   735:   817437.009   820663.018   822567.003   822573.016   822623.026
   740:   822753.005   824547.009   825266.001   830266.018   832171.003
   745:   832177.016   832227.026   832309.005   834752.009   835322.001
   750:   840322.018   842615.003   842621.016   842671.026   842756.005
   755:   843716.009   843723.005   843778.009   844908.001   849908.018
   760:   853042.003   853048.016   853098.026   853178.005   853509.009
   765:   853630.005   853662.009   855029.001   860029.018   861914.003
   770:   861920.016   861970.026   862038.005   862757.009   863491.001
   775:   868491.018   870677.003   870683.016   870733.026   870820.005
   780:   871469.009   872590.001   877590.018   879444.003   879450.016
   785:   879500.026   879584.005   880414.009   882123.001   887123.018
   790:   890554.003   890560.016   890610.026   890612.061   890613.061
   795:   890614.061   890615.061   890616.061
B:
     0:        0.000      106.000        0.000      106.000        0.000
     5:      119.000        0.000        0.000        0.000      119.000
    10:        0.000       42.000        0.000       42.000        0.000
    15:        0.000       59.000        0.000       59.000        0.000
    20:        0.000       41.000        0.000       41.000        0.000
    25:        0.000       59.000        0.000        0.000        0.000
    30:        0.000
D:
     0:  1049873.000  1041443.000  1049874.000
E:
     0:     5000.000     5000.000
T:
     0:        0.000        0.000        0.000        0.000
W:
     0:        0.000        0.000        0.000
