File: C:\MED-PC IV\Data\Reyes\AY\AY4068.999


Start Date: 11/23/24
End Date: 11/23/24
Subject: 68
Experiment: AY
Group: SHORT
Box: 6
Start Time: 15:39:59
End Time: 16:07:24
MSN: DRRD_timeout_retract
C:       0.000
F:       2.000
G:       0.000
H:       0.000
I:       0.000
J:       0.000
K:   10000.000
L:       0.000
M:       0.000
N:     100.000
O:       0.000
P:    2500.000
Q:       0.000
R:       0.000
S:       0.000
U:   33120.000
V:       0.000
X:       0.000
Y:     797.000
Z:       0.000
A:
     0:      609.005      657.009     2964.005     3561.009     4521.005
     5:     4548.009     4553.005     4667.009     7267.005     7373.009
    10:     7469.005     7674.009     8767.005     8813.009     8826.005
    15:     8853.009     9137.005     9297.009     9521.005    10044.009
    20:    15000.013    15000.011    15191.001    15262.003    15267.023
    25:    15267.021    15283.001    15509.003    15786.005    16061.009
    30:    17768.013    17768.011    17818.001    17821.003    17826.023
    35:    17826.021    20327.013    20327.011    20621.001    24084.003
    40:    24089.023    24089.021    26590.013    26590.011    26990.001
    45:    31468.003    31473.023    31473.021    31907.005    31921.009
    50:    31924.005    32306.009    33974.013    33974.011    34349.001
    55:    39179.003    39184.023    39184.021    41685.013    41685.011
    60:    42124.001    46094.003    46099.023    46099.021    48462.005
    65:    48600.013    48600.011    48627.009    48655.005    49141.009
    70:    49651.001    54651.018    55486.003    55492.016    55542.026
    75:    55734.005    56377.009    57847.001    62601.003    62606.023
    80:    62606.021    63669.005    63933.009    65107.013    65107.011
    85:    65421.001    70421.018    70632.003    70638.016    70688.026
    90:    70852.005    71333.009    72664.001    77519.003    77524.023
    95:    77524.021    78199.005    78372.009    80025.013    80025.011
   100:    80301.001    85301.018    87287.003    87293.016    87343.026
   105:    87576.005    88431.009    89860.001    94860.018    97954.003
   110:    97960.016    98010.026    98232.005    98843.009   100388.001
   115:   105388.018   106200.003   106206.016   106256.026   106426.005
   120:   106810.009   109228.001   114228.018   116742.003   116748.016
   125:   116798.026   117001.005   117438.009   118853.001   118919.003
   130:   118924.023   118924.021   118953.001   119103.003   121425.013
   135:   121425.011   121770.001   121854.003   121859.023   121859.021
   140:   121883.001   122106.003   124360.013   124360.011   124738.001
   145:   124819.003   124824.023   124824.021   124840.001   125132.003
   150:   127325.013   127325.011   127696.001   132696.018   134874.003
   155:   134880.016   134930.026   135134.005   135664.009   137133.001
   160:   142133.018   145136.003   145142.016   145192.026   145401.005
   165:   145885.009   148289.005   148312.009   148322.005   148357.009
   170:   149469.001   149796.003   149801.023   149801.021   149815.001
   175:   149953.003   152302.013   152302.011   152694.001   157694.018
   180:   159786.003   159792.016   159842.026   160039.005   160475.009
   185:   162283.001   166094.003   166099.023   166099.021   166113.001
   190:   166269.003   168600.013   168600.011   169333.001   174333.018
   195:   175815.003   175821.016   175871.026   176078.005   176440.009
   200:   177993.001   182993.018   185567.003   185573.016   185623.026
   205:   185832.005   186279.009   186731.005   186926.009   187623.001
   210:   188903.003   188908.023   188908.021   188932.001   189029.003
   215:   191409.013   191409.011   191744.001   196744.018   197918.003
   220:   197924.016   197974.026   198190.005   198530.009   200275.001
   225:   205275.018   207076.003   207082.016   207132.026   207358.005
   230:   207826.009   207851.005   207854.009   209330.001   214330.018
   235:   217108.003   217114.016   217164.026   217377.005   217944.009
   240:   220257.001   222405.003   222410.023   222410.021   222443.001
   245:   222680.003   224911.013   224911.011   225394.001   230394.018
   250:   234211.003   234217.016   234267.026   234454.005   234738.009
   255:   236100.001   241100.018   242081.003   242087.016   242137.026
   260:   242339.005   242790.009   244249.001   249249.018   251206.003
   265:   251212.016   251262.026   251424.005   251838.009   252018.005
   270:   252684.009   253974.001   258974.018   261698.003   261704.016
   275:   261754.026   261951.005   262823.009   263873.001   268873.018
   280:   272468.003   272474.016   272524.026   272711.005   273257.009
   285:   274057.005   274294.009   275140.001   280140.018   283415.003
   290:   283421.016   283471.026   283669.005   284143.009   284648.005
   295:   284741.009   285451.001   290451.018   293763.003   293769.016
   300:   293819.026   294031.005   294348.009   296540.001   301540.018
   305:   303428.003   303434.016   303484.026   303685.005   304362.009
   310:   305859.001   310859.018   313447.003   313453.016   313503.026
   315:   313670.005   313966.009   315496.001   317078.003   317083.023
   320:   317083.021   317118.001   317203.003   319584.013   319584.011
   325:   320233.001   320250.003   320255.023   320255.021   320304.001
   330:   320455.003   322756.013   322756.011   323068.001   328068.018
   335:   329950.003   329956.016   330006.026   330179.005   330632.009
   340:   332604.001   337604.018   338307.003   338313.016   338363.026
   345:   338576.005   339028.009   340169.001   340191.003   340196.023
   350:   340196.021   340220.001   340381.003   342697.013   342697.011
   355:   342742.001   342755.003   342760.023   342760.021   345261.013
   360:   345261.011   345665.001   350665.018   352890.003   352896.016
   365:   352946.026   353174.005   353694.009   355208.001   360064.003
   370:   360069.023   360069.021   360608.005   361166.009   362570.013
   375:   362570.011   362620.001   362622.003   362627.023   362627.021
   380:   365128.013   365128.011   365560.001   370560.018   371984.003
   385:   371990.016   372040.026   372188.005   372451.009   372509.005
   390:   372555.009   372564.005   372593.009   373835.001   378835.018
   395:   379770.003   379776.016   379826.026   379973.005   380378.009
   400:   381702.001   386702.018   387062.003   387068.016   387118.026
   405:   387331.005   387958.009   389392.001   394392.018   395789.003
   410:   395795.016   395845.026   395987.005   396371.009   397755.005
   415:   397800.009   398463.001   403463.018   404451.003   404457.016
   420:   404507.026   404703.005   405155.009   406671.001   410422.003
   425:   410427.023   410427.021   410484.001   410567.003   412928.013
   430:   412928.011   413419.001   418419.018   421566.003   421572.016
   435:   421622.026   421829.005   422202.009   423374.005   423482.009
   440:   424259.001   429259.018   435332.003   435338.016   435388.026
   445:   435584.005   436112.009   437774.001   442774.018   446151.003
   450:   446157.016   446207.026   446407.005   446909.009   449192.001
   455:   454192.018   457653.003   457659.016   457709.026   457870.005
   460:   458884.009   459711.001   464711.018   465979.003   465985.016
   465:   466035.026   466207.005   466541.009   466578.005   466587.009
   470:   468379.001   473379.018   475464.003   475470.016   475520.026
   475:   475742.005   476258.009   478643.001   483643.018   484896.003
   480:   484902.016   484952.026   484956.001   485033.003   485038.023
   485:   485038.021   485116.005   485424.009   487539.013   487539.011
   490:   487918.001   492918.018   496123.003   496129.016   496179.026
   495:   496371.005   496791.009   498458.001   503458.018   505205.003
   500:   505211.016   505261.026   505473.005   505937.009   507983.001
   505:   512983.018   515857.003   515863.016   515913.026   516115.005
   510:   516387.009   517957.001   517973.003   517978.023   517978.021
   515:   518013.001   518231.003   520479.013   520479.011   521443.001
   520:   521750.003   521755.023   521755.021   521790.001   521970.003
   525:   524256.013   524256.011   524951.001   529951.018   531248.003
   530:   531254.016   531304.026   531475.005   531986.009   533989.001
   535:   538989.018   542888.003   542894.016   542944.026   543157.005
   540:   543546.009   544726.005   544806.009   545617.001   550617.018
   545:   555249.003   555255.016   555305.026   555472.005   555802.009
   550:   557573.001   562573.018   564568.003   564574.016   564624.026
   555:   564847.005   565249.009   566622.001   566676.003   566681.023
   560:   566681.021   566693.001   566791.003   569182.013   569182.011
   565:   569617.001   574617.018   577882.003   577888.016   577938.026
   570:   578090.005   578774.009   581527.001   586527.018   586754.003
   575:   586760.016   586791.001   586810.026   586899.003   586904.023
   580:   586904.021   586967.005   587382.009   588058.005   588248.009
   585:   589405.013   589405.011   589676.001   594676.018   597979.003
   590:   597985.016   598035.026   598197.005   598709.009   600220.001
   595:   601634.003   601639.023   601639.021   601670.001   601830.003
   600:   604140.013   604140.011   605143.001   605163.003   605168.023
   605:   605168.021   605180.001   605414.003   607552.005   607669.013
   610:   607669.011   607888.009   608478.001   613478.018   615593.003
   615:   615599.016   615649.026   615833.005   616837.009   618083.001
   620:   623083.018   626007.003   626013.016   626063.026   626231.005
   625:   627099.009   628473.001   633473.018   634727.003   634733.016
   630:   634783.026   634972.005   635501.009   636167.005   636200.009
   635:   637145.001   642145.018   644473.003   644479.016   644529.026
   640:   644839.005   645463.009   646795.001   651795.018   652357.003
   645:   652363.016   652413.026   652591.005   652839.009   654245.005
   650:   654817.009   655635.001   660635.018   666471.003   666477.016
   655:   666527.026   666742.005   667610.009   668248.005   668616.009
   660:   669515.001   674515.018   677720.003   677726.016   677776.026
   665:   677960.005   678414.009   680237.001   685237.018   686438.003
   670:   686444.016   686494.026   686689.005   687012.009   689907.005
   675:   690051.009   691204.001   691817.003   691822.023   691822.021
   680:   691855.001   691960.003   694323.013   694323.011   694965.001
   685:   699965.018   702610.003   702616.016   702666.026   702853.005
   690:   703473.009   705006.001   710006.018   711216.003   711222.016
   695:   711272.026   711493.005   712097.009   712877.005   712918.009
   700:   713624.001   718624.018   721010.003   721016.016   721066.026
   705:   721287.005   721872.009   724311.005   724334.009   724362.005
   710:   724396.009   725288.001   730288.018   734890.003   734896.016
   715:   734946.026   735177.005   735618.009   737817.001   742817.018
   720:   745522.003   745528.016   745578.026   745761.005   746111.009
   725:   748109.001   753109.018   756379.003   756385.016   756435.026
   730:   756664.005   757164.009   758851.001   763851.018   766936.003
   735:   766942.016   766992.026   767222.005   767847.009   775055.001
   740:   776595.003   776600.023   776600.021   776608.001   776898.003
   745:   779101.013   779101.011   779580.001   784580.018   789417.003
   750:   789423.016   789473.026   789700.005   790234.009   791712.001
   755:   791816.003   791821.023   791821.021   791835.001   792030.003
   760:   794322.013   794322.011   794875.001   795018.003   795023.023
   765:   795023.021   795063.001   795162.003   797524.013   797524.011
   770:   797887.001   798642.003   798647.023   798647.021   798663.001
   775:   798768.003   801065.005   801148.013   801148.011   801421.009
   780:   801954.001   806954.018   809895.003   809901.016   809951.026
   785:   810120.005   810560.009   812520.001   817520.018   822042.003
   790:   822048.016   822098.026   822100.061   822101.061   822102.061
   795:   822103.061   822104.061
B:
     0:        0.000      122.000        0.000      122.000        0.000
     5:      106.000        0.000        0.000        0.000      106.000
    10:        0.000       35.000        0.000       35.000        0.000
    15:        0.000       66.000        0.000       66.000        0.000
    20:        0.000       34.000        0.000       34.000        0.000
    25:        0.000       66.000        0.000        0.000        0.000
    30:        0.000
D:
     0:   855161.000   845640.000   855162.000
E:
     0:     5000.000     5000.000
T:
     0:        0.000        0.000        0.000        0.000
W:
     0:        0.000        0.000        0.000
