File: C:\MED-PC IV\Data\Reyes\AY\AY4066.999


Start Date: 11/21/24
End Date: 11/21/24
Subject: 66
Experiment: AY
Group: SHORT
Box: 4
Start Time: 16:31:21
End Time: 16:53:37
MSN: DRRD_timeout_retract
C:       0.000
F:       4.000
G:       0.000
H:       0.000
I:       0.000
J:       0.000
K:   10000.000
L:       0.000
M:       0.000
N:     100.000
O:       0.000
P:    2500.000
Q:       0.000
R:       0.000
S:       0.000
U:  371537.000
V:       0.000
X:       0.000
Y:     815.000
Z:       0.000
A:
     0:   371286.005      705.009      859.005     1772.009     2152.005
     5:     2164.009     2192.005     2319.009     2343.005     2781.009
    10:     5092.005     5214.009     5281.005     5322.009     5405.005
    15:     6100.009     6622.005     6783.009     8721.005     8865.009
    20:     8903.005     8978.009     9365.005     9629.009    15000.013
    25:    15000.011    15138.001    20138.018    22784.003    22790.016
    30:    22812.001    22840.026    24342.003    24347.023    24347.021
    35:    24699.005    25225.009    26848.013    26848.011    26929.001
    40:    31929.018    32463.003    32469.016    32519.026    32565.005
    45:    32847.009    33278.001    38278.018    40223.003    40229.016
    50:    40279.026    40293.005    40920.009    41350.001    46350.018
    55:    47961.003    47967.016    48017.026    48069.005    48613.009
    60:    49391.001    54391.018    55226.003    55232.016    55282.026
    65:    55304.005    55690.009    56094.001    60856.003    60861.023
    70:    60861.021    60924.005    60970.009    63362.013    63362.011
    75:    63455.001    66812.003    66817.023    66817.021    67222.005
    80:    67543.009    67792.005    68088.009    69318.013    69318.011
    85:    69432.001    74432.018    74961.003    74967.016    75017.026
    90:    75028.005    75313.009    75662.001    75673.003    75678.023
    95:    75678.021    75688.001    75791.003    78059.005    78179.013
   100:    78179.011    78398.009    78729.001    79349.003    79354.023
   105:    79354.021    79358.001    79570.003    81855.013    81855.011
   110:    81922.001    86174.003    86179.023    86179.021    88680.013
   115:    88680.011    88957.001    93957.018    94831.003    94837.016
   120:    94887.026    94967.005    95642.009    96169.001   101169.018
   125:   101272.003   101278.016   101328.026   101336.005   101731.009
   130:   102122.001   107122.018   107370.003   107376.016   107426.026
   135:   107450.005   107956.009   108530.001   113530.018   115574.003
   140:   115580.016   115630.026   115660.005   116019.009   116556.001
   145:   121432.003   121437.023   121437.021   121495.005   121509.009
   150:   123938.013   123938.011   124086.001   129086.018   129707.003
   155:   129713.016   129763.026   129792.005   130056.009   130377.001
   160:   135377.018   136138.003   136144.016   136194.026   136222.005
   165:   136729.009   137418.001   142418.018   144202.003   144208.016
   170:   144258.026   144323.005   144697.009   145297.001   150297.018
   175:   150927.003   150933.016   150983.026   151053.005   151481.009
   180:   151493.005   151517.009   152237.001   157237.018   158615.003
   185:   158621.016   158671.026   158688.005   159168.009   159948.001
   190:   164948.018   165185.003   165191.016   165241.026   165290.005
   195:   165813.009   166360.001   171360.018   172062.003   172068.016
   200:   172118.026   172124.005   172659.009   172674.005   172698.009
   205:   173356.001   178356.018   178376.003   178382.016   178432.026
   210:   178492.005   178893.009   179525.001   184525.018   185281.003
   215:   185287.016   185337.026   185339.005   185698.009   186015.001
   220:   191015.018   191998.003   192004.016   192054.026   192070.005
   225:   192486.009   193010.001   198010.018   198956.003   198962.016
   230:   199012.026   199046.005   199370.009   199674.001   204674.018
   235:   205121.003   205127.016   205177.026   205261.005   205723.009
   240:   206285.001   211285.018   211482.003   211488.016   211538.026
   245:   211581.005   211925.009   212331.001   216951.003   216956.023
   250:   216956.021   217493.005   217729.009   219457.013   219457.011
   255:   219657.001   224657.018   226365.003   226371.016   226421.026
   260:   226482.005   226857.009   227634.001   232634.018   233513.003
   265:   233519.016   233569.026   233616.005   234092.009   235037.001
   270:   240007.003   240012.023   240012.021   240411.005   240659.009
   275:   242513.013   242513.011   242635.001   242909.003   242914.023
   280:   242914.021   242928.001   243025.003   245415.013   245415.011
   285:   245535.001   250535.018   250936.003   250942.016   250986.005
   290:   250992.026   251416.009   251684.001   256684.018   256801.003
   295:   256807.016   256857.026   256907.005   257467.009   258170.001
   300:   263170.018   263306.003   263312.016   263362.026   263409.005
   305:   263754.009   264175.001   269175.018   269816.003   269822.016
   310:   269872.026   269942.005   270269.009   271127.001   276127.018
   315:   277284.003   277290.016   277340.026   277369.005   277758.009
   320:   278502.001   283502.018   283844.003   283850.016   283900.026
   325:   283970.005   284556.009   285425.001   290425.018   290811.003
   330:   290817.016   290867.026   290868.005   291448.009   292448.001
   335:   297448.018   297718.003   297724.016   297774.026   297783.005
   340:   298301.009   299112.001   304112.018   304397.003   304403.016
   345:   304453.026   304463.005   304942.009   306177.001   311177.018
   350:   311941.003   311947.016   311997.026   312032.005   312376.009
   355:   313185.001   318185.018   319121.003   319127.016   319177.026
   360:   319196.005   319582.009   320368.001   325368.018   326038.003
   365:   326044.016   326094.026   326135.005   326498.009   327638.001
   370:   332638.018   333178.003   333184.016   333234.026   333293.005
   375:   333772.009   333798.005   333808.009   333836.005   333883.009
   380:   335146.001   340146.018   341595.003   341601.016   341651.026
   385:   341682.005   342194.009   342926.001   347926.018   348558.003
   390:   348564.016   348612.005   348614.026   349022.009   349860.001
   395:   354860.018   355317.003   355323.016   355373.026   355448.005
   400:   355877.009   355882.005   355909.009   357373.001   362373.018
   405:   362692.003   362698.016   362748.026   362770.005   363147.009
   410:   363526.001   368526.018   369817.003   369823.016   369873.026
   415:   369960.005   370578.009   370613.005   370643.009   371325.001
   420:   376325.018   377154.003   377160.016   377210.026   377230.005
   425:   377699.009   378342.001   382471.003   382476.023   382476.021
   430:   382566.005   382588.009   384977.013   384977.011   388154.005
   435:   388336.009   388940.001   393940.018   394407.003   394413.016
   440:   394463.026   394506.005   394929.009   395469.001   397408.003
   445:   397413.023   397413.021   397433.001   397515.003   397542.001
   450:   397767.003   399914.013   399914.011   400014.001   404698.003
   455:   404703.023   404703.021   405173.005   405325.009   407204.013
   460:   407204.011   407297.001   410535.003   410540.023   410540.021
   465:   413041.013   413041.011   413060.005   413397.009   413688.001
   470:   418493.003   418498.023   418498.021   418805.005   419017.009
   475:   420999.013   420999.011   421108.001   426108.018   426178.003
   480:   426184.016   426204.001   426221.003   426234.026   426294.005
   485:   426301.009   426308.005   426615.009   427003.001   432003.018
   490:   432666.003   432672.016   432722.026   432755.005   433236.009
   495:   434165.001   435121.003   435126.023   435126.021   435140.001
   500:   435449.003   437627.013   437627.011   437736.001   442488.003
   505:   442493.023   442493.021   442856.005   443299.009   444994.013
   510:   444994.011   445137.001   448176.003   448181.023   448181.021
   515:   450682.013   450682.011   450800.001   451118.003   451123.023
   520:   451123.021   453624.013   453624.011   453729.001   453743.003
   525:   453748.023   453748.021   454665.005   454887.009   454924.005
   530:   455003.009   455071.005   455225.009   456249.013   456249.011
   535:   456331.001   459915.003   459920.023   459920.021   460198.005
   540:   460385.009   462421.013   462421.011   462567.001   462672.003
   545:   462677.023   462677.021   462740.001   462787.003   465178.013
   550:   465178.011   465269.001   470267.003   470272.023   470272.021
   555:   470556.005   470706.009   472648.005   472682.009   472773.013
   560:   472773.011   472833.005   472846.009   473072.005   473321.009
   565:   473654.001   477820.003   477825.023   477825.021   477906.005
   570:   477912.009   478012.005   478168.009   480326.013   480326.011
   575:   480422.001   480493.003   480498.023   480498.021   480499.001
   580:   480695.003   482999.013   482999.011   483271.001   488271.018
   585:   488546.003   488552.016   488602.026   488647.005   489056.009
   590:   489437.001   494111.003   494116.023   494116.021   494455.005
   595:   494645.009   496435.005   496442.009   496463.005   496557.009
   600:   496617.013   496617.011   496927.001   501927.018   502456.003
   605:   502462.016   502512.026   502628.005   503065.009   503509.001
   610:   508154.003   508159.023   508159.021   508509.005   508636.009
   615:   510660.013   510660.011   510903.001   515903.018   516065.003
   620:   516071.016   516121.026   516192.005   516862.009   517501.001
   625:   522501.018   522742.003   522748.016   522798.026   522849.005
   630:   523219.009   524034.001   528257.003   528262.023   528262.021
   635:   530702.005   530763.013   530763.011   531019.009   531248.001
   640:   536248.018   536323.003   536329.016   536379.026   536430.005
   645:   536852.009   537664.001   538025.003   538030.023   538030.021
   650:   538052.001   538132.003   538583.005   538705.009   539174.005
   655:   539209.009   539320.005   539400.009   540531.013   540531.011
   660:   540707.001   540833.003   540838.023   540838.021   540864.001
   665:   541089.003   541236.005   541293.009   543339.013   543339.011
   670:   543672.001   548672.018   548783.003   548789.016   548839.026
   675:   548888.005   549346.009   549996.001   554996.018   555283.003
   680:   555289.016   555339.026   555380.005   555732.009   556289.001
   685:   561289.018   561352.003   561358.016   561408.026   561432.005
   690:   561951.009   563921.005   563959.009   564281.001   567470.003
   695:   567475.023   567475.021   567765.005   567807.009   569022.005
   700:   569039.009   569066.005   569302.009   569976.013   569976.011
   705:   570068.001   574004.003   574009.023   574009.021   574088.001
   710:   574106.003   574224.005   574330.009   576510.013   576510.011
   715:   576573.001   580205.003   580210.023   580210.021   580578.005
   720:   581305.009   582711.013   582711.011   582813.001   584578.003
   725:   584583.023   584583.021   587084.013   587084.011   587255.001
   730:   592255.018   592898.003   592904.016   592954.026   592974.005
   735:   593435.009   593449.005   593504.009   594024.001   598995.003
   740:   599000.023   599000.021   599097.005   599265.009   601501.013
   745:   601501.011   601678.001   606678.018   607463.003   607469.016
   750:   607519.026   607559.005   607989.009   608427.001   613389.003
   755:   613394.023   613394.021   614252.005   614610.009   615895.013
   760:   615895.011   616084.001   621084.018   621232.003   621238.016
   765:   621288.026   621314.005   621766.009   622510.001   626905.003
   770:   626910.023   626910.021   629411.013   629411.011   632379.005
   775:   632456.009   632923.001   637634.003   637639.023   637639.021
   780:   637729.005   637759.009   640140.013   640140.011   641656.001
   785:   646656.018   647110.003   647116.016   647166.026   647190.005
   790:   647567.009   648061.001   653061.018   653362.003   653368.016
   795:   653418.026   653440.005   653981.009   654803.001   659803.018
   800:   660630.003   660636.016   660686.026   660769.005   661304.009
   805:   662103.001   667103.018   667645.003   667651.016   667701.026
   810:   667703.061   667704.061   667705.061   667706.061   667707.061
B:
     0:        0.000      112.000        0.000      112.000        0.000
     5:      123.000        0.000        0.000        0.000      123.000
    10:        0.000       39.000        0.000       39.000        0.000
    15:        0.000       62.000        0.000       62.000        0.000
    20:        0.000       38.000        0.000       38.000        0.000
    25:        0.000       62.000        0.000        0.000        0.000
    30:        0.000
D:
     0:  1039181.000  1033640.000  1039182.000
E:
     0:     5000.000     5000.000
T:
     0:        0.000        0.000        0.000        0.000
W:
     0:        0.000        0.000        0.000
