File: C:\MED-PC IV\Data\Reyes\AY\AY4069.999


Start Date: 11/21/24
End Date: 11/21/24
Subject: 69
Experiment: AY
Group: LONG
Box: 3
Start Time: 14:59:55
End Time: 15:27:42
MSN: DRRD_timeout_retract
C:       0.000
F:       2.000
G:       0.000
H:       0.000
I:       0.000
J:       0.000
K:   10000.000
L:       0.000
M:       0.000
N:     100.000
O:       0.000
P:    5000.000
Q:       0.000
R:       0.000
S:       0.000
U: 1627202.000
V:       0.000
X:       0.000
Y:    1210.000
Z:       0.000
A:
     0:      544.005      679.009    15000.013    15000.011    15291.001
     5:    18221.003    18226.023    18226.021    18870.005    19020.009
    10:    23227.013    23227.011    24223.001    29198.003    29203.023
    15:    29203.021    31279.005    31826.009    31851.005    31909.009
    20:    31910.005    31948.009    31951.005    32037.009    32040.005
    25:    32080.009    32107.005    32123.009    32136.005    32346.009
    30:    32356.005    32366.009    32407.005    32422.009    32440.005
    35:    32451.009    32457.005    32680.009    32682.005    32699.009
    40:    32704.005    32712.009    32982.005    32988.009    33041.005
    45:    33068.009    33081.005    33404.009    33408.005    33469.009
    50:    33471.005    33479.009    33516.005    33535.009    33537.005
    55:    33544.009    34204.013    34204.011    34868.001    38938.003
    60:    38943.023    38943.021    38971.005    39243.009    40017.005
    65:    40024.009    42252.005    42489.009    42496.005    42502.009
    70:    42507.005    42517.009    42551.005    42574.009    43944.013
    75:    43944.011    44782.001    49219.003    49224.023    49224.021
    80:    52745.005    52758.009    52789.005    52796.009    52818.005
    85:    52825.009    54225.013    54225.011    54912.001    59572.003
    90:    59577.023    59577.021    64578.013    64578.011    64764.001
    95:    65416.003    65421.023    65421.021    65457.001    65754.003
   100:    66143.005    66518.009    66522.005    66527.009    70422.013
   105:    70422.011    70606.001    75455.003    75460.023    75460.021
   110:    75509.005    75689.009    76208.005    76321.009    77829.005
   115:    77999.009    78014.005    78114.009    78138.005    78160.009
   120:    78168.005    78176.009    80461.013    80461.011    81269.001
   125:    86223.003    86228.023    86228.021    86278.005    86934.009
   130:    86937.005    86948.009    86949.005    86988.009    91229.013
   135:    91229.011    91599.005    91607.009    91954.001    96586.003
   140:    96591.023    96591.021    98514.005    98711.009    98717.005
   145:    98725.009   101592.013   101592.011   105435.001   109534.003
   150:   109539.023   109539.021   110399.005   110407.009   114540.013
   155:   114540.011   115233.001   115283.003   115288.023   115288.021
   160:   115324.001   115456.003   115816.005   115948.009   115950.005
   165:   115964.009   119039.005   119060.009   119077.005   119107.009
   170:   120289.013   120289.011   120714.001   125714.018   126369.003
   175:   126375.016   126425.026   126437.005   126909.009   126912.005
   180:   127011.009   127472.001   132339.003   132344.023   132344.021
   185:   132399.005   132592.009   137137.005   137162.009   137345.013
   190:   137345.011   137588.001   142588.018   142645.003   142651.016
   195:   142701.026   142708.005   143097.009   143114.005   143120.009
   200:   143132.005   143148.009   143171.005   143213.009   143248.005
   205:   143311.009   143312.005   143352.009   143689.001   148689.018
   210:   148827.003   148833.016   148883.026   148898.005   149478.009
   215:   150128.001   154728.003   154733.023   154733.021   154811.005
   220:   154895.009   155033.005   155363.009   159734.013   159734.011
   225:   159954.001   164954.018   166906.003   166912.016   166962.026
   230:   167004.005   167461.009   167513.005   167522.009   167881.001
   235:   172768.003   172773.023   172773.021   173697.005   173885.009
   240:   173889.005   173899.009   173916.005   173926.009   177774.013
   245:   177774.011   178025.001   182970.003   182975.023   182975.021
   250:   184363.005   184440.009   184450.005   184477.009   184502.005
   255:   184624.009   184655.005   184669.009   187976.013   187976.011
   260:   188165.001   192923.003   192928.023   192928.021   197929.013
   265:   197929.011   198102.001   198164.003   198169.023   198169.021
   270:   198201.001   199360.003   203170.013   203170.011   203272.001
   275:   203297.003   203302.023   203302.021   203327.001   203699.003
   280:   204128.005   204403.009   204422.005   204705.009   206371.005
   285:   206382.009   208099.005   208210.009   208269.005   208272.009
   290:   208287.005   208298.009   208303.013   208303.011   208320.005
   295:   208327.009   208392.005   208414.009   208418.005   208421.009
   300:   208431.005   208439.009   208735.001   213735.018   214157.003
   305:   214163.016   214213.026   214229.005   214821.009   214824.005
   310:   214839.009   214850.005   214858.009   215174.001   220073.003
   315:   220078.023   220078.021   221242.005   221248.009   221254.005
   320:   221383.009   225009.005   225079.013   225079.011   225090.009
   325:   225122.005   225129.009   225141.005   225175.009   225178.005
   330:   225186.009   225461.001   230461.018   230957.003   230963.016
   335:   230976.005   231013.026   231708.009   231714.005   231722.009
   340:   232122.001   237122.018   237424.003   237430.016   237480.026
   345:   237494.005   237970.009   238609.001   243609.018   243709.003
   350:   243715.016   243765.026   243823.005   244312.009   244779.001
   355:   249646.003   249651.023   249651.021   249889.005   250037.009
   360:   254652.013   254652.011   254940.001   259762.003   259767.023
   365:   259767.021   259831.005   260293.009   260297.005   260305.009
   370:   261280.005   261305.009   264768.013   264768.011   264966.001
   375:   265325.003   265330.023   265330.021   265356.001   265445.003
   380:   266037.005   266150.009   269039.005   269121.009   269148.005
   385:   269196.009   270248.005   270331.013   270331.011   270582.009
   390:   270851.001   275851.018   276045.003   276051.016   276057.001
   395:   276101.026   276178.003   276183.023   276183.021   276186.005
   400:   276522.009   276527.005   276535.009   276557.005   276572.009
   405:   276642.005   276668.009   279657.005   279666.009   279670.005
   410:   279774.009   279786.005   279791.009   279819.005   279829.009
   415:   279857.005   279869.009   279881.005   279909.009   279916.005
   420:   279974.009   279990.005   280015.009   280019.005   280027.009
   425:   281184.013   281184.011   281472.001   285618.003   285623.023
   430:   285623.021   285673.005   285912.009   287534.005   287705.009
   435:   289556.005   289713.009   290624.013   290624.011   290861.001
   440:   295861.018   296014.003   296020.016   296070.026   296092.005
   445:   297877.009   297963.005   297984.009   298018.005   298036.009
   450:   298305.001   303305.018   303369.003   303375.016   303425.026
   455:   303451.005   304288.009   304311.005   304354.009   304944.001
   460:   309944.018   310584.003   310590.016   310640.026   310695.005
   465:   311710.009   311711.005   311734.009   313098.001   318098.018
   470:   318456.003   318462.016   318512.026   318538.005   319099.009
   475:   319152.005   319183.009   319665.001   323927.003   323932.023
   480:   323932.021   323962.001   324329.003   324873.005   324987.009
   485:   325014.005   325025.009   326708.005   326753.009   328933.013
   490:   328933.011   329151.001   333475.003   333480.023   333480.021
   495:   337758.005   337876.009   337882.005   337891.009   338481.013
   500:   338481.011   338677.001   343677.018   343694.003   343700.016
   505:   343750.026   343794.005   344267.009   344638.001   349515.003
   510:   349520.023   349520.021   349570.005   349769.009   351287.005
   515:   351484.009   354036.005   354126.009   354521.013   354521.011
   520:   354690.001   359690.018   359794.003   359800.016   359850.026
   525:   359911.005   360525.009   360916.001   365330.003   365335.023
   530:   365335.021   367500.005   367691.009   370336.013   370336.011
   535:   370791.001   375766.003   375771.023   375771.021   378645.005
   540:   378658.009   378659.005   378669.009   378688.005   378870.009
   545:   378913.005   378943.009   379066.005   379077.009   379139.005
   550:   379150.009   380772.013   380772.011   381057.001   385681.003
   555:   385686.023   385686.021   387531.005   387700.009   390033.005
   560:   390041.009   390687.013   390687.011   390896.001   395896.018
   565:   396417.003   396423.016   396473.026   396528.005   397024.009
   570:   397031.005   397039.009   397411.001   402411.018   402528.003
   575:   402534.016   402584.026   402614.005   402948.009   402958.005
   580:   402969.009   403067.005   403080.009   403088.005   403095.009
   585:   403567.001   408445.003   408450.023   408450.021   412492.005
   590:   412521.009   413451.013   413451.011   413671.001   418150.003
   595:   418155.023   418155.021   420052.005   420269.009   420348.005
   600:   420358.009   420474.005   420571.009   420585.005   420596.009
   605:   423156.013   423156.011   423181.005   423195.009   423552.001
   610:   428470.003   428475.023   428475.021   429364.005   429687.009
   615:   429699.005   429735.009   429743.005   429776.009   429851.005
   620:   429891.009   429893.005   429927.009   433464.005   433476.013
   625:   433476.011   433481.009   433509.005   433517.009   433547.005
   630:   433553.009   433875.001   438117.003   438122.023   438122.021
   635:   439275.005   439412.009   439431.005   439435.009   439548.005
   640:   439553.009   441579.005   442365.009   442441.005   442453.009
   645:   442548.005   442562.009   442603.005   442613.009   443123.013
   650:   443123.011   443331.001   448331.018   448818.003   448824.016
   655:   448874.026   448926.005   449395.009   449412.005   449424.009
   660:   449461.005   449469.009   449916.001   454731.003   454736.023
   665:   454736.021   456198.005   456302.009   459737.013   459737.011
   670:   459910.001   464599.003   464604.023   464604.021   469605.013
   675:   469605.011   470085.001   474768.003   474773.023   474773.021
   680:   474838.001   474980.003   475440.005   475477.009   475491.005
   685:   475588.009   479774.013   479774.011   479980.001   484980.018
   690:   485228.003   485234.016   485251.005   485284.026   485959.009
   695:   485969.005   486091.009   486610.001   491610.018   491643.003
   700:   491649.016   491699.026   491730.005   492224.009   492226.005
   705:   492421.009   493250.001   498250.018   498801.003   498807.016
   710:   498857.026   498891.005   499449.009   499450.005   499464.009
   715:   499465.005   499494.009   499503.005   499513.009   499553.005
   720:   499575.009   499580.005   499616.009   500212.001   504992.003
   725:   504997.023   504997.021   509903.005   509912.009   509925.005
   730:   509998.013   509998.011   510120.009   510389.001   515026.003
   735:   515031.023   515031.021   515993.005   516001.009   516051.005
   740:   516555.009   520032.013   520032.011   520211.001   524412.003
   745:   524417.023   524417.021   527595.005   527652.009   529418.013
   750:   529418.011   529725.001   534725.018   534837.003   534843.016
   755:   534893.026   534943.005   535384.009   535385.005   535396.009
   760:   535409.005   535422.009   535441.005   535473.009   535846.001
   765:   535889.003   535894.023   535894.021   535929.001   536014.003
   770:   540895.013   540895.011   541047.001   546047.018   546240.003
   775:   546246.016   546296.026   546358.005   546984.009   547333.001
   780:   552333.018   553077.003   553083.016   553133.026   553200.005
   785:   553643.009   553668.005   553683.009   553845.005   553861.009
   790:   553864.005   553885.009   554202.001   558837.003   558842.023
   795:   558842.021   562592.005   562599.009   562711.005   562724.009
   800:   563843.013   563843.011   563990.001   568320.003   568325.023
   805:   568325.021   569259.005   569407.009   569434.005   569451.009
   810:   572230.005   572241.009   572313.005   572648.009   573326.013
   815:   573326.011   573493.001   578335.003   578340.023   578340.021
   820:   578398.005   578600.009   578642.005   578750.009   578906.005
   825:   578916.009   583341.013   583341.011   583516.001   588516.018
   830:   588672.003   588678.016   588717.001   588728.026   588786.003
   835:   588791.023   588791.021   588807.005   589325.009   589375.005
   840:   589390.009   589418.005   589523.009   592102.005   592138.009
   845:   592296.005   592305.009   592311.005   592598.009   593792.013
   850:   593792.011   594042.001   594476.003   594481.023   594481.021
   855:   594501.001   595311.003   598149.005   598379.009   598414.005
   860:   598421.009   598425.005   598440.009   599482.013   599482.011
   865:   599658.001   604658.018   604742.003   604748.016   604798.026
   870:   604990.005   605415.009   605416.005   605429.009   605437.005
   875:   605442.009   605872.001   610405.005   610455.003   610460.023
   880:   610460.021   610776.009   610865.005   611527.009   613274.005
   885:   613295.009   614628.005   614637.009   614655.005   614673.009
   890:   614680.005   614703.009   614705.005   614714.009   615461.013
   895:   615461.011   615618.001   620162.003   620167.023   620167.021
   900:   625168.013   625168.011   625385.001   625734.003   625739.023
   905:   625739.021   625769.001   626073.003   626528.005   626696.009
   910:   626894.005   626906.009   626914.005   626932.009   626933.005
   915:   627006.009   627023.005   627060.009   627176.005   627194.009
   920:   627217.005   627263.009   627290.005   627298.009   627338.005
   925:   627349.009   627678.005   627685.009   627705.005   627721.009
   930:   627744.005   629044.009   629581.005   629618.009   630740.013
   935:   630740.011   630900.001   635900.018   635972.003   635978.016
   940:   636028.026   636039.005   636494.009   637009.001   641329.003
   945:   641334.023   641334.021   641936.005   642012.009   642056.005
   950:   642060.009   642090.005   642097.009   646335.013   646335.011
   955:   646483.001   651483.018   651599.003   651605.016   651655.026
   960:   651675.005   652215.009   652231.005   652247.009   652259.005
   965:   652301.009   652306.005   652329.009   652679.001   657531.003
   970:   657536.023   657536.021   657665.005   657682.009   659864.005
   975:   659881.009   659891.005   659989.009   662537.013   662537.011
   980:   663070.001   667778.003   667783.023   667783.021   667882.005
   985:   668094.009   668103.005   668301.009   668309.005   668318.009
   990:   668352.005   668360.009   668377.005   668411.009   668450.005
   995:   668453.009   668511.005   668520.009   668552.005   668574.009
  1000:   668594.005   668628.009   668689.005   668697.009   672784.013
  1005:   672784.011   672932.001   677930.003   677935.023   677935.021
  1010:   678049.005   678176.009   678302.005   678311.009   678313.005
  1015:   678324.009   678327.005   678385.009   678411.005   678420.009
  1020:   682936.013   682936.011   683262.001   687652.003   687657.023
  1025:   687657.021   687664.001   687813.003   688015.005   688040.009
  1030:   688053.005   688068.009   692658.013   692658.011   692831.001
  1035:   697831.018   698012.003   698018.016   698068.026   698123.005
  1040:   700086.009   700087.005   700100.009   700118.005   700143.009
  1045:   700540.001   705540.018   705657.003   705663.016   705713.026
  1050:   705761.005   706181.009   706221.005   706236.009   706253.005
  1055:   706291.009   706781.001   711781.018   712491.003   712497.016
  1060:   712547.026   712574.005   712980.009   713027.005   713050.009
  1065:   713589.001   718589.018   718661.003   718667.016   718717.026
  1070:   718786.005   719890.009   719943.005   720000.009   720225.001
  1075:   725225.018   725410.003   725416.016   725466.026   725526.005
  1080:   726045.009   726076.005   726157.009   726578.001   731486.003
  1085:   731491.023   731491.021   731601.005   731765.009   736492.013
  1090:   736492.011   736745.001   740649.003   740653.005   740654.023
  1095:   740654.021   740916.009   741092.005   741097.009   745655.013
  1100:   745655.011   745831.001   750098.003   750103.023   750103.021
  1105:   750693.005   750748.009   755104.013   755104.011   755254.001
  1110:   759787.003   759792.023   759792.021   760157.005   760284.009
  1115:   760287.005   760296.009   764793.013   764793.011   764967.001
  1120:   769327.003   769332.023   769332.021   774333.013   774333.011
  1125:   774525.001   778897.003   778902.023   778902.021   783903.013
  1130:   783903.011   784094.001   789094.018   789189.003   789195.016
  1135:   789245.026   789312.005   789680.009   789984.001   790057.003
  1140:   790062.023   790062.021   790116.001   790236.003   790779.005
  1145:   790930.009   795010.005   795063.013   795063.011   795204.009
  1150:   795446.001   799987.003   799992.023   799992.021   803865.005
  1155:   803875.009   803878.005   804055.009   804087.005   804106.009
  1160:   804122.005   804226.009   804374.005   804393.009   804429.005
  1165:   804453.009   804993.013   804993.011   805132.001   810132.018
  1170:   810265.003   810271.016   810321.026   810356.005   810699.009
  1175:   810705.005   810718.009   810724.005   810788.009   810790.005
  1180:   810813.009   811209.001   816122.003   816127.023   816127.021
  1185:   820341.005   820430.009   821128.013   821128.011   821277.001
  1190:   826277.018   826645.003   826651.016   826701.026   826761.005
  1195:   827305.009   827311.005   827330.009   827334.005   827347.009
  1200:   827632.001   832632.018   832799.003   832805.016   832855.026
  1205:   832857.061   832858.061   832859.061   832860.061   832861.061
B:
     0:        0.000      112.000        0.000      112.000        0.000
     5:      308.000        0.000        0.000        0.000      308.000
    10:        0.000       64.000        0.000       64.000        0.000
    15:        0.000       37.000        0.000       37.000        0.000
    20:        0.000       63.000        0.000       63.000        0.000
    25:        0.000       37.000        0.000        0.000        0.000
    30:        0.000
D:
     0:  2460000.000  2454834.000  2460001.000
E:
     0:     5000.000     5000.000
T:
     0:        0.000        0.000        0.000        0.000
W:
     0:        0.000        0.000        0.000
