File: C:\MED-PC IV\Data\Reyes\AY\AY4063.999


Start Date: 11/22/24
End Date: 11/22/24
Subject: 63
Experiment: AY
Group: SHORT
Box: 1
Start Time: 15:37:10
End Time: 16:01:43
MSN: DRRD_timeout_retract
C:       0.000
F:       0.000
G:       0.000
H:       0.000
I:       0.000
J:       0.000
K:   10000.000
L:       0.000
M:       0.000
N:     100.000
O:       0.000
P:    2500.000
Q:       0.000
R:       0.000
S:       0.000
U: 1608723.000
V:       0.000
X:       0.000
Y:     797.000
Z:       0.000
A:
     0:  1608454.005  1608480.009  1608552.005      283.009     6902.005
     5:     7108.009     9988.005    10012.009    10029.005    10119.009
    10:    11072.005    11335.009    11423.005    11620.009    11642.005
    15:    11662.009    11670.005    11685.009    15000.013    15000.011
    20:    15390.001    16232.003    16237.023    16237.021    16295.001
    25:    16379.003    17331.005    17351.009    17354.005    17492.009
    30:    18738.013    18738.011    19068.001    23402.003    23407.023
    35:    23407.021    25908.013    25908.011    26642.001    30381.003
    40:    30386.023    30386.021    30434.001    30502.003    31837.005
    45:    31869.009    32887.013    32887.011    33631.001    37260.003
    50:    37265.023    37265.021    37348.001    37382.003    39766.013
    55:    39766.011    40895.005    40919.009    40929.005    41235.009
    60:    42139.001    46063.003    46068.023    46068.021    46247.005
    65:    46543.009    48569.013    48569.011    48932.001    53932.018
    70:    53977.003    53983.016    54033.026    54072.005    55249.009
    75:    55678.005    55705.009    56125.001    61125.018    61410.003
    80:    61416.016    61466.026    61492.005    62256.009    62530.005
    85:    62580.009    62929.001    67929.018    68313.003    68319.016
    90:    68369.026    68407.005    69459.009    70582.001    75070.003
    95:    75075.023    75075.021    75170.005    75428.009    77576.013
   100:    77576.011    77963.001    82861.003    82866.023    82866.021
   105:    82970.005    83000.009    85367.013    85367.011    85730.001
   110:    90730.018    91494.003    91500.016    91550.026    91620.005
   115:    92597.009    93204.001    98204.018    98460.003    98466.016
   120:    98516.026    98607.005    99058.009    99068.005    99141.009
   125:    99187.005    99199.009    99222.005    99395.009   100218.001
   130:   100522.003   100527.023   100527.021   100538.001   100721.003
   135:   103028.013   103028.011   104113.001   109113.018   109529.003
   140:   109535.016   109585.026   109594.005   110628.009   110914.005
   145:   110995.009   111812.001   116812.018   118330.003   118336.016
   150:   118386.026   118477.005   119809.009   120435.001   125435.018
   155:   127030.003   127036.016   127086.026   127094.005   128559.009
   160:   128722.005   128745.009   131088.001   136088.018   136407.003
   165:   136413.016   136463.026   136630.005   136986.009   138213.001
   170:   143134.003   143139.023   143139.021   145640.013   145640.011
   175:   146431.001   151149.003   151154.023   151154.021   153655.013
   180:   153655.011   154649.001   159649.018   159687.003   159693.016
   185:   159743.026   159756.005   160356.009   161394.001   166394.018
   190:   167384.003   167390.016   167440.026   167480.005   167914.009
   195:   169164.001   174164.018   174226.003   174232.016   174282.026
   200:   174412.005   175025.009   175057.005   175324.009   176070.001
   205:   181070.018   181875.003   181881.016   181931.026   182049.005
   210:   182551.009   182598.005   182635.009   183569.001   188569.018
   215:   188655.003   188661.016   188711.026   188833.005   189556.009
   220:   190465.001   195465.018   195848.003   195854.016   195904.026
   225:   196017.005   196927.009   196935.005   197067.009   198316.001
   230:   203316.018   203325.003   203331.016   203381.026   203494.001
   235:   203536.003   203541.023   203541.021   203546.005   204538.009
   240:   206042.013   206042.011   206766.001   210926.003   210931.023
   245:   210931.021   213432.013   213432.011   214558.001   218895.003
   250:   218900.023   218900.021   219842.005   219993.009   221401.013
   255:   221401.011   221906.001   225115.003   225120.023   225120.021
   260:   225188.001   225251.003   226059.005   226077.009   227621.013
   265:   227621.011   229073.001   232175.003   232180.023   232180.021
   270:   234681.013   234681.011   235617.001   240434.003   240439.023
   275:   240439.021   242940.013   242940.011   243425.001   248425.018
   280:   250614.003   250620.016   250670.026   250730.005   251099.009
   285:   251110.005   251150.009   251357.005   251373.009   252177.001
   290:   257177.018   257278.003   257284.016   257334.026   257432.005
   295:   258126.009   258983.001   263983.018   265167.003   265173.016
   300:   265223.026   265332.005   266029.009   267100.001   271705.003
   305:   271710.023   271710.021   274211.013   274211.011   274555.001
   310:   279555.018   280418.003   280424.016   280474.026   280516.005
   315:   281584.009   281701.005   281963.009   282407.001   282940.003
   320:   282945.023   282945.021   285446.013   285446.011   286028.001
   325:   290645.003   290650.023   290650.021   290720.005   290976.009
   330:   293151.013   293151.011   293544.001   298544.018   299195.003
   335:   299201.016   299251.026   299279.005   299798.009   300532.001
   340:   301885.003   301890.023   301890.021   301950.001   301999.003
   345:   304391.013   304391.011   304800.001   309800.018   311136.003
   350:   311142.016   311192.026   311230.005   311610.009   312088.001
   355:   317033.003   317038.023   317038.021   318313.005   318325.009
   360:   319539.013   319539.011   319857.001   324857.018   326780.003
   365:   326781.005   326786.016   326836.026   327258.009   328532.001
   370:   333532.018   336612.003   336618.016   336668.026   336685.005
   375:   337246.009   337878.001   337903.003   337908.023   337908.021
   380:   337932.001   338052.003   340409.013   340409.011   340839.001
   385:   345839.018   346154.003   346160.016   346210.026   346334.005
   390:   347148.009   348036.001   352785.003   352790.023   352790.021
   395:   355291.013   355291.011   355664.001   359297.003   359302.023
   400:   359302.021   359598.005   359953.009   361803.013   361803.011
   405:   362859.001   367659.003   367664.023   367664.021   367721.001
   410:   367787.003   368357.005   368456.009   368493.005   368593.009
   415:   370165.013   370165.011   370576.001   375576.018   375611.003
   420:   375617.016   375667.026   375712.005   376675.009   377802.001
   425:   382802.018   383295.003   383301.016   383351.026   383362.005
   430:   383871.009   384987.001   385013.003   385018.023   385018.021
   435:   387519.013   387519.011   387937.001   392937.018   393138.003
   440:   393144.016   393194.026   393373.005   393805.009   394546.001
   445:   398520.003   398525.023   398525.021   399109.005   399243.009
   450:   401026.013   401026.011   401438.001   406438.018   406818.003
   455:   406824.016   406874.026   406985.005   407703.009   408899.001
   460:   413331.003   413336.023   413336.021   413359.005   413928.009
   465:   415837.013   415837.011   416202.001   420554.003   420559.023
   470:   420559.021   423060.013   423060.011   423312.001   427041.003
   475:   427046.023   427046.021   427221.005   427511.009   429547.013
   480:   429547.011   429969.001   433901.003   433906.023   433906.021
   485:   434241.005   434257.009   434412.005   434459.009   434597.005
   490:   434637.009   436407.013   436407.011   436857.001   440743.003
   495:   440748.023   440748.021   441061.005   441236.009   443249.013
   500:   443249.011   443542.001   447333.003   447338.023   447338.021
   505:   449839.013   449839.011   450271.001   454611.003   454616.023
   510:   454616.021   454810.005   455219.009   457117.013   457117.011
   515:   457518.001   462518.018   464157.003   464163.016   464204.005
   520:   464213.026   464752.009   466235.001   471235.018   471348.003
   525:   471354.016   471404.026   471584.005   472139.009   473322.001
   530:   478322.018   478484.003   478490.016   478540.026   479056.005
   535:   479425.009   479726.005   479851.009   480212.001   485212.018
   540:   486251.003   486257.016   486307.026   486331.005   486720.009
   545:   486742.005   487396.009   488210.001   493210.018   494406.003
   550:   494412.016   494462.026   494469.005   494996.009   496427.001
   555:   501427.018   501428.003   501434.016   501484.026   501595.005
   560:   502041.009   503549.001   508285.003   508290.023   508290.021
   565:   510791.013   510791.011   511961.001   516288.003   516293.023
   570:   516293.021   516564.005   516700.009   518794.013   518794.011
   575:   519103.001   524103.018   525277.003   525283.016   525333.026
   580:   525404.005   525976.009   527172.001   532172.018   533875.003
   585:   533880.005   533881.016   533931.026   534734.009   535902.001
   590:   536833.003   536838.023   536838.021   536901.001   536953.003
   595:   539339.013   539339.011   540142.001   545142.018   545330.003
   600:   545336.016   545386.026   545447.005   546343.009   546839.005
   605:   546898.009   547872.001   552872.018   552909.003   552915.016
   610:   552965.026   553073.005   553624.009   555256.001   559954.003
   615:   559959.023   559959.021   560015.005   560403.009   562460.013
   620:   562460.011   563546.001   567336.003   567341.023   567341.021
   625:   569842.013   569842.011   570377.001   575377.018   576605.003
   630:   576611.016   576661.026   576696.005   577132.009   578262.001
   635:   583262.018   583402.003   583408.016   583447.005   583458.026
   640:   584228.009   585321.001   590321.018   592209.003   592215.016
   645:   592265.026   592279.005   592899.009   594593.001   599593.018
   650:   600007.003   600013.016   600063.026   600108.005   600897.009
   655:   602685.001   602783.003   602788.023   602788.021   602829.001
   660:   602890.003   605289.013   605289.011   605886.001   610886.018
   665:   611270.003   611276.016   611326.005   611326.026   612127.009
   670:   612232.005   612252.009   612854.001   617854.018   619470.003
   675:   619476.016   619526.026   619545.005   620547.009   620572.005
   680:   620582.009   622002.001   627002.018   628345.003   628351.016
   685:   628362.005   628401.026   628940.009   630420.001   635420.018
   690:   637703.003   637709.005   637709.016   637759.026   638458.009
   695:   639902.001   644865.003   644870.023   644870.021   644937.005
   700:   645181.009   647371.013   647371.011   649195.001   654195.018
   705:   655345.003   655351.016   655401.026   655407.005   655899.009
   710:   657380.001   657536.003   657541.023   657541.021   657582.001
   715:   658152.003   660042.013   660042.011   660943.001   665943.018
   720:   666071.003   666077.016   666127.005   666127.026   666592.001
   725:   666670.003   666675.023   666675.021   667095.009   669176.013
   730:   669176.011   669865.001   674865.018   677287.003   677293.016
   735:   677343.026   677371.005   678108.009   679148.001   684148.018
   740:   686140.003   686146.016   686196.026   686212.005   686670.009
   745:   689225.001   694225.018   694678.003   694684.016   694734.026
   750:   694760.005   695757.009   696079.005   696140.009   696974.001
   755:   701974.018   703399.003   703405.016   703455.026   703469.005
   760:   703961.009   705326.001   710326.018   712496.003   712502.016
   765:   712552.026   712562.005   713062.009   713397.005   713480.009
   770:   715188.001   720188.018   721558.003   721564.016   721591.005
   775:   721614.026   722294.009   723489.001   728489.018   728748.003
   780:   728754.016   728804.026   728824.005   729672.009   730252.001
   785:   733816.003   733821.023   733821.021   733859.001   733935.003
   790:   736322.013   736322.011   736323.061   736324.061   736325.061
   795:   736326.061   736327.061
B:
     0:        0.000      112.000        0.000      112.000        0.000
     5:      111.000        0.000        0.000        0.000      111.000
    10:        0.000       45.000        0.000       45.000        0.000
    15:        0.000       56.000        0.000       56.000        0.000
    20:        0.000       44.000        0.000       44.000        0.000
    25:        0.000       56.000        0.000        0.000        0.000
    30:        0.000
D:
     0:  2342538.000  2338975.000  2342539.000
E:
     0:     5000.000     5000.000
T:
     0:        0.000        0.000        0.000        0.000
W:
     0:        0.000        0.000        0.000
