File: C:\MED-PC IV\Data\Reyes\AY\AY4064.999


Start Date: 11/20/24
End Date: 11/20/24
Subject: 64
Experiment: AY
Group: SHORT
Box: 2
Start Time: 16:11:25
End Time: 16:37:19
MSN: DRRD_timeout_retract
C:       0.000
F:       5.000
G:       0.000
H:       0.000
I:       0.000
J:       0.000
K:   10000.000
L:       0.000
M:       0.000
N:     100.000
O:       0.000
P:    2500.000
Q:       0.000
R:       0.000
S:       0.000
U:    1294.000
V:       0.000
X:       0.000
Y:    1273.000
Z:       0.000
A:
     0:    15000.013    15000.011    16273.001    17431.003    17436.023
     5:    17436.021    19937.013    19937.011    20545.001    23240.005
    10:    25545.018    26343.003    26349.016    26399.026    26465.009
    15:    26496.005    27063.009    27753.001    28253.005    32753.018
    20:    36025.003    36031.016    36081.026    36570.009    36588.005
    25:    36622.009    36791.005    36802.009    37367.001    37592.003
    30:    37597.023    37597.021    37633.001    37916.003    38215.005
    35:    38281.009    38545.005    38578.009    40098.013    40098.011
    40:    40612.001    40645.003    40650.023    40650.021    40661.001
    45:    40981.003    41636.005    41652.009    41654.005    41740.009
    50:    43151.013    43151.011    43617.001    44659.005    44965.009
    55:    48617.018    49578.003    49584.016    49587.005    49604.009
    60:    49634.026    49639.005    49643.009    49652.005    49663.009
    65:    49674.005    50165.009    50186.005    50230.009    50673.001
    70:    50824.003    50829.023    50829.021    50857.001    51046.003
    75:    52605.005    52643.009    53330.013    53330.011    53817.001
    80:    55247.005    58817.018    59930.003    59936.016    59986.026
    85:    60018.009    60039.005    60618.009    60620.005    60745.009
    90:    61283.001    61486.003    61491.023    61491.021    61536.001
    95:    61873.003    63992.013    63992.011    64521.001    65823.005
   100:    68035.009    68074.005    69521.018    71742.003    71748.016
   105:    71798.026    71800.009    71831.005    72380.009    73013.001
   110:    73222.003    73227.023    73227.021    73253.001    73533.003
   115:    75728.013    75728.011    76121.001    76847.005    78822.009
   120:    78869.005    78980.009    78985.005    79109.009    79307.005
   125:    79340.009    79365.005    79434.009    79466.005    80494.009
   130:    80530.005    81121.018    83617.003    83623.016    83673.026
   135:    83677.009    83694.005    84032.009    84035.005    84042.009
   140:    84051.005    84065.009    84078.005    84100.009    84147.005
   145:    84244.009    84270.005    84277.009    84400.005    84412.009
   150:    84905.001    85258.003    85263.023    85263.021    85283.001
   155:    85405.003    87764.013    87764.011    88261.001    89104.005
   160:    93261.018    94560.003    94566.016    94616.026    94672.009
   165:    94692.005    95339.009    95815.001    96519.005    96525.009
   170:    96526.005    96541.009    96557.005    96576.009    96599.005
   175:    96993.009    97016.005    98326.009    98377.005   100352.009
   180:   100815.018   101323.005   102145.009   102230.005   102234.003
   185:   102240.016   102290.026   102306.009   102333.005   102716.009
   190:   102725.005   102732.009   102733.005   102856.009   102862.005
   195:   102898.009   104314.001   104413.003   104418.023   104418.021
   200:   104445.001   104528.003   106919.013   106919.011   107202.001
   205:   107383.003   107388.023   107388.021   107422.001   108425.003
   210:   109889.013   109889.011   110275.001   115275.018   118000.003
   215:   118006.016   118056.026   118114.005   118335.009   119239.001
   220:   119511.003   119516.023   119516.021   119536.001   119861.003
   225:   122017.013   122017.011   122403.001   122451.003   122456.023
   230:   122456.021   122524.001   122560.003   124957.013   124957.011
   235:   125641.001   126175.005   126192.009   127900.005   127916.009
   240:   128050.005   130641.018   132336.003   132342.016   132392.026
   245:   132400.009   132421.005   133046.009   133431.001   134123.005
   250:   138431.018   140049.003   140055.016   140105.026   140160.009
   255:   140176.005   140718.009   141372.001   142000.005   146372.018
   260:   147200.003   147206.016   147256.026   147297.009   147325.005
   265:   147701.009   147720.005   147824.009   147877.005   147887.009
   270:   148450.001   149666.005   153450.018   153461.003   153467.016
   275:   153517.026   153577.009   153607.005   153830.009   153838.005
   280:   153852.009   153855.005   153860.009   154299.001   155010.003
   285:   155015.023   155015.021   155022.001   155345.003   157516.013
   290:   157516.011   157841.001   162841.018   163410.003   163416.016
   295:   163466.026   163528.005   163845.009   163873.005   163891.009
   300:   163920.005   163961.009   164621.001   169621.018   169777.003
   305:   169783.016   169833.026   169901.005   170314.009   170316.005
   310:   170332.009   171464.001   176464.018   179550.003   179556.016
   315:   179606.026   179634.005   180267.009   182113.001   184805.005
   320:   187113.018   189081.003   189087.016   189137.026   189204.009
   325:   189235.005   189857.009   190130.001   192789.005   195130.018
   330:   197629.003   197635.016   197685.026   197687.009   197778.005
   335:   197788.009   197806.005   197814.009   197854.005   198379.009
   340:   198386.005   198396.009   199064.001   199815.005   204064.018
   345:   207153.003   207159.016   207209.026   207245.009   207267.005
   350:   207552.009   207694.005   207817.009   208430.001   209456.005
   355:   211461.009   211464.005   211520.009   211553.005   213430.018
   360:   215822.003   215828.016   215878.026   215883.009   215926.005
   365:   216300.009   216325.005   216343.009   216418.005   216427.009
   370:   216441.005   216666.009   217483.001   222483.018   224501.003
   375:   224507.016   224557.026   224630.005   225238.009   233048.001
   380:   233139.003   233144.023   233144.021   233175.001   233626.003
   385:   235645.013   235645.011   236391.001   236729.005   237825.009
   390:   237867.005   237988.009   238008.005   238012.009   238022.005
   395:   238034.009   241391.018   243766.003   243772.016   243822.026
   400:   243867.005   244301.009   244306.005   244399.009   244752.001
   405:   245494.005   246722.009   249752.018   253081.003   253087.016
   410:   253137.026   253156.005   253161.009   253165.005   253747.009
   415:   253845.005   253914.009   254348.001   259348.018   260092.003
   420:   260098.016   260148.026   260197.005   260570.009   262353.001
   425:   267353.018   269087.003   269093.016   269143.026   269185.005
   430:   269552.009   269572.005   269705.009   275446.001   276161.005
   435:   280446.018   283729.003   283735.016   283785.026   283802.009
   440:   283835.005   284177.009   284222.005   284378.009   285112.001
   445:   290112.018   291810.003   291816.016   291866.026   291972.005
   450:   292235.009   292242.005   292247.009   292271.005   292283.009
   455:   292298.005   292305.009   292315.005   292378.009   292390.005
   460:   292396.009   292399.005   292431.009   292895.001   297895.018
   465:   301645.003   301651.016   301701.026   301740.005   302231.009
   470:   302339.005   302361.009   304640.001   305250.005   307938.009
   475:   307965.005   309640.018   309808.009   309935.005   310503.009
   480:   310527.005   313772.003   313778.016   313828.026   313909.009
   485:   313938.005   314204.009   314245.005   314277.009   314301.005
   490:   314318.009   314375.005   314403.009   315148.001   320148.018
   495:   322078.003   322084.016   322134.026   322254.005   322517.009
   500:   322557.005   322564.009   322821.005   322837.009   323414.001
   505:   328414.018   328492.005   330634.003   330640.016   330690.026
   510:   330775.009   330819.005   331057.009   331094.005   331125.009
   515:   331193.005   331198.009   331215.005   331313.009   331875.001
   520:   336875.018   339905.003   339911.016   339961.026   340052.005
   525:   340487.009   340490.005   340496.009   340534.005   340785.009
   530:   342348.001   342829.005   347348.018   347942.003   347948.016
   535:   347973.009   347984.005   347998.026   348060.009   348088.005
   540:   348096.009   348111.005   348333.009   348381.005   348406.009
   545:   348446.005   348464.009   348626.005   348680.009   349273.001
   550:   354273.018   357323.003   357329.016   357379.026   357484.005
   555:   358535.009   360094.001   360276.005   360399.009   360455.005
   560:   360538.009   360558.005   360594.009   360601.005   360631.009
   565:   360664.005   361595.009   362842.005   362916.009   363428.005
   570:   363708.009   363732.005   364203.009   364221.005   364379.009
   575:   364400.005   364475.009   365094.018   366994.003   367000.016
   580:   367048.005   367050.026   367119.009   367155.005   367187.009
   585:   367189.005   367745.009   367750.005   367764.009   367961.005
   590:   368009.009   368043.005   368049.009   368069.005   368077.009
   595:   368635.001   372074.005   373635.018   374771.003   374777.016
   600:   374827.026   374904.009   374921.005   375242.009   375263.005
   605:   375282.009   375305.005   375335.009   375437.005   375557.009
   610:   375643.005   375662.009   375678.005   375703.009   376188.001
   615:   376638.005   376953.009   381188.018   382419.003   382425.016
   620:   382475.026   382548.005   382904.009   382941.005   382977.009
   625:   382985.005   382993.009   383027.005   383063.009   383785.001
   630:   384788.005   385459.009   388785.018   391183.003   391189.016
   635:   391239.026   391346.005   391582.009   391618.005   391656.009
   640:   391711.005   391718.009   391720.005   391726.009   391764.005
   645:   391771.009   392464.001   397464.018   399291.003   399297.016
   650:   399347.026   399426.005   399926.009   399959.005   400264.009
   655:   400310.005   400321.009   401320.001   406320.018   408155.003
   660:   408161.016   408211.026   408295.005   408597.009   408630.005
   665:   408705.009   430177.001   435177.018   436882.003   436888.016
   670:   436938.026   436960.005   437420.009   437561.005   437605.009
   675:   439223.001   439787.005   441961.009   441968.005   441988.009
   680:   443399.005   443672.009   443983.005   444117.009   444223.018
   685:   444403.005   444770.009   445452.003   445458.016   445508.026
   690:   445525.005   445551.009   445573.005   445910.009   446027.005
   695:   446058.009   447025.001   452025.018   453491.003   453497.016
   700:   453547.026   453608.005   453905.009   455730.001   455908.003
   705:   455913.023   455913.021   455943.001   456024.003   458414.013
   710:   458414.011   458750.001   463750.018   464528.003   464534.016
   715:   464584.026   464641.005   464945.009   464982.005   465088.009
   720:   465161.005   465223.009   465743.001   466274.005   466325.009
   725:   466354.005   468784.009   468806.005   469160.009   470019.005
   730:   470743.018   472143.003   472149.016   472199.026   472209.009
   735:   472252.005   472578.009   472628.005   472637.009   472659.005
   740:   472734.009   472769.005   472808.009   473437.001   474074.005
   745:   476016.009   476085.005   476133.009   476172.005   478437.018
   750:   480755.003   480761.016   480793.009   480811.026   480852.005
   755:   481238.009   481274.005   481281.009   481318.005   481364.009
   760:   481381.005   481505.009   481514.005   481562.009   482068.001
   765:   487068.018   487765.003   487771.016   487821.026   487899.005
   770:   488359.009   488379.005   488407.009   488434.005   488479.009
   775:   488816.001   492509.005   493816.018   496156.003   496162.016
   780:   496205.009   496212.026   496248.005   496612.009   497202.005
   785:   497433.009   497794.001   500599.005   502794.018   503813.003
   790:   503819.016   503869.026   503943.009   503959.005   504372.009
   795:   504399.005   504415.009   504427.005   504437.009   504441.005
   800:   504649.009   505133.001   508815.005   510133.018   510539.009
   805:   511993.005   512027.003   512033.016   512083.026   512176.009
   810:   512185.005   512579.009   512627.005   512696.009   513640.001
   815:   518640.018   519833.003   519839.016   519889.026   519947.005
   820:   520423.009   520952.001   521644.003   521649.023   521649.021
   825:   521694.001   521815.003   524150.013   524150.011   524500.001
   830:   524665.003   524670.023   524670.021   524675.001   524774.003
   835:   527171.013   527171.011   527551.001   528103.005   528255.009
   840:   529445.005   532464.003   532469.023   532469.021   532519.009
   845:   534970.013   534970.011   535394.001   535879.005   540394.018
   850:   541654.009   541745.003   541751.016   541763.005   541798.009
   855:   541801.026   541845.005   542217.009   542227.005   542258.009
   860:   542282.005   542305.009   542321.005   542325.009   542348.005
   865:   542672.009   543047.001   545652.005   548047.018   549399.009
   870:   549453.005   549454.003   549460.016   549510.026   549524.009
   875:   549556.005   549951.009   549982.005   549993.009   550013.005
   880:   550086.009   550187.005   550190.009   550667.001   553318.005
   885:   555667.018   557428.003   557434.016   557484.026   557509.009
   890:   557545.005   558291.009   558330.005   558340.009   558760.001
   895:   563760.018   563948.003   563954.016   564004.026   564039.005
   900:   564521.009   564529.005   564536.009   564537.005   564596.009
   905:   565448.001   566266.005   566758.009   566801.005   566811.009
   910:   567425.005   567523.009   567556.005   567645.009   570448.018
   915:   572198.003   572204.016   572254.026   572306.005   572632.009
   920:   572684.005   572738.009   572789.005   572861.009   572898.005
   925:   573020.009   573522.001   578522.018   579676.003   579682.016
   930:   579732.026   579778.005   580041.009   580085.005   580111.009
   935:   580228.005   580288.009   580683.001   583811.005   585683.018
   940:   587988.003   587994.016   588033.009   588044.026   588084.005
   945:   588544.009   588546.005   588774.009   589251.001   592041.005
   950:   594251.018   597753.003   597759.016   597809.026   597845.009
   955:   597873.005   598211.009   598277.005   598612.009   598696.005
   960:   598704.009   599164.001   604164.018   606829.003   606835.016
   965:   606885.026   606955.005   607232.009   607234.005   607240.009
   970:   607256.005   607262.009   607301.005   607386.009   607435.005
   975:   607487.009   607966.001   612966.018   615416.003   615422.016
   980:   615472.026   615510.005   615827.009   615830.005   615865.009
   985:   617020.001   622020.018   624196.003   624202.016   624252.026
   990:   624335.005   624642.009   624654.005   624699.009   624707.005
   995:   624750.009   625566.001   630566.018   633744.003   633750.016
  1000:   633800.026   633873.005   634269.009   634358.005   634453.009
  1005:   635868.001   638889.005   640868.018   643215.003   643221.016
  1010:   643271.026   643291.009   643353.005   643725.009   643950.005
  1015:   643956.009   643970.005   644326.009   644331.005   644368.009
  1020:   644905.001   647628.005   649905.018   651828.003   651834.016
  1025:   651884.026   651902.009   651945.005   652369.009   652387.005
  1030:   652433.009   652451.005   652728.009   652748.005   652843.009
  1035:   652869.005   652898.009   653564.001   654400.005   656143.009
  1040:   656472.005   656606.009   658564.018   660503.003   660509.016
  1045:   660559.026   660603.005   661119.009   661225.005   661244.009
  1050:   661363.005   661372.009   662222.001   666895.005   667222.018
  1055:   670095.003   670101.016   670151.026   670162.009   670185.005
  1060:   670602.009   670607.005   670615.009   670662.005   670690.009
  1065:   670776.005   670887.009   670939.005   670945.009   671411.001
  1070:   671920.003   671925.023   671925.021   671947.001   672085.003
  1075:   674217.005   674243.009   674426.013   674426.011   674785.001
  1080:   675009.005   675022.009   675188.005   675200.009   679785.018
  1085:   679867.003   679873.016   679923.026   679989.005   680283.009
  1090:   680294.005   680305.009   680317.005   680335.009   680336.005
  1095:   680343.009   680557.005   680592.009   681120.001   684242.005
  1100:   686120.018   688041.003   688047.016   688097.026   688126.009
  1105:   688147.005   688455.009   688493.005   688534.009   688602.005
  1110:   688771.009   689364.001   689801.003   689806.023   689806.021
  1115:   692307.013   692307.011   692735.001   693038.005   694677.009
  1120:   694841.005   697735.018   698932.003   698938.016   698967.009
  1125:   698988.026   699007.005   699421.009   699479.005   699530.009
  1130:   699535.005   699541.009   699550.005   699616.009   699660.005
  1135:   699665.009   699982.001   700845.005   700852.009   701052.005
  1140:   704982.018   707035.003   707041.016   707091.026   707119.009
  1145:   707164.005   707656.009   707657.005   707713.009   708031.001
  1150:   708544.003   708549.023   708549.021   708598.001   708669.003
  1155:   711050.013   711050.011   711486.001   711563.003   711568.023
  1160:   711568.021   711590.001   712098.003   714069.013   714069.011
  1165:   714544.001   715747.005   719544.018   723139.003   723145.016
  1170:   723193.009   723195.026   723233.005   723771.009   723803.005
  1175:   723841.009   724503.001   724922.005   725703.009   725706.005
  1180:   725736.009   726994.005   727355.009   727390.005   727559.009
  1185:   729503.018   732133.003   732139.016   732189.026   732237.005
  1190:   732748.009   732774.005   732777.009   732977.005   732992.009
  1195:   732997.005   733001.009   733379.001   733883.003   733888.023
  1200:   733888.021   733926.001   734033.003   736389.013   736389.011
  1205:   737060.001   740421.005   742060.018   743933.009   743958.005
  1210:   744006.009   744025.005   744133.009   746616.003   746622.016
  1215:   746671.005   746672.026   746684.009   746714.005   747090.009
  1220:   747102.005   747158.009   747174.005   747326.009   747439.005
  1225:   747467.009   747524.005   747559.009   748123.001   751206.005
  1230:   753123.018   754079.003   754085.016   754135.009   754135.026
  1235:   754171.005   754575.009   755113.001   756233.005   756461.009
  1240:   756520.005   756528.009   756543.005   756646.009   760113.018
  1245:   760886.003   760892.016   760942.026   760993.005   761460.009
  1250:   761559.005   761684.009   762723.001   767723.018   770033.003
  1255:   770039.016   770089.026   770195.005   770408.009   770465.005
  1260:   770523.009   770600.005   770620.009   771162.001   776162.018
  1265:   776881.003   776887.016   776937.026   776939.061   776940.061
  1270:   776941.061   776942.061   776943.061
B:
     0:        0.000      119.000        0.000      119.000        0.000
     5:      353.000        0.000        0.000        0.000      353.000
    10:        0.000       23.000        0.000       23.000        0.000
    15:        0.000       78.000        0.000       78.000        0.000
    20:        0.000       22.000        0.000       22.000        0.000
    25:        0.000       78.000        0.000        0.000        0.000
    30:        0.000
D:
     0:   778174.000   772456.000   778175.000
E:
     0:     5000.000     5000.000
T:
     0:        0.000        0.000        0.000        0.000
W:
     0:        0.000        0.000        0.000
