File: C:\MED-PC IV\Data\Reyes\AY\AY4063.999


Start Date: 11/23/24
End Date: 11/23/24
Subject: 63
Experiment: AY
Group: SHORT
Box: 1
Start Time: 15:39:59
End Time: 16:06:39
MSN: DRRD_timeout_retract
C:       0.000
F:       3.000
G:       0.000
H:       0.000
I:       0.000
J:       0.000
K:   10000.000
L:       0.000
M:       0.000
N:     100.000
O:       0.000
P:    2500.000
Q:       0.000
R:       0.000
S:       0.000
U:   33120.000
V:       0.000
X:       0.000
Y:     801.000
Z:       0.000
A:
     0:     1923.005     2339.009     5894.005     6214.009    13111.005
     5:    13140.009    13192.005    13208.009    13237.005    13392.009
    10:    15000.013    15000.011    17336.001    18019.003    18024.023
    15:    18024.021    18050.001    18133.003    18153.001    18343.003
    20:    20525.013    20525.011    22384.001    26183.003    26188.023
    25:    26188.021    26416.005    27051.009    28689.013    28689.011
    30:    29720.001    33915.003    33920.023    33920.021    34095.005
    35:    34382.009    34571.005    34762.009    36421.013    36421.011
    40:    36755.001    41755.018    42031.003    42037.016    42087.026
    45:    42093.005    43371.009    43961.001    48961.018    49999.003
    50:    50005.016    50055.026    50147.005    51129.009    52035.001
    55:    57035.018    57476.003    57482.016    57532.026    57547.005
    60:    58174.009    59054.001    64051.003    64056.023    64056.021
    65:    66557.013    66557.011    68298.001    72560.003    72565.023
    70:    72565.021    75066.013    75066.011    75760.001    80760.018
    75:    81542.003    81548.016    81598.026    81609.005    82444.009
    80:    84113.001    89113.018    91042.003    91048.016    91098.026
    85:    91173.005    92218.009    93359.001    98359.018    98483.003
    90:    98489.016    98539.026    98549.005    99202.009    99833.001
    95:   104833.018   107628.003   107634.016   107684.026   107777.005
   100:   108430.009   108487.005   108522.009   108535.005   108574.009
   105:   109316.001   111536.003   111541.023   111541.021   111548.001
   110:   111672.003   114042.013   114042.011   116559.001   119773.003
   115:   119778.023   119778.021   122279.013   122279.011   123548.005
   120:   123818.009   125606.001   130606.018   130777.003   130783.016
   125:   130833.026   130847.005   131528.009   132984.001   137984.018
   130:   138653.003   138659.016   138709.026   138739.005   139236.009
   135:   139509.005   139612.009   140392.001   145392.018   147319.003
   140:   147325.016   147375.026   147444.005   147965.009   148011.005
   145:   148350.009   149230.001   154230.018   156919.003   156925.016
   150:   156975.026   156983.005   157746.009   157764.005   157798.009
   155:   157892.005   158068.009   159322.001   164322.018   165958.003
   160:   165964.016   166014.026   166031.005   166636.009   166682.005
   165:   166799.009   167578.001   172578.018   173402.003   173408.016
   170:   173458.026   173478.005   174309.009   174338.005   174355.009
   175:   175073.001   180073.018   181820.003   181826.016   181876.026
   180:   181879.005   182497.009   183774.001   188774.018   188911.003
   185:   188917.016   188967.026   188987.005   190145.009   190796.001
   190:   195796.018   197644.003   197650.016   197700.026   197721.005
   195:   198405.009   198412.005   198730.009   199669.001   204669.018
   200:   206860.003   206866.016   206916.026   206925.005   207753.009
   205:   208855.001   213855.018   214860.003   214866.016   214916.026
   210:   214982.005   216056.009   217249.001   222249.018   223586.003
   215:   223592.016   223642.026   223651.005   224208.009   225324.001
   220:   230324.018   230558.003   230564.016   230614.026   230649.005
   225:   231349.009   231535.005   231599.009   232521.001   237521.018
   230:   238212.003   238218.016   238268.026   238298.005   238846.009
   235:   238861.005   238895.009   238948.005   239201.009   239225.005
   240:   239809.009   240537.001   245537.018   247044.003   247050.016
   245:   247100.026   247112.005   247537.009   247638.005   247737.009
   250:   247809.005   247917.009   248746.001   253746.018   254854.003
   255:   254860.016   254887.005   254910.026   255650.009   256698.001
   260:   256951.003   256956.023   256956.021   256968.001   257320.003
   265:   259457.013   259457.011   260960.001   263522.003   263527.023
   270:   263527.021   263947.005   264103.009   266028.013   266028.011
   275:   266615.001   271615.018   271756.003   271762.016   271812.026
   280:   271814.005   272410.009   273851.001   278851.018   280117.003
   285:   280123.016   280173.026   280188.005   280878.009   282155.001
   290:   287155.018   287883.003   287889.016   287939.026   287944.005
   295:   288574.009   289769.001   294769.018   295709.003   295715.016
   300:   295765.026   295767.005   296742.009   297727.001   302727.018
   305:   303357.003   303363.016   303413.026   303422.005   304144.009
   310:   305153.001   310153.018   310218.003   310224.016   310274.026
   315:   310288.005   310725.009   311375.001   316116.003   316121.023
   320:   316121.021   316174.005   316522.009   318622.013   318622.011
   325:   318999.001   321033.003   321038.023   321038.021   323539.013
   330:   323539.011   324595.001   329463.003   329468.023   329468.021
   335:   329683.005   329890.009   329938.005   330063.009   331969.013
   340:   331969.011   332203.001   336941.003   336946.023   336946.021
   345:   337008.005   337280.009   339447.013   339447.011   339855.001
   350:   344487.003   344492.023   344492.021   346993.013   346993.011
   355:   350046.001   355046.018   355589.003   355595.016   355645.026
   360:   355661.005   356619.009   359024.001   359190.003   359195.023
   365:   359195.021   361696.013   361696.011   363784.001   368784.018
   370:   370739.003   370745.016   370795.026   370818.005   371232.009
   375:   372156.001   377156.018   378247.003   378253.016   378303.026
   380:   378311.005   379168.009   380347.001   385347.018   386736.005
   385:   386738.003   386744.016   386794.026   387815.009   387991.005
   390:   388100.009   389014.001   394014.018   395143.003   395149.016
   395:   395199.026   395214.005   396783.009   398054.001   403054.018
   400:   403684.003   403690.016   403740.026   403742.005   404334.009
   405:   404359.005   404443.009   405562.001   405709.003   405714.023
   410:   405714.021   405744.001   405890.003   408215.013   408215.011
   415:   409518.001   414518.018   414604.003   414610.016   414660.026
   420:   414686.005   415779.009   416978.001   421978.018   422342.003
   425:   422348.016   422398.005   422398.026   422896.009   422899.005
   430:   423023.009   424050.001   428602.003   428607.023   428607.021
   435:   431108.013   431108.011   432393.001   436962.003   436967.023
   440:   436967.021   437045.005   437490.009   437517.005   437530.009
   445:   437566.005   437589.009   439468.013   439468.011   439839.001
   450:   444839.018   445015.003   445021.016   445071.026   445098.005
   455:   445905.009   447441.001   452441.018   452879.003   452885.016
   460:   452935.026   453037.005   453558.009   454403.001   454423.003
   465:   454428.023   454428.021   454465.001   454563.003   456929.013
   470:   456929.011   460345.001   460666.003   460671.023   460671.021
   475:   460690.001   461157.003   461367.001   461532.003   463172.013
   480:   463172.011   464093.005   464123.009   464678.001   469678.018
   485:   470451.003   470457.016   470507.026   470528.005   471398.009
   490:   471451.005   471504.009   471512.005   471686.009   472287.001
   495:   477287.018   478651.005   478663.003   478669.016   478719.026
   500:   479168.009   479908.001   484897.003   484902.023   484902.021
   505:   485098.005   485383.009   487403.013   487403.011   488339.001
   510:   493084.003   493089.023   493089.021   493151.005   493420.009
   515:   495590.013   495590.011   495967.001   500967.018   501051.003
   520:   501057.016   501075.005   501107.026   501754.009   501817.005
   525:   501912.009   503096.001   507692.003   507697.023   507697.021
   530:   507743.005   508922.009   510198.013   510198.011   510451.001
   535:   515451.018   517071.003   517077.016   517092.005   517127.026
   540:   517856.009   518984.001   523984.018   524721.003   524727.016
   545:   524777.026   524804.005   525611.009   526749.001   531749.018
   550:   532704.003   532710.016   532760.026   532790.005   533881.009
   555:   534604.001   539604.018   541372.003   541378.016   541428.026
   560:   541462.005   542109.009   543461.001   547968.003   547973.023
   565:   547973.021   548075.005   548283.009   548314.005   548350.009
   570:   548419.005   549069.009   549107.005   549272.009   550474.013
   575:   550474.011   551687.001   555774.003   555779.023   555779.021
   580:   555783.005   556616.009   556760.005   556871.009   558280.013
   585:   558280.011   559941.001   564941.018   566031.003   566037.016
   590:   566087.026   566098.005   566539.009   568032.001   573032.018
   595:   573876.003   573882.016   573932.026   573948.005   575009.009
   600:   576332.001   581332.018   583555.003   583561.016   583611.026
   605:   583626.005   584079.009   585573.001   590573.018   591126.003
   610:   591132.016   591182.026   591210.005   592165.009   593207.001
   615:   598207.018   601431.003   601437.005   601437.016   601487.026
   620:   602172.009   603233.001   608233.018   611492.003   611498.016
   625:   611507.005   611548.026   612196.009   613608.001   618608.018
   630:   621804.003   621810.016   621823.005   621860.026   622597.009
   635:   625047.001   625639.003   625644.023   625644.021   625694.001
   640:   625965.003   628145.013   628145.011   629929.001   634929.018
   645:   635481.003   635487.016   635537.026   635546.005   636110.009
   650:   637405.001   642405.018   643699.003   643705.016   643755.026
   655:   643778.005   644795.009   646267.001   651267.018   653405.003
   660:   653411.016   653413.005   653461.026   654547.009   655584.001
   665:   660584.018   662986.003   662992.016   663042.026   663060.005
   670:   663761.009   664121.001   664183.003   664188.023   664188.021
   675:   666689.013   666689.011   667865.001   672865.018   674218.003
   680:   674224.016   674272.005   674274.026   674927.009   675798.001
   685:   680798.018   682403.003   682409.016   682459.026   682491.005
   690:   682968.009   684280.001   689280.018   691278.003   691284.016
   695:   691334.026   691346.005   692000.009   693263.001   698263.018
   700:   698756.003   698762.016   698812.026   698823.005   699537.009
   705:   700471.001   705471.018   706756.003   706762.016   706812.026
   710:   706824.005   707271.009   709133.001   714133.018   715860.003
   715:   715866.016   715916.026   715947.005   716624.009   717639.001
   720:   722639.018   722876.003   722882.016   722932.026   722945.005
   725:   723609.009   723623.005   723647.009   724727.001   729727.018
   730:   732123.003   732129.016   732179.026   732202.005   732706.009
   735:   732882.005   732888.009   733652.001   738652.018   739713.003
   740:   739719.016   739769.026   739789.005   740198.009   741039.001
   745:   746039.018   747889.003   747895.016   747945.026   747973.005
   750:   748838.009   748867.005   748980.009   749806.001   754806.018
   755:   757175.003   757181.016   757202.005   757231.026   758326.009
   760:   759414.001   764414.018   765458.003   765464.016   765514.026
   765:   765621.005   766245.009   766977.001   771922.003   771927.023
   770:   771927.021   771973.005   772259.009   774428.013   774428.011
   775:   774672.001   779672.018   781250.003   781256.016   781270.005
   780:   781306.026   781907.009   782255.005   782296.009   783418.001
   785:   788418.018   789755.003   789761.016   789811.026   789843.005
   790:   790323.009   791544.001   796544.018   799286.003   799292.016
   795:   799342.026   799344.061   799345.061   799346.061   799347.061
   800:   799348.061
B:
     0:        0.000      109.000        0.000      109.000        0.000
     5:      124.000        0.000        0.000        0.000      124.000
    10:        0.000       29.000        0.000       29.000        0.000
    15:        0.000       72.000        0.000       72.000        0.000
    20:        0.000       28.000        0.000       28.000        0.000
    25:        0.000       72.000        0.000        0.000        0.000
    30:        0.000
D:
     0:   832405.000   824664.000   832406.000
E:
     0:     5000.000     5000.000
T:
     0:        0.000        0.000        0.000        0.000
W:
     0:        0.000        0.000        0.000
