File: C:\MED-PC IV\Data\Reyes\AY\AY4071.999


Start Date: 11/22/24
End Date: 11/22/24
Subject: 71
Experiment: AY
Group: SHORT
Box: 4
Start Time: 14:43:39
End Time: 15:13:07
MSN: DRRD_timeout_retract
C:       0.000
F:       3.000
G:       0.000
H:       0.000
I:       0.000
J:       0.000
K:   10000.000
L:       0.000
M:       0.000
N:     100.000
O:       0.000
P:    2500.000
Q:       0.000
R:       0.000
S:       0.000
U:    2917.000
V:       0.000
X:       0.000
Y:     791.000
Z:       0.000
A:
     0:     9408.005     9639.009    15000.013    15000.011    15547.001
     5:    20547.018    21849.003    21855.016    21905.026    21967.005
    10:    22697.009    22702.005    22716.009    23823.001    28823.018
    15:    30171.003    30177.016    30227.026    30243.005    30815.009
    20:    32234.001    37234.018    39495.003    39501.016    39551.026
    25:    39588.005    39962.009    41986.001    42044.003    42049.023
    30:    42049.021    42064.001    42267.003    44550.013    44550.011
    35:    45127.001    50127.018    53917.003    53923.016    53973.026
    40:    54013.005    54455.009    56267.001    61267.018    64305.003
    45:    64311.016    64361.026    64395.005    64775.009    66355.001
    50:    71355.018    75391.003    75397.016    75447.026    75487.005
    55:    76116.009    77851.001    78381.003    78386.023    78386.021
    60:    78392.001    78506.003    80887.013    80887.011    81451.001
    65:    86451.018    89717.003    89723.016    89773.026    89810.005
    70:    90365.009    90379.005    90426.009    91748.001    96748.018
    75:    99525.003    99531.016    99581.026    99640.005   100246.009
    80:   100308.005   100388.009   100453.005   100464.009   100488.005
    85:   100501.009   100598.005   100606.009   101879.001   106879.018
    90:   115036.003   115042.016   115092.026   115141.005   115543.009
    95:   117490.001   117555.003   117560.023   117560.021   120061.013
   100:   120061.011   120514.001   125514.018   128312.003   128318.016
   105:   128368.026   128435.005   129081.009   129088.005   129117.009
   110:   129167.005   129173.009   130433.001   135433.018   139904.003
   115:   139910.016   139960.026   139980.005   140565.009   140639.005
   120:   140723.009   140733.005   140797.009   142107.001   147107.018
   125:   149533.003   149539.016   149589.026   149630.005   150272.009
   130:   150321.005   150333.009   151836.001   151978.003   151983.023
   135:   151983.021   154484.013   154484.011   154906.001   159906.018
   140:   162135.003   162141.016   162191.026   162240.005   162648.009
   145:   164631.001   164789.003   164794.023   164794.021   167295.013
   150:   167295.011   167635.001   172635.018   175792.003   175798.016
   155:   175848.026   175879.005   176665.009   178685.001   183685.018
   160:   184666.003   184672.016   184722.026   184729.005   185144.009
   165:   188281.001   193281.018   196505.003   196511.016   196561.026
   170:   196602.005   197333.009   199102.001   204102.018   205126.003
   175:   205132.016   205182.026   205196.005   207030.009   207057.005
   180:   207092.009   207188.005   207249.009   209464.001   214464.018
   185:   217044.003   217050.016   217100.026   217146.005   217700.009
   190:   219311.001   224311.018   226702.003   226708.016   226758.026
   195:   226786.005   227142.009   227304.005   227376.009   228593.001
   200:   233593.018   236651.003   236657.016   236707.026   236762.005
   205:   237765.009   239325.001   244325.018   245419.003   245425.016
   210:   245426.001   245475.026   245662.003   245667.023   245667.021
   215:   245745.005   246300.009   246388.005   246639.009   248168.013
   220:   248168.011   250059.005   250135.009   257953.001   258207.003
   225:   258212.023   258212.021   260713.013   260713.011   260770.001
   230:   260802.003   260807.023   260807.021   263308.013   263308.011
   235:   263668.001   268668.018   270409.003   270415.016   270465.026
   240:   270492.005   270906.009   272426.001   277426.018   278279.003
   245:   278285.016   278335.026   278379.005   278906.009   280737.001
   250:   285737.018   287626.003   287632.016   287682.026   287723.005
   255:   288309.009   290428.001   295428.018   298989.003   298995.016
   260:   299045.026   299086.005   299480.009   300275.001   300724.003
   265:   300729.023   300729.021   303230.013   303230.011   304347.001
   270:   309347.018   311006.003   311012.016   311062.026   311107.005
   275:   311794.009   313539.001   318539.018   320539.003   320545.016
   280:   320595.026   320640.005   321237.009   322882.001   327882.018
   285:   329897.003   329903.016   329953.026   330002.005   330772.009
   290:   333450.001   334983.003   334988.023   334988.021   334991.001
   295:   335345.003   337489.013   337489.011   337985.001   342985.018
   300:   345635.003   345641.016   345691.026   345735.005   346208.009
   305:   347705.001   352705.018   353542.003   353548.016   353598.026
   310:   353645.005   354212.009   354286.005   354328.009   354338.005
   315:   354398.009   356653.001   361653.018   363670.003   363676.016
   320:   363726.026   363767.005   364449.009   364626.005   364705.009
   325:   366075.001   371075.018   374087.003   374093.016   374141.005
   330:   374143.026   375432.009   376789.001   376889.003   376894.023
   335:   376894.021   379395.013   379395.011   379891.001   384891.018
   340:   387238.003   387244.016   387294.026   387331.005   388000.009
   345:   389104.001   394104.018   396395.003   396401.016   396451.026
   350:   396482.005   397091.009   397106.005   397266.009   397388.005
   355:   397451.009   397593.005   397621.009   399018.001   404018.018
   360:   408320.003   408326.016   408376.026   408403.005   409202.009
   365:   416623.005   416724.009   416749.005   416754.009   417634.001
   370:   422634.018   424531.003   424537.016   424587.026   424642.005
   375:   425168.009   425234.005   425289.009   427010.001   432010.018
   380:   433737.003   433743.016   433793.026   433838.005   434264.009
   385:   434923.001   439362.003   439367.023   439367.021   439376.001
   390:   439658.003   441868.013   441868.011   442233.001   447233.018
   395:   449362.003   449368.016   449418.026   449457.005   449832.009
   400:   451562.001   456562.018   458103.003   458109.016   458159.026
   405:   458214.005   458771.009   458795.005   458806.009   460274.001
   410:   465274.018   467331.003   467337.016   467387.026   467432.005
   415:   468012.009   468494.005   468527.009   470335.001   470437.003
   420:   470442.023   470442.021   472943.013   472943.011   473582.001
   425:   478582.018   481026.003   481032.016   481082.026   481145.005
   430:   482177.009   484611.001   489611.018   491873.003   491879.016
   435:   491929.026   491980.005   492656.009   492694.005   492708.009
   440:   494084.001   499084.018   501536.003   501542.016   501592.026
   445:   501611.005   501964.009   505002.001   510002.018   512550.003
   450:   512556.016   512606.026   512619.005   513065.009   516969.001
   455:   521969.018   525372.003   525378.016   525428.026   525441.005
   460:   525853.009   527450.001   532450.018   535719.003   535725.016
   465:   535775.026   535796.005   536599.009   539309.001   544309.018
   470:   547574.003   547580.016   547630.026   547670.005   548339.009
   475:   548497.005   548607.009   549815.001   549880.003   549885.023
   480:   549885.021   552386.013   552386.011   552723.001   557723.018
   485:   560175.003   560181.016   560231.026   560270.005   560773.009
   490:   562418.001   567418.018   569263.003   569269.016   569319.026
   495:   569332.005   570135.009   572105.001   577105.018   577397.003
   500:   577403.016   577453.026   577504.005   577922.009   577929.005
   505:   578001.009   580015.001   580655.003   580660.023   580660.021
   510:   580674.001   580811.003   583161.013   583161.011   583662.001
   515:   588662.018   590328.003   590334.016   590384.026   590413.005
   520:   591356.009   592846.001   597846.018   599846.003   599852.016
   525:   599902.026   599917.005   600460.009   600765.005   600927.009
   530:   603045.001   603319.003   603324.023   603324.021   605825.013
   535:   605825.011   606459.001   611459.018   611901.003   611907.016
   540:   611957.026   612003.005   612572.009   614954.001   615065.003
   545:   615070.023   615070.021   615088.001   615185.003   617571.013
   550:   617571.011   618019.001   623019.018   625066.003   625072.016
   555:   625122.026   625180.005   625599.009   627553.001   632553.018
   560:   634056.003   634062.016   634112.026   634168.005   634548.009
   565:   634715.005   634744.009   636591.001   641591.018   643161.003
   570:   643167.016   643217.026   643262.005   643641.009   645937.001
   575:   650937.018   652927.003   652933.016   652983.026   653021.005
   580:   653694.009   653720.005   653734.009   653857.005   654011.009
   585:   655911.001   660911.018   664008.003   664014.016   664064.026
   590:   664100.005   665341.009   667751.001   672751.018   675458.003
   595:   675464.016   675514.026   675564.005   676075.009   676090.005
   600:   676243.009   676426.005   676519.009   678376.001   683376.018
   605:   686397.003   686403.016   686453.026   686498.005   687207.009
   610:   689299.001   694299.018   696775.003   696781.016   696831.026
   615:   696890.005   697464.009   698597.001   698680.003   698685.023
   620:   698685.021   701186.013   701186.011   701586.001   706586.018
   625:   709433.003   709439.016   709489.026   709541.005   709980.009
   630:   711302.001   716302.018   718866.003   718872.016   718922.026
   635:   718983.005   719509.009   721139.001   726139.018   728149.003
   640:   728155.016   728205.026   728248.005   728852.009   728882.005
   645:   728918.009   728937.005   728955.009   732232.001   737232.018
   650:   739464.003   739470.016   739520.026   739548.005   740406.009
   655:   740411.005   740440.009   741502.001   741562.003   741567.023
   660:   741567.021   744068.013   744068.011   744642.001   749642.018
   665:   750688.003   750694.016   750744.026   750781.005   751290.009
   670:   753088.001   758088.018   758802.003   758808.016   758858.026
   675:   758899.005   759250.009   761423.001   766423.018   767076.003
   680:   767082.016   767132.026   767164.005   768127.009   774382.001
   685:   774482.003   774487.023   774487.021   776988.013   776988.011
   690:   777397.001   782397.018   783781.003   783787.016   783837.026
   695:   783870.005   784611.009   786889.001   791889.018   792653.003
   700:   792659.016   792709.026   792749.005   793278.009   793312.005
   705:   793352.009   793368.005   793401.009   795153.001   800153.018
   710:   801561.003   801567.016   801617.026   801668.005   802264.009
   715:   802542.005   802583.009   802686.005   802707.009   803568.001
   720:   808568.018   810540.003   810546.016   810596.026   810652.005
   725:   811297.009   814934.001   819934.018   821522.003   821528.016
   730:   821578.026   821634.005   822310.009   834816.005   834929.009
   735:   834990.005   835052.009   836082.001   836516.003   836521.023
   740:   836521.021   836577.001   836652.003   839022.013   839022.011
   745:   839484.001   844484.018   845339.003   845345.016   845395.026
   750:   845476.005   846159.009   847253.001   852253.018   853553.003
   755:   853559.016   853609.026   853650.005   854010.009   855381.001
   760:   855788.003   855793.023   855793.021   855856.001   855912.003
   765:   858294.013   858294.011   858685.001   863685.018   865532.003
   770:   865538.016   865588.026   865646.005   866064.009   868355.001
   775:   873355.018   875047.003   875053.016   875103.026   875143.005
   780:   875591.009   877953.001   882953.018   884235.003   884241.016
   785:   884291.026   884293.061   884294.061   884295.061   884296.061
   790:   884297.061
B:
     0:        0.000      108.000        0.000      108.000        0.000
     5:      123.000        0.000        0.000        0.000      123.000
    10:        0.000       23.000        0.000       23.000        0.000
    15:        0.000       78.000        0.000       78.000        0.000
    20:        0.000       22.000        0.000       22.000        0.000
    25:        0.000       78.000        0.000        0.000        0.000
    30:        0.000
D:
     0:   887151.000   880870.000   887152.000
E:
     0:     5000.000     5000.000
T:
     0:        0.000        0.000        0.000        0.000
W:
     0:        0.000        0.000        0.000
