File: C:\MED-PC IV\Data\Reyes\AY\AY4060.999


Start Date: 11/22/24
End Date: 11/22/24
Subject: 60
Experiment: AY
Group: LONG
Box: 1
Start Time: 14:43:39
End Time: 15:20:35
MSN: DRRD_timeout_retract
C:       0.000
F:       1.000
G:       0.000
H:       0.000
I:       0.000
J:       0.000
K:   10000.000
L:       0.000
M:       0.000
N:     100.000
O:       0.000
P:    5000.000
Q:       0.000
R:       0.000
S:       0.000
U:    2917.000
V:       0.000
X:       0.000
Y:     916.000
Z:       0.000
A:
     0:     5406.005     5461.009     6243.005     6497.009    14333.005
     5:    14347.009    14355.005    14630.009    15000.013    15000.011
    10:    16147.001    18921.003    18926.023    18926.021    21403.005
    15:    21474.009    23927.013    23927.011    25253.001    30253.018
    20:    30921.003    30927.016    30977.026    31128.005    32050.009
    25:    32136.005    32235.009    33564.001    33895.003    33900.023
    30:    33900.021    33905.001    34441.003    38901.013    38901.011
    35:    40155.001    45155.018    45830.003    45836.016    45886.026
    40:    46084.005    46646.009    46684.005    46810.009    48215.001
    45:    52920.003    52925.023    52925.021    53097.005    53553.009
    50:    57926.013    57926.011    60748.001    65748.018    66085.003
    55:    66091.016    66093.001    66141.026    66313.003    66318.023
    60:    66318.021    66382.005    66905.009    67775.005    67916.009
    65:    71319.013    71319.011    76086.001    80539.003    80544.023
    70:    80544.021    80548.001    80887.003    85545.013    85545.011
    75:    86419.001    91419.018    92549.003    92555.016    92605.026
    80:    92748.005    93657.009    93681.005    93837.009    94944.001
    85:    99628.003    99633.023    99633.021   104559.005   104634.013
    90:   104634.011   104676.009   104754.005   104764.009   104806.005
    95:   104917.009   107323.001   108754.003   108756.001   108759.023
   100:   108759.021   109166.003   113760.013   113760.011   115574.001
   105:   120550.003   120555.023   120555.021   125556.013   125556.011
   110:   128224.001   133224.018   134791.003   134797.016   134847.026
   115:   135000.005   135836.009   137167.001   142167.018   144431.003
   120:   144437.016   144487.026   144603.005   144942.009   144943.005
   125:   145777.009   147630.001   147882.003   147887.023   147887.021
   130:   147923.001   148147.003   152888.013   152888.011   164285.001
   135:   168934.003   168939.023   168939.021   172401.005   172432.009
   140:   173940.013   173940.011   176690.001   178174.003   178178.001
   145:   178179.023   178179.021   178487.003   178725.005   178766.009
   150:   178770.005   178798.009   179862.005   179876.009   179889.005
   155:   179925.009   179943.005   179966.009   183180.013   183180.011
   160:   183834.005   183995.009   185514.001   190514.018   192461.003
   165:   192467.016   192517.026   192627.005   193458.009   193547.005
   170:   193568.009   193571.005   193780.009   195616.001   200616.018
   175:   203460.003   203466.016   203516.026   203671.005   205057.009
   180:   205093.005   205206.009   207191.001   212191.018   213482.003
   185:   213488.016   213538.026   213712.005   215047.009   215093.005
   190:   215196.009   216696.001   221696.018   221887.003   221893.016
   195:   221943.026   222094.005   222498.009   224575.001   229575.018
   200:   232102.003   232108.016   232158.026   232275.005   233737.009
   205:   233940.005   234018.009   235490.001   240490.018   241867.003
   210:   241873.016   241923.026   242086.005   242416.009   244541.001
   215:   248914.003   248919.001   248919.023   248919.021   249232.003
   220:   253920.013   253920.011   262195.001   267195.018   267722.003
   225:   267728.016   267778.026   267922.005   268404.009   268429.005
   230:   268472.009   270005.001   275005.018   276840.003   276846.016
   235:   276896.026   277068.005   277954.009   278095.005   278113.009
   240:   280720.001   285720.018   286792.003   286798.016   286848.026
   245:   287027.005   287664.009   291238.001   296238.018   298363.003
   250:   298369.016   298419.026   298654.005   299012.009   301113.001
   255:   306113.018   306361.003   306367.016   306417.026   306565.005
   260:   306883.009   307091.005   307191.009   328713.001   333332.003
   265:   333337.023   333337.021   334537.005   334693.009   338338.013
   270:   338338.011   339793.001   344793.018   346050.003   346056.016
   275:   346106.026   346223.005   346884.009   346939.005   346960.009
   280:   346984.005   347008.009   349554.001   354554.018   355398.003
   285:   355404.016   355454.026   355587.005   355725.009   355999.005
   290:   356606.009   358641.001   361901.003   361906.023   361906.021
   295:   361913.001   362096.003   366907.013   366907.011   369003.001
   300:   374003.018   374028.003   374034.016   374084.026   374227.005
   305:   375068.009   375107.005   375122.009   375235.005   375256.009
   310:   377412.001   382412.018   382719.003   382725.016   382775.026
   315:   383001.005   383943.009   384983.001   389983.018   391461.003
   320:   391467.016   391517.026   391724.005   392367.009   392418.005
   325:   392525.009   394804.001   399804.018   400096.003   400102.016
   330:   400152.026   400379.005   401103.009   401142.005   401225.009
   335:   403048.001   408048.018   409407.003   409413.016   409463.026
   340:   409611.005   410166.009   413006.001   418006.018   419567.003
   345:   419573.016   419623.026   419701.005   420150.009   420204.005
   350:   420214.009   422246.001   427246.018   428124.003   428130.016
   355:   428180.026   428340.005   428691.009   430423.001   435423.018
   360:   436116.003   436122.016   436172.026   436319.005   436638.009
   365:   437935.001   442935.018   444476.003   444482.016   444532.026
   370:   444711.005   444870.009   444878.005   445298.009   445945.005
   375:   446027.009   448900.001   453900.018   456030.003   456036.016
   380:   456086.026   456323.005   457034.009   457135.005   457152.009
   385:   459600.001   462455.003   462457.001   462460.023   462460.021
   390:   462590.003   467461.013   467461.011   476489.001   476669.003
   395:   476674.023   476674.021   476686.001   476892.003   481675.013
   400:   481675.011   482681.001   487681.018   489727.003   489733.016
   405:   489783.026   489924.005   490449.009   490461.005   490520.009
   410:   491426.001   496426.018   498087.003   498093.016   498143.026
   415:   498316.005   498790.009   499836.001   499906.003   499911.023
   420:   499911.021   499932.001   500050.003   504912.013   504912.011
   425:   516092.001   521092.018   521551.003   521557.016   521607.026
   430:   521836.005   522455.009   522600.005   522651.009   525429.001
   435:   530429.018   532159.003   532165.016   532215.026   532428.005
   440:   533247.009   533306.005   533350.009   536403.001   541403.018
   445:   543867.003   543873.016   543923.026   544171.005   544631.009
   450:   544644.005   544724.009   544734.005   544770.009   544782.005
   455:   545060.009   545181.005   545194.009   545227.005   545290.009
   460:   547894.001   552894.018   555727.003   555733.016   555783.026
   465:   555918.005   556551.009   557069.005   557085.009   557095.005
   470:   557230.009   558608.001   563608.018   564574.003   564580.016
   475:   564630.026   564843.005   565273.009   567506.001   572506.018
   480:   572910.003   572916.016   572966.026   573167.005   573739.009
   485:   574027.005   574059.009   575840.001   580840.018   582762.003
   490:   582768.016   582818.026   582967.005   583644.009   583681.005
   495:   583698.009   583933.005   583974.009   584053.005   584114.009
   500:   587365.001   592365.018   594688.003   594694.016   594744.026
   505:   594953.005   595526.009   595574.005   595597.009   595672.005
   510:   595745.009   597354.001   598705.003   598710.023   598710.021
   515:   598729.001   598848.003   603711.013   603711.011   615441.001
   520:   620441.018   621591.003   621597.016   621647.026   621882.005
   525:   622294.009   622330.005   622495.009   623090.005   623116.009
   530:   623168.005   623183.009   624912.001   629912.018   632639.003
   535:   632645.016   632695.026   632891.005   633576.009   636165.001
   540:   636221.003   636226.023   636226.021   636268.001   636359.003
   545:   641227.013   641227.011   650465.001   655465.018   658063.003
   550:   658069.016   658119.026   658310.005   658964.009   659116.005
   555:   659206.009   659331.005   659396.009   660469.001   665469.018
   560:   667342.003   667348.016   667398.026   667540.005   667900.009
   565:   667950.005   667976.009   668223.005   668240.009   668315.005
   570:   668366.009   668400.005   668564.009   668628.005   668883.009
   575:   670520.001   671826.003   671831.023   671831.021   671840.001
   580:   672026.003   673219.005   673250.009   676832.013   676832.011
   585:   678167.001   683167.018   684094.003   684100.016   684150.026
   590:   684354.005   685039.009   686839.001   691839.018   692799.003
   595:   692805.016   692855.026   693025.005   693453.009   695497.001
   600:   700497.018   702785.003   702791.016   702841.026   703090.005
   605:   703707.009   706699.001   707831.003   707836.023   707836.021
   610:   707850.001   707971.003   712837.013   712837.011   717875.001
   615:   722875.018   724033.003   724039.016   724089.026   724178.005
   620:   724717.009   727218.001   729733.003   729738.023   729738.021
   625:   729745.001   730188.003   734739.013   734739.011   740060.001
   630:   745060.018   745297.003   745303.016   745353.026   745579.005
   635:   746492.009   746579.005   746594.009   746614.005   746653.009
   640:   749042.001   754042.018   755820.003   755826.016   755876.026
   645:   756023.005   756472.009   756680.005   756710.009   756715.005
   650:   756755.009   759155.001   764155.018   766095.003   766101.016
   655:   766151.026   766313.005   767102.009   767140.005   767172.009
   660:   767293.005   767782.009   767822.005   767939.009   772209.001
   665:   777209.018   779425.003   779431.016   779481.026   779667.005
   670:   779810.009   780485.005   781077.009   785554.001   790554.018
   675:   792439.003   792445.016   792495.026   792717.005   793195.009
   680:   796966.005   797098.009   797114.005   797138.009   802792.001
   685:   807792.018   809417.003   809423.016   809473.026   809718.005
   690:   810415.009   810441.005   810614.009   813737.001   818737.018
   695:   822273.003   822279.016   822329.026   822559.005   823148.009
   700:   823200.005   823259.009   823289.005   823408.009   825478.001
   705:   830478.018   831029.003   831035.016   831085.026   831294.005
   710:   831640.009   831764.005   831791.009   834904.001   839904.018
   715:   843417.003   843423.016   843473.026   843627.005   844162.009
   720:   846993.001   851993.018   852650.003   852656.016   852706.026
   725:   852893.005   853436.009   854508.005   854609.009   854647.005
   730:   854692.009   856369.001   861369.018   862105.003   862111.016
   735:   862161.026   862365.005   863019.009   866189.001   871189.018
   740:   872851.003   872857.016   872907.026   873102.005   873445.009
   745:   877265.001   882265.018   884190.003   884196.016   884246.026
   750:   884481.005   885127.009   885406.005   885437.009   885625.005
   755:   885725.009   885833.005   885931.009   888874.001   893874.018
   760:   894952.003   894958.016   895008.026   895212.005   895624.009
   765:   895670.005   895688.009   896344.005   896376.009   899485.001
   770:   904485.018   904838.003   904844.016   904894.026   905301.005
   775:   905781.009   911645.001   914541.003   914546.023   914546.021
   780:   914553.001   915169.003   919547.013   919547.011   923382.001
   785:   928382.018   928492.003   928498.016   928548.026   928781.005
   790:   929423.009   929430.005   929570.009   929943.005   929962.009
   795:   929987.005   930028.009   932235.001   937235.018   939875.003
   800:   939881.016   939931.026   940200.005   941807.009   944216.001
   805:   949216.018   951598.003   951604.016   951654.026   951876.005
   810:   952415.009   954921.001   959921.018   960963.003   960969.016
   815:   961019.026   961217.005   961788.009   961799.005   962112.009
   820:   962204.005   962327.009   962425.005   962961.009   963003.005
   825:   963043.009   965361.001   968346.003   968351.023   968351.021
   830:   968358.001   968483.003   973352.013   973352.011   982382.001
   835:   987382.018   988338.003   988344.016   988394.026   988563.005
   840:   989149.009   989342.005   989362.009   991483.001   996483.018
   845:   998753.003   998759.016   998809.026   999020.005   999668.009
   850:   999733.005   999747.009  1006370.001  1011370.018  1012916.003
   855:  1012922.016  1012972.026  1013177.005  1013682.009  1013764.005
   860:  1013839.009  1016640.001  1021640.018  1024187.003  1024193.016
   865:  1024243.026  1024470.005  1025531.009  1027645.005  1027657.009
   870:  1031846.001  1036846.018  1037868.003  1037874.016  1037924.026
   875:  1038154.005  1038811.009  1038841.005  1038880.009  1044402.001
   880:  1049402.018  1051671.003  1051677.016  1051727.026  1051905.005
   885:  1052537.009  1057402.001  1062402.018  1064774.003  1064780.016
   890:  1064830.026  1065054.005  1065776.009  1074195.001  1079195.018
   895:  1080787.003  1080793.016  1080843.026  1081113.005  1081663.009
   900:  1091804.001  1096073.003  1096078.023  1096078.021  1101079.013
   905:  1101079.011  1103080.001  1108080.018  1108227.003  1108233.016
   910:  1108283.026  1108285.061  1108286.061  1108287.061  1108288.061
   915:  1108289.061
B:
     0:        0.000      117.000        0.000      117.000        0.000
     5:      175.000        0.000        0.000        0.000      175.000
    10:        0.000       26.000        0.000       26.000        0.000
    15:        0.000       75.000        0.000       75.000        0.000
    20:        0.000       25.000        0.000       25.000        0.000
    25:        0.000       75.000        0.000        0.000        0.000
    30:        0.000
D:
     0:  1111143.000  1105997.000  1111144.000
E:
     0:     5000.000     5000.000
T:
     0:        0.000        0.000        0.000        0.000
W:
     0:        0.000        0.000        0.000
