File: C:\MED-PC IV\Data\Reyes\AY\AY4065.999


Start Date: 11/22/24
End Date: 11/22/24
Subject: 65
Experiment: AY
Group: SHORT
Box: 5
Start Time: 15:37:10
End Time: 16:03:47
MSN: DRRD_timeout_retract
C:       0.000
F:       2.000
G:       0.000
H:       0.000
I:       0.000
J:       0.000
K:   10000.000
L:       0.000
M:       0.000
N:     100.000
O:       0.000
P:    2500.000
Q:       0.000
R:       0.000
S:       0.000
U: 1608723.000
V:       0.000
X:       0.000
Y:     730.000
Z:       0.000
A:
     0:     1955.005     2209.009     2389.005     2696.009    15000.013
     5:    15000.011    15058.001    15554.003    15559.023    15559.021
    10:    15574.001    15661.003    18060.013    18060.011    18139.001
    15:    23139.018    23322.003    23328.016    23378.026    23407.005
    20:    23865.009    25608.001    30608.018    31144.003    31150.016
    25:    31200.026    31261.005    31880.009    32944.001    33079.003
    30:    33084.023    33084.021    35585.013    35585.011    35675.001
    35:    35689.003    35694.023    35694.021    35707.001    35816.003
    40:    36169.001    36215.003    36328.001    36443.003    38195.013
    45:    38195.011    38304.001    40772.003    40777.023    40777.021
    50:    41043.005    41080.009    43278.013    43278.011    43341.001
    55:    48341.018    48623.003    48629.016    48679.026    48705.005
    60:    49197.009    50264.001    55264.018    57853.003    57859.016
    65:    57909.026    57928.005    58331.009    59226.001    64226.018
    70:    66451.003    66457.016    66507.026    66529.005    67151.009
    75:    68509.001    73509.018    74759.003    74765.016    74815.026
    80:    74838.005    75255.009    76271.001    81271.018    81401.003
    85:    81407.016    81457.026    81472.005    82385.009    83274.001
    90:    88274.018    91515.003    91521.016    91571.026    91616.005
    95:    92203.009    93021.001    98021.018    99936.003    99942.016
   100:    99992.026   100013.005   100357.009   101283.001   106283.018
   105:   108884.003   108890.016   108940.026   108955.005   109310.009
   110:   110079.001   115079.018   117396.003   117402.016   117452.026
   115:   117487.005   117834.009   118953.001   123953.018   124054.003
   120:   124060.016   124110.026   124131.005   124534.009   125481.001
   125:   125524.003   125529.023   125529.021   128030.013   128030.011
   130:   128144.001   128827.003   128832.023   128832.021   128838.001
   135:   128938.003   131333.013   131333.011   131434.001   136128.003
   140:   136133.023   136133.021   136213.005   136448.009   138634.013
   145:   138634.011   138693.001   143693.018   147770.003   147776.016
   150:   147826.026   147843.005   148334.009   148410.005   148538.009
   155:   149136.001   154136.018   157789.003   157795.016   157845.026
   160:   157882.005   158415.009   159189.001   164189.018   166450.003
   165:   166456.016   166506.026   166520.005   166883.009   167565.001
   170:   172117.003   172122.023   172122.021   174623.013   174623.011
   175:   174701.001   179701.018   183053.003   183059.016   183109.026
   180:   183126.005   183572.009   185004.001   190004.018   196138.003
   185:   196144.016   196194.026   196216.005   196539.009   197565.001
   190:   202565.018   206800.003   206806.016   206856.026   206888.005
   195:   207948.009   208745.001   213745.018   217321.003   217327.016
   200:   217377.026   217411.005   217801.009   218918.001   223918.018
   205:   224091.003   224097.016   224147.026   224188.005   224781.009
   210:   226746.001   231746.018   233138.003   233144.016   233194.026
   215:   233218.005   233646.009   234985.001   239985.018   241560.003
   220:   241566.016   241616.026   241650.005   241984.009   243335.001
   225:   248335.018   249969.003   249975.016   250025.026   250050.005
   230:   250431.009   251630.001   256630.018   257553.003   257559.016
   235:   257609.026   257640.005   258575.009   259240.001   259264.003
   240:   259269.023   259269.021   259338.001   259368.003   261770.013
   245:   261770.011   261844.001   266844.018   268729.003   268735.016
   250:   268785.026   268821.005   269179.009   270504.001   275504.018
   255:   277352.003   277358.016   277408.026   277436.005   277875.009
   260:   279063.001   284063.018   285384.003   285390.016   285440.026
   265:   285467.005   285844.009   287328.001   292328.018   293851.003
   270:   293857.016   293907.026   293938.005   294323.009   295392.001
   275:   300392.018   301917.003   301923.016   301973.026   301987.005
   280:   302428.009   304782.001   309665.003   309670.023   309670.021
   285:   312171.013   312171.011   312243.001   312315.003   312320.023
   290:   312320.021   312340.001   312421.003   312950.001   313426.003
   295:   314821.013   314821.011   314906.001   319906.018   320607.003
   300:   320613.016   320663.026   320691.005   321076.009   322129.001
   305:   327129.018   330347.003   330353.016   330403.026   330431.005
   310:   330787.009   332047.001   337047.018   340622.003   340628.016
   315:   340678.026   340711.005   341030.009   342190.001   347190.018
   320:   351331.003   351337.016   351387.026   351412.005   351784.009
   325:   353300.001   358300.018   360938.003   360944.016   360994.026
   330:   361011.005   361684.009   362437.001   367437.018   370766.003
   335:   370772.016   370822.026   370847.005   371130.009   372649.001
   340:   377649.018   380400.003   380406.016   380456.026   380520.005
   345:   380949.009   382091.001   387091.018   390425.003   390431.016
   350:   390481.026   390525.005   391318.009   391402.005   391437.009
   355:   392088.001   397088.018   397290.003   397296.016   397346.026
   360:   397375.005   397783.009   400707.001   404822.003   404827.023
   365:   404827.021   407328.013   407328.011   407418.001   412418.018
   370:   415008.003   415014.016   415064.026   415178.005   415868.009
   375:   416978.001   421978.018   424091.003   424097.016   424147.026
   380:   424171.005   424573.009   424633.005   424823.009   426430.001
   385:   431430.018   433336.003   433342.016   433392.026   433410.005
   390:   433878.009   435541.001   440541.018   441824.003   441830.016
   395:   441880.026   441907.005   442188.009   443574.001   448574.018
   400:   449320.003   449326.016   449376.026   449395.005   449961.009
   405:   450938.001   455938.018   458705.003   458711.016   458761.026
   410:   458783.005   459071.009   459888.001   464888.018   465162.003
   415:   465168.016   465218.026   465236.005   465601.009   466925.001
   420:   471925.018   473316.003   473322.016   473372.026   473400.005
   425:   473710.009   474856.001   479856.018   481619.003   481625.016
   430:   481675.026   481696.005   482247.009   483604.001   488051.003
   435:   488056.023   488056.021   490557.013   490557.011   490637.001
   440:   490658.003   490663.023   490663.021   490667.001   490735.003
   445:   493164.013   493164.011   493247.001   497555.003   497560.023
   450:   497560.021   500061.013   500061.011   500172.001   505172.018
   455:   507110.003   507116.016   507166.026   507198.005   507550.009
   460:   508568.001   513568.018   514596.003   514602.016   514652.026
   465:   514697.005   514993.009   516104.001   521104.018   521996.003
   470:   522002.016   522052.026   522076.005   522491.009   523802.001
   475:   528802.018   531285.003   531291.016   531341.026   531398.005
   480:   532423.009   533247.001   538247.018   539446.003   539452.016
   485:   539502.026   539534.005   539973.009   541051.001   546051.018
   490:   546578.003   546584.016   546634.026   546671.005   547000.009
   495:   548391.001   553391.018   554389.003   554395.016   554445.026
   500:   554457.005   554922.009   556160.001   561160.018   561768.003
   505:   561774.016   561824.026   561859.005   562244.009   562352.005
   510:   562693.009   563474.001   568474.018   570213.003   570219.016
   515:   570269.026   570291.005   570636.009   572433.001   577433.018
   520:   579675.003   579681.016   579731.026   579750.005   580080.009
   525:   582208.001   587208.018   588636.003   588642.016   588692.026
   530:   588722.005   589376.009   590897.001   595897.018   596652.003
   535:   596658.016   596708.026   596731.005   599135.009   600237.001
   540:   605237.018   607461.003   607467.016   607517.026   607549.005
   545:   608372.009   609032.001   614032.018   614063.003   614069.016
   550:   614119.026   614136.005   615225.009   615831.001   620831.018
   555:   621696.003   621702.016   621752.026   621772.005   622233.009
   560:   622261.005   622690.009   623779.001   628779.018   631733.003
   565:   631739.016   631789.026   631813.005   632237.009   633055.001
   570:   638055.018   638878.003   638884.016   638934.026   638959.005
   575:   639357.009   640396.001   644901.003   644906.023   644906.021
   580:   644978.005   645348.009   647407.013   647407.011   647487.001
   585:   652487.018   652580.003   652586.016   652636.026   652674.005
   590:   653176.009   654729.001   659729.018   661410.003   661416.016
   595:   661466.026   661502.005   661832.009   663122.001   668122.018
   600:   669433.003   669439.016   669489.026   669522.005   669909.009
   605:   671105.001   676105.018   676595.003   676601.016   676651.026
   610:   676747.005   677113.009   678841.001   683841.018   685129.003
   615:   685135.016   685185.026   685209.005   686238.009   686903.001
   620:   691903.018   693278.003   693284.016   693334.026   693350.005
   625:   693750.009   695240.001   700240.018   701713.003   701719.016
   630:   701769.026   701814.005   702483.009   703820.001   704072.003
   635:   704077.023   704077.021   706578.013   706578.011   706662.001
   640:   711662.018   714278.003   714284.016   714334.026   714355.005
   645:   715056.009   716946.001   721946.018   723987.003   723993.016
   650:   724043.026   724064.005   724444.009   726024.001   731024.018
   655:   732198.003   732204.016   732254.026   732300.005   733051.009
   660:   733191.005   733227.009   733888.001   738888.018   739416.003
   665:   739422.016   739472.026   739495.005   740082.009   740557.005
   670:   740631.009   741128.001   746128.018   746806.003   746812.016
   675:   746862.026   746908.005   747829.009   748592.001   748949.003
   680:   748954.023   748954.021   748974.001   749042.003   751455.013
   685:   751455.011   751523.001   756523.018   757883.003   757889.016
   690:   757939.026   757966.005   758385.009   760222.001   765222.018
   695:   765381.003   765387.016   765437.026   765442.005   765912.009
   700:   767359.001   772359.018   774049.003   774055.016   774105.026
   705:   774134.005   774484.009   775704.001   780150.003   780155.023
   710:   780155.021   782656.013   782656.011   782733.001   787733.018
   715:   788889.003   788895.016   788945.026   788972.005   789529.009
   720:   790579.001   795579.018   797943.003   797949.016   797999.026
   725:   798001.061   798002.061   798003.061   798004.061   798005.061
B:
     0:        0.000      110.000        0.000      110.000        0.000
     5:       92.000        0.000        0.000        0.000       92.000
    10:        0.000       20.000        0.000       20.000        0.000
    15:        0.000       81.000        0.000       81.000        0.000
    20:        0.000       19.000        0.000       19.000        0.000
    25:        0.000       81.000        0.000        0.000        0.000
    30:        0.000
D:
     0:  2406665.000  2399302.000  2406666.000
E:
     0:     5000.000     5000.000
T:
     0:        0.000        0.000        0.000        0.000
W:
     0:        0.000        0.000        0.000
