File: C:\MED-PC IV\Data\Reyes\AY\AY4063.999


Start Date: 11/20/24
End Date: 11/20/24
Subject: 63
Experiment: AY
Group: SHORT
Box: 1
Start Time: 16:11:25
End Time: 16:36:17
MSN: DRRD_timeout_retract
C:       0.000
F:       0.000
G:       0.000
H:       0.000
I:       0.000
J:       0.000
K:   10000.000
L:       0.000
M:       0.000
N:     100.000
O:       0.000
P:    2500.000
Q:       0.000
R:       0.000
S:       0.000
U:    1294.000
V:       0.000
X:       0.000
Y:     763.000
Z:       0.000
A:
     0:     5201.005     5291.009    15000.013    15000.011    18379.001
     5:    18851.003    18856.023    18856.021    18883.001    19256.003
    10:    21357.013    21357.011    21889.001    22256.003    22261.023
    15:    22261.021    22327.001    22390.003    24762.013    24762.011
    20:    27993.001    31889.003    31894.023    31894.021    34395.013
    25:    34395.011    34733.001    39733.018    45498.003    45504.016
    30:    45554.026    45655.005    46950.009    47666.001    52102.003
    35:    52107.023    52107.021    52177.001    52294.003    54608.013
    40:    54608.011    55108.001    60108.018    60373.003    60379.016
    45:    60429.026    60557.005    61627.009    61998.005    62126.009
    50:    62441.001    62498.003    62503.023    62503.021    62582.001
    55:    62619.003    65004.013    65004.011    65383.001    70307.003
    60:    70312.023    70312.021    70378.001    70459.003    72813.013
    65:    72813.011    72993.001    73074.003    73079.023    73079.021
    70:    75580.013    75580.011    76060.001    81060.018    81815.003
    75:    81821.016    81871.026    82347.005    83159.009    86769.001
    80:    87179.003    87184.023    87184.021    89685.013    89685.011
    85:    91264.005    91403.009    93313.001    96784.003    96789.023
    90:    96789.021    96860.001    96995.003    99290.013    99290.011
    95:   101115.001   106115.018   106494.003   106500.016   106550.026
   100:   106652.005   107690.009   108023.001   108142.003   108147.023
   105:   108147.021   110648.013   110648.011   111567.001   116123.003
   110:   116128.023   116128.021   118629.013   118629.011   119128.001
   115:   119227.003   119232.023   119232.021   119246.001   119350.003
   120:   121733.013   121733.011   122284.001   122879.003   122884.023
   125:   122884.021   125385.013   125385.011   125974.001   129796.003
   130:   129801.023   129801.021   132302.013   132302.011   133192.001
   135:   138192.018   139408.003   139414.016   139464.026   139618.005
   140:   140122.009   140133.005   140668.009   140677.005   140711.009
   145:   141699.001   146699.018   146759.003   146765.016   146815.026
   150:   146904.005   147712.009   150674.001   155674.018   156425.003
   155:   156431.016   156481.026   156521.005   157460.009   161353.001
   160:   161389.003   161394.023   161394.021   161398.001   161573.003
   165:   163895.013   163895.011   164534.001   168053.003   168058.023
   170:   168058.021   168158.005   168259.009   170559.013   170559.011
   175:   171220.001   176220.018   176614.003   176620.016   176670.026
   180:   176767.005   177241.009   177251.005   177360.009   177374.005
   185:   177387.009   177392.005   177850.009   179976.001   184976.018
   190:   186857.003   186863.016   186913.026   187003.005   187656.009
   195:   189944.001   190059.003   190064.023   190064.021   190130.001
   200:   190787.003   192565.013   192565.011   193948.001   194022.003
   205:   194027.023   194027.021   194079.001   194128.003   196528.013
   210:   196528.011   196609.001   196626.003   196631.023   196631.021
   215:   198900.005   199056.009   199132.013   199132.011   201176.001
   220:   206176.018   207072.003   207078.016   207128.026   207211.005
   225:   207795.009   212526.001   217526.018   217854.003   217860.016
   230:   217910.026   218009.005   218520.009   219108.005   219126.009
   235:   223199.001   228199.018   229076.003   229082.016   229132.026
   240:   229202.005   229932.001   229996.009   230030.003   230035.023
   245:   230035.021   232536.013   232536.011   235431.001   240431.018
   250:   242191.003   242197.016   242247.026   242362.005   243335.009
   255:   244533.001   249533.018   252072.003   252078.016   252128.026
   260:   252211.005   252676.009   254234.001   259234.018   263224.003
   265:   263230.016   263280.026   263359.005   263675.009   263855.005
   270:   263944.009   264541.001   269541.018   272033.003   272039.016
   275:   272089.026   272244.005   272842.009   273516.001   273661.003
   280:   273666.023   273666.021   273733.001   273802.003   276167.013
   285:   276167.011   276878.001   277114.003   277119.023   277119.021
   290:   277145.001   277444.003   279620.013   279620.011   280913.001
   295:   285913.018   289563.003   289569.016   289619.026   289676.005
   300:   290510.009   290970.001   291101.003   291106.023   291106.021
   305:   291160.001   291218.003   293607.013   293607.011   294314.001
   310:   294415.003   294420.023   294420.021   294459.001   294532.003
   315:   296921.013   296921.011   298433.001   303433.018   307081.003
   320:   307087.016   307137.026   307236.005   307524.009   307539.005
   325:   308049.009   311008.001   316008.018   319146.003   319152.016
   330:   319202.026   319285.005   319864.009   321102.001   326102.018
   335:   328313.003   328319.016   328369.026   328456.005   328835.001
   340:   329004.003   329009.023   329009.021   329281.009   331510.013
   345:   331510.011   332001.001   337001.018   337878.003   337884.016
   350:   337934.026   337990.005   338573.009   339834.001   344834.018
   355:   345942.003   345948.016   345998.026   346085.005   346362.009
   360:   346372.005   346900.009   348224.001   348336.003   348341.023
   365:   348341.021   350842.013   350842.011   353172.001   358172.018
   370:   359444.003   359450.016   359500.026   359528.005   359990.009
   375:   361525.001   361689.003   361694.023   361694.021   364195.013
   380:   364195.011   365035.001   370035.018   372092.003   372098.016
   385:   372148.026   372155.005   373061.009   374011.001   379011.018
   390:   381706.003   381712.016   381762.026   381906.005   382353.009
   395:   384044.001   389044.018   391064.003   391070.016   391120.026
   400:   391218.005   392048.009   392062.005   392096.009   393275.001
   405:   393681.003   393686.023   393686.021   393700.001   393799.003
   410:   396187.013   396187.011   398779.001   398902.003   398907.023
   415:   398907.021   401408.013   401408.011   402094.001   402223.003
   420:   402228.023   402228.021   402270.001   402327.003   404729.013
   425:   404729.011   406062.001   406135.003   406140.023   406140.021
   430:   408641.013   408641.011   409721.001   413698.003   413703.023
   435:   413703.021   416204.013   416204.011   417026.001   422026.018
   440:   424132.003   424138.016   424188.026   424246.005   425232.009
   445:   425241.001   425241.005   425283.009   425353.003   425358.023
   450:   425358.021   427859.013   427859.011   428271.001   433271.018
   455:   436294.003   436300.016   436350.026   436435.005   436752.009
   460:   438136.001   442377.003   442382.023   442382.021   444883.013
   465:   444883.011   445315.001   450315.018   452428.003   452434.016
   470:   452484.026   452560.005   453504.009   453958.005   454220.009
   475:   454221.005   454229.009   455632.001   460632.018   462732.003
   480:   462738.016   462788.026   462918.005   463311.009   466488.005
   485:   466754.009   468762.001   473762.018   474564.003   474570.016
   490:   474620.026   474659.005   475123.009   475585.005   475595.009
   495:   476936.001   481936.018   482434.003   482440.016   482490.026
   500:   482616.005   484342.009   485363.001   487775.003   487780.023
   505:   487780.021   487814.001   487922.003   490281.013   490281.011
   510:   490730.001   495730.018   497766.003   497772.016   497822.026
   515:   497900.005   498777.009   500141.001   505141.018   506450.003
   520:   506456.016   506503.005   506506.026   507404.009   507455.005
   525:   507495.009   508905.001   513905.018   516784.003   516790.016
   530:   516840.026   516922.005   517530.009   517611.005   517714.009
   535:   519015.001   524015.018   524640.003   524646.016   524696.026
   540:   524782.005   525166.009   525182.005   525511.009   526663.001
   545:   531663.018   532678.003   532684.016   532734.026   532814.005
   550:   533699.009   535558.001   540558.018   541400.003   541406.016
   555:   541456.026   541533.005   542567.009   543936.001   544080.003
   560:   544085.023   544085.021   544132.001   544193.003   546586.013
   565:   546586.011   546965.001   551965.018   553761.003   553767.016
   570:   553817.026   553915.005   554327.009   555669.001   560669.018
   575:   563459.003   563465.016   563515.026   563526.005   564127.009
   580:   564154.005   564187.009   564307.005   564508.009   566167.001
   585:   571167.018   575019.003   575025.016   575075.026   575214.005
   590:   575971.009   576048.005   576197.009   577016.001   582016.018
   595:   583011.003   583017.016   583067.026   583199.005   584226.009
   600:   585893.001   588511.003   588516.023   588516.021   591017.013
   605:   591017.011   591430.001   591554.003   591559.023   591559.021
   610:   591572.001   592620.003   594060.013   594060.011   594507.001
   615:   595806.003   595811.023   595811.021   595840.001   595952.003
   620:   598312.013   598312.011   598786.001   603786.018   605722.003
   625:   605728.016   605778.026   605789.005   606707.009   607868.001
   630:   612868.018   614085.003   614091.016   614125.005   614141.026
   635:   614923.009   616298.001   616371.003   616376.023   616376.021
   640:   618877.013   618877.011   619511.001   624511.018   626733.003
   645:   626739.016   626789.026   626796.005   627470.009   627539.005
   650:   628035.009   634604.001   639604.018   639861.003   639867.016
   655:   639917.026   640051.005   640568.009   640873.001   641198.003
   660:   641203.023   641203.021   643704.013   643704.011   644202.001
   665:   646893.003   646898.023   646898.021   646981.005   647686.009
   670:   649399.013   649399.011   649892.001   654892.018   655733.003
   675:   655739.016   655789.026   655811.005   656503.009   658081.001
   680:   663081.018   664509.003   664515.016   664565.026   664672.005
   685:   665758.009   667507.001   667662.003   667667.023   667667.021
   690:   667721.001   667775.003   670168.013   670168.011   670576.001
   695:   675038.003   675043.023   675043.021   677544.013   677544.011
   700:   678107.001   683107.018   686709.003   686715.016   686765.026
   705:   686904.005   687236.009   688520.001   693520.018   694370.003
   710:   694376.016   694426.026   694449.005   695023.009   696658.001
   715:   701658.018   704231.003   704237.016   704287.026   704369.005
   720:   705017.009   706449.001   711449.018   714782.003   714788.016
   725:   714838.026   715003.005   715636.009   716120.001   716271.003
   730:   716276.023   716276.021   718777.013   718777.011   726945.001
   735:   731945.018   732893.003   732899.016   732949.026   732960.005
   740:   733428.009   733503.005   733546.009   733576.005   733739.009
   745:   734823.001   739823.018   741252.003   741258.016   741302.005
   750:   741308.026   742197.009   743451.001   743503.003   743508.023
   755:   743508.021   746009.013   746009.011   746010.061   746011.061
   760:   746012.061   746013.061   746014.061
B:
     0:        0.000      121.000        0.000      121.000        0.000
     5:       84.000        0.000        0.000        0.000       84.000
    10:        0.000       47.000        0.000       47.000        0.000
    15:        0.000       54.000        0.000       54.000        0.000
    20:        0.000       46.000        0.000       46.000        0.000
    25:        0.000       54.000        0.000        0.000        0.000
    30:        0.000
D:
     0:   744796.000   744745.000   744797.000
E:
     0:     5000.000     5000.000
T:
     0:        0.000        0.000        0.000        0.000
W:
     0:        0.000        0.000        0.000
