File: C:\MED-PC IV\Data\Reyes\AY\AY4074.999


Start Date: 11/19/24
End Date: 11/19/24
Subject: 74
Experiment: AY
Group: SHORT
Box: 6
Start Time: 15:22:07
End Time: 15:46:54
MSN: DRRD_timeout_retract
C:       0.000
F:       1.000
G:       0.000
H:       0.000
I:       0.000
J:       0.000
K:   10000.000
L:       0.000
M:       0.000
N:     100.000
O:       0.000
P:    2500.000
Q:       0.000
R:       0.000
S:       0.000
U:   51140.000
V:       0.000
X:       0.000
Y:    1315.000
Z:       0.000
A:
     0:     8325.005     8360.009     8366.005     8669.009    15000.013
     5:    15000.011    15727.001    16164.003    16169.023    16169.021
    10:    18670.013    18670.011    19911.001    20004.003    20009.023
    15:    20009.021    20878.005    21021.009    22510.013    22510.011
    20:    24218.001    24787.003    24792.023    24792.021    26305.005
    25:    26313.009    26426.005    26669.009    26700.005    26729.009
    30:    27293.013    27293.011    28070.001    28144.003    28149.023
    35:    28149.021    29056.005    30349.009    30650.013    30650.011
    40:    30826.001    30920.003    30925.023    30925.021    30974.001
    45:    30996.003    32947.005    33128.009    33426.013    33426.011
    50:    34140.001    35487.003    35492.023    35492.021    37993.013
    55:    37993.011    38489.001    38545.003    38550.023    38550.021
    60:    38571.001    38631.003    40777.005    40951.009    41051.013
    65:    41051.011    41320.005    41402.009    41618.001    41733.003
    70:    41738.023    41738.021    41758.001    41949.003    44239.013
    75:    44239.011    44377.005    44451.009    44742.001    44787.003
    80:    44792.023    44792.021    44815.001    45036.003    46830.005
    85:    47177.009    47293.013    47293.011    47952.001    48402.003
    90:    48407.023    48407.021    48429.001    48454.003    48479.001
    95:    48538.003    48930.005    48946.009    50908.013    50908.011
   100:    51789.001    52452.003    52457.023    52457.021    54958.013
   105:    54958.011    55002.005    55022.009    55030.005    55073.009
   110:    55514.001    55548.003    55553.023    55553.021    57052.005
   115:    57867.009    58054.013    58054.011    58271.001    58630.003
   120:    58635.023    58635.021    61136.013    61136.011    62937.001
   125:    62967.003    62972.023    62972.021    63379.005    63566.009
   130:    65473.013    65473.011    66168.005    66390.009    67075.001
   135:    67250.003    67255.023    67255.021    67259.001    67363.003
   140:    69756.013    69756.011    71909.001    72168.003    72173.023
   145:    72173.021    72256.001    72414.003    74674.013    74674.011
   150:    75781.001    76949.003    76954.023    76954.021    76974.001
   155:    77132.003    79455.013    79455.011    79887.005    79952.009
   160:    80458.001    83190.003    83195.023    83195.021    83208.001
   165:    83313.003    85696.013    85696.011    88494.001    88881.003
   170:    88886.023    88886.021    91387.013    91387.011    91698.001
   175:    93296.003    93301.023    93301.021    93306.001    93419.003
   180:    95802.013    95802.011    96611.001    97337.003    97342.023
   185:    97342.021    99843.013    99843.011   102506.001   102719.003
   190:   102724.023   102724.021   105225.013   105225.011   106472.005
   195:   106764.009   107151.001   110074.003   110079.023   110079.021
   200:   112580.013   112580.011   113849.001   114287.003   114292.023
   205:   114292.021   114309.001   114434.003   114802.005   114825.009
   210:   114832.005   114924.009   116793.013   116793.011   117447.001
   215:   118364.003   118369.023   118369.021   120013.005   120353.009
   220:   120870.013   120870.011   121250.005   121607.009   121863.001
   225:   122109.003   122114.023   122114.021   124615.013   124615.011
   230:   128049.001   128298.003   128303.023   128303.021   130804.013
   235:   130804.011   136162.001   136390.003   136395.023   136395.021
   240:   138505.005   138787.009   138896.013   138896.011   140743.005
   245:   140763.009   140775.005   140798.009   140816.005   141018.009
   250:   141501.001   146501.018   146732.003   146738.016   146788.026
   255:   146870.005   148607.009   148623.005   148863.009   148868.005
   260:   148873.009   148924.005   148969.009   149210.005   149263.009
   265:   149313.005   150175.009   150613.001   150640.003   150645.023
   270:   150645.021   150662.001   150967.003   153146.013   153146.011
   275:   154031.001   154613.003   154618.023   154618.021   154637.001
   280:   154736.003   155682.005   155944.009   156374.005   156468.009
   285:   156478.005   156546.009   156589.005   156605.009   157119.013
   290:   157119.011   157468.001   158136.003   158141.023   158141.021
   295:   158280.001   158317.003   159132.005   160642.013   160642.011
   300:   160784.009   162061.001   162894.003   162899.023   162899.021
   305:   162953.001   163008.003   164538.005   165400.013   165400.011
   310:   166040.009   167030.005   168579.009   169189.001   169636.003
   315:   169641.023   169641.021   169674.001   169745.003   172142.013
   320:   172142.011   174986.005   176715.009   177253.001   181379.003
   325:   181384.023   181384.021   182241.005   182254.009   182261.005
   330:   182269.009   182293.005   182751.009   182788.005   182808.009
   335:   183885.013   183885.011   184199.001   187970.003   187975.023
   340:   187975.021   189769.005   190180.009   190464.005   190476.013
   345:   190476.011   190497.009   190516.005   190547.009   191432.001
   350:   191524.003   191529.023   191529.021   191569.001   191630.003
   355:   194030.013   194030.011   194040.005   194177.009   194990.001
   360:   199990.018   202343.003   202349.016   202399.026   202484.005
   365:   205578.009   206333.001   210396.003   210401.023   210401.021
   370:   211104.005   211583.009   212286.005   212381.009   212636.005
   375:   212650.009   212675.005   212902.013   212902.011   213363.009
   380:   213396.005   213404.009   214982.005   216151.009   216429.005
   385:   217070.009   217606.001   222387.003   222392.023   222392.021
   390:   223107.005   224893.013   224893.011   225007.009   225988.001
   395:   226638.003   226643.023   226643.021   228593.005   228616.009
   400:   228622.005   228668.009   229144.013   229144.011   231298.005
   405:   233480.009   233960.001   235751.003   235756.023   235756.021
   410:   235815.001   235875.003   236325.005   236689.009   236715.005
   415:   236745.009   237039.005   237043.009   237203.005   237206.009
   420:   237411.005   237434.009   237522.005   237868.009   238257.013
   425:   238257.011   238295.005   238353.009   238810.001   243765.003
   430:   243770.023   243770.021   244951.005   245026.009   245167.005
   435:   245405.009   246203.005   246271.013   246271.011   246359.009
   440:   246755.001   249248.003   249253.023   249253.021   249297.001
   445:   249309.003   250351.005   250895.009   250904.005   250946.009
   450:   251115.005   251623.009   251754.013   251754.011   253107.005
   455:   253131.009   253136.005   253173.009   253181.005   253601.009
   460:   254062.001   259062.018   259120.003   259126.016   259176.026
   465:   259230.005   260227.009   260242.005   260464.009   260482.005
   470:   261381.009   261906.001   264504.003   264509.023   264509.021
   475:   265041.005   265852.009   267010.013   267010.011   267558.001
   480:   271882.003   271887.023   271887.021   274187.005   274221.009
   485:   274287.005   274388.013   274388.011   274630.009   274899.005
   490:   275386.009   275431.005   275636.009   276122.001   279937.003
   495:   279942.023   279942.021   282443.013   282443.011   282777.001
   500:   286563.003   286568.023   286568.021   286957.005   287010.009
   505:   287124.005   287351.009   288791.005   289069.013   289069.011
   510:   290256.009   290815.001   295379.003   295384.023   295384.021
   515:   295798.005   297137.009   297885.013   297885.011   298176.001
   520:   303176.018   304472.003   304478.016   304528.026   304631.005
   525:   305240.009   305261.005   305944.009   305951.005   306530.009
   530:   307130.001   310668.003   310673.023   310673.021   311222.005
   535:   311669.009   312057.005   312703.009   312788.005   312802.009
   540:   313174.013   313174.011   313487.005   313563.009   313587.005
   545:   313640.009   313875.005   314087.009   314232.005   315745.009
   550:   316235.001   321046.003   321051.023   321051.021   321710.005
   555:   322068.009   322179.005   322306.009   322403.005   322722.009
   560:   322763.005   322768.009   323552.013   323552.011   323698.005
   565:   323715.009   323716.005   323741.009   323748.005   323768.009
   570:   323789.005   325184.009   325209.005   325220.009   325232.005
   575:   325245.009   325757.001   330757.018   332205.003   332211.016
   580:   332261.026   332330.005   333586.009   333596.005   334323.009
   585:   334372.005   334381.009   335048.005   335090.009   335130.005
   590:   335136.009   335312.005   335330.009   335406.005   337227.009
   595:   337742.001   339418.003   339423.023   339423.021   339465.001
   600:   339527.003   339895.005   340254.009   340307.005   340313.009
   605:   341924.013   341924.011   343476.005   345235.009   345770.001
   610:   350770.018   350976.003   350982.016   351032.026   351156.005
   615:   352904.009   352929.005   354811.009   355356.001   356858.003
   620:   356863.023   356863.021   356897.001   357073.003   357960.005
   625:   358310.009   359364.013   359364.011   359409.005   360072.009
   630:   360087.005   360226.009   361023.005   361028.009   361029.005
   635:   361032.009   361052.005   361106.009   361115.005   361128.009
   640:   361461.005   361476.009   361517.005   363021.009   363537.001
   645:   368537.018   368990.003   368996.016   369046.026   369189.005
   650:   370981.009   371509.001   375901.003   375906.023   375906.021
   655:   376707.005   377019.009   377900.005   377924.009   378060.005
   660:   378407.013   378407.011   379063.009   379164.005   379171.009
   665:   379887.005   379893.009   379903.005   380015.009   380043.005
   670:   380087.009   380095.005   380102.009   380400.005   380423.009
   675:   380440.005   380452.009   380475.005   380492.009   380630.005
   680:   381581.009   382102.001   385645.003   385650.023   385650.021
   685:   387489.005   387550.009   387576.005   388151.013   388151.011
   690:   389087.009   389644.001   393330.003   393335.023   393335.021
   695:   393992.005   394133.009   394415.005   395078.009   395113.005
   700:   395680.009   395836.013   395836.011   396429.001   400346.003
   705:   400351.023   400351.021   400887.005   401232.009   401271.005
   710:   401283.009   402285.005   402311.009   402479.005   402852.013
   715:   402852.011   402880.009   402888.005   404220.009   404742.001
   720:   408702.003   408707.023   408707.021   410446.005   410518.009
   725:   410536.005   410596.009   410766.005   411208.013   411208.011
   730:   411255.009   411259.005   412915.009   413388.001   418388.018
   735:   419498.003   419504.016   419554.026   419683.005   421501.009
   740:   421517.005   422194.009   422676.001   427676.018   428840.003
   745:   428846.016   428896.026   428966.005   430099.009   430117.005
   750:   430482.009   430512.005   431210.009   431990.001   436990.018
   755:   437263.003   437269.016   437319.026   437456.005   439016.009
   760:   439033.005   439910.009   440474.001   445474.018   445901.003
   765:   445907.016   445957.026   446041.005   447021.009   447035.005
   770:   447252.009   447269.005   447442.009   447467.005   447780.009
   775:   448303.001   452679.003   452684.023   452684.021   453656.005
   780:   454188.009   455185.013   455185.011   455474.001   455515.003
   785:   455520.023   455520.021   458021.013   458021.011   460633.005
   790:   460689.009   460710.005   460715.009   460817.005   460874.009
   795:   461015.005   461525.009   462089.005   462138.009   462157.005
   800:   462861.009   464409.005   467490.009   467503.005   467507.009
   805:   467790.005   468152.009   468640.001   471863.003   471868.023
   810:   471868.021   472332.005   472632.009   472650.005   472688.009
   815:   472835.005   472843.009   472853.005   472898.009   472959.005
   820:   472991.009   473143.005   473495.009   473551.005   473622.009
   825:   474369.013   474369.011   474430.005   474453.009   474504.005
   830:   474541.009   474562.005   474616.009   475034.001   476763.003
   835:   476768.023   476768.021   476773.001   476916.003   479269.013
   840:   479269.011   480529.005   480594.009   481065.005   481695.009
   845:   481744.005   481752.009   482066.005   482163.009   482186.005
   850:   482252.009   482298.005   482346.009   482535.005   484260.009
   855:   484719.001   488963.003   488968.023   488968.021   489487.005
   860:   489701.009   491469.013   491469.011   491709.005   491723.009
   865:   491736.005   492431.009   492650.005   492656.009   492871.005
   870:   493092.009   493125.005   494154.009   494594.001   498932.003
   875:   498937.023   498937.021   501438.013   501438.011   501609.005
   880:   502496.009   502908.001   503532.003   503537.023   503537.021
   885:   503543.001   503783.003   504049.005   504095.009   506038.013
   890:   506038.011   507842.005   509369.009   509819.001   513364.003
   895:   513369.023   513369.021   513766.005   513839.009   513997.005
   900:   514034.009   514092.005   514379.009   514398.005   514604.009
   905:   514690.005   514692.009   515870.013   515870.011   516763.001
   910:   521592.003   521597.023   521597.021   524098.013   524098.011
   915:   524672.001   529672.018   530097.003   530103.016   530153.026
   920:   530226.005   531318.009   531348.005   531820.009   531870.005
   925:   532175.009   532188.005   532821.009   533300.001   537006.003
   930:   537011.023   537011.021   537523.005   537530.009   537545.005
   935:   537677.009   537748.005   537914.009   537918.005   537975.009
   940:   538134.005   538483.009   539512.013   539512.011   539582.005
   945:   539644.009   539746.005   540311.009   540786.001   545786.018
   950:   546553.003   546559.016   546609.026   546701.005   548908.009
   955:   548949.005   548951.009   549386.001   553978.003   553983.023
   960:   553983.021   554346.005   554362.009   554368.005   554612.009
   965:   554638.005   555318.009   555428.005   555468.009   556150.005
   970:   556484.013   556484.011   557541.009   557822.005   558328.009
   975:   558790.001   563700.003   563705.023   563705.021   565369.005
   980:   565572.009   565598.005   565779.009   565860.005   565863.009
   985:   566206.013   566206.011   566463.001   571463.018   572183.003
   990:   572189.016   572239.026   572315.005   574377.009   574400.005
   995:   574460.009   574878.001   579013.003   579018.023   579018.021
  1000:   579367.005   579518.009   579612.005   579640.009   579701.005
  1005:   579709.009   581519.013   581519.011   581544.005   581648.009
  1010:   581659.005   581727.009   581747.005   581824.009   581845.005
  1015:   582268.009   582808.001   584363.003   584368.023   584368.021
  1020:   584383.001   584518.003   585724.005   585757.009   585920.005
  1025:   585986.009   586161.005   586349.009   586380.005   586606.009
  1030:   586869.013   586869.011   587255.005   587347.009   591656.005
  1035:   592218.009   592853.005   594678.009   595389.001   600389.018
  1040:   600711.003   600717.016   600767.026   600826.005   602297.009
  1045:   602729.001   607617.003   607622.023   607622.021   608062.005
  1050:   608113.009   608123.005   608131.009   608135.005   608553.009
  1055:   608576.005   609566.009   609806.005   609810.009   609872.005
  1060:   609876.009   610123.013   610123.011   610261.001   610418.003
  1065:   610423.023   610423.021   611799.005   611814.009   611833.005
  1070:   611846.009   611863.005   611928.009   612525.005   612529.009
  1075:   612557.005   612924.013   612924.011   613325.009   614301.005
  1080:   614306.009   614326.005   614375.009   614390.005   614394.009
  1085:   615647.005   616179.009   616219.005   616233.009   616754.005
  1090:   617869.009   617910.005   617953.009   618667.001   623667.018
  1095:   623711.003   623717.016   623767.026   623843.005   625096.009
  1100:   625112.005   626660.009   627279.001   632279.018   632654.003
  1105:   632660.016   632710.026   632797.005   633627.009   633771.005
  1110:   634100.009   634123.005   634168.009   634184.005   634374.009
  1115:   634400.005   634629.009   634661.005   634717.009   634721.005
  1120:   634734.009   634758.005   635213.009   635226.005   635718.009
  1125:   636296.001   639458.003   639463.023   639463.021   641407.005
  1130:   641486.009   641555.005   641932.009   641964.013   641964.011
  1135:   642000.005   643303.009   643450.005   643452.009   643969.001
  1140:   648057.003   648062.023   648062.021   648522.005   648557.009
  1145:   648626.005   649053.009   649086.005   649262.009   649322.005
  1150:   649530.009   649553.005   650563.013   650563.011   650799.009
  1155:   652191.005   652216.009   652219.005   652305.009   652317.005
  1160:   654021.009   654621.001   659240.003   659245.023   659245.021
  1165:   659679.005   659863.009   659910.005   660264.009   661675.005
  1170:   661692.009   661694.005   661746.013   661746.011   663450.009
  1175:   664261.005   664961.009   665545.001   670545.018   670696.003
  1180:   670702.016   670752.026   670915.005   672155.009   672163.005
  1185:   672174.009   672180.005   672343.009   672911.001   677333.003
  1190:   677338.023   677338.021   677788.005   677849.009   677869.005
  1195:   678336.009   678390.005   678399.009   679613.005   679839.013
  1200:   679839.011   680106.009   683698.005   685303.009   685676.005
  1205:   686056.009   686638.001   687162.003   687167.023   687167.021
  1210:   687177.001   687281.003   689108.005   689186.009   689242.005
  1215:   689651.009   689668.013   689668.011   689712.005   691573.009
  1220:   691590.005   692918.009   693475.001   697185.003   697190.023
  1225:   697190.021   697623.005   697706.009   697783.005   698035.009
  1230:   699691.013   699691.011   699939.005   701082.009   701101.005
  1235:   701430.009   701558.005   701766.009   701818.005   701973.009
  1240:   702003.005   702711.009   702738.005   704116.009   704651.001
  1245:   706868.003   706873.023   706873.021   707267.005   707328.009
  1250:   707423.005   707722.009   707733.005   707737.009   708332.005
  1255:   708349.009   708366.005   709374.013   709374.011   709690.009
  1260:   711017.005   711064.009   711116.005   711462.009   711530.005
  1265:   711541.009   712166.005   713862.009   714450.001   719450.018
  1270:   719679.003   719685.016   719735.026   719809.005   722968.009
  1275:   722984.005   722996.009   723163.005   723214.009   723882.005
  1280:   725203.009   725301.005   725378.009   725454.005   725460.009
  1285:   725476.005   725968.009   726493.001   730890.003   730895.023
  1290:   730895.021   731306.005   731702.009   732066.005   733396.013
  1295:   733396.011   733686.009   733783.005   733790.009   734583.005
  1300:   734920.009   734942.005   734956.009   735380.005   736977.009
  1305:   737658.001   742658.018   743146.003   743152.016   743202.026
  1310:   743204.061   743205.061   743206.061   743207.061   743208.061
B:
     0:        0.000      126.000        0.000      126.000        0.000
     5:      338.000        0.000        0.000        0.000      338.000
    10:        0.000       81.000        0.000       81.000        0.000
    15:        0.000       20.000        0.000       20.000        0.000
    20:        0.000       80.000        0.000       80.000        0.000
    25:        0.000       20.000        0.000        0.000        0.000
    30:        0.000
D:
     0:   794285.000   788798.000   794286.000
E:
     0:     5000.000     5000.000
T:
     0:        0.000        0.000        0.000        0.000
W:
     0:        0.000        0.000        0.000
