File: C:\MED-PC IV\Data\Reyes\AY\AY4061.999


Start Date: 11/23/24
End Date: 11/23/24
Subject: 61
Experiment: AY
Group: LONG
Box: 2
Start Time: 14:54:10
End Time: 15:22:49
MSN: DRRD_timeout_retract
C:       0.000
F:       4.000
G:       0.000
H:       0.000
I:       0.000
J:       0.000
K:   10000.000
L:       0.000
M:       0.000
N:     100.000
O:       0.000
P:    5000.000
Q:       0.000
R:       0.000
S:       0.000
U:    1491.000
V:       0.000
X:       0.000
Y:    1066.000
Z:       0.000
A:
     0:     9726.005     9840.009     9943.005    10174.009    10270.005
     5:    10277.009    10371.005    10397.009    10488.005    10499.009
    10:    10607.005    10612.009    10633.005    10641.009    10844.005
    15:    11205.009    15000.013    15000.011    15495.001    19622.003
    20:    19627.023    19627.021    19658.001    19706.003    20206.005
    25:    20274.009    20351.005    20377.009    20509.005    20514.009
    30:    20519.005    20533.009    20536.005    20541.009    20545.005
    35:    20610.009    24628.013    24628.011    24842.001    29424.003
    40:    29429.023    29429.021    29470.001    29534.003    29818.005
    45:    29936.009    30598.005    30603.009    34430.013    34430.011
    50:    34535.001    39535.018    41373.003    41379.016    41429.026
    55:    41454.005    42057.009    42093.005    42108.009    42130.005
    60:    42172.009    42789.001    47789.018    49412.003    49418.016
    65:    49468.026    49547.005    50064.009    50968.001    51041.003
    70:    51046.023    51046.021    51051.001    51310.003    54060.005
    75:    54091.009    55978.005    55984.009    55988.005    55994.009
    80:    56002.005    56016.009    56047.013    56047.011    56365.001
    85:    61365.018    63385.003    63391.016    63441.026    63450.005
    90:    64296.009    65391.001    70391.018    72259.003    72265.016
    95:    72315.026    72320.005    72687.009    72757.005    72834.009
   100:    73815.001    78815.018    82449.003    82455.016    82503.005
   105:    82505.026    83033.009    83100.005    83161.009    84021.001
   110:    84250.003    84255.023    84255.021    87266.005    87267.009
   115:    87276.005    87280.009    87531.005    87537.009    89256.013
   120:    89256.011    89347.001    90017.003    90022.023    90022.021
   125:    90418.005    90420.009    90425.005    90473.009    93163.005
   130:    93206.009    93207.005    93215.009    93239.005    93311.009
   135:    93475.005    93521.009    93642.005    93648.009    93670.005
   140:    93772.009    95023.013    95023.011    95213.001   100213.018
   145:   102182.003   102188.016   102238.026   102252.005   102571.009
   150:   102657.005   102670.009   102686.005   102715.009   103665.001
   155:   104448.003   104453.023   104453.021   104468.001   104567.003
   160:   105506.005   105542.009   106046.005   106102.009   109454.013
   165:   109454.011   109668.001   114668.018   117308.003   117314.016
   170:   117364.026   117379.005   117787.009   117803.005   117858.009
   175:   118629.001   119087.003   119092.023   119092.021   122108.005
   180:   122112.009   122120.005   122124.009   122137.005   122142.009
   185:   122144.005   122152.009   123271.005   123285.009   124041.005
   190:   124047.009   124093.013   124093.011   124226.001   129226.018
   195:   130910.003   130916.016   130960.005   130966.026   132060.009
   200:   132124.005   132189.009   133166.001   138166.018   141755.003
   205:   141761.016   141811.026   141857.005   142258.009   142259.005
   210:   142267.009   145150.001   150150.018   153298.003   153304.016
   215:   153354.026   153383.005   153719.009   153772.005   153777.009
   220:   153779.005   153817.009   154558.001   159558.018   162716.003
   225:   162722.016   162772.026   162823.005   163370.009   164092.005
   230:   164114.009   164124.005   164127.009   164137.005   164152.009
   235:   164153.005   164228.009   164932.001   169932.018   172487.003
   240:   172493.016   172543.026   172650.005   173003.009   174628.001
   245:   179628.018   183049.003   183055.016   183058.001   183072.003
   250:   183105.026   183129.005   184172.009   185527.001   190527.018
   255:   194311.003   194317.016   194333.005   194367.026   194802.009
   260:   194812.005   194887.009   195102.005   195220.009   195252.005
   265:   195265.009   195286.005   195307.009   195378.005   195384.009
   270:   195392.005   195397.009   195906.001   200906.018   202159.003
   275:   202165.016   202215.026   202241.005   202776.009   202792.005
   280:   202801.009   202803.005   202815.009   205064.001   206184.003
   285:   206189.023   206189.021   206212.001   206289.003   209357.005
   290:   209371.009   209374.005   209385.009   209391.005   209397.009
   295:   209518.005   209827.009   211190.013   211190.011   211422.001
   300:   216422.018   219681.003   219687.016   219737.026   219745.005
   305:   220436.009   221799.001   226799.018   232012.003   232018.016
   310:   232068.026   232151.005   232747.009   234904.001   239904.018
   315:   242085.003   242091.016   242132.001   242141.026   242332.003
   320:   242337.023   242337.021   242410.005   243202.009   246346.005
   325:   246354.009   247338.013   247338.011   247483.001   248798.003
   330:   248803.001   248803.023   248803.021   248898.003   249313.005
   335:   249317.009   249321.005   249326.009   249333.005   249342.009
   340:   249343.005   249364.009   253269.005   253293.009   253296.005
   345:   253301.009   253685.005   253691.009   253804.013   253804.011
   350:   253928.001   254054.003   254059.023   254059.021   254068.001
   355:   254171.003   254575.005   254582.009   254609.005   254690.009
   360:   254713.005   254718.009   256020.005   256069.009   256149.005
   365:   256159.009   256234.005   256241.009   259060.013   259060.011
   370:   259224.001   264224.018   266018.003   266024.016   266074.026
   375:   266079.001   266175.003   266180.023   266180.021   266274.005
   380:   267024.009   270401.005   270405.009   270805.005   270811.009
   385:   271181.013   271181.011   271275.001   276275.018   279706.003
   390:   279712.016   279762.026   279788.005   280575.009   281692.001
   395:   286692.018   289269.003   289275.016   289325.026   289329.005
   400:   289751.009   291508.001   296508.018   299242.003   299248.016
   405:   299298.026   299336.005   299817.009   300987.001   301052.003
   410:   301057.023   301057.021   301078.001   301155.003   304484.005
   415:   304722.009   306058.013   306058.011   306166.001   311166.018
   420:   314342.003   314348.016   314398.026   314443.005   315583.009
   425:   316370.005   316384.009   316385.005   316391.009   316436.005
   430:   316444.009   316856.001   321856.018   325633.003   325639.016
   435:   325689.026   325739.005   326193.009   328002.001   333002.018
   440:   337268.003   337274.016   337324.026   337336.005   337918.009
   445:   338973.001   339195.003   339200.023   339200.021   339214.001
   450:   339299.003   340396.005   340409.009   340430.005   340455.009
   455:   340834.005   340928.009   343930.005   343935.009   343939.005
   460:   343956.009   343958.005   343966.009   344201.013   344201.011
   465:   344319.001   349319.018   351263.003   351269.016   351299.005
   470:   351319.026   352580.009   353883.001   358883.018   361050.003
   475:   361056.016   361103.005   361106.026   361951.009   363461.001
   480:   368461.018   371872.003   371878.016   371928.026   371965.005
   485:   372659.009   373288.005   373297.009   373301.005   373320.009
   490:   373321.005   373394.009   373862.001   374005.003   374010.023
   495:   374010.021   379011.013   379011.011   379123.001   384123.018
   500:   387150.003   387156.016   387201.005   387206.026   387887.009
   505:   388987.001   389386.003   389391.023   389391.021   389396.001
   510:   389504.003   389971.005   389989.009   389993.005   389999.009
   515:   390007.005   390037.009   390074.005   390087.009   390174.005
   520:   390182.009   393884.005   393894.009   394392.013   394392.011
   525:   394511.001   399511.018   400833.003   400839.016   400848.001
   530:   400889.026   401211.003   401216.023   401216.021   401259.005
   535:   402130.009   403147.005   403185.009   403250.005   403585.009
   540:   405887.005   405945.009   406217.013   406217.011   406498.001
   545:   411498.018   413950.003   413956.016   414006.026   414020.005
   550:   414523.009   414639.005   414667.009   415587.001   420587.018
   555:   422978.003   422984.016   422997.005   423034.026   423506.009
   560:   423566.005   423569.009   423593.005   423687.009   424555.001
   565:   429555.018   432219.003   432225.016   432275.026   432308.005
   570:   432803.009   434623.001   439623.018   442853.003   442859.016
   575:   442905.005   442909.026   443410.009   444034.005   444050.009
   580:   444054.005   444059.009   444067.005   444089.009   444555.001
   585:   449555.018   450323.003   450329.016   450379.026   450408.005
   590:   450770.009   450865.005   450960.009   450994.005   451041.009
   595:   451493.001   456493.018   459419.003   459425.016   459475.026
   600:   459574.005   460044.009   461775.001   466775.018   469098.003
   605:   469104.016   469114.001   469154.026   469166.003   469171.023
   610:   469171.021   469220.005   470040.009   470172.005   470210.009
   615:   474172.013   474172.011   474377.001   479377.018   480534.003
   620:   480540.016   480590.026   480601.005   481810.009   483018.001
   625:   488018.018   489061.003   489067.016   489117.026   489185.005
   630:   490093.009   490729.005   490774.009   490895.005   490903.009
   635:   491512.001   492642.003   492647.023   492647.021   492679.001
   640:   492764.003   494932.005   494987.009   495266.005   495284.009
   645:   495296.005   495310.009   495404.005   495652.009   496020.005
   650:   496026.009   497648.013   497648.011   497777.001   502777.018
   655:   505204.003   505210.016   505260.026   505265.005   505707.009
   660:   506985.001   511985.018   513775.003   513781.016   513831.026
   665:   513911.005   514287.009   515397.001   518478.003   518483.023
   670:   518483.021   518544.001   518578.003   518896.005   518943.009
   675:   518952.005   519090.009   519412.005   519418.009   519421.005
   680:   519429.009   523484.013   523484.011   523617.001   528617.018
   685:   530802.003   530808.016   530858.026   530859.005   531284.009
   690:   531307.005   531335.009   531349.005   531352.009   531399.005
   695:   531438.009   531502.005   531508.009   531531.005   531540.009
   700:   532282.001   537282.018   539148.003   539154.016   539204.026
   705:   539238.005   539919.009   540866.001   545866.018   548138.003
   710:   548144.016   548194.026   548238.005   548734.009   550176.001
   715:   555176.018   556675.003   556681.016   556731.026   556736.005
   720:   557313.009   559156.001   564156.018   566005.003   566011.016
   725:   566061.026   566095.005   566721.009   566729.005   566735.009
   730:   568466.001   573258.003   573263.023   573263.021   573325.005
   735:   573794.009   576763.005   576768.009   576790.005   576795.009
   740:   577563.005   577570.009   578264.013   578264.011   578366.001
   745:   583366.018   586104.003   586110.016   586131.001   586160.026
   750:   586164.003   586169.023   586169.021   586224.005   586834.009
   755:   589677.005   589704.009   589707.005   589713.009   589717.005
   760:   589723.009   589730.005   589751.009   589935.005   589969.009
   765:   591170.013   591170.011   591339.001   591583.003   591588.023
   770:   591588.021   591633.001   591686.003   596081.005   596087.009
   775:   596089.005   596095.009   596098.005   596131.009   596487.005
   780:   596500.009   596589.013   596589.011   596733.001   601733.018
   785:   603360.003   603366.016   603410.005   603416.026   603898.009
   790:   604434.001   609434.018   612421.003   612427.016   612477.026
   795:   612524.005   613550.009   614974.001   619974.018   622037.003
   800:   622043.016   622093.026   622127.005   622866.009   623960.001
   805:   628960.018   630947.003   630953.016   631003.026   631049.005
   810:   632041.009   633078.001   638078.018   640712.003   640718.016
   815:   640768.026   640833.005   641396.009   642521.001   642721.003
   820:   642726.023   642726.021   642784.001   642826.003   647727.013
   825:   647727.011   648227.001   653227.018   654365.003   654371.016
   830:   654421.026   654447.005   654822.009   654835.005   654882.009
   835:   655563.001   660563.018   662707.003   662713.016   662763.026
   840:   662863.005   663730.009   665605.001   670605.018   672703.003
   845:   672709.016   672730.001   672747.003   672759.026   672813.005
   850:   673227.009   674765.001   679765.018   681776.003   681782.016
   855:   681832.026   681872.005   682344.009   683694.001   688694.018
   860:   690715.003   690721.016   690771.026   690772.005   691265.009
   865:   691320.005   691332.009   691335.005   691374.009   693107.001
   870:   698107.018   701153.003   701159.016   701174.001   701209.026
   875:   701210.003   701318.005   701820.009   703366.001   708366.018
   880:   710089.003   710095.016   710145.026   710234.005   711337.009
   885:   712406.005   712412.009   712522.005   712527.009   712880.001
   890:   717880.018   720292.003   720298.016   720348.026   720405.005
   895:   720896.009   722171.001   727171.018   732200.003   732206.016
   900:   732256.026   732288.005   732772.009   734453.001   735823.003
   905:   735828.023   735828.021   738236.005   738243.009   738255.005
   910:   738467.009   740829.013   740829.011   740931.001   745931.018
   915:   747433.003   747439.016   747465.005   747489.026   748013.009
   920:   752237.001   756046.003   756051.023   756051.021   756324.005
   925:   756388.009   759888.005   759924.009   760028.005   760203.009
   930:   761052.013   761052.011   761173.001   761593.003   761598.023
   935:   761598.021   761612.001   761964.003   762615.005   762696.009
   940:   762701.005   762707.009   763818.005   763848.009   763856.005
   945:   763861.009   763876.005   763884.009   763899.005   763922.009
   950:   766599.013   766599.011   766697.001   771697.018   773647.003
   955:   773653.016   773703.026   773711.005   774401.009   775401.001
   960:   780316.003   780321.023   780321.021   780477.005   780486.009
   965:   780494.005   780562.009   780569.005   780573.009   783639.005
   970:   783643.009   783668.005   783677.009   785322.013   785322.011
   975:   785637.001   790582.003   790587.023   790587.021   790598.001
   980:   790617.003   790711.005   790864.009   790944.005   791038.009
   985:   795588.013   795588.011   795674.001   800674.018   802891.003
   990:   802897.016   802916.001   802947.026   802958.003   802963.023
   995:   802963.021   802990.005   803364.009   803418.005   803451.009
  1000:   803459.005   803471.009   804140.005   804310.009   804573.005
  1005:   804611.009   804763.005   804776.009   807118.005   807212.009
  1010:   807406.005   807448.009   807710.005   807867.009   807964.013
  1015:   807964.011   808205.001   813205.018   814304.003   814310.016
  1020:   814344.001   814360.026   814781.003   814786.023   814786.021
  1025:   814832.005   815646.009   819787.013   819787.011   820006.001
  1030:   825006.018   827118.003   827124.016   827140.001   827161.003
  1035:   827174.026   827203.005   827983.009   827997.005   828059.009
  1040:   829035.001   834035.018   836601.003   836607.016   836657.026
  1045:   836712.005   837127.009   837129.005   837221.009   839779.001
  1050:   844779.018   847545.003   847551.016   847601.026   847605.005
  1055:   848162.009   850840.001   855840.018   859207.003   859213.016
  1060:   859263.026   859265.061   859266.061   859267.061   859268.061
  1065:   859269.061
B:
     0:        0.000      120.000        0.000      120.000        0.000
     5:      244.000        0.000        0.000        0.000      244.000
    10:        0.000       32.000        0.000       32.000        0.000
    15:        0.000       69.000        0.000       69.000        0.000
    20:        0.000       31.000        0.000       31.000        0.000
    25:        0.000       69.000        0.000        0.000        0.000
    30:        0.000
D:
     0:   860697.000   852331.000   860698.000
E:
     0:     5000.000     5000.000
T:
     0:        0.000        0.000        0.000        0.000
W:
     0:        0.000        0.000        0.000
