File: C:\MED-PC IV\Data\Reyes\AY\AY4074.999


Start Date: 11/20/24
End Date: 11/20/24
Subject: 74
Experiment: AY
Group: SHORT
Box: 6
Start Time: 15:21:15
End Time: 15:43:21
MSN: DRRD_timeout_retract
C:       0.000
F:       0.000
G:       0.000
H:       0.000
I:       0.000
J:       0.000
K:   10000.000
L:       0.000
M:       0.000
N:     100.000
O:       0.000
P:    2500.000
Q:       0.000
R:       0.000
S:       0.000
U:    1847.000
V:       0.000
X:       0.000
Y:    1140.000
Z:       0.000
A:
     0:    15000.013    15000.011    16007.001    16774.003    16779.023
     5:    16779.021    16801.001    17180.003    19280.013    19280.011
    10:    19558.001    22485.003    22490.023    22490.021    24991.013
    15:    24991.011    25173.005    25320.009    25635.001    30478.003
    20:    30483.023    30483.021    31999.005    32024.009    32104.005
    25:    32122.009    32138.005    32477.009    32512.005    32551.009
    30:    32984.013    32984.011    33115.001    33284.003    33289.023
    35:    33289.021    35790.013    35790.011    37115.001    38991.003
    40:    38996.023    38996.021    39025.001    39123.003    41497.013
    45:    41497.011    43054.001    47277.003    47282.023    47282.021
    50:    49783.013    49783.011    50696.005    50955.009    50965.005
    55:    50980.009    50984.005    51042.009    51391.001    53208.003
    60:    53213.023    53213.021    53223.001    53518.003    55714.013
    65:    55714.011    58364.005    58451.009    58879.001    62648.003
    70:    62653.023    62653.021    62658.001    62939.003    64310.005
    75:    65154.013    65154.011    65386.009    65984.005    66043.009
    80:    66306.005    66356.009    66610.005    67637.009    67942.001
    85:    72033.003    72038.023    72038.021    74336.005    74539.013
    90:    74539.011    74544.009    74768.005    74967.009    75014.005
    95:    75024.009    75326.005    75332.009    75934.005    75976.009
   100:    76021.005    76030.009    76057.005    76085.009    76212.005
   105:    76216.009    76271.005    76279.009    76457.005    77051.009
   110:    77111.005    77124.009    77659.005    77750.009    78495.005
   115:    78502.009    78503.005    78505.009    78599.005    78742.009
   120:    78857.005    79964.009    80415.001    85415.018    86424.003
   125:    86430.016    86480.026    86557.005    88377.009    88448.005
   130:    88454.009    88992.001    89064.003    89069.023    89069.021
   135:    89075.001    89192.003    89982.005    90220.009    90243.005
   140:    90253.009    90909.005    90936.009    90966.005    91021.009
   145:    91054.005    91526.009    91570.013    91570.011    91904.005
   150:    91918.009    92311.005    92338.009    92522.005    92580.009
   155:    92732.005    92752.009    92765.005    92848.009    92896.005
   160:    92905.009    93391.005    93526.009    93586.005    93595.009
   165:    93831.005    94025.009    95280.005    97642.009    98194.001
   170:   102045.003   102050.023   102050.021   102641.005   102906.009
   175:   103586.005   104551.013   104551.011   104640.009   104917.001
   180:   107006.003   107011.023   107011.021   107071.001   107504.003
   185:   109165.005   109244.009   109383.005   109477.009   109499.005
   190:   109512.013   109512.011   109611.009   110006.001   113921.003
   195:   113926.023   113926.021   113986.001   114015.003   114472.005
   200:   116095.009   116117.005   116157.009   116427.013   116427.011
   205:   116679.001   121679.018   122278.003   122284.016   122334.026
   210:   122584.005   124114.009   124175.005   124968.009   124990.005
   215:   124996.009   125083.005   125092.009   125582.001   130582.018
   220:   135247.003   135253.016   135303.026   135425.005   136570.009
   225:   136574.005   136837.009   136895.005   137484.009   137974.001
   230:   142974.018   143539.003   143545.016   143595.026   143656.001
   235:   143722.003   143727.023   143727.021   143767.005   144521.009
   240:   144539.005   144737.009   144740.005   145029.009   145065.005
   245:   146082.009   146228.013   146228.011   146819.001   151523.003
   250:   151528.023   151528.021   153008.005   153464.009   153892.005
   255:   153895.009   154029.013   154029.011   154080.005   154177.009
   260:   154201.005   154245.009   154251.005   154259.009   154318.005
   265:   154333.009   154648.005   154669.009   154683.005   155574.009
   270:   156175.001   161175.018   162472.003   162478.016   162528.026
   275:   162841.005   163897.009   163924.005   164609.009   164982.001
   280:   169982.018   170011.003   170017.016   170067.026   170196.005
   285:   172648.009   172657.005   172754.009   173532.001   178008.003
   290:   178013.023   178013.021   178535.005   179221.009   179235.005
   295:   179714.009   180338.005   180464.009   180509.005   180514.013
   300:   180514.011   181045.009   181454.001   186454.018   186951.003
   305:   186957.016   187007.026   187117.005   188738.009   189454.001
   310:   193547.003   193552.023   193552.021   194095.005   194425.009
   315:   194573.005   194806.009   194977.005   195082.009   195308.005
   320:   195711.009   196053.013   196053.011   197998.005   198032.009
   325:   198117.005   199070.009   199608.005   199727.009   199784.005
   330:   199786.009   199851.005   199883.009   199928.005   200436.009
   335:   200521.005   200540.009   201084.005   201337.009   201351.005
   340:   201386.009   201389.005   201921.009   202426.001   207426.018
   345:   207809.003   207815.016   207865.026   208028.005   208350.009
   350:   208372.005   208377.009   208433.005   208455.009   208552.005
   355:   209584.009   210113.001   215113.018   216203.003   216209.016
   360:   216259.026   216415.005   218089.009   218120.005   219059.009
   365:   219549.001   224549.018   225150.003   225156.016   225206.026
   370:   225410.005   226248.009   226269.005   226475.009   227257.001
   375:   232257.018   232785.003   232791.016   232841.026   233016.005
   380:   234167.009   234789.001   239789.018   240100.003   240106.016
   385:   240156.026   240311.005   240810.009   241204.005   241261.009
   390:   241533.005   241570.009   241579.005   241607.009   241728.005
   395:   241871.009   241881.005   241956.009   242028.005   242375.009
   400:   242824.001   247824.018   248092.003   248098.016   248148.026
   405:   248257.005   249567.009   249578.005   249609.009   250066.001
   410:   254309.003   254314.023   254314.021   254804.005   255210.009
   415:   256327.005   256795.009   256815.013   256815.011   256859.005
   420:   256864.009   257916.005   258961.009   259074.005   259077.009
   425:   259660.001   264411.003   264416.023   264416.021   264935.005
   430:   265433.009   266917.013   266917.011   267846.005   268284.009
   435:   269566.005   270240.009   270368.005   271026.009   271587.001
   440:   276587.018   278635.003   278641.016   278691.026   278794.001
   445:   278825.003   278830.023   278830.021   279368.005   281331.013
   450:   281331.011   281461.009   282173.005   282821.009   283399.001
   455:   288399.018   288910.003   288916.016   288966.026   289217.005
   460:   290215.009   290224.005   291070.009   292890.005   293362.009
   465:   293373.005   293374.009   293844.001   293878.003   293883.023
   470:   293883.021   296350.005   296384.013   296384.011   297096.009
   475:   297122.005   297238.009   297999.001   302999.018   304665.003
   480:   304671.016   304721.026   304994.001   305483.003   305488.023
   485:   305488.021   305542.001   305581.003   305985.005   307445.009
   490:   307462.005   307696.009   307731.005   307989.013   307989.011
   495:   308150.009   308861.005   309388.009   309877.001   314877.018
   500:   316144.003   316150.016   316200.026   316364.005   317920.009
   505:   318497.001   318538.003   318543.023   318543.021   318568.001
   510:   318666.003   321044.013   321044.011   330293.005   330318.009
   515:   330328.005   330371.009   330383.005   331174.009   331745.001
   520:   332350.003   332355.023   332355.021   332986.005   333087.009
   525:   333188.005   333729.009   334856.013   334856.011   335166.005
   530:   335217.009   335256.005   335650.009   336437.001   336472.003
   535:   336477.023   336477.021   336517.001   336594.003   338022.005
   540:   338978.013   338978.011   339212.009   340234.005   340334.009
   545:   340391.005   340534.009   340601.005   340631.009   341023.005
   550:   342342.009   342452.005   342480.009   342810.005   342849.009
   555:   342930.005   343025.009   343108.005   343125.009   343739.001
   560:   348739.018   349602.003   349608.016   349658.026   349864.001
   565:   349954.003   349959.023   349959.021   350479.005   351942.009
   570:   351954.005   352460.013   352460.011   353667.009   354321.005
   575:   354488.009   355410.005   355665.009   356233.001   360491.003
   580:   360496.023   360496.021   360528.001   360582.003   361630.005
   585:   362997.013   362997.011   364540.009   364551.005   365443.009
   590:   366455.001   371357.003   371362.023   371362.021   372021.005
   595:   372879.009   373863.013   373863.011   373959.001   374458.003
   600:   374463.023   374463.021   375764.005   376964.013   376964.011
   605:   376968.009   377438.005   377548.009   377571.005   377719.009
   610:   378794.001   383362.003   383367.023   383367.021   384571.005
   615:   385833.009   385868.013   385868.011   386248.005   386418.009
   620:   386484.005   386610.009   387158.001   392158.018   394400.003
   625:   394406.016   394456.026   394650.005   395099.009   395131.005
   630:   395448.009   395484.005   395497.009   395573.005   395594.009
   635:   395764.005   396455.009   397105.001   402105.018   402320.003
   640:   402326.016   402376.026   402490.005   403852.009   403862.005
   645:   404354.009   404404.005   404656.009   405304.001   410304.018
   650:   410628.003   410634.016   410684.026   410894.005   412103.009
   655:   412109.005   412461.009   412481.005   412706.009   412730.005
   660:   412765.009   414497.005   414524.009   414535.005   414672.009
   665:   414686.005   415357.009   415371.005   415448.009   421137.005
   670:   421698.009   421730.005   422831.009   423055.005   424091.009
   675:   424146.005   424637.009   425399.001   430399.018   430992.003
   680:   430998.016   431048.026   431065.001   431111.003   431116.023
   685:   431116.021   431201.005   431981.009   431995.005   432305.009
   690:   432342.005   432359.009   432426.005   432640.009   433617.013
   695:   433617.011   433766.001   433888.003   433893.023   433893.021
   700:   434804.005   435527.009   435547.005   436394.013   436394.011
   705:   436590.009   438653.005   438745.009   438785.005   440561.009
   710:   440704.005   440712.009   441438.001   446190.003   446195.023
   715:   446195.021   446206.001   446301.003   447399.005   448472.009
   720:   448640.005   448696.013   448696.011   448808.009   448823.005
   725:   449076.009   449951.005   451146.009   451192.005   451196.009
   730:   451244.005   451250.009   452302.001   457302.018   458437.003
   735:   458443.016   458493.026   458564.005   460250.009   460834.001
   740:   465834.018   466045.003   466051.016   466101.026   466189.005
   745:   468301.009   468897.001   473897.018   474695.003   474701.016
   750:   474751.026   474917.005   476294.009   477190.001   482190.018
   755:   483207.003   483213.016   483248.001   483263.026   483315.003
   760:   483320.023   483320.021   483397.005   484353.009   484374.005
   765:   485097.009   485821.013   485821.011   485914.001   486352.003
   770:   486357.023   486357.021   486433.001   486468.003   488183.005
   775:   488627.009   488632.005   488635.009   488647.005   488711.009
   780:   488728.005   488794.009   488858.013   488858.011   489267.005
   785:   489316.009   490062.001   495028.003   495033.023   495033.021
   790:   496428.005   496851.009   497534.013   497534.011   497867.001
   795:   498007.003   498012.023   498012.021   498026.001   498123.003
   800:   498817.005   499185.009   500513.013   500513.011   500614.001
   805:   500727.003   500732.023   500732.021   503233.013   503233.011
   810:   503364.001   503590.003   503595.023   503595.021   503646.001
   815:   503660.003   504883.005   505809.009   506096.013   506096.011
   820:   506195.001   507110.003   507115.023   507115.021   507196.001
   825:   507219.003   509180.005   509543.009   509616.013   509616.011
   830:   509975.005   510184.009   510199.005   510229.009   510251.005
   835:   510258.009   511231.001   516231.018   516510.003   516516.016
   840:   516566.026   516651.005   517579.009   517585.005   518117.009
   845:   518842.001   519243.003   519248.023   519248.021   520526.005
   850:   520745.009   521749.013   521749.011   521834.001   521880.003
   855:   521885.023   521885.021   521937.001   521966.003   524386.013
   860:   524386.011   524510.001   524646.003   524651.023   524651.021
   865:   527152.013   527152.011   527309.001   527468.003   527473.023
   870:   527473.021   527500.001   527545.003   529385.005   529550.009
   875:   529727.005   529974.013   529974.011   530267.009   530970.001
   880:   532296.003   532301.023   532301.021   534802.013   534802.011
   885:   535487.001   535531.003   535536.023   535536.021   535610.001
   890:   535664.003   536147.005   537162.009   537263.005   537267.009
   895:   538037.013   538037.011   538821.001   539599.003   539604.023
   900:   539604.021   540463.005   540648.009   542105.013   542105.011
   905:   542179.001   542190.003   542195.023   542195.021   544696.013
   910:   544696.011   544819.001   545166.003   545171.023   545171.021
   915:   547672.013   547672.011   547952.001   548124.003   548129.023
   920:   548129.021   548640.005   549225.009   549926.005   549953.009
   925:   549984.005   550190.009   550630.013   550630.011   550763.001
   930:   550982.003   550987.023   550987.021   551014.001   551068.003
   935:   553488.013   553488.011   553599.001   553767.003   553772.023
   940:   553772.021   555444.005   556101.009   556273.013   556273.011
   945:   556772.001   557712.003   557717.023   557717.021   560218.013
   950:   560218.011   560329.001   560356.003   560361.023   560361.021
   955:   561373.005   561384.009   561449.005   561630.009   561875.005
   960:   561889.009   562862.013   562862.011   562968.001   563571.003
   965:   563576.023   563576.021   563602.001   563685.003   566077.013
   970:   566077.011   566598.001   566766.003   566771.023   566771.021
   975:   568445.005   568465.009   568485.005   568912.009   569272.013
   980:   569272.011   571349.001   571567.003   571572.023   571572.021
   985:   574073.013   574073.011   574316.001   574541.003   574546.023
   990:   574546.021   577047.013   577047.011   577213.001   577447.003
   995:   577452.023   577452.021   577960.005   577972.009   577993.005
  1000:   578283.009   578351.005   578755.009   579953.013   579953.011
  1005:   580059.001   580454.003   580459.023   580459.021   580496.001
  1010:   580555.003   582960.013   582960.011   583074.001   583369.003
  1015:   583374.023   583374.021   585875.013   585875.011   586049.001
  1020:   586203.003   586208.023   586208.021   586838.005   587485.009
  1025:   588709.013   588709.011   588820.001   589263.003   589268.023
  1030:   589268.021   589807.005   590215.009   591769.013   591769.011
  1035:   592012.001   592149.003   592154.023   592154.021   594127.005
  1040:   594264.009   594655.013   594655.011   595948.005   596030.009
  1045:   596065.005   596272.009   596297.005   596358.009   597072.001
  1050:   601390.003   601395.023   601395.021   601784.005   601922.009
  1055:   601957.005   601991.009   603896.013   603896.011   604011.001
  1060:   604122.003   604127.023   604127.021   604138.001   604220.003
  1065:   606628.013   606628.011   607587.001   612587.018   612944.003
  1070:   612950.016   613000.026   613213.005   614167.009   614184.005
  1075:   614664.009   615379.001   620379.018   620931.003   620937.016
  1080:   620987.026   621050.005   621993.009   621995.005   622949.009
  1085:   622962.005   623026.009   623074.005   623080.009   623748.001
  1090:   628748.018   629246.003   629252.016   629302.026   629342.005
  1095:   631058.009   631706.001   636706.018   637687.003   637693.016
  1100:   637743.026   637859.005   639814.009   639844.005   639955.009
  1105:   643785.005   643948.009   644543.001   649347.003   649352.023
  1110:   649352.021   650150.005   651335.009   651376.005   651435.009
  1115:   651488.005   651853.013   651853.011   652001.009   652972.001
  1120:   657210.003   657215.023   657215.021   659716.013   659716.011
  1125:   660012.001   660532.003   660537.023   660537.021   661382.005
  1130:   661448.009   661486.005   662173.009   663038.013   663038.011
  1135:   663039.061   663040.061   663041.061   663042.061   663043.061
B:
     0:        0.000      123.000        0.000      123.000        0.000
     5:      259.000        0.000        0.000        0.000      259.000
    10:        0.000       70.000        0.000       70.000        0.000
    15:        0.000       31.000        0.000       31.000        0.000
    20:        0.000       69.000        0.000       69.000        0.000
    25:        0.000       31.000        0.000        0.000        0.000
    30:        0.000
D:
     0:   662378.000   661859.000   662379.000
E:
     0:     5000.000     5000.000
T:
     0:        0.000        0.000        0.000        0.000
W:
     0:        0.000        0.000        0.000
