File: C:\MED-PC IV\Data\Reyes\AY\AY4059.999


Start Date: 11/23/24
End Date: 11/23/24
Subject: 59
Experiment: AY
Group: LONG
Box: 6
Start Time: 14:16:59
End Time: 14:44:28
MSN: DRRD_timeout_retract
C:       0.000
F:       0.000
G:       0.000
H:       0.000
I:       0.000
J:       0.000
K:   10000.000
L:       0.000
M:       0.000
N:     100.000
O:       0.000
P:    5000.000
Q:       0.000
R:       0.000
S:       0.000
U:  222997.000
V:       0.000
X:       0.000
Y:     813.000
Z:       0.000
A:
     0:   222820.005   222928.009       14.005      185.009     2857.005
     5:     2897.009    15000.013    15000.011    15112.001    20112.018
    10:    20347.003    20353.016    20403.026    20439.005    20820.009
    15:    21017.001    26017.018    26824.003    26830.016    26880.026
    20:    26944.005    27319.009    28106.001    32411.003    32416.023
    25:    32416.021    32497.005    32704.009    32809.005    32920.009
    30:    37417.013    37417.011    37524.001    42235.003    42240.023
    35:    42240.021    42349.005    42483.009    45688.005    45702.009
    40:    45725.005    45803.009    47241.013    47241.011    47334.001
    45:    52334.018    53354.003    53360.016    53410.026    53429.005
    50:    53757.009    54282.001    59282.018    60397.003    60403.016
    55:    60453.026    60472.005    60869.009    61466.001    65816.003
    60:    65821.023    65821.021    70822.013    70822.011    70921.001
    65:    75921.018    76809.003    76815.016    76865.026    76958.005
    70:    77222.009    77874.001    82874.018    83098.003    83104.016
    75:    83154.026    83195.005    83483.009    83953.001    88953.018
    80:    89668.003    89674.016    89724.026    89748.005    90128.009
    85:    91409.001    96409.018    96534.003    96540.016    96590.026
    90:    96608.005    97003.009    97859.001   102796.003   102801.023
    95:   102801.021   107802.013   107802.011   107897.001   107906.003
   100:   107911.023   107911.021   107915.001   108102.003   108688.001
   105:   110955.003   112912.013   112912.011   113017.001   118017.018
   110:   118413.003   118419.016   118469.026   118522.005   118818.009
   115:   119233.001   124233.018   125055.003   125061.016   125111.026
   120:   125176.005   125494.009   126851.001   129174.003   129179.023
   125:   129179.021   129181.001   129511.003   134180.013   134180.011
   130:   134233.001   138050.003   138055.023   138055.021   138218.005
   135:   138273.009   143056.013   143056.011   143175.001   147759.003
   140:   147764.023   147764.021   152765.013   152765.011   152851.001
   145:   156915.003   156920.023   156920.021   161921.013   161921.011
   150:   162014.001   167014.018   167735.003   167741.016   167791.026
   155:   167810.005   168192.009   168646.001   173646.018   174297.003
   160:   174303.016   174353.026   174381.005   174793.009   175423.001
   165:   180313.003   180318.023   180318.021   180410.005   180545.009
   170:   185319.013   185319.011   185412.001   190412.018   191748.003
   175:   191754.016   191804.026   191825.005   192175.009   192692.001
   180:   192756.003   192761.023   192761.021   192823.001   193388.003
   185:   195036.001   196005.003   197046.001   197762.013   197762.011
   190:   198139.005   198427.009   198430.005   198438.009   198464.005
   195:   198824.009   199429.005   199622.009   201363.005   201381.009
   200:   201391.005   201424.009   202736.005   202758.009   202764.018
   205:   202775.005   202855.009   211353.005   211396.009   223433.005
   210:   223442.009   223453.005   223491.009   223897.005   223912.009
   215:   223923.005   223956.009   223998.005   224019.009   224145.005
   220:   224176.009   236032.005   236056.009   236068.005   236532.009
   225:   241959.003   241965.016   242015.026   245472.001   248137.003
   230:   248142.023   248142.021   248397.005   248827.009   253143.013
   235:   253143.011   253255.001   255872.003   255877.023   255877.021
   240:   255946.005   256114.009   257259.005   257276.009   257283.005
   245:   257644.009   260878.013   260878.011   261016.001   264267.003
   250:   264272.023   264272.021   269273.013   269273.011   269367.001
   255:   274367.018   274454.003   274460.016   274510.026   274521.005
   260:   274854.009   275686.001   280199.003   280204.023   280204.021
   265:   285205.013   285205.011   285271.001   285278.003   285283.023
   270:   285283.021   285290.001   285524.003   290284.013   290284.011
   275:   290396.001   294945.003   294950.023   294950.021   295010.005
   280:   295205.009   295249.005   295254.009   299951.013   299951.011
   285:   300061.001   300070.003   300075.023   300075.021   300082.001
   290:   300341.003   300708.001   302496.003   305076.013   305076.011
   295:   305179.001   310179.018   310729.003   310735.016   310785.026
   300:   310791.005   311266.009   311798.001   316798.018   317044.003
   305:   317050.016   317100.026   317120.005   317445.009   317889.001
   310:   321602.003   321607.023   321607.021   326608.013   326608.011
   315:   326687.001   331687.018   332227.003   332233.016   332283.026
   320:   332300.005   332609.009   333420.001   338184.003   338189.023
   325:   338189.021   338264.005   338455.009   343190.013   343190.011
   330:   343264.001   343272.003   343277.023   343277.021   343279.001
   335:   343527.003   348278.013   348278.011   348355.001   348361.003
   340:   348366.023   348366.021   348399.001   348427.003   351266.005
   345:   351427.009   353367.013   353367.011   353464.001   358464.018
   350:   360165.003   360171.016   360221.026   360247.005   360768.009
   355:   360919.005   361302.009   361689.001   366089.003   366094.023
   360:   366094.021   371095.013   371095.011   371183.001   376183.018
   365:   376218.003   376224.016   376274.026   376293.005   376670.009
   370:   377155.001   382026.003   382031.023   382031.021   387032.013
   375:   387032.011   387109.001   392109.018   392315.003   392321.016
   380:   392371.026   392380.005   392798.009   393335.001   398280.003
   385:   398285.023   398285.021   398375.005   398540.009   398615.005
   390:   398647.009   398669.005   398672.009   403286.013   403286.011
   395:   403362.001   408362.018   408804.003   408810.016   408860.026
   400:   408892.005   409232.009   409908.001   414908.018   414948.003
   405:   414954.016   415004.026   415037.005   415339.009   416018.001
   410:   420171.003   420176.023   420176.021   425177.013   425177.011
   415:   425280.001   430280.018   430427.003   430433.016   430483.026
   420:   430508.005   431146.009   431703.001   435815.003   435820.023
   425:   435820.021   436667.005   436809.009   440821.013   440821.011
   430:   441007.001   445459.003   445464.023   445464.021   445502.001
   435:   445556.003   450465.013   450465.011   450609.001   455431.003
   440:   455436.023   455436.021   455557.005   455667.009   460437.013
   445:   460437.011   460500.001   465500.018   465532.003   465538.016
   450:   465588.026   465671.005   465927.009   466284.001   470350.003
   455:   470355.023   470355.021   470444.005   470616.009   470625.005
   460:   470686.009   475356.013   475356.011   475421.001   480330.003
   465:   480335.023   480335.021   480420.005   480545.009   485336.013
   470:   485336.011   485442.001   489273.003   489278.023   489278.021
   475:   489358.005   489685.009   494279.013   494279.011   494357.001
   480:   499342.003   499347.023   499347.021   499412.005   499613.009
   485:   504009.005   504018.009   504348.013   504348.011   504406.001
   490:   509406.018   510588.003   510594.016   510644.026   510654.005
   495:   511087.009   511469.001   516469.018   517422.003   517428.016
   500:   517478.026   517489.005   517822.009   518345.001   523111.003
   505:   523116.023   523116.021   523187.005   523525.009   528117.013
   510:   528117.011   528245.001   533245.018   533964.003   533970.016
   515:   534020.026   534038.005   534547.009   535137.001   540137.018
   520:   540352.003   540358.016   540408.026   540427.005   540868.009
   525:   542007.001   547007.018   547160.003   547166.016   547216.026
   530:   547237.005   547731.009   548820.001   553078.003   553083.023
   535:   553083.021   553169.005   553420.009   558084.013   558084.011
   540:   558196.001   563196.018   563288.003   563294.016   563344.026
   545:   563361.005   563710.009   564770.001   569447.003   569452.023
   550:   569452.021   569536.005   569676.009   574453.013   574453.011
   555:   574523.001   578709.003   578714.023   578714.021   578781.005
   560:   578976.009   583715.013   583715.011   583804.001   587728.003
   565:   587733.023   587733.021   587806.005   588023.009   592734.013
   570:   592734.011   592815.001   597815.018   597869.003   597875.016
   575:   597911.001   597925.026   597946.003   597951.023   597951.021
   580:   598025.005   598320.009   599002.005   599311.009   602952.013
   585:   602952.011   603068.001   607408.003   607413.023   607413.021
   590:   607494.005   607703.009   612414.013   612414.011   612493.001
   595:   617196.003   617201.023   617201.021   617258.005   617516.009
   600:   620444.005   620538.009   622202.013   622202.011   622345.001
   605:   627231.003   627236.023   627236.021   627291.005   627716.009
   610:   632237.013   632237.011   632321.001   637161.003   637166.023
   615:   637166.021   637257.005   637452.009   642167.013   642167.011
   620:   642270.001   647270.018   648154.003   648160.016   648210.026
   625:   648213.005   648716.009   649433.001   654433.018   655476.003
   630:   655482.016   655532.026   655550.005   656045.009   656618.001
   635:   661618.018   662621.003   662627.016   662677.026   662694.005
   640:   663260.009   663959.001   668959.018   669441.003   669447.016
   645:   669497.026   669531.005   670052.009   670952.001   671085.003
   650:   671090.023   671090.021   671151.001   673482.003   673909.001
   655:   673924.003   673996.001   674243.003   676091.013   676091.011
   660:   676180.001   680586.003   680591.023   680591.021   680654.005
   665:   681016.009   685592.013   685592.011   685695.001   690695.018
   670:   690926.003   690932.016   690982.026   690997.005   691355.009
   675:   691935.001   696505.003   696510.023   696510.021   701511.013
   680:   701511.011   701597.001   706597.018   706802.003   706808.016
   685:   706856.005   706858.026   707518.009   708338.001   708763.003
   690:   708768.023   708768.021   708795.001   709192.003   713769.013
   695:   713769.011   713886.001   718884.003   718889.023   718889.021
   700:   718939.005   719286.009   723890.013   723890.011   723982.001
   705:   728376.003   728381.023   728381.021   728452.005   728655.009
   710:   733382.013   733382.011   733473.001   738473.018   739018.003
   715:   739024.016   739074.026   739080.005   739488.009   739866.001
   720:   744866.018   745845.003   745851.016   745901.026   745917.005
   725:   746271.009   746936.001   751936.018   752240.003   752246.016
   730:   752296.026   752312.005   752766.009   754309.001   759309.018
   735:   759449.003   759455.016   759505.026   759517.005   760101.009
   740:   760777.001   761540.003   761545.023   761545.021   761566.001
   745:   761664.003   766546.013   766546.011   766636.001   771636.018
   750:   772037.003   772043.016   772093.026   772100.005   772520.009
   755:   773196.001   778196.018   778654.003   778660.016   778710.026
   760:   778724.005   779200.009   779257.005   779319.009   780673.001
   765:   785673.018   786451.003   786457.016   786505.005   786507.026
   770:   786984.009   788129.001   793069.003   793074.023   793074.021
   775:   793139.005   793445.009   798075.013   798075.011   798437.001
   780:   799128.003   799133.023   799133.021   799177.001   800189.003
   785:   804134.013   804134.011   804199.001   809199.018   809712.003
   790:   809718.016   809730.001   809768.026   809912.003   809917.023
   795:   809917.021   809982.005   810501.009   814918.013   814918.011
   800:   815073.001   819561.003   819566.023   819566.021   819619.005
   805:   819863.009   824567.013   824567.011   824568.061   824569.061
   810:   824570.061   824571.061   824572.061
B:
     0:        0.000      117.000        0.000      117.000        0.000
     5:      109.000        0.000        0.000        0.000      109.000
    10:        0.000       55.000        0.000       55.000        0.000
    15:        0.000       46.000        0.000       46.000        0.000
    20:        0.000       54.000        0.000       54.000        0.000
    25:        0.000       46.000        0.000        0.000        0.000
    30:        0.000
D:
     0:  1042557.000  1038070.000  1042558.000
E:
     0:     5000.000     5000.000
T:
     0:        0.000        0.000        0.000        0.000
W:
     0:        0.000        0.000        0.000
