File: C:\MED-PC IV\Data\Reyes\AY\AY4064.999


Start Date: 11/22/24
End Date: 11/22/24
Subject: 64
Experiment: AY
Group: SHORT
Box: 2
Start Time: 15:37:10
End Time: 16:01:04
MSN: DRRD_timeout_retract
C:       0.000
F:       1.000
G:       0.000
H:       0.000
I:       0.000
J:       0.000
K:   10000.000
L:       0.000
M:       0.000
N:     100.000
O:       0.000
P:    2500.000
Q:       0.000
R:       0.000
S:       0.000
U: 1608723.000
V:       0.000
X:       0.000
Y:    1424.000
Z:       0.000
A:
     0:  1608472.005  1608547.009    13305.005    13369.009    15000.013
     5:    15000.011    15672.001    15959.003    15964.023    15964.021
    10:    15985.001    16062.003    18465.013    18465.011    18916.001
    15:    19170.003    19175.023    19175.021    21676.013    21676.011
    20:    22122.001    22924.005    23263.009    23278.005    27122.018
    25:    29264.003    29270.016    29320.026    29373.009    29395.005
    30:    29887.009    30332.001    30478.003    30483.023    30483.021
    35:    32984.013    32984.011    33408.001    33595.003    33600.023
    40:    33600.021    33620.001    33707.003    35396.005    35464.009
    45:    36101.013    36101.011    36157.001    36177.003    36182.023
    50:    36182.021    38683.013    38683.011    39032.001    39210.003
    55:    39215.023    39215.021    39231.001    39561.003    41716.013
    60:    41716.011    42219.001    47219.018    47934.003    47940.016
    65:    47990.026    48068.005    48507.009    48538.005    48544.009
    70:    48948.001    49140.003    49145.023    49145.021    49169.001
    75:    49394.003    51646.013    51646.011    52069.001    52499.005
    80:    52515.009    52578.005    52735.009    57069.018    57407.003
    85:    57413.016    57463.026    57484.005    57524.009    57551.005
    90:    57954.009    57956.005    57962.009    57964.005    58056.009
    95:    58492.001    58782.003    58787.023    58787.021    58823.001
   100:    59009.003    61288.013    61288.011    61711.001    62117.005
   105:    62311.009    62323.005    62347.009    64024.005    64111.009
   110:    64155.005    64183.009    66711.018    68214.003    68220.016
   115:    68270.026    68292.005    68333.009    68355.005    68745.009
   120:    70683.001    70821.003    70826.023    70826.021    70829.001
   125:    71051.003    73327.013    73327.011    73730.001    74140.005
   130:    74335.009    74389.005    76407.009    76408.005    78730.018
   135:    81128.003    81134.016    81184.026    81239.009    81285.005
   140:    81633.009    81676.005    81683.009    81684.005    81690.009
   145:    82319.001    82612.003    82617.023    82617.021    82634.001
   150:    82847.003    85118.013    85118.011    85489.001    90489.018
   155:    91291.003    91297.016    91347.026    91489.005    92042.009
   160:    92664.001    92911.003    92916.023    92916.021    92952.001
   165:    93030.003    95417.013    95417.011    95727.001    96051.005
   170:    96406.009    96433.005    96492.009    96635.005    96670.009
   175:    99011.005    99066.009    99192.005   100727.018   102479.003
   180:   102485.016   102535.026   102551.009   102575.005   102961.009
   185:   102984.005   103010.009   103035.005   103040.009   103044.005
   190:   103082.009   103090.005   103138.009   103170.005   103258.009
   195:   105149.001   105362.003   105367.023   105367.021   105371.001
   200:   105603.003   107868.013   107868.011   108227.001   108324.003
   205:   108329.023   108329.021   108336.001   108582.003   110830.013
   210:   110830.011   111212.001   111885.005   111907.009   112672.005
   215:   112769.009   113015.005   113024.009   114159.005   114188.009
   220:   114195.005   114261.009   116212.018   117923.003   117929.016
   225:   117979.005   117979.026   117988.009   118004.005   118514.009
   230:   119252.001   119552.005   119636.009   119671.005   120801.009
   235:   120933.005   124252.018   124336.003   124342.016   124392.026
   240:   124556.009   124591.005   125146.009   125870.001   126522.005
   245:   126805.009   127771.005   127825.009   127843.005   127897.009
   250:   127958.005   130870.018   132373.003   132379.016   132429.026
   255:   132457.009   132505.005   132752.009   133871.001   134460.005
   260:   134476.009   134480.005   134490.009   134515.005   138395.009
   265:   138871.018   141361.003   141367.016   141417.026   141514.005
   270:   141526.009   141560.005   141931.009   142762.001   143296.005
   275:   145281.009   145287.005   145330.009   145374.005   147762.018
   280:   150743.003   150749.016   150799.026   150833.009   150878.005
   285:   151379.009   151413.005   151463.009   153765.001   154143.005
   290:   154152.009   154160.005   154207.009   154356.005   158765.018
   295:   161649.003   161655.016   161705.026   161719.009   161752.005
   300:   162177.009   163334.001   163760.005   163783.009   163799.005
   305:   164083.009   164275.005   164291.009   164698.005   167708.009
   310:   168334.018   170679.003   170685.016   170735.026   170795.005
   315:   171164.009   171709.005   171730.009   171746.005   171773.009
   320:   171792.005   171845.009   172288.001   173007.005   173164.009
   325:   173168.005   173555.009   174670.005   175008.009   175222.005
   330:   175822.009   177288.018   180205.003   180211.016   180261.005
   335:   180261.026   180325.009   180362.005   180629.009   180630.005
   340:   180641.009   180727.005   180735.009   181715.001   182055.003
   345:   182060.023   182060.021   182071.001   182371.003   183477.005
   350:   183492.009   183657.005   183715.009   184561.013   184561.011
   355:   185573.001   186335.005   188669.009   188742.005   188913.009
   360:   189274.005   190573.018   193482.009   193524.005   193582.009
   365:   194006.003   194012.016   194013.005   194062.026   194081.009
   370:   194120.005   194564.009   194593.005   194700.009   196729.001
   375:   197269.005   197794.009   197825.005   197868.009   199027.005
   380:   199153.009   199296.005   201679.009   201729.018   204433.003
   385:   204439.016   204471.005   204489.026   204504.009   204513.005
   390:   204534.009   204550.005   204963.009   205051.005   205083.009
   395:   205152.005   205173.009   206247.001   206799.005   206984.009
   400:   206998.005   207019.009   211247.018   213446.003   213452.016
   405:   213502.026   213611.005   213847.009   213851.005   213861.009
   410:   213904.005   213924.009   213960.005   214022.009   214823.001
   415:   215198.003   215203.023   215203.021   215218.001   215484.003
   420:   217704.013   217704.011   221414.001   221727.005   222068.009
   425:   222103.005   226414.018   229156.003   229162.016   229212.026
   430:   229246.009   229293.005   229756.009   229775.005   229827.009
   435:   230794.001   231247.005   231795.009   231826.005   231993.009
   440:   232324.005   232955.009   232971.005   232982.009   233261.005
   445:   233285.009   235658.005   235669.009   235794.018   238753.003
   450:   238759.016   238791.005   238805.009   238809.026   238837.005
   455:   238860.009   238873.005   239364.009   239466.005   239470.009
   460:   240750.001   241994.005   242922.009   242976.005   245750.018
   465:   245958.009   246556.005   246928.009   248350.005   248486.009
   470:   248530.003   248536.016   248540.005   248583.009   248586.026
   475:   248629.005   249102.009   249149.005   249402.009   249455.005
   480:   249483.009   252506.001   252996.005   253531.009   253584.005
   485:   253663.009   253685.005   253710.009   253839.005   253960.009
   490:   253988.005   254005.009   257506.018   259441.003   259447.016
   495:   259497.026   259533.005   260010.009   260830.001   260967.003
   500:   260972.023   260972.021   260983.001   261168.003   263473.013
   505:   263473.011   263855.001   264018.005   264493.009   264515.005
   510:   265352.009   265395.005   268855.018   271511.003   271517.016
   515:   271567.026   271578.009   271616.005   271955.009   272075.005
   520:   272082.009   272147.005   272179.009   273889.001   274615.005
   525:   278889.018   279293.009   283163.003   283169.016   283193.005
   530:   283219.026   283263.009   283285.005   284110.009   284786.001
   535:   285321.005   285351.009   285693.005   285701.009   286019.005
   540:   286059.009   289786.018   291591.003   291597.016   291643.005
   545:   291647.026   291664.009   291693.005   291977.009   292025.005
   550:   292140.009   292849.001   293286.003   293291.023   293291.021
   555:   293333.001   293516.003   295792.013   295792.011   296148.001
   560:   297124.005   301148.018   303229.003   303235.016   303285.026
   565:   303403.009   303452.005   303706.009   304457.001   305385.005
   570:   305461.009   305581.005   305604.009   305624.005   305654.009
   575:   306031.005   306276.009   306288.005   306408.009   306520.005
   580:   306612.009   306626.005   309457.018   311574.003   311580.016
   585:   311621.009   311630.026   311656.005   311969.009   312018.005
   590:   312022.009   312046.005   312058.009   312079.005   312086.009
   595:   312154.005   312164.009   312656.001   312989.003   312994.023
   600:   312994.021   313007.001   313297.003   315495.013   315495.011
   605:   315887.001   316316.005   316338.009   316356.005   320887.018
   610:   322642.003   322648.016   322698.026   322747.009   322768.005
   615:   323080.009   323129.005   323140.009   323286.005   323298.009
   620:   323346.005   323437.009   324099.001   324755.005   324868.009
   625:   329099.018   333249.003   333255.016   333305.026   333342.005
   630:   333843.009   333846.005   333861.009   334702.001   339702.018
   635:   343115.003   343121.016   343171.026   343199.005   343531.009
   640:   343554.005   343588.009   343639.005   343671.009   343741.005
   645:   343768.009   344373.001   344845.003   344850.023   344850.021
   650:   344870.001   345047.003   347351.013   347351.011   349417.001
   655:   349930.005   350942.009   351101.005   351260.009   351263.005
   660:   351350.009   351380.005   351835.009   351865.005   351886.009
   665:   351912.005   351926.009   351949.005   352388.009   352436.005
   670:   354417.018   355537.009   358513.003   358519.016   358539.005
   675:   358569.026   358592.009   358621.005   358995.009   359595.001
   680:   360326.005   360432.009   360638.005   360645.009   360652.005
   685:   360663.009   360679.005   361004.009   362181.005   362313.009
   690:   362318.005   362336.009   362342.005   362393.009   362398.005
   695:   362407.009   362976.005   364595.018   364783.009   367697.003
   700:   367703.016   367704.005   367753.026   367757.009   367785.005
   705:   368324.009   368377.005   368449.009   369207.001   369895.005
   710:   369902.009   372255.005   374207.018   375826.003   375832.016
   715:   375882.026   375952.009   375997.005   376415.009   377042.001
   720:   377279.003   377284.023   377284.021   377313.001   377400.003
   725:   379785.013   379785.011   380110.001   380656.005   383470.009
   730:   383478.005   383632.009   384709.005   384737.009   384744.005
   735:   384903.009   385110.018   385130.005   385232.009   386028.005
   740:   386077.009   388251.003   388257.016   388307.026   388365.005
   745:   388851.009   388884.005   388896.009   388898.005   388903.009
   750:   388974.005   389017.009   389018.005   389028.009   389165.005
   755:   389176.009   389193.005   389197.009   389527.001   390427.005
   760:   390437.009   394527.018   396754.003   396760.016   396810.026
   765:   396848.005   397227.009   397254.005   397372.009   397677.001
   770:   398275.003   398280.023   398280.021   400781.013   400781.011
   775:   401180.001   401905.005   402341.009   406180.018   408400.003
   780:   408406.016   408456.026   408489.005   408796.009   408828.005
   785:   408934.009   410111.001   410452.003   410457.023   410457.021
   790:   410470.001   410634.003   412958.013   412958.011   413386.001
   795:   413832.005   413895.009   413915.005   413974.009   416605.005
   800:   416987.009   418386.018   420000.003   420006.016   420043.005
   805:   420054.009   420056.026   420092.005   420437.009   420469.005
   810:   420709.009   421338.001   422922.005   423004.009   425325.005
   815:   425352.009   426338.018   429000.003   429006.016   429056.026
   820:   429094.005   429113.009   429115.005   429518.009   429640.005
   825:   429645.009   429650.005   429690.009   429789.005   429801.009
   830:   429804.005   429897.009   429920.005   429975.009   430455.001
   835:   431375.005   435455.018   437896.003   437902.016   437942.009
   840:   437952.026   437985.005   438769.009   438798.005   438805.009
   845:   439424.001   440038.005   440083.009   440408.005   440703.009
   850:   441683.005   441717.009   442735.005   442744.009   444424.018
   855:   446714.003   446720.016   446770.026   446812.005   446826.009
   860:   446837.005   447287.009   447408.005   447471.009   448093.001
   865:   448680.005   449113.009   450429.005   450477.009   450512.005
   870:   450595.009   450702.005   450710.009   451020.005   452116.009
   875:   452128.005   452284.009   453093.018   455432.003   455438.016
   880:   455486.005   455488.026   455526.009   455546.005   455997.009
   885:   456127.005   456140.009   456144.005   456156.009   456505.001
   890:   457513.005   461311.009   461315.005   461505.018   462113.009
   895:   464567.003   464573.016   464618.005   464623.026   464713.009
   900:   464722.005   464973.009   464976.005   465009.009   465488.005
   905:   465553.009   466128.001   466701.005   466760.009   471128.018
   910:   474204.003   474210.016   474260.026   474337.005   474849.009
   915:   474872.005   474879.009   475423.001   475643.003   475648.023
   920:   475648.021   475661.001   475747.003   478149.013   478149.011
   925:   478451.001   479044.005   479107.009   479129.005   479412.009
   930:   479473.005   483451.018   486245.003   486251.016   486301.026
   935:   486329.009   486349.005   486754.009   486887.005   486907.009
   940:   487955.001   488720.005   492955.018   494280.003   494286.016
   945:   494336.026   494358.009   494384.005   495003.009   495007.005
   950:   495018.009   495023.005   495048.009   495050.005   495085.009
   955:   495100.005   495105.009   495198.005   495210.009   495268.005
   960:   495277.009   495728.001   496127.003   496132.023   496132.021
   965:   496173.001   496330.003   498633.013   498633.011   498950.001
   970:   499075.003   499080.023   499080.021   499092.001   499304.003
   975:   501581.013   501581.011   504788.001   505025.005   505120.009
   980:   505194.005   505377.009   505420.005   505539.009   506012.005
   985:   506089.009   506262.005   508696.009   509788.018   512573.003
   990:   512579.016   512629.026   512755.005   513069.009   513072.005
   995:   513138.009   513866.001   514360.005   514795.009   516335.005
  1000:   516364.009   516445.005   516497.009   516523.005   517134.009
  1005:   518866.018   521239.003   521245.016   521295.026   521338.005
  1010:   521861.009   521909.005   521913.009   521914.005   521931.009
  1015:   522671.001   523048.005   523429.009   523501.005   527671.018
  1020:   530628.003   530634.016   530684.026   530722.009   530749.005
  1025:   531035.009   531105.005   531130.009   531157.005   531161.009
  1030:   531182.005   531293.009   531858.001   532341.005   532347.009
  1035:   534369.005   535581.009   536858.018   539330.003   539336.016
  1040:   539386.026   539475.005   539790.009   539815.005   539834.009
  1045:   539836.005   539983.009   540687.001   541491.005   541532.009
  1050:   541540.005   541803.009   543193.005   543208.009   543233.005
  1055:   545687.018   546381.009   546397.005   546757.009   546916.005
  1060:   546930.009   546985.005   547224.009   547410.005   548562.009
  1065:   548573.005   548599.009   548600.005   548605.009   548607.003
  1070:   548613.016   548626.005   548639.009   548649.005   548663.026
  1075:   548667.009   548714.005   549384.009   550822.001   551416.005
  1080:   555822.018   560114.003   560120.016   560170.026   560190.009
  1085:   560210.005   560630.009   560641.005   560688.009   560690.005
  1090:   560708.009   561210.001   562118.005   563058.009   563715.005
  1095:   566210.018   567722.009   567758.005   567806.009   568537.005
  1100:   568563.009   569866.003   569872.016   569906.005   569922.026
  1105:   570383.009   570407.005   570425.009   570426.005   570552.009
  1110:   571132.001   571355.003   571360.023   571360.021   571400.001
  1115:   571496.003   573861.013   573861.011   574182.001   574488.005
  1120:   576612.009   576844.005   579182.018   580045.003   580051.016
  1125:   580101.026   580112.009   580132.005   580483.009   580610.005
  1130:   580672.009   580768.005   580810.009   581353.001   582022.005
  1135:   582225.009   582326.005   586353.018   588578.003   588584.016
  1140:   588634.026   588679.009   588693.005   589181.009   589194.005
  1145:   589202.009   589216.005   589253.009   589430.005   589470.009
  1150:   589477.005   589486.009   589805.001   590228.003   590233.023
  1155:   590233.021   592734.013   592734.011   593098.001   593829.005
  1160:   598098.018   599817.003   599823.016   599873.026   599887.009
  1165:   599921.005   600242.009   600306.005   600338.009   600392.005
  1170:   600449.009   600773.001   601323.003   601328.023   601328.021
  1175:   601364.001   601466.003   603829.013   603829.011   604553.001
  1180:   604980.005   605081.009   605089.005   605261.009   606713.005
  1185:   607040.009   607183.005   607250.009   607261.005   607478.009
  1190:   607821.005   608073.009   609553.018   612008.003   612014.016
  1195:   612064.026   612065.005   612125.009   612135.005   612566.009
  1200:   613203.001   613965.005   614191.009   618203.018   620944.003
  1205:   620950.016   621000.026   621048.005   621473.009   621590.005
  1210:   621619.009   622791.001   627791.018   630426.003   630432.016
  1215:   630482.026   630541.005   631217.009   632063.001   632487.005
  1220:   632583.009   632774.005   633282.009   633332.005   633369.009
  1225:   633519.005   634012.009   634241.005   634262.009   634270.005
  1230:   637063.018   637381.009   637397.005   637496.009   637530.005
  1235:   637588.009   637665.005   637712.009   638308.005   638422.009
  1240:   638539.005   638740.009   639071.005   639615.009   639687.005
  1245:   639717.003   639723.016   639761.009   639773.026   639793.005
  1250:   640427.009   643665.001   643938.005   643947.009   644087.005
  1255:   646349.009   647924.003   647929.023   647929.021   647941.001
  1260:   648139.003   649138.005   649165.009   649182.005   649190.009
  1265:   649198.005   649204.009   649289.005   649382.009   650430.013
  1270:   650430.011   650741.001   650895.003   650900.023   650900.021
  1275:   650904.001   651189.003   653401.013   653401.011   653751.001
  1280:   653942.003   653947.023   653947.021   653950.001   654073.003
  1285:   656448.013   656448.011   656811.001   656913.003   656918.023
  1290:   656918.021   659419.013   659419.011   659704.001   660182.005
  1295:   664568.003   664573.023   664573.021   664680.009   665670.005
  1300:   665759.009   667074.013   667074.011   667476.001   667753.005
  1305:   667760.009   668001.005   668074.009   668093.005   668107.009
  1310:   668381.005   668398.009   668548.005   668647.009   668717.005
  1315:   668738.009   668800.005   668937.009   669027.005   672129.009
  1320:   672174.005   672476.018   672847.009   672855.005   672871.009
  1325:   672911.005   672945.009   673040.005   673124.009   673142.005
  1330:   673807.009   673868.005   673914.003   673920.016   673945.009
  1335:   673970.026   673973.005   674483.009   674872.001   675423.005
  1340:   679872.018   680357.003   680363.016   680413.026   680494.009
  1345:   680526.005   680970.009   681449.001   681961.005   686449.018
  1350:   687453.003   687459.016   687493.009   687509.026   687539.005
  1355:   687918.009   687919.005   687925.009   687931.005   687940.009
  1360:   688608.001   688753.003   688758.023   688758.021   688771.001
  1365:   689470.003   691036.005   691040.009   691043.005   691050.009
  1370:   691065.005   691082.009   691095.005   691202.009   691259.013
  1375:   691259.011   691515.001   691925.005   696515.018   697464.003
  1380:   697470.016   697520.026   697533.009   697579.005   697988.009
  1385:   698178.005   698185.009   698500.001   699156.005   703500.018
  1390:   706082.003   706088.016   706133.009   706138.026   706172.005
  1395:   706765.009   706807.005   706812.009   707048.005   707056.009
  1400:   707423.001   707811.003   707816.023   707816.021   707822.001
  1405:   708267.003   710317.013   710317.011   710655.001   710996.005
  1410:   711274.009   711290.005   711313.009   712803.005   713003.009
  1415:   715655.018   716600.003   716606.016   716656.026   716658.061
  1420:   716659.061   716660.061   716661.061   716662.061
B:
     0:        0.000      128.000        0.000      128.000        0.000
     5:      413.000        0.000        0.000        0.000      413.000
    10:        0.000       36.000        0.000       36.000        0.000
    15:        0.000       65.000        0.000       65.000        0.000
    20:        0.000       35.000        0.000       35.000        0.000
    25:        0.000       65.000        0.000        0.000        0.000
    30:        0.000
D:
     0:  2325322.000  2319378.000  2325323.000
E:
     0:     5000.000     5000.000
T:
     0:        0.000        0.000        0.000        0.000
W:
     0:        0.000        0.000        0.000
