File: C:\MED-PC IV\Data\Reyes\AY\AY4068.999


Start Date: 11/20/24
End Date: 11/20/24
Subject: 68
Experiment: AY
Group: SHORT
Box: 6
Start Time: 16:11:25
End Time: 16:26:57
MSN: DRRD_timeout_retract
C:       0.000
F:       0.000
G:       0.000
H:       0.000
I:       0.000
J:       0.000
K:   10000.000
L:       0.000
M:       0.000
N:     100.000
O:       0.000
P:    2500.000
Q:       0.000
R:       0.000
S:       0.000
U:    1294.000
V:       0.000
X:       0.000
Y:     949.000
Z:       0.000
A:
     0:     7635.005     7939.009     9358.005     9501.009     9556.005
     5:     9715.009     9914.005    10105.009    15000.013    15000.011
    10:    15822.001    18877.003    18882.023    18882.021    19426.005
    15:    19803.009    21383.013    21383.011    21686.001    21778.003
    20:    21783.023    21783.021    21808.001    21943.003    22481.005
    25:    22999.009    24284.013    24284.011    24621.005    24636.009
    30:    24651.005    24752.009    25239.001    25527.003    25532.023
    35:    25532.021    25585.001    25683.003    26458.005    26528.009
    40:    28033.013    28033.011    28531.001    28756.003    28761.023
    45:    28761.021    31262.013    31262.011    31620.001    31758.003
    50:    31763.023    31763.021    31793.001    31877.003    34264.013
    55:    34264.011    34687.005    34855.009    34971.005    34981.009
    60:    35695.001    36062.003    36067.023    36067.021    36085.001
    65:    36301.003    36503.005    36543.009    36554.005    36583.009
    70:    38568.013    38568.011    39060.001    42516.003    42521.023
    75:    42521.021    43122.005    43250.009    45022.013    45022.011
    80:    45366.001    45482.003    45487.023    45487.021    45530.001
    85:    45690.003    47988.013    47988.011    48440.001    50006.003
    90:    50011.023    50011.021    50044.001    50153.003    52512.013
    95:    52512.011    53633.001    53694.003    53699.023    53699.021
   100:    53768.001    53820.003    54685.005    55065.009    56200.013
   105:    56200.011    56804.001    56913.003    56918.023    56918.021
   110:    56952.001    57057.003    59419.013    59419.011    59890.001
   115:    60178.003    60183.023    60183.021    60198.001    60373.003
   120:    60566.005    60696.009    62684.013    62684.011    63394.001
   125:    63716.003    63721.023    63721.021    64230.005    64371.009
   130:    64458.005    64617.009    66222.013    66222.011    76128.001
   135:    76240.003    76245.023    76245.021    76642.005    77222.009
   140:    78297.005    78746.009    78746.013    78746.011    79204.001
   145:    82862.003    82867.023    82867.021    83429.005    83759.009
   150:    83780.005    83783.009    83807.005    83853.009    83957.005
   155:    84061.009    85368.013    85368.011    85489.001    85497.003
   160:    85502.023    85502.021    88003.013    88003.011    88960.001
   165:    89118.003    89123.023    89123.021    89162.001    89362.003
   170:    91624.013    91624.011    93248.001    93409.003    93414.023
   175:    93414.021    93452.001    93577.003    94971.005    95044.009
   180:    95055.005    95101.009    95511.005    95545.009    95915.013
   185:    95915.011    96652.005    96738.009    96927.005    97173.009
   190:    97798.001    98094.003    98099.023    98099.021    98120.001
   195:    98286.003    99946.005   100016.009   100080.005   100096.009
   200:   100163.005   100335.009   100600.013   100600.011   100765.005
   205:   100921.009   101321.005   102057.009   102583.001   102725.003
   210:   102730.023   102730.021   102826.001   102883.003   105231.013
   215:   105231.011   105505.005   105594.009   105689.005   107889.009
   220:   107896.005   107926.009   107958.005   109016.009   109041.005
   225:   109063.009   110120.005   110360.009   111190.001   116190.018
   230:   120166.003   120172.016   120222.026   120394.005   120876.009
   235:   120899.005   120934.009   123651.001   123754.003   123759.023
   240:   123759.021   123812.001   123866.003   126260.013   126260.011
   245:   126697.001   126750.003   126755.023   126755.021   126806.001
   250:   127129.003   129256.013   129256.011   129745.005   129758.009
   255:   130541.001   130736.003   130741.023   130741.021   130760.001
   260:   130981.003   133242.013   133242.011   134096.001   134256.003
   265:   134261.023   134261.021   134318.001   134368.003   134660.005
   270:   134744.009   135138.005   135937.009   136762.013   136762.011
   275:   137201.005   137207.009   137225.005   137278.009   138332.001
   280:   138455.003   138460.023   138460.021   138503.001   138707.003
   285:   138995.005   139262.009   139451.005   140961.013   140961.011
   290:   141155.009   141846.005   142913.009   142943.005   143175.009
   295:   143705.001   144187.003   144192.023   144192.021   144229.001
   300:   144416.003   144679.005   145275.009   145366.005   145729.009
   305:   146693.013   146693.011   147421.005   147431.009   148097.001
   310:   148459.003   148464.023   148464.021   148499.001   148689.003
   315:   150526.005   150566.009   150965.013   150965.011   151481.005
   320:   151495.009   152176.001   157176.018   157433.003   157439.016
   325:   157489.026   157624.005   157982.009   160036.001   160107.003
   330:   160112.023   160112.021   160628.005   160783.009   162613.013
   335:   162613.011   163972.001   164113.003   164118.023   164118.021
   340:   166120.005   166256.009   166619.013   166619.011   167063.001
   345:   167374.003   167379.023   167379.021   167443.001   167483.003
   350:   168258.005   168286.009   168298.005   168324.009   169880.013
   355:   169880.011   174137.001   174723.003   174728.023   174728.021
   360:   174768.001   174886.003   177229.013   177229.011   177592.001
   365:   177611.003   177616.023   177616.021   177653.001   177797.003
   370:   178100.005   178157.009   178173.005   178777.009   179310.005
   375:   180059.009   180117.013   180117.011   180233.005   180241.009
   380:   180573.001   180960.003   180965.023   180965.021   181041.001
   385:   181164.003   182211.005   182232.009   182239.005   182616.009
   390:   183466.013   183466.011   183881.001   184048.003   184053.023
   395:   184053.021   184088.001   184161.003   185236.005   185549.009
   400:   185753.005   185756.009   185758.005   185772.009   185831.005
   405:   185853.009   185968.005   186167.009   186554.013   186554.011
   410:   186904.001   187293.003   187298.023   187298.021   187322.001
   415:   187495.003   188502.005   188525.009   189799.013   189799.011
   420:   191149.001   191329.003   191334.023   191334.021   193086.005
   425:   193100.009   193109.005   193150.009   193258.005   193264.009
   430:   193835.013   193835.011   194057.001   194518.003   194523.023
   435:   194523.021   194578.001   194636.003   197024.013   197024.011
   440:   197248.001   197465.003   197470.023   197470.021   197506.001
   445:   197691.003   199971.013   199971.011   200338.001   200534.003
   450:   200539.023   200539.021   201993.005   202083.009   203040.013
   455:   203040.011   203632.005   203656.009   203674.005   203712.009
   460:   204282.001   209282.018   210825.003   210831.016   210881.026
   465:   211041.005   211365.009   213862.001   215022.003   215027.023
   470:   215027.021   215058.001   215169.003   217528.013   217528.011
   475:   218049.001   218065.003   218070.023   218070.021   218760.005
   480:   219241.009   220571.013   220571.011   220822.001   220861.003
   485:   220866.023   220866.021   223367.013   223367.011   224413.001
   490:   224800.003   224805.023   224805.021   227306.013   227306.011
   495:   228116.001   228314.003   228319.023   228319.021   228759.005
   500:   228780.009   228808.005   228844.009   229160.005   229382.009
   505:   230820.013   230820.011   231141.001   231227.003   231232.023
   510:   231232.021   233733.013   233733.011   234122.001   234268.003
   515:   234273.023   234273.021   235443.005   235491.009   235903.005
   520:   236231.009   236774.013   236774.011   237000.001   237844.003
   525:   237849.023   237849.021   237889.001   237983.003   240350.013
   530:   240350.011   240634.001   240723.003   240728.023   240728.021
   535:   243229.013   243229.011   243474.001   245118.003   245123.023
   540:   245123.021   245147.001   245528.003   247264.005   247433.009
   545:   247624.013   247624.011   247894.001   252894.018   255995.003
   550:   256001.016   256051.026   256197.005   256531.009   259710.001
   555:   259792.003   259797.023   259797.021   262298.013   262298.011
   560:   264148.001   264913.003   264918.023   264918.021   267419.013
   565:   267419.011   268431.001   268621.003   268626.023   268626.021
   570:   268660.001   268722.003   271127.013   271127.011   272174.001
   575:   272446.003   272451.023   272451.021   272488.001   272653.003
   580:   274952.013   274952.011   275389.001   275761.003   275766.023
   585:   275766.021   277287.005   277430.009   278267.013   278267.011
   590:   278515.001   278591.003   278596.023   278596.021   278640.001
   595:   278832.003   279674.005   279899.009   281097.013   281097.011
   600:   282045.001   282346.003   282351.023   282351.021   282372.001
   605:   282645.003   284852.013   284852.011   285095.001   285205.003
   610:   285210.023   285210.021   286146.005   286155.009   287711.013
   615:   287711.011   287957.001   288765.003   288770.023   288770.021
   620:   288795.001   289050.003   291271.013   291271.011   291683.001
   625:   296593.003   296598.023   296598.021   297918.005   298159.009
   630:   299099.013   299099.011   299755.001   304755.018   305032.003
   635:   305038.016   305088.026   305298.005   305733.009   307010.005
   640:   307037.009   308022.001   313022.018   314159.003   314165.016
   645:   314215.026   314375.005   314613.009   316921.001   317012.003
   650:   317017.023   317017.021   319518.013   319518.011   319945.001
   655:   320072.003   320077.023   320077.021   320108.001   320326.003
   660:   322387.005   322576.009   322578.013   322578.011   323204.001
   665:   323242.003   323247.023   323247.021   325748.013   325748.011
   670:   325996.001   326481.003   326486.023   326486.021   326510.001
   675:   326597.003   328987.013   328987.011   329220.001   329595.003
   680:   329600.023   329600.021   329650.001   329743.003   332101.013
   685:   332101.011   332442.001   337442.018   340372.003   340378.016
   690:   340428.026   340583.005   341012.009   342680.001   347680.018
   695:   349529.003   349535.016   349585.026   349713.005   350082.009
   700:   352936.001   352960.003   352965.023   352965.021   355466.013
   705:   355466.011   355743.001   355921.003   355926.023   355926.021
   710:   355962.001   356219.003   358427.013   358427.011   358727.001
   715:   358833.003   358838.023   358838.021   358874.001   359127.003
   720:   359507.005   359519.009   359543.005   359577.009   359590.005
   725:   359816.009   361339.013   361339.011   361612.001   366612.018
   730:   368116.003   368122.016   368172.026   368354.005   368791.009
   735:   370907.001   371426.003   371431.023   371431.021   371497.001
   740:   371642.003   373932.013   373932.011   374313.001   374993.003
   745:   374998.023   374998.021   375059.001   375171.003   377499.013
   750:   377499.011   377753.001   377919.003   377924.023   377924.021
   755:   377962.001   378177.003   380425.013   380425.011   380646.001
   760:   385540.003   385545.023   385545.021   388046.013   388046.011
   765:   388418.001   388570.003   388575.023   388575.021   388604.001
   770:   388906.003   391076.013   391076.011   392091.001   397091.018
   775:   398644.003   398650.016   398700.026   398832.005   399152.009
   780:   406103.005   406111.009   406598.001   407046.003   407051.023
   785:   407051.021   407116.001   407166.003   409552.013   409552.011
   790:   410113.001   410296.003   410301.023   410301.021   410353.001
   795:   410650.003   412802.013   412802.011   413280.001   413424.003
   800:   413429.023   413429.021   413450.001   413589.003   415930.013
   805:   415930.011   416419.001   416490.003   416495.023   416495.021
   810:   416529.001   416669.003   418996.013   418996.011   419838.001
   815:   419863.003   419868.023   419868.021   419930.001   419972.003
   820:   421750.005   421865.009   422369.013   422369.011   422619.001
   825:   422958.003   422963.023   422963.021   423027.001   423053.003
   830:   425464.013   425464.011   425705.001   425880.003   425885.023
   835:   425885.021   425890.001   425986.003   427155.005   427232.009
   840:   428386.013   428386.011   428715.001   428782.003   428787.023
   845:   428787.021   428819.001   428933.003   429356.005   429441.009
   850:   429642.005   429810.009   431288.013   431288.011   431683.001
   855:   433268.003   433273.023   433273.021   433299.001   433552.003
   860:   435774.013   435774.011   436543.001   438391.003   438396.023
   865:   438396.021   438421.001   438641.003   440897.013   440897.011
   870:   441215.001   441603.003   441608.023   441608.021   441625.001
   875:   441729.003   443633.005   443783.009   444109.013   444109.011
   880:   444320.001   444579.003   444584.023   444584.021   444619.001
   885:   444712.003   447085.013   447085.011   447448.001   448021.003
   890:   448026.023   448026.021   449783.005   449907.009   449955.005
   895:   450036.009   450527.013   450527.011   450731.001   450873.003
   900:   450878.023   450878.021   450899.001   451141.003   453379.013
   905:   453379.011   453664.001   453839.003   453844.023   453844.021
   910:   453896.001   453989.003   454844.005   454872.009   454883.005
   915:   454925.009   456345.013   456345.011   456715.001   457012.003
   920:   457017.023   457017.021   457041.001   457274.003   459518.013
   925:   459518.011   459713.001   460159.003   460164.023   460164.021
   930:   460197.001   460269.003   462665.013   462665.011   462992.001
   935:   463427.003   463432.023   463432.021   463863.005   463919.009
   940:   463923.005   464091.009   465933.013   465933.011   465934.061
   945:   465935.061   465936.061   465937.061   465938.061
B:
     0:        0.000      161.000        0.000      161.000        0.000
     5:      115.000        0.000        0.000        0.000      115.000
    10:        0.000       91.000        0.000       91.000        0.000
    15:        0.000       10.000        0.000       10.000        0.000
    20:        0.000       90.000        0.000       90.000        0.000
    25:        0.000       10.000        0.000        0.000        0.000
    30:        0.000
D:
     0:   464720.000   464286.000   464721.000
E:
     0:     5000.000     5000.000
T:
     0:        0.000        0.000        0.000        0.000
W:
     0:        0.000        0.000        0.000
