File: C:\MED-PC IV\Data\Reyes\AY\AY4055.999


Start Date: 11/23/24
End Date: 11/23/24
Subject: 55
Experiment: AY
Group: LONG
Box: 2
Start Time: 14:16:59
End Time: 14:43:04
MSN: DRRD_timeout_retract
C:       0.000
F:       2.000
G:       0.000
H:       0.000
I:       0.000
J:       0.000
K:   10000.000
L:       0.000
M:       0.000
N:     100.000
O:       0.000
P:    5000.000
Q:       0.000
R:       0.000
S:       0.000
U:  222997.000
V:       0.000
X:       0.000
Y:     978.000
Z:       0.000
A:
     0:     5496.005     5525.009    12279.005    12366.009    12368.005
     5:    12928.009    13086.005    13095.009    15000.013    15000.011
    10:    15809.001    20492.003    20497.023    20497.021    20543.005
    15:    20934.009    23207.005    23233.009    24232.005    24308.009
    20:    25074.005    25301.009    25382.005    25387.009    25498.013
    25:    25498.011    25986.001    30961.003    30966.023    30966.021
    30:    31023.005    31278.009    32400.005    32425.009    32982.005
    35:    32989.009    33935.005    34016.009    34910.005    34959.009
    40:    35463.005    35771.009    35967.013    35967.011    36160.001
    45:    41160.018    42038.003    42044.016    42094.026    42122.005
    50:    42485.009    42508.005    42511.009    42514.005    42540.009
    55:    42858.001    47858.018    49040.003    49046.016    49096.026
    60:    49115.005    49594.009    49612.005    49617.009    49949.001
    65:    54949.018    55211.003    55217.016    55267.026    55314.005
    70:    56129.009    56961.001    57839.003    57844.001    57844.023
    75:    57844.021    58340.003    58868.005    58938.009    59361.005
    80:    59511.009    60273.005    60358.009    60417.005    60435.009
    85:    62526.005    62625.009    62845.013    62845.011    63090.001
    90:    68090.018    69939.003    69945.016    69995.026    70012.005
    95:    70376.009    70382.005    70385.009    70393.005    70598.009
   100:    71090.001    75638.003    75643.023    75643.021    79435.005
   105:    79486.009    80644.013    80644.011    80794.001    85794.018
   110:    87747.003    87753.016    87781.001    87803.026    87883.003
   115:    87888.023    87888.021    87935.005    88247.009    88248.005
   120:    88253.009    91301.005    91425.009    91833.005    92097.009
   125:    92168.005    92176.009    92889.013    92889.011    93333.001
   130:    98102.003    98107.023    98107.021    98159.005    98340.009
   135:    99712.005    99756.009    99868.005    99873.009   100326.005
   140:   100369.009   100389.005   100463.009   102430.005   102437.009
   145:   102451.005   102591.009   102604.005   102649.009   103108.013
   150:   103108.011   103807.001   108807.018   109883.003   109889.016
   155:   109928.005   109939.026   110579.009   110898.001   115898.018
   160:   118594.003   118600.016   118650.026   118698.005   119425.009
   165:   119905.001   124905.018   126153.003   126159.016   126209.026
   170:   126211.005   126662.009   126664.005   126752.009   127234.001
   175:   132234.018   133640.003   133646.016   133696.026   133718.005
   180:   134050.009   134053.005   134071.009   134073.005   134078.009
   185:   134476.001   139476.018   140996.003   141002.016   141052.026
   190:   141095.005   141504.009   141959.001   146959.018   148158.003
   195:   148164.016   148214.026   148250.005   148842.009   148853.005
   200:   148916.009   149330.001   154330.018   155575.003   155581.016
   205:   155631.026   155636.005   156130.009   156141.005   156171.009
   210:   156242.005   156248.009   156719.001   161719.018   162377.003
   215:   162383.016   162433.026   162490.005   162791.009   162804.005
   220:   162811.009   162819.005   162861.009   162880.005   162887.009
   225:   162888.005   162892.009   163350.001   168350.018   168627.003
   230:   168633.016   168683.026   168740.005   169228.009   169237.005
   235:   169296.009   169311.005   169373.009   169811.001   174811.018
   240:   176056.003   176062.016   176112.026   176151.005   176493.009
   245:   177025.001   182025.018   182267.003   182273.016   182323.026
   250:   182357.005   182738.009   182745.005   182749.009   183272.001
   255:   187070.003   187075.023   187075.021   187080.001   187186.003
   260:   187625.005   187678.009   191566.005   191699.009   192076.013
   265:   192076.011   192615.001   197615.018   197902.003   197908.016
   270:   197948.005   197958.026   198863.009   199398.005   199541.009
   275:   199827.001   204827.018   204879.003   204885.016   204911.005
   280:   204935.026   205541.009   205577.005   205581.009   205600.005
   285:   205614.009   205958.001   210958.018   211597.003   211603.016
   290:   211653.026   211693.005   212180.009   212190.005   212226.009
   295:   212741.001   213031.003   213036.023   213036.021   213061.001
   300:   213233.003   213424.005   213571.009   215490.005   215516.009
   305:   216780.005   216900.009   218037.013   218037.011   218637.001
   310:   223637.018   224407.003   224413.016   224460.005   224463.026
   315:   224944.009   224958.005   224983.009   225000.005   225004.009
   320:   225008.005   225026.009   225445.001   229252.003   229257.023
   325:   229257.021   229262.001   229402.003   229511.005   229634.009
   330:   229713.005   229721.009   232997.005   233029.009   233053.005
   335:   233063.009   234258.013   234258.011   234525.001   239525.018
   340:   241816.003   241822.016   241872.026   241884.005   242393.009
   345:   242802.001   247361.003   247366.023   247366.021   247489.005
   350:   247689.009   251432.005   251508.009   252367.013   252367.011
   355:   252576.001   257576.018   259609.003   259615.016   259651.005
   360:   259665.026   260074.009   260095.005   260100.009   260345.001
   365:   265345.018   265559.003   265565.016   265615.026   265616.005
   370:   266015.009   266442.001   267422.003   267427.023   267427.021
   375:   267439.001   267683.003   269843.005   269936.009   272428.013
   380:   272428.011   272481.005   272605.009   272836.001   277836.018
   385:   278535.003   278541.016   278591.026   278619.005   279126.009
   390:   279166.005   279175.009   280204.001   285204.018   285900.003
   395:   285906.016   285956.026   285957.005   286363.009   286583.005
   400:   286609.009   286627.005   286755.009   287208.001   292208.018
   405:   292328.003   292334.016   292384.026   292417.005   292749.009
   410:   293217.001   298217.018   299611.003   299617.016   299667.026
   415:   299705.005   300292.009   301978.001   306923.003   306928.023
   420:   306928.021   307014.005   307174.009   307494.005   307503.009
   425:   311929.013   311929.011   312426.001   317426.018   317536.003
   430:   317542.016   317592.026   317594.005   317983.009   317998.005
   435:   318014.009   318020.005   318023.009   318504.001   323147.003
   440:   323152.023   323152.021   323213.005   323846.009   328153.013
   445:   328153.011   328382.001   333382.018   333876.003   333882.016
   450:   333932.026   333957.005   334442.009   334810.001   339332.003
   455:   339337.023   339337.021   339768.005   339816.009   342086.005
   460:   342101.009   342121.005   342141.009   344338.013   344338.011
   465:   344616.001   344630.003   344635.023   344635.021   344708.001
   470:   344730.003   345428.005   345432.009   345445.005   345447.009
   475:   345745.005   345914.009   345953.005   345985.009   349130.005
   480:   349398.009   349636.013   349636.011   350299.001   355299.018
   485:   355346.003   355352.016   355396.005   355402.026   355869.009
   490:   355881.005   355887.009   355893.005   355899.009   356236.001
   495:   361236.018   362627.003   362633.016   362643.001   362683.026
   500:   362778.003   362783.023   362783.021   362840.005   363245.009
   505:   363246.005   363284.009   364516.005   364635.009   365490.005
   510:   365598.009   367784.013   367784.011   368037.001   373037.018
   515:   376476.003   376482.016   376521.005   376532.026   376936.009
   520:   376937.005   376975.009   377367.001   377477.003   377482.023
   525:   377482.021   377488.001   377908.003   380808.005   380814.009
   530:   380862.005   380869.009   382483.013   382483.011   382655.001
   535:   387655.018   389025.003   389031.016   389081.026   389115.005
   540:   389463.009   389469.005   389499.009   389818.001   394818.018
   545:   396871.003   396877.016   396927.026   396958.005   397604.009
   550:   398046.001   403046.018   405531.003   405537.016   405587.026
   555:   405599.005   406030.009   406049.005   406055.009   406652.001
   560:   411652.018   412524.003   412530.016   412580.026   412611.005
   565:   413163.009   413818.001   418818.018   420445.003   420451.016
   570:   420501.026   420504.005   420884.009   420905.005   420914.009
   575:   421278.001   426278.018   428965.003   428971.016   429021.026
   580:   429035.005   429512.009   429520.005   429532.009   430472.001
   585:   435472.018   436378.003   436384.016   436434.026   436477.005
   590:   436851.009   437451.001   442451.018   444707.003   444713.016
   595:   444763.026   444801.005   445195.009   445883.001   450883.018
   600:   453500.003   453506.016   453556.026   453604.005   454072.009
   605:   454825.001   459825.018   460738.003   460744.016   460794.026
   610:   460850.005   461296.009   463072.001   468072.018   470822.003
   615:   470828.016   470878.026   470942.005   471305.009   472173.001
   620:   477173.018   477465.003   477471.016   477521.026   477578.005
   625:   477919.009   477928.005   477969.009   478831.001   483831.018
   630:   484737.003   484743.016   484793.026   484815.005   485318.009
   635:   486800.001   486867.003   486872.023   486872.021   486901.001
   640:   487260.003   488774.005   488861.009   488878.005   488912.009
   645:   488959.005   488977.009   491873.013   491873.011   492481.001
   650:   494977.003   494982.023   494982.021   494996.001   495108.003
   655:   496585.005   496618.009   496622.005   496674.009   496680.005
   660:   496755.009   499983.013   499983.011   500260.001   505260.018
   665:   506814.003   506820.016   506870.026   506896.005   507306.009
   670:   507327.005   507340.009   507742.001   512742.018   515348.003
   675:   515354.016   515404.026   515406.005   515869.009   515879.005
   680:   515920.009   516411.001   521411.018   523435.003   523441.016
   685:   523491.026   523531.005   524026.009   524844.001   529844.018
   690:   530758.003   530764.016   530814.026   530837.005   531341.009
   695:   531977.001   536977.018   539446.003   539452.016   539502.026
   700:   539564.005   540018.009   540030.005   540058.009   541132.001
   705:   546132.018   546961.003   546967.016   547017.026   547047.005
   710:   547441.009   548437.001   553437.018   554231.003   554237.016
   715:   554287.026   554360.005   554824.009   554825.005   554881.009
   720:   554905.005   555001.009   556532.001   561532.018   562355.003
   725:   562361.016   562410.001   562411.026   562427.003   562432.023
   730:   562432.021   562453.005   562850.009   562871.005   562886.009
   735:   562896.005   562912.009   562923.005   562932.009   567433.013
   740:   567433.011   567863.001   572863.018   575449.003   575455.016
   745:   575505.026   575541.005   575994.009   576035.005   576040.009
   750:   576745.001   581745.018   583208.003   583214.016   583264.026
   755:   583315.005   583657.009   584145.001   589145.018   590639.003
   760:   590645.016   590695.026   590753.005   591147.009   591204.005
   765:   591350.009   592214.001   597214.018   598283.003   598289.016
   770:   598339.026   598414.005   598970.009   600988.001   605988.018
   775:   607061.003   607067.016   607117.026   607182.005   607974.009
   780:   607984.005   607994.009   607998.005   608019.009   608859.001
   785:   613859.018   615225.003   615231.016   615281.026   615438.005
   790:   615876.009   616484.001   621484.018   622314.003   622320.016
   795:   622370.026   622418.005   622715.009   624349.001   629349.018
   800:   630104.003   630110.016   630160.026   630221.005   630799.009
   805:   632310.001   637310.018   637734.003   637740.016   637790.026
   810:   637834.005   638155.009   639062.001   644062.018   644941.003
   815:   644947.016   644997.026   645036.005   645510.009   646300.001
   820:   651255.003   651260.023   651260.021   651341.005   651813.009
   825:   656084.005   656101.009   656261.013   656261.011   656516.001
   830:   661491.003   661496.023   661496.021   661576.005   661787.009
   835:   666497.013   666497.011   666711.001   671711.018   673437.003
   840:   673443.016   673493.026   673533.005   673892.009   674392.001
   845:   679392.018   680973.003   680979.016   681029.026   681036.005
   850:   681679.009   681689.005   681713.009   681794.005   681832.009
   855:   682933.001   687919.003   687924.023   687924.021   687989.005
   860:   688371.009   692925.013   692925.011   693166.001   698166.018
   865:   698756.003   698762.016   698812.026   698850.005   699482.009
   870:   699508.005   699594.009   700479.001   705479.018   708218.003
   875:   708224.016   708274.026   708291.005   708813.009   710365.001
   880:   710940.003   710945.023   710945.021   710978.001   711436.003
   885:   711668.005   711676.009   711707.005   711712.009   715724.005
   890:   715946.013   715946.011   716071.009   716075.005   716080.009
   895:   716496.001   721496.018   723120.003   723126.016   723176.026
   900:   723222.005   723662.009   723704.005   723733.009   723962.005
   905:   723973.009   724120.001   729120.018   729240.003   729246.016
   910:   729296.026   729317.005   729788.009   730649.001   735649.018
   915:   735701.003   735707.016   735757.026   735793.005   736395.009
   920:   737145.001   742145.018   743678.003   743684.016   743734.026
   925:   743784.005   744497.009   744541.005   744547.009   744557.005
   930:   744577.009   744619.005   744769.009   745640.001   750640.018
   935:   750822.003   750828.016   750878.026   750909.005   751390.009
   940:   752238.001   757238.018   757541.003   757547.016   757597.026
   945:   757634.005   758038.009   760367.001   764728.003   764733.023
   950:   764733.021   764787.001   764812.003   764826.001   764839.003
   955:   765445.005   765459.009   769734.013   769734.011   770156.001
   960:   775156.018   775637.003   775643.016   775693.026   775697.005
   965:   776091.009   776099.005   776173.009   777048.001   782048.018
   970:   782555.003   782561.016   782611.026   782613.061   782614.061
   975:   782615.061   782616.061   782617.061
B:
     0:        0.000      112.000        0.000      112.000        0.000
     5:      211.000        0.000        0.000        0.000      211.000
    10:        0.000       26.000        0.000       26.000        0.000
    15:        0.000       75.000        0.000       75.000        0.000
    20:        0.000       25.000        0.000       25.000        0.000
    25:        0.000       75.000        0.000        0.000        0.000
    30:        0.000
D:
     0:  1005551.000  1000045.000  1005552.000
E:
     0:     5000.000     5000.000
T:
     0:        0.000        0.000        0.000        0.000
W:
     0:        0.000        0.000        0.000
