File: C:\MED-PC IV\Data\Reyes\AY\AY4066.999


Start Date: 11/19/24
End Date: 11/19/24
Subject: 66
Experiment: AY
Group: SHORT
Box: 4
Start Time: 16:08:17
End Time: 16:30:46
MSN: DRRD_timeout_retract
C:       0.000
F:      28.000
G:       0.000
H:       0.000
I:       0.000
J:       0.000
K:   10000.000
L:       0.000
M:       0.000
N:     100.000
O:       0.000
P:    2500.000
Q:       0.000
R:       0.000
S:       0.000
U:    1658.000
V:       0.000
X:       0.000
Y:     924.000
Z:       0.000
A:
     0:     7220.005     7278.009    15000.013    15000.011    15146.001
     5:    15524.003    15529.023    15529.021    15552.001    15650.003
    10:    17113.005    17339.009    17374.005    17403.009    17504.005
    15:    17589.009    18030.013    18030.011    18474.001    19051.003
    20:    19056.023    19056.021    19072.001    19092.003    19637.005
    25:    19811.009    21557.013    21557.011    22455.001    23178.003
    30:    23183.023    23183.021    23234.001    23444.003    24127.005
    35:    24202.009    24588.005    24741.009    25684.013    25684.011
    40:    25939.001    26022.003    26027.023    26027.021    26072.001
    45:    26127.003    26701.005    27077.009    28528.013    28528.011
    50:    29477.001    29819.003    29824.023    29824.021    30993.005
    55:    31063.009    32325.013    32325.011    32435.001    36602.003
    60:    36607.023    36607.021    38086.005    38153.009    38391.005
    65:    38513.009    39108.013    39108.011    39213.001    39350.003
    70:    39355.023    39355.021    39376.001    39730.003    41856.013
    75:    41856.011    42690.005    42775.009    43140.001    43179.003
    80:    43184.023    43184.021    43202.001    43462.003    44143.005
    85:    44291.009    45638.005    45685.013    45685.011    45709.009
    90:    45894.001    50000.003    50005.023    50005.021    50079.001
    95:    50228.003    52506.013    52506.011    52757.001    54719.003
   100:    54724.023    54724.021    54851.001    54861.003    57225.013
   105:    57225.011    58178.005    58220.009    58667.001    63667.018
   110:    65283.003    65289.016    65339.026    65390.005    65735.009
   115:    66213.001    66665.003    66670.023    66670.021    66698.001
   120:    66772.003    69171.013    69171.011    69651.001    74581.003
   125:    74586.023    74586.021    75886.005    76249.009    77087.013
   130:    77087.011    77139.005    77213.009    77399.001    77715.003
   135:    77720.023    77720.021    77744.001    77821.003    77850.001
   140:    77966.003    78132.005    78507.009    80221.013    80221.011
   145:    80391.001    80465.003    80470.023    80470.021    80501.001
   150:    80759.003    80932.005    81063.009    82900.005    82932.009
   155:    82971.013    82971.011    83154.001    88154.018    89194.003
   160:    89200.016    89250.026    89294.005    89716.009    90119.001
   165:    90356.003    90361.023    90361.021    90399.001    90463.003
   170:    92862.013    92862.011    92983.001    97983.018    98370.003
   175:    98376.016    98426.026    98462.005    98788.009    99298.001
   180:    99696.003    99701.023    99701.021    99734.001    99801.003
   185:   101300.005   101727.009   102169.005   102202.013   102202.011
   190:   102220.009   102393.001   107393.018   108435.003   108441.016
   195:   108468.005   108491.026   108845.009   109610.001   114610.018
   200:   116196.003   116202.016   116252.026   116269.005   116571.009
   205:   117225.001   118229.003   118234.023   118234.021   118260.001
   210:   118360.003   120735.013   120735.011   120972.001   125972.018
   215:   126640.003   126646.016   126696.026   126718.005   127013.009
   220:   127649.001   132649.018   134482.003   134488.016   134538.026
   225:   134561.005   134896.009   135440.001   136067.003   136072.023
   230:   136072.021   136094.001   136431.003   138573.013   138573.011
   235:   139117.001   139293.003   139298.023   139298.021   140336.005
   240:   140580.009   141799.013   141799.011   144224.001   149224.018
   245:   150421.003   150427.016   150477.026   150522.005   150882.009
   250:   152006.001   152256.003   152261.023   152261.021   152281.001
   255:   152421.003   154762.013   154762.011   155727.005   155931.009
   260:   156296.001   161134.003   161139.023   161139.021   163640.013
   265:   163640.011   163853.005   163943.009   164234.001   169234.018
   270:   169597.003   169603.016   169653.026   169701.005   170115.009
   275:   171543.001   171713.003   171718.023   171718.021   171731.001
   280:   171917.003   173487.005   173760.009   174219.013   174219.011
   285:   174415.001   179415.018   180030.003   180036.016   180086.026
   290:   180136.005   180679.009   181663.001   186663.018   187364.003
   295:   187370.016   187420.026   187426.005   187752.009   189901.001
   300:   190434.003   190439.023   190439.021   190467.001   190541.003
   305:   192940.013   192940.011   195073.001   199293.003   199298.023
   310:   199298.021   199359.005   199414.009   201799.013   201799.011
   315:   202333.001   206443.003   206448.023   206448.021   207103.005
   320:   207500.009   208949.013   208949.011   210752.001   211000.003
   325:   211005.023   211005.021   211318.005   211629.009   213506.013
   330:   213506.011   214018.005   214031.009   214319.001   214650.003
   335:   214655.023   214655.021   217156.013   217156.011   217532.001
   340:   217724.003   217729.023   217729.021   217748.001   217831.003
   345:   218175.005   218281.009   220230.013   220230.011   221616.005
   350:   221693.009   227124.005   227332.009   227343.005   227443.009
   355:   227928.001   232022.003   232027.023   232027.021   234528.013
   360:   234528.011   234765.001   239124.003   239129.023   239129.021
   365:   239629.005   239833.009   241630.013   241630.011   243493.001
   370:   247317.003   247322.023   247322.021   247708.005   247804.009
   375:   249823.013   249823.011   250811.005   250917.009   251298.001
   380:   255633.003   255638.023   255638.021   256127.005   256172.009
   385:   258139.013   258139.011   261068.005   261320.009   261659.005
   390:   261767.009   261794.005   261866.009   261938.005   261947.009
   395:   262326.001   267326.018   267923.003   267929.016   267979.026
   400:   268027.005   268333.009   268359.005   268388.009   269213.001
   405:   270720.003   270725.023   270725.021   270745.001   270973.003
   410:   273226.013   273226.011   274072.005   274080.009   274269.005
   415:   274404.009   274740.005   274873.009   275191.005   275245.009
   420:   275306.005   275354.009   275868.001   280868.018   282228.003
   425:   282234.016   282284.026   282411.005   282784.009   283564.001
   430:   284002.003   284007.023   284007.021   284014.001   284343.003
   435:   286508.013   286508.011   293936.001   294253.003   294258.023
   440:   294258.021   294270.001   294360.003   296759.013   296759.011
   445:   298456.005   298473.009   298488.005   298894.009   299138.005
   450:   299332.009   300030.001   304016.003   304021.023   304021.021
   455:   304478.005   304572.009   304653.005   305500.009   306522.013
   460:   306522.011   308899.005   308921.009   309811.001   314811.018
   465:   314951.003   314957.016   315007.026   315046.005   315566.009
   470:   315570.005   315597.009   316432.001   317876.003   317881.023
   475:   317881.021   317890.001   317994.003   318285.005   318359.009
   480:   318644.005   319112.009   320276.005   320382.013   320382.011
   485:   320470.009   320823.001   325823.018   326636.003   326642.016
   490:   326692.026   326716.005   327132.009   328004.001   333004.018
   495:   334305.003   334311.016   334361.026   334396.005   335096.009
   500:   336232.001   336661.003   336666.023   336666.021   336691.001
   505:   337206.003   338164.005   338262.009   339167.013   339167.011
   510:   340733.005   340836.009   341069.005   341105.009   341674.001
   515:   346084.003   346089.023   346089.021   347011.005   347403.009
   520:   347668.005   347916.009   348202.005   348590.013   348590.011
   525:   348632.009   349023.005   349148.009   349852.001   353699.003
   530:   353704.023   353704.021   355618.005   355774.009   356205.013
   535:   356205.011   356378.001   356573.003   356578.023   356578.021
   540:   356581.001   357002.003   359079.013   359079.011   359293.001
   545:   362795.003   362800.023   362800.021   363216.005   363322.009
   550:   365301.013   365301.011   365526.001   369979.003   369984.023
   555:   369984.021   372485.013   372485.011   372613.001   372745.003
   560:   372750.023   372750.021   372774.001   373037.003   375251.013
   565:   375251.011   375467.001   380375.003   380380.023   380380.021
   570:   380441.005   380698.009   382881.013   382881.011   384825.005
   575:   385144.009   385382.005   385734.009   385751.005   385754.009
   580:   386267.005   386391.009   386485.005   386737.009   387160.005
   585:   387167.009   387707.001   392431.003   392436.023   392436.021
   590:   392829.005   392834.009   393956.005   393960.009   393988.005
   595:   394097.009   394114.005   394136.009   394595.005   394657.009
   600:   394915.005   394937.013   394937.011   394938.009   394950.005
   605:   394996.009   395255.001   400255.018   401847.003   401853.016
   610:   401903.026   401942.005   402284.009   402323.005   402329.009
   615:   402978.001   404584.003   404589.023   404589.021   404599.001
   620:   404711.003   405394.005   405483.009   406838.005   407090.013
   625:   407090.011   407165.009   407355.001   412355.018   412437.003
   630:   412443.016   412493.026   412524.005   412980.009   413784.001
   635:   418784.018   420308.003   420314.016   420364.026   420377.005
   640:   420867.009   420934.005   420965.009   421110.005   421144.009
   645:   422091.001   427091.018   428358.003   428364.016   428414.026
   650:   428423.005   428885.009   429692.001   429826.003   429831.023
   655:   429831.021   429861.001   430223.003   431378.005   431694.009
   660:   431778.005   432332.013   432332.011   432438.009   432912.005
   665:   433053.009   433098.005   434070.009   434366.005   434527.009
   670:   435420.001   440420.018   441471.003   441477.016   441527.026
   675:   441529.005   441974.009   441982.005   442165.009   443043.001
   680:   443395.003   443400.023   443400.021   443410.001   443709.003
   685:   444111.005   444201.009   445402.005   445607.009   445898.005
   690:   445901.013   445901.011   445937.009   446130.001   450176.003
   695:   450181.023   450181.021   452682.013   452682.011   452893.001
   700:   457842.003   457847.023   457847.021   458235.005   458319.009
   705:   458533.005   458764.009   459288.005   460348.013   460348.011
   710:   460435.009   460783.001   465783.018   468116.003   468122.016
   715:   468171.005   468172.026   469060.009   469555.005   469634.009
   720:   470073.001   475073.018   477006.003   477012.016   477062.026
   725:   477064.005   477691.009   477750.005   477782.009   478372.001
   730:   483372.018   485743.003   485749.016   485799.026   485806.005
   735:   486214.009   487291.001   492291.018   493848.003   493854.016
   740:   493903.005   493904.026   494668.009   495947.001   500947.018
   745:   502378.003   502384.016   502426.005   502434.026   502905.009
   750:   503820.001   508820.018   510275.003   510281.016   510326.005
   755:   510331.026   510748.009   510770.005   510837.009   511525.001
   760:   516525.018   517865.003   517871.016   517921.026   517933.005
   765:   518407.009   519325.001   524325.018   525566.003   525572.016
   770:   525622.026   525628.005   526034.009   527137.001   532137.018
   775:   533109.003   533115.016   533165.026   533200.005   534237.009
   780:   534251.005   534300.009   534408.005   534422.009   535582.001
   785:   540582.018   541844.003   541850.016   541899.005   541900.026
   790:   542295.009   543337.001   548337.018   549295.003   549301.016
   795:   549351.026   549357.005   549851.009   550909.001   555909.018
   800:   557160.003   557166.016   557206.005   557216.026   557734.009
   805:   558694.001   563694.018   564211.003   564217.016   564257.005
   810:   564267.026   564685.009   565665.001   570665.018   570833.003
   815:   570839.016   570889.026   570896.005   571309.009   572592.001
   820:   577592.018   579474.003   579480.016   579530.026   579542.005
   825:   579991.009   581096.001   586096.018   586578.003   586584.016
   830:   586625.005   586634.026   587019.009   588534.001   593534.018
   835:   594006.003   594012.016   594058.005   594062.026   594449.009
   840:   595508.001   600508.018   601831.003   601837.016   601880.005
   845:   601887.026   602261.009   603423.001   608423.018   608896.003
   850:   608902.016   608949.005   608952.026   609302.009   610553.001
   855:   615553.018   616795.003   616801.016   616849.005   616851.026
   860:   617264.009   618057.001   623057.018   623603.003   623609.016
   865:   623653.005   623659.026   624175.009   625289.001   630289.018
   870:   630927.003   630933.016   630983.026   630990.005   631556.009
   875:   631726.005   631889.009   632546.001   637546.018   638078.003
   880:   638084.016   638134.026   638139.005   638549.009   639876.001
   885:   644876.018   645116.003   645122.016   645172.026   645186.005
   890:   645650.009   647125.001   652125.018   652352.003   652358.016
   895:   652405.005   652408.026   652794.009   653784.001   658784.018
   900:   659725.003   659731.016   659781.026   659793.005   660275.009
   905:   661333.001   666333.018   667165.003   667171.016   667221.026
   910:   667236.005   667862.009   667929.005   667981.009   668829.001
   915:   673829.018   674162.003   674168.016   674218.026   674220.061
   920:   674221.061   674222.061   674223.061   674224.061
B:
     0:        0.000      130.000        0.000      130.000        0.000
     5:      153.000        0.000        0.000        0.000      153.000
    10:        0.000       52.000        0.000       52.000        0.000
    15:        0.000       49.000        0.000       49.000        0.000
    20:        0.000       51.000        0.000       51.000        0.000
    25:        0.000       49.000        0.000        0.000        0.000
    30:        0.000
D:
     0:   675819.000   670487.000   675820.000
E:
     0:     5000.000     5000.000
T:
     0:        0.000        0.000        0.000        0.000
W:
     0:        0.000        0.000        0.000
