File: C:\MED-PC IV\Data\ALFE\AU016.999


Start Date: 02/05/24
End Date: 02/05/24
Subject: 16
Experiment: AU
Group: EXP40
Box: 2
Start Time: 13:19:17
End Time: 14:09:17
MSN: DRRD_general_exp
C:       0.000
F:       0.000
G:       0.000
H:       0.000
I:       0.000
J:       0.000
K:      80.000
L:       0.000
M:       0.000
N:       0.000
O:       0.000
P:       0.000
Q:       0.000
R:       0.000
S:       0.000
U:  150999.000
V:       0.000
X:       0.000
Y:     946.000
Z:       0.000
A:
     0:     3420.005     3427.009     3431.005     4975.009     4994.005
     5:     5032.009     5408.005     5413.009     5419.005     5430.009
    10:     5434.005     5444.009    15000.011    16631.005    16663.009
    15:    18381.005    18466.009    18649.005    18651.009    20615.001
    20:    21356.003    21811.005    21822.009    21830.005    22128.009
    25:    22131.005    22138.009    22194.005    22830.009    22831.005
    30:    22934.009    22974.005    23308.009    23310.005    23323.009
    35:    23393.005    23403.009    23412.005    23421.009    23430.005
    40:    23443.009    23444.005    23466.009    23470.005    23480.009
    45:    23516.005    23530.009    23590.005    23645.009    23659.005
    50:    23666.009    24165.005    24796.009    24896.005    24900.009
    55:    24916.005    24962.009    24964.005    25049.009    25056.005
    60:    25297.009    25684.005    25690.009    28236.005    28243.009
    65:    28246.005    28256.009    28315.005    28323.009    28344.005
    70:    28420.009    28426.005    28436.009    31738.005    31743.009
    75:    31756.005    31765.009    31994.005    32007.009    32320.005
    80:    32328.009    32407.005    32573.009    32575.005    32581.009
    85:    32617.005    32630.009    32665.005    32691.009    32693.005
    90:    32703.009    32828.005    32839.009    32901.005    32906.009
    95:    32981.005    32986.009    32990.005    32996.009    33367.005
   100:    33370.009    33431.005    33434.009    33436.005    33469.009
   105:    33475.005    33492.009    33506.005    33516.009    34965.005
   110:    34967.009    34975.005    34981.009    36587.001    38116.003
   115:    38638.005    38960.009    39015.005    39032.009    39042.005
   120:    39048.009    39056.005    39058.009    39106.005    39110.009
   125:    39125.005    39284.009    39288.005    39349.009    39366.005
   130:    39406.009    39434.005    39443.009    39449.005    39460.009
   135:    39468.005    39505.009    39514.005    39521.009    39530.005
   140:    39542.009    39561.005    39578.009    39610.005    39612.009
   145:    39614.005    39882.009    40019.001    40994.003    41276.001
   150:    41591.003    41641.001    41896.003    42622.001    42973.003
   155:    50951.005    50954.009    51064.005    51070.009    51078.005
   160:    51086.009    51102.005    51126.009    51134.005    51149.009
   165:    51256.005    51263.009    51274.005    51294.009    51307.005
   170:    51310.009    51494.005    51842.009    52048.005    52063.009
   175:    52156.005    52985.009    52989.005    52993.009    52996.005
   180:    53028.009    53042.005    53048.009    53066.005    54219.009
   185:    54241.005    54410.009    54426.005    54514.009    54515.005
   190:    54919.009    54925.005    54930.009    55743.001    56067.003
   195:    58627.005    58632.009    58639.005    58644.009    58647.005
   200:    58662.009    58677.005    58709.009    58722.005    58745.009
   205:    58923.005    58966.009    61077.005    61102.009    62161.005
   210:    62172.009    62181.005    62216.009    62217.005    62231.009
   215:    67152.005    67156.009    67389.005    67391.009    67445.005
   220:    67448.009    67489.005    67505.009    67518.005    67535.009
   225:    67655.005    67659.009    79449.001    80215.003    89358.005
   230:    91967.009    91984.005    92111.009    92241.005    92375.009
   235:    92388.005    92415.009    92451.005    92460.009    92469.005
   240:    92476.009    92477.005    92530.009    92553.005    93009.009
   245:    93014.005    93025.009    93029.005    93071.009    93081.005
   250:    93352.009    93353.005    93398.009    93441.005    93460.009
   255:    93471.005    93476.009    93483.005    93526.009    93552.005
   260:    93575.009    93593.005    93611.009    93626.005    93686.009
   265:    93699.005    93723.009    93732.005    93741.009    93744.005
   270:    93826.009    93834.005    93931.009    93934.005    93965.009
   275:    93998.005    94032.009    94072.005    94089.009    94115.005
   280:    94152.009    94160.005    94168.009    94171.005    94237.009
   285:    94247.005    94494.009    94503.005    94510.009    94514.005
   290:    94520.009    94521.005    94663.009    94685.005    94706.009
   295:    94720.005    95710.009    95714.005    95731.009    95750.005
   300:    95767.009    95800.005    95997.009    96021.005    96032.009
   305:    96037.005    96047.009    96066.005    96070.009    96072.005
   310:    96588.009    96599.005    97216.009    97218.005    97235.009
   315:    97269.005    97461.009    97465.005    97484.009    97498.005
   320:    97519.009    97528.005    97549.009    98562.005    98569.009
   325:    98581.005    98592.009    98593.005    98965.009    99013.005
   330:    99056.009    99128.005    99330.009    99350.005    99474.009
   335:    99484.005    99506.009    99523.005    99530.009    99533.005
   340:    99543.009    99562.005    99712.009    99725.005    99816.009
   345:    99830.005    99925.009    99927.005    99967.009   100021.005
   350:   100026.009   100030.005   100071.009   100097.005   100112.009
   355:   100129.005   102752.009   102753.005   102827.009   102856.005
   360:   102913.009   102914.005   103747.009   103775.005   103839.009
   365:   103856.005   103944.009   104030.005   104164.009   104171.005
   370:   104289.009   104324.005   104396.009   104433.005   104466.009
   375:   104487.005   104513.009   104518.005   104737.009   104782.005
   380:   104815.009   104826.005   104832.009   104867.005   105095.009
   385:   105112.005   105131.009   105141.005   105178.009   105197.005
   390:   105533.009   105543.005   107342.009   107373.005   107399.009
   395:   107417.005   107442.009   107460.005   107501.009   107593.005
   400:   107663.009   107693.005   107700.009   107701.005   107708.009
   405:   107715.005   107719.009   107754.005   107765.009   109355.001
   410:   109523.003   109675.001   110874.003   111185.001   111867.003
   415:   111889.001   111994.003   113681.001   115496.003   115690.001
   420:   116290.003   118010.005   118827.009   118844.005   118887.009
   425:   118925.005   120451.009   120660.005   120686.009   120690.005
   430:   120703.009   120710.005   120786.009   120817.005   121441.009
   435:   121448.005   121465.009   121482.005   121509.009   121520.005
   440:   121526.009   121602.005   121612.009   121638.005   121668.009
   445:   121867.005   121871.009   121991.005   122001.009   122830.001
   450:   122969.003   123145.005   123158.009   214187.001   215208.003
   455:   222322.005   222328.009   222422.005   222440.009   223534.005
   460:   223541.009   223549.005   223575.009   223600.005   223608.009
   465:   223647.005   223653.009   339667.005   339680.009   339704.005
   470:   339728.009   339919.005   339947.009   340565.001   342548.003
   475:   344495.001   346620.003   346747.001   347452.003   349622.001
   480:   352546.003   352899.001   354004.003   356865.005   356895.009
   485:   356992.005   356999.009   357016.005   357054.009   357077.005
   490:   357083.009   357127.005   357131.009   357966.001   358528.003
   495:   361270.005   361703.009   361769.005   361905.009   361964.005
   500:   361999.009   363648.001   363897.003   366003.005   366949.009
   505:   367043.005   367050.009   367088.005   367289.009   367291.005
   510:   367303.009   368067.001   370519.003   376270.001   376385.003
   515:   408342.001   409054.003   409495.001   410249.003   412814.001
   520:   414402.003   414663.001   415590.003   420501.001   420682.003
   525:   423514.001   425875.003   430956.005   431560.009   431635.005
   530:   431738.009   432601.001   433089.003   434046.001   435650.003
   535:   441197.001   442470.003   442527.001   443196.003   445459.001
   540:   446089.003   447193.005   447358.009   473177.005   473214.009
   545:   473243.005   473389.009   473962.002   474631.004   508247.001
   550:   508330.003   508385.001   508473.003   538022.001   539414.003
   555:   543077.005   543184.009   543217.005   543280.009   547642.001
   560:   548561.003   550247.001   550377.003   551646.001   551901.003
   565:   555378.001   556222.003   557310.005   557343.009   557613.005
   570:   557631.009   558327.001   559761.003   562134.001   563861.003
   575:   564172.005   565266.009   626853.001   627033.003   679534.001
   580:   679661.003   706085.001   706284.003   716584.005   716592.009
   585:   716657.005   716664.009   716915.005   716927.009   716962.005
   590:   716996.009   717005.005   717017.009   717026.005   717045.009
   595:   717119.005   717137.009   717155.005   717404.009   717415.005
   600:   717537.009   717542.005   718175.009   718195.005   718208.009
   605:   718976.001   719539.003   725236.005   725247.009   725254.005
   610:   725263.009   725267.005   725354.009   729609.001   729712.003
   615:   731401.001   733300.003   737228.001   739211.003   739281.001
   620:   739872.003   769622.005   769778.009   785174.005   785190.009
   625:   785304.005   785310.009   785438.005   785457.009   785474.005
   630:   785480.009   785520.005   785537.009   785865.005   785872.009
   635:   792675.001   793500.003   793575.001   794971.003   795460.005
   640:   797950.009   797953.005   797966.009   797969.005   797978.009
   645:   797990.005   798005.009   798025.005   798031.009   798051.005
   650:   798055.009   798068.005   798072.009   798076.005   798088.009
   655:   798100.005   798182.009   798183.005   798209.009   798231.005
   660:   798243.009   798246.005   798254.009   798259.005   798260.009
   665:   798293.005   798295.009   798302.005   798306.009   798336.005
   670:   798340.009   814604.005   814609.009   814657.005   814671.009
   675:   814672.005   814684.009   816366.002   816817.004   907831.005
   680:   907835.009   907882.005   907894.009   907899.005   907930.009
   685:   907946.005   907950.009   907963.005   908028.009   908040.005
   690:   908071.009   908087.005   908133.009   908177.005   908236.009
   695:   908241.005   908383.009   909706.001   910366.003   914470.001
   700:   915937.003   916521.001   917221.003   937128.002   938780.004
   705:  1050012.001  1050587.003  1050678.001  1050932.003  1066550.001
   710:  1068020.003  1069426.001  1070065.003  1100553.002  1101242.004
   715:  1101253.005  1101339.009  1101340.005  1101368.009  1101401.005
   720:  1101425.009  1101447.005  1101472.009  1101483.005  1101495.009
   725:  1101496.005  1101504.009  1101625.005  1101664.009  1101684.005
   730:  1101737.009  1101738.005  1101758.009  1101767.005  1101930.009
   735:  1101938.005  1101945.009  1101957.005  1101963.009  1102370.001
   740:  1102647.003  1103015.001  1103344.003  1104055.001  1104317.003
   745:  1165058.005  1165063.009  1165071.005  1165077.009  1165099.005
   750:  1165104.009  1165119.005  1165145.009  1165390.005  1165401.009
   755:  1165496.005  1165503.009  1165508.005  1165515.009  1165517.005
   760:  1165527.009  1165564.005  1165580.009  1165595.005  1165599.009
   765:  1166242.001  1167437.003  1167879.001  1169007.003  1169463.005
   770:  1170033.009  1245845.005  1245857.009  1245866.005  1246303.009
   775:  1246366.005  1246372.009  1246466.005  1246473.009  1249288.005
   780:  1249294.009  1249318.005  1249337.009  1249363.005  1249402.009
   785:  1249488.005  1249499.009  1249525.005  1249536.009  1249628.005
   790:  1249645.009  1249714.005  1249740.009  1250246.001  1250474.003
   795:  1253911.005  1253933.009  1303183.001  1304222.003  1308522.001
   800:  1310446.003  1312123.005  1312379.009  1332753.005  1332758.009
   805:  1333182.005  1333187.009  1372446.001  1373307.003  1373426.001
   810:  1373932.003  1385443.002  1386201.004  1386392.002  1387376.004
   815:  1388436.002  1389443.004  1389647.005  1389656.009  1389668.005
   820:  1389685.009  1389715.005  1389717.009  1389743.005  1389751.009
   825:  1389767.005  1389781.009  1389827.005  1389876.009  1389961.005
   830:  1389998.009  1390006.005  1390041.009  1390111.005  1390190.009
   835:  1390209.005  1390218.009  1390240.005  1390946.009  1390947.005
   840:  1390961.009  1392148.001  1392635.003  1392716.005  1392865.009
   845:  1392891.005  1392900.009  1392909.005  1393831.009  1393848.005
   850:  1394067.009  1394069.005  1394113.009  1394138.005  1394153.009
   855:  1394161.005  1394290.009  1394298.005  1394303.009  1394308.005
   860:  1394317.009  1394562.005  1394580.009  1414054.001  1414690.003
   865:  1422207.005  1422212.009  1422218.005  1422531.009  1422565.005
   870:  1422617.009  1422692.005  1422727.009  1423297.001  1424187.003
   875:  1426825.001  1428399.003  1429686.005  1429854.009  1429962.005
   880:  1429966.009  1429992.005  1430095.009  1430201.005  1430204.009
   885:  1430210.005  1430215.009  1430218.005  1430724.009  1430727.005
   890:  1430756.009  1430766.005  1430781.009  1430791.005  1430800.009
   895:  1430809.005  1430818.009  1430824.005  1430829.009  1430853.005
   900:  1430871.009  1430967.005  1430972.009  1430981.005  1431007.009
   905:  1431030.005  1431039.009  1431049.005  1431058.009  1431124.005
   910:  1431141.009  1431202.005  1431325.009  1431335.005  1431340.009
   915:  1431346.005  1431352.009  1431355.005  1431362.009  1431816.001
   920:  1433706.003  1435894.001  1436134.003  1436388.001  1439336.003
   925:  1456019.001  1457093.003  1468610.002  1469182.004  1488104.001
   930:  1488272.003  1488558.001  1488694.003  1488859.001  1491147.003
   935:  1493301.005  1493828.009  1494478.001  1494570.003  1495232.001
   940:  1496075.003  1497426.005  1497465.009  1497612.005  1497700.009
   945:  1498630.001
B:
     0:        0.000       86.000        8.000       85.000        8.000
     5:      379.000        0.000        0.000        0.000      379.000
    10:        0.000        1.000        0.000        0.000        0.000
    15:        0.000        0.000        0.000        0.000        0.000
    20:        0.000        0.000        0.000        0.000        0.000
    25:        0.000        0.000        0.000        0.000        0.000
    30:        0.000
D:
     0:  1651004.000  1649629.000  1647074.000
E:
     0:     4000.000     4000.000
T:
     0:        0.000        0.000        0.000        0.000
W:
     0:        2.000        0.000        0.000
