File: C:\MED-PC IV\Data\ALFE\AU018.999


Start Date: 02/06/24
End Date: 02/06/24
Subject: 18
Experiment: AU
Group: EXP40
Box: 4
Start Time: 13:27:03
End Time: 14:17:03
MSN: DRRD_general_exp
C:       0.000
F:       0.000
G:       0.000
H:       0.000
I:       0.000
J:       0.000
K:      80.000
L:       0.000
M:       0.000
N:       0.000
O:       0.000
P:       0.000
Q:       0.000
R:       0.000
S:       0.000
U:  603474.000
V:       0.000
X:       0.000
Y:    1036.000
Z:       0.000
A:
     0:     3360.005     4035.009    14559.005    14577.009    14587.005
     5:    14689.009    15000.011    16366.001    18633.003    18979.005
    10:    19574.009    21537.002    21652.004    30456.005    30491.009
    15:    30527.005    30530.009    30557.005    30931.009    30988.005
    20:    31014.009    31017.005    31115.009    32385.005    32774.009
    25:    33896.005    34398.009    38864.001    40705.003    40950.005
    30:    41034.009    59040.005    60177.009    68607.002    68993.004
    35:    69081.005    69374.009    69440.005    69645.009    70020.005
    40:    70315.009    70378.005    70413.009    70423.005    70468.009
    45:    70474.005    70610.009    71556.001    73150.003    74024.001
    50:    75101.003    75585.001    77507.003    78983.001    79179.003
    55:    79261.001    79906.003    80586.005    81077.009    94751.005
    60:    94765.009    94845.005    94974.009    98249.001   100935.003
    65:   101352.005   101531.009   104283.005   104824.009   107130.005
    70:   107169.009   107189.005   107564.009   108681.005   108776.009
    75:   109453.005   109728.009   109864.005   109867.009   109895.005
    80:   109935.009   109943.005   109999.009   110339.005   110371.009
    85:   110399.005   111292.009   111346.005   111483.009   111608.005
    90:   111757.009   112015.005   112623.009   112854.005   112916.009
    95:   112936.005   113088.009   113852.005   114281.009   114311.005
   100:   114352.009   114366.005   114881.009   115524.005   115535.009
   105:   116286.001   116812.003   116818.005   116893.009   116983.005
   110:   117081.009   117186.005   117205.009   130684.005   130756.009
   115:   135306.005   135357.009   135372.005   135412.009   162598.005
   120:   162601.009   162674.005   162795.009   163020.005   163123.009
   125:   163229.005   163255.009   167452.005   167484.009   167499.005
   130:   167542.009   169746.001   172627.003   174582.001   176908.003
   135:   177331.001   178026.003   185881.005   185921.009   186074.005
   140:   186110.009   186125.005   186333.009   186389.005   186667.009
   145:   189350.002   189426.004   191928.005   191934.009   195647.001
   150:   197417.003   198291.001   202291.018   203411.003   203417.016
   155:   203467.026   203681.005   204637.009   205353.005   205359.009
   160:   205392.005   205443.009   205979.005   206305.009   206321.005
   165:   206353.009   206448.005   206473.009   210117.005   210375.009
   170:   214341.005   214869.009   217416.005   217540.009   219155.001
   175:   221819.003   222755.005   222830.009   224462.001   224976.003
   180:   226135.001   228508.003   229247.001   230062.003   230526.001
   185:   232080.003   234131.001   235530.003   236044.005   236059.009
   190:   236070.005   236387.009   238238.001   241338.003   249181.005
   195:   250402.009   250417.005   250482.009   250777.005   250965.009
   200:   251081.005   251116.009   252099.001   255055.003   256513.001
   205:   259629.003   260291.005   260556.009   263014.001   263110.003
   210:   264094.001   268094.018   268415.003   268421.016   268471.026
   215:   268658.005   269270.009   269512.005   269538.009   269654.005
   220:   269658.009   269834.005   269859.009   270144.005   270191.009
   225:   275282.001   278117.003   288378.001   289039.003   289307.005
   230:   289715.009   289903.005   290044.009   290110.005   290275.009
   235:   290356.005   290376.009   291167.001   291952.003   292410.001
   240:   296232.003   296821.005   296840.009   297279.001   300578.003
   245:   301503.005   301762.009   307557.005   307565.009   307566.005
   250:   307572.009   308661.001   312661.018   312841.003   312847.016
   255:   312897.026   313086.005   314213.009   314734.005   315280.009
   260:   315294.005   315342.009   316134.005   316491.009   316533.005
   265:   317044.009   317475.005   317572.009   317645.005   317674.009
   270:   320609.001   321174.003   321808.001   323704.003   324659.001
   275:   327798.003   328313.005   328499.009   329246.001   332208.003
   280:   333424.005   333836.009   339827.001   342417.003   342472.001
   285:   343704.003   343988.005   344512.009   346944.001   347320.003
   290:   349147.001   352891.003   354106.001   354179.003   354261.001
   295:   358261.018   359921.003   359927.016   359977.026   360157.005
   300:   360879.009   360891.005   361162.009   363290.005   363811.009
   305:   363893.005   365668.009   365690.005   365704.009   366004.005
   310:   366159.009   367660.001   367967.003   368130.001   368790.003
   315:   368888.001   370308.003   370910.001   370993.003   371020.001
   320:   374150.003   375541.005   375722.009   376850.001   379874.003
   325:   381254.001   383925.003   386089.001   386131.003   386198.001
   330:   388266.003   388740.005   389255.009   392349.005   392953.009
   335:   394342.005   395414.009   395500.005   395518.009   395727.005
   340:   396017.009   397078.001   399375.003   399882.005   400216.009
   345:   400988.001   404248.003   404858.005   405083.009   405836.001
   350:   409836.018   409962.003   409968.016   410018.026   410376.005
   355:   410997.009   414882.001   416661.003   417022.005   417254.009
   360:   419489.001   422492.003   424953.001   428144.003   428808.005
   365:   429260.009   433229.005   433236.009   433263.005   433489.009
   370:   436856.001   440262.003   440969.005   441313.009   441974.001
   375:   445436.003   446178.005   446494.009   447482.001   449637.003
   380:   450165.005   450343.009   453195.005   453202.009   453274.005
   385:   453568.009   453667.005   453781.009   455170.001   458537.003
   390:   459268.005   459372.009   459964.001   463155.003   463918.005
   395:   464046.009   464951.001   466978.003   467553.005   468044.009
   400:   468514.001   472514.018   473054.003   473060.016   473110.026
   405:   473455.005   474260.009   475033.005   475431.009   478020.001
   410:   480990.003   481719.005   481893.009   485915.005   485928.009
   415:   485947.005   486303.009   488678.001   492088.003   493008.005
   420:   493236.009   497177.005   497473.009   498800.001   501479.003
   425:   502857.005   502949.009   503438.001   505933.003   506772.005
   430:   506874.009   513062.005   513083.009   513106.005   513566.009
   435:   515400.001   518677.003   519720.001   523503.003   524403.005
   440:   524761.009   531906.005   532086.009   534252.001   538252.018
   445:   538964.003   538970.016   539020.026   539264.005   539897.009
   450:   540027.005   540082.009   540285.005   540339.009   542154.005
   455:   542210.009   542216.005   542250.009   544794.001   548005.003
   460:   548719.005   549156.009   550780.001   554152.003   554862.005
   465:   554872.009   554888.005   555299.009   556025.001   558737.003
   470:   559495.005   559700.009   566997.005   567042.009   568816.001
   475:   572568.003   573964.001   576748.003   577555.005   578528.009
   480:   588062.005   588135.009   588275.005   588717.009   592273.005
   485:   592476.009   592508.005   592626.009   592684.005   593088.009
   490:   595394.001   599041.003   601160.001   605059.003   605554.005
   495:   606095.009   607311.001   611311.018   611568.003   611574.016
   500:   611624.026   611877.005   612457.009   612471.005   612930.009
   505:   612988.005   613013.009   613055.005   613135.009   613353.005
   510:   613377.009   613458.005   613471.009   613498.005   613660.009
   515:   613700.005   613706.009   615221.005   615540.009   616910.001
   520:   618970.003   619210.001   619510.003   623169.001   626416.003
   525:   626965.005   627205.009   630833.001   634660.003   636334.001
   530:   638833.003   639430.005   639650.009   656940.005   657392.009
   535:   660055.001   663746.003   664399.005   664656.009   680287.005
   540:   680300.009   680303.005   680610.009   681266.001   684710.003
   545:   685248.005   685600.009   699773.005   699795.009   699817.005
   550:   699862.009   699883.005   700114.009   700280.005   700705.009
   555:   702513.001   706513.018   706686.003   706692.016   706742.026
   560:   706944.005   707583.009   707707.005   707710.009   708069.005
   565:   708685.009   716991.005   717251.009   721516.001   723106.003
   570:   723270.001   724701.003   725254.005   725447.009   725473.005
   575:   725673.009   732590.005   732788.009   734939.001   738939.018
   580:   738956.003   738962.016   739012.026   739203.005   739942.009
   585:   739960.005   740343.009   740662.005   741723.009   745642.005
   590:   746097.009   748286.001   752230.003   752838.005   753146.009
   595:   754329.001   758329.018   758886.003   758892.016   758942.026
   600:   759271.005   759916.009   759955.005   759979.009   760915.005
   605:   760932.009   761076.005   761122.009   761232.005   761305.009
   610:   762333.005   762759.009   763340.005   763424.009   763529.005
   615:   764487.009   764541.005   764635.009   764763.005   765723.009
   620:   768247.005   768253.009   768259.005   768457.009   772410.001
   625:   772760.003   773350.001   774849.003   775229.005   775446.009
   630:   782282.001   785063.003   785772.005   786012.009   792169.001
   635:   794840.003   795417.005   795737.009   797348.005   797590.009
   640:   798657.001   802657.018   802758.003   802764.016   802814.026
   645:   803119.005   803825.009   806101.001   809862.003   810441.005
   650:   810806.009   813231.001   814457.003   814851.001   814957.003
   655:   815353.001   815950.003   816279.005   816543.009   822581.005
   660:   822911.009   823103.005   823299.009   823321.005   823364.009
   665:   823375.005   823519.009   824706.001   828324.003   828932.005
   670:   829128.009   829169.005   829401.009   829568.005   830026.009
   675:   832120.001   833906.003   834353.005   834544.009   843004.001
   680:   846100.003   846806.005   846814.009   846829.005   846991.009
   685:   847519.001   847662.003   847713.001   850596.003   854251.001
   690:   855845.003   856495.005   856655.009   857392.001   860264.003
   695:   860848.005   860866.009   860879.005   861259.009   862294.001
   700:   864668.003   865493.005   865579.009   873989.005   874000.009
   705:   874010.005   874323.009   874388.005   874417.009   875092.005
   710:   875127.009   877830.001   879902.003   880612.005   880923.009
   715:   884630.001   887533.003   889459.005   889780.009   889871.005
   720:   889896.009   889953.005   890005.009   890118.005   890254.009
   725:   890311.005   890603.009   890659.005   891095.009   892601.001
   730:   895178.003   895848.005   896116.009   896921.001   900111.003
   735:   900712.005   900791.009   909812.005   910568.009   910973.005
   740:   911002.009   911080.005   911162.009   911189.005   911296.009
   745:   911306.005   911357.009   911383.005   911404.009   911423.005
   750:   911586.009   911677.005   911769.009   921134.005   921165.009
   755:   921179.005   921233.009   921332.005   921404.009   921418.005
   760:   922691.009   928642.001   932642.018   933157.003   933163.016
   765:   933213.026   933408.005   935401.009   935569.005   936007.009
   770:   936733.005   936763.009   936771.005   937160.009   940348.001
   775:   941051.003   941492.001   942449.003   942856.005   943159.009
   780:   955503.005   955538.009   955698.005   955786.009   956098.005
   785:   956371.009   958457.001   962457.018   962521.003   962527.016
   790:   962577.026   962789.005   963025.009   963038.005   963388.009
   795:   963484.005   963970.009   964627.005   965123.009   968834.001
   800:   972733.003   973496.005   973826.009   975469.001   978010.003
   805:   979801.005   979966.009   980551.001   980808.003   984284.005
   810:   984689.009   984765.005   984895.009   987714.001   989471.003
   815:   990143.005   990371.009  1030432.005  1030445.009  1030460.005
   820:  1030531.009  1030562.005  1030595.009  1030653.005  1030845.009
   825:  1030894.005  1030927.009  1045195.005  1045224.009  1045249.005
   830:  1045336.009  1045488.005  1045696.009  1045924.005  1046002.009
   835:  1061660.005  1061668.009  1061691.005  1061998.009  1063940.001
   840:  1067244.003  1067894.005  1068204.009  1069599.001  1073146.003
   845:  1074205.005  1074427.009  1082079.005  1082101.009  1082110.005
   850:  1082273.009  1082300.005  1082917.009  1084173.001  1086290.003
   855:  1086926.005  1087234.009  1088037.001  1091767.003  1092296.005
   860:  1092529.009  1093333.001  1096687.003  1097486.005  1097869.009
   865:  1098939.001  1101637.003  1102214.005  1102466.009  1171722.005
   870:  1171727.009  1171741.005  1171934.009  1171948.005  1172158.009
   875:  1172328.005  1172340.009  1172385.005  1172468.009  1172520.005
   880:  1172561.009  1202267.005  1202689.009  1202792.005  1203369.009
   885:  1205842.001  1208166.003  1208655.005  1208901.009  1208943.005
   890:  1208955.009  1209083.005  1209090.009  1253956.001  1256996.003
   895:  1257533.005  1257551.009  1257596.005  1257787.009  1260568.001
   900:  1261300.003  1263909.001  1266806.003  1267168.001  1267702.003
   905:  1268294.005  1268683.009  1277539.005  1277897.009  1279972.005
   910:  1280003.009  1292646.005  1292661.009  1292706.005  1292796.009
   915:  1295116.001  1299116.018  1300049.003  1300055.016  1300105.026
   920:  1300331.005  1301519.009  1301583.005  1301616.009  1301987.005
   925:  1302043.009  1302086.005  1302099.009  1306982.005  1307584.009
   930:  1307633.005  1307646.009  1307879.005  1307884.009  1307938.005
   935:  1307948.009  1307982.005  1308032.009  1309176.001  1311363.003
   940:  1312008.001  1312462.003  1313056.005  1313396.009  1315822.001
   945:  1316311.003  1316802.001  1317424.003  1324224.001  1326318.003
   950:  1327388.001  1330286.003  1330832.005  1331072.009  1340413.005
   955:  1340461.009  1340540.005  1340655.009  1341230.001  1345230.018
   960:  1345351.003  1345357.016  1345407.026  1345710.005  1346412.009
   965:  1347268.005  1347934.009  1348002.005  1348027.009  1349318.001
   970:  1353318.018  1353648.003  1353654.016  1353704.026  1353905.005
   975:  1354424.009  1354960.005  1354992.009  1355874.005  1355903.009
   980:  1356167.005  1356207.009  1356288.005  1356294.009  1359864.005
   985:  1360109.009  1363733.001  1367295.003  1367870.005  1368533.009
   990:  1370934.001  1371713.003  1372428.005  1372676.009  1381512.001
   995:  1384761.003  1385529.005  1385557.009  1385565.005  1385674.009
  1000:  1386069.001  1389673.003  1390915.001  1391052.003  1391791.001
  1005:  1395438.003  1395971.005  1396422.009  1407166.005  1407246.009
  1010:  1407914.001  1411806.003  1412428.005  1412603.009  1419005.005
  1015:  1419087.009  1419102.005  1419161.009  1419295.005  1419450.009
  1020:  1420312.001  1423967.003  1424736.005  1424915.009  1425478.001
  1025:  1428046.003  1432221.001  1433727.003  1468763.001  1472126.003
  1030:  1472793.005  1473111.009  1473981.001  1477588.003  1478379.005
  1035:  1478614.009
B:
     0:        0.000      152.000        3.000      152.000        3.000
     5:      337.000        0.000        0.000        0.000      337.000
    10:        0.000        1.000        0.000        0.000        0.000
    15:        0.000       17.000        0.000       17.000        0.000
    20:        0.000        0.000        0.000        0.000        0.000
    25:        0.000       17.000        0.000        0.000        0.000
    30:        0.000
D:
     0:  2081061.000  2077455.000  2081062.000
E:
     0:     4000.000     4000.000
T:
     0:        0.000        0.000        0.000        0.000
W:
     0:        0.000        0.000        0.000
