File: C:\MED-PC IV\Data\ALFE\AU015.999


Start Date: 02/15/24
End Date: 02/15/24
Subject: 15
Experiment: AU
Group: LINEAR
Box: 1
Start Time: 13:46:00
End Time: 14:36:00
MSN: DRRD_500ms
C:       0.000
F:       9.000
G:       0.000
H:       0.000
I:       0.000
J:       0.000
K:     100.000
L:       0.000
M:       0.000
N:       0.000
O:       0.000
P:       0.000
Q:       0.000
R:       0.000
S:       0.000
U:  339892.000
V:       0.000
X:       0.000
Y:    1328.000
Z:       0.000
A:
     0:     8891.005     8913.009     8921.005     9674.009    10166.001
     5:    10339.003    10487.001    11012.003    11042.001    11096.003
    10:    11113.001    11645.003    11681.001    13676.003    13843.001
    15:    14915.003    14996.005    15000.011    15788.009    15869.005
    20:    16261.009    16764.001    16837.003    16870.001    21587.003
    25:    23543.001    25585.003    25652.001    28085.003    28232.005
    30:    28640.009    28991.001    33991.018    35930.003    35936.016
    35:    35986.026    36088.005    36526.009    40743.001    40814.003
    40:    40959.001    41018.003    41041.001    41117.003    41138.001
    45:    41421.003    41459.001    46000.003    46776.005    46791.009
    50:    46802.005    46848.009    46878.005    47106.009    47389.001
    55:    47568.003    47739.001    47886.003    48272.001    53272.018
    60:    53977.003    53983.016    54033.026    54146.005    54532.009
    65:    55117.001    55391.003    55558.001    59943.003    60029.005
    70:    60161.009    60583.001    65583.018    67555.003    67561.016
    75:    67611.026    67720.005    67968.009    68808.001    69124.003
    80:    69217.001    69334.003    69528.001    69599.003    69618.001
    85:    74618.018    75698.003    75704.016    75754.026    75814.005
    90:    76059.009    76752.001    76916.003    77036.001    82036.018
    95:    82128.003    82134.016    82184.026    82288.005    82762.009
   100:    87944.001    88180.003    88598.001    93170.003    94135.001
   105:    99135.018   100799.003   100805.016   100855.026   100944.005
   110:   101301.009   102449.001   102578.003   102594.001   103028.003
   115:   103173.001   108173.018   108690.003   108696.016   108746.026
   120:   108850.005   109288.009   110012.001   115012.018   115627.003
   125:   115633.016   115683.026   115839.005   116142.009   117184.001
   130:   117307.003   117343.001   122343.018   123446.003   123452.016
   135:   123502.026   123600.005   123966.009   125799.001   130799.018
   140:   132501.003   132507.016   132557.026   132736.005   133056.009
   145:   135050.001   135201.003   135882.001   136703.003   136837.001
   150:   136923.003   136949.001   136997.003   137022.001   137065.003
   155:   137119.001   141974.003   142599.005   142737.009   142845.005
   160:   142941.009   143762.001   143966.003   144161.001   145143.003
   165:   145154.001   145214.003   145225.001   149704.003   150609.001
   170:   151024.003   151648.001   151988.003   152028.001   152068.003
   175:   152109.001   157109.018   157494.003   157500.016   157550.026
   180:   157653.005   158045.009   158828.001   159207.003   159366.001
   185:   159483.003   159659.001   163670.003   163724.001   163994.003
   190:   164216.005   164558.009   164572.005   165243.009   165534.001
   195:   169362.003   169365.001   170781.003   171078.001   172450.003
   200:   173512.001   178512.018   179199.003   179205.016   179255.026
   205:   179301.005   179531.009   180576.001   180934.003   180968.001
   210:   184447.003   184472.001   186352.003   187314.001   187765.003
   215:   188075.001   188158.003   188216.001   192872.003   193010.001
   220:   193148.003   193685.001   198340.003   203429.001   208429.018
   225:   210529.003   210535.016   210585.026   210674.005   211155.009
   230:   212444.001   212646.003   212692.001   212925.003   212962.001
   235:   212992.003   213009.001   217558.003   218364.001   223364.018
   240:   224705.003   224711.016   224761.026   224859.005   225251.009
   245:   225263.005   225316.009   229778.001   234778.018   235306.003
   250:   235312.016   235362.026   235462.005   236191.009   236269.005
   255:   236391.009   237404.001   238094.003   238155.001   238325.003
   260:   238391.001   238429.003   238466.001   243466.018   244113.003
   265:   244119.016   244169.026   244250.005   244523.009   244600.005
   270:   244840.009   244952.005   245374.009   245549.005   245570.009
   275:   245603.005   245620.009   246284.001   246344.003   246414.001
   280:   246449.003   246854.001   246958.003   246979.001   247019.003
   285:   247032.001   247068.003   247128.001   247380.003   247421.001
   290:   249528.003   249565.001   251219.003   251715.001   255702.003
   295:   256434.001   257351.003   257404.001   260456.003   260471.001
   300:   262148.003   266590.001   268617.003   268719.001   272627.003
   305:   273780.001   277390.003   288256.005   288990.009   292971.001
   310:   293278.003   293301.001   293515.003   293716.001   293903.003
   315:   293923.001   294074.003   294131.001   294225.003   294283.001
   320:   295132.003   298848.005   299055.009   311771.005   313221.009
   325:   313542.005   313572.009   314166.001   314556.003   314585.001
   330:   315536.003   316142.001   316269.003   316282.001   321239.003
   335:   324288.001   329288.018   330646.003   330652.016   330702.026
   340:   330866.005   331503.009   333877.001   338877.018   339429.003
   345:   339435.016   339485.026   339581.005   340248.009   342276.001
   350:   347276.018   347380.003   347386.016   347436.026   347533.005
   355:   348213.009   348549.005   348648.009   349440.001   349736.003
   360:   349841.001   349898.003   349962.001   353700.003   354234.001
   365:   359234.018   359368.003   359374.016   359424.026   359524.005
   370:   360572.009   366386.001   371386.018   371664.003   371670.016
   375:   371720.026   371825.005   372863.009   373663.001   378663.018
   380:   379294.003   379300.016   379350.026   379474.005   379802.009
   385:   381153.001   384562.003   384572.001   384690.003   384805.001
   390:   386441.003   387143.005   387283.009   387759.001   392759.018
   395:   393681.003   393687.016   393737.026   393830.005   394278.009
   400:   394926.001   399926.018   399994.003   400000.016   400050.026
   405:   400093.005   400455.009   401825.001   401910.003   401994.001
   410:   406994.018   407659.003   407665.016   407715.026   407806.005
   415:   408155.009   408869.001   413869.018   414888.003   414894.016
   420:   414944.026   415042.005   415531.009   416186.001   420838.003
   425:   421355.001   422052.003   422059.001   427059.018   427749.003
   430:   427755.016   427805.026   427950.005   428374.009   429738.001
   435:   429895.003   429945.001   434945.018   435583.003   435589.016
   440:   435639.026   435672.005   436313.009   437181.001   442181.018
   445:   442921.003   442927.016   442977.026   443112.005   443444.009
   450:   443504.005   443567.009   444217.001   447220.003   447355.001
   455:   449298.003   450093.001   455093.018   456459.003   456465.016
   460:   456515.026   456672.005   457257.009   459661.001   461660.003
   465:   461673.001   465710.003   466889.001   471889.018   472159.003
   470:   472165.016   472215.026   472312.005   472675.009   472731.005
   475:   472746.009   473904.001   478904.018   479376.003   479382.016
   480:   479432.026   479533.005   479909.009   481224.001   486224.018
   485:   487060.003   487066.016   487116.026   487240.005   487644.009
   490:   491243.001   494417.003   494514.001   494637.003   494715.001
   495:   497592.003   499027.001   504027.018   504988.003   504994.016
   500:   505044.026   505123.005   505815.009   506353.001   506944.003
   505:   507348.001   511009.003   511034.001   512843.003   513466.001
   510:   514744.003   515092.001   518740.003   519541.001   524481.003
   515:   525645.001   530645.018   532416.003   532422.016   532472.026
   520:   532557.005   533076.009   535111.001   535239.003   536015.001
   525:   541015.018   543066.003   543072.016   543122.026   543383.005
   530:   543892.009   546508.001   546866.003   546884.001   551884.018
   535:   552121.003   552127.016   552177.026   552343.005   552610.009
   540:   553679.001   558294.003   561119.001   566119.018   567363.003
   545:   567369.016   567419.026   567550.005   567967.009   569026.001
   550:   573266.003   574183.001   579183.018   579204.003   579210.016
   555:   579260.026   579342.005   580245.009   580357.005   581419.009
   560:   582379.001   587137.003   588888.001   593888.018   594841.003
   565:   594847.016   594897.026   594982.005   595486.009   595499.005
   570:   595575.009   595626.005   595669.009   598217.001   601591.003
   575:   601618.001   602726.003   603590.001   608590.018   609314.003
   580:   609320.016   609370.026   609517.005   610370.009   611408.001
   585:   616408.018   616807.003   616813.016   616863.026   616982.005
   590:   617938.009   618480.001   622999.003   623898.001   624411.003
   595:   633545.001   635419.003   635448.001   638265.003   639159.001
   600:   644159.018   645310.003   645316.016   645366.026   645492.005
   605:   645882.009   645922.005   645961.009   646003.005   646073.009
   610:   647806.001   652806.018   653491.003   653497.016   653547.026
   615:   653654.005   654398.009   654455.005   654468.009   654477.005
   620:   654577.009   654922.001   659535.003   660537.001   665537.018
   625:   666787.003   666793.016   666843.026   666939.005   667625.009
   630:   668739.001   673739.018   674172.003   674178.016   674228.026
   635:   674361.005   674968.009   675884.001   680884.018   680991.003
   640:   680997.016   681047.026   681063.001   681275.003   681304.005
   645:   681904.009   681915.005   681955.009   683538.001   688538.018
   650:   688841.003   688847.016   688897.026   688998.005   689418.009
   655:   690735.001   695735.018   695943.003   695949.016   695999.026
   660:   696141.005   696485.009   696678.005   696786.009   696856.005
   665:   697250.009   697334.005   697580.009   698122.001   703122.018
   670:   703189.003   703195.016   703245.026   703377.005   703779.009
   675:   704849.001   708717.003   709386.001   714386.018   715130.003
   680:   715136.016   715186.026   715261.005   715789.009   716933.001
   685:   717308.003   717326.001   722078.003   723209.001   728209.018
   690:   728253.003   728259.016   728309.026   728505.005   728934.009
   695:   730005.001   735005.018   735810.003   735816.016   735866.026
   700:   735973.005   736253.009   737855.001   742250.003   742862.001
   705:   747862.018   749286.003   749292.016   749342.026   749463.005
   710:   750305.009   750991.001   753568.003   753613.001   756183.003
   715:   756510.005   756659.009   757122.001   762122.018   762768.003
   720:   762774.016   762824.026   762894.005   763295.009   764277.001
   725:   769277.018   770215.003   770221.016   770271.026   770349.005
   730:   770941.009   771731.001   776731.018   776840.003   776846.016
   735:   776896.026   777023.005   777429.009   779040.001   784040.018
   740:   785066.003   785072.016   785122.026   785215.005   786004.009
   745:   787438.001   792058.003   792874.001   797874.018   798209.003
   750:   798215.016   798265.026   798349.005   799852.009   802587.001
   755:   807587.018   807806.003   807812.016   807862.026   807900.005
   760:   808319.009   815545.001   820545.018   821494.003   821500.016
   765:   821550.026   821652.005   822017.009   823921.001   828921.018
   770:   830186.003   830192.016   830242.026   830370.005   830767.009
   775:   831781.001   836781.018   837359.003   837365.016   837415.026
   780:   837498.005   837887.009   837940.005   838016.009   838046.005
   785:   838110.009   840029.001   845029.018   845264.003   845270.016
   790:   845320.026   845408.005   845881.009   845898.005   845958.009
   795:   848915.001   853915.018   855490.003   855496.016   855546.026
   800:   855612.005   855955.009   856770.001   861262.003   861432.005
   805:   862199.009   862475.001   867475.018   869100.003   869106.016
   810:   869156.026   869246.005   869630.009   870584.001   875584.018
   815:   875829.003   875835.016   875885.026   875972.005   876412.009
   820:   876463.005   876536.009   879040.001   884040.018   884614.003
   825:   884620.016   884670.026   884844.005   885411.009   885531.005
   830:   886146.009   886742.001   891670.003   891796.005   891949.009
   835:   892210.001   897210.018   897339.003   897345.016   897395.026
   840:   897511.005   898138.009   899156.005   899185.009   899200.005
   845:   899220.009   900083.001   905083.018   906212.003   906218.016
   850:   906268.026   906333.005   906841.009   908211.001   913211.018
   855:   913607.003   913613.016   913663.026   913763.005   914329.009
   860:   920690.001   925690.018   926907.003   926913.016   926963.026
   865:   927052.005   927692.009   928562.001   933562.018   934025.003
   870:   934031.016   934081.026   934180.005   934792.009   934808.005
   875:   934906.009   934973.005   934998.009   936866.001   941745.003
   880:   941870.005   942069.009   942370.001   942538.003   942877.001
   885:   947877.018   948962.003   948968.016   949018.026   949106.005
   890:   949801.009   949879.005   950024.009   960978.001   965978.018
   895:   967406.003   967412.016   967462.026   967548.005   968200.009
   900:   970357.001   975357.018   975362.003   975368.016   975418.026
   905:   975482.005   976087.009   976102.005   976220.009   976626.001
   910:   976848.003   976927.001   981927.018   982636.003   982642.016
   915:   982692.026   982749.005   983180.009   985396.001   986001.003
   920:   986039.001   988625.003   988662.005   989075.009   989361.001
   925:   993040.003   993092.001   994790.003   996381.001  1001381.018
   930:  1002873.003  1002879.016  1002929.026  1003059.005  1003775.009
   935:  1007928.001  1012928.018  1013605.003  1013611.016  1013661.026
   940:  1013751.005  1014344.009  1014359.005  1014381.009  1016022.001
   945:  1016688.003  1016730.001  1016946.003  1016974.001  1021688.003
   950:  1021845.005  1021877.009  1021921.005  1021939.009  1021960.005
   955:  1022286.009  1022526.001  1027526.018  1027528.003  1027534.016
   960:  1027584.026  1027727.005  1028111.009  1028148.005  1028183.009
   965:  1028222.005  1028253.009  1031789.001  1036789.018  1037446.003
   970:  1037452.016  1037502.026  1037594.005  1037973.009  1040270.001
   975:  1045270.018  1045650.003  1045656.016  1045706.026  1045782.005
   980:  1046246.009  1046250.005  1046428.009  1046447.005  1046691.009
   985:  1046830.005  1046867.009  1051388.001  1056388.018  1057097.003
   990:  1057103.016  1057153.026  1057244.005  1057590.009  1057608.005
   995:  1057634.009  1057666.005  1057733.009  1066368.001  1071368.018
  1000:  1072313.003  1072319.016  1072369.026  1072474.005  1072777.009
  1005:  1072783.005  1072803.009  1073548.001  1078548.018  1079012.003
  1010:  1079018.016  1079068.026  1079158.005  1079665.009  1084909.001
  1015:  1089909.018  1091577.003  1091583.016  1091633.026  1091724.005
  1020:  1092207.009  1092255.005  1092486.009  1093277.001  1093679.003
  1025:  1094066.001  1097213.003  1097231.001  1099428.003  1099612.005
  1030:  1099848.009  1100214.001  1105214.018  1106336.003  1106342.016
  1035:  1106392.026  1106499.005  1106869.009  1106893.005  1106930.009
  1040:  1106962.005  1107107.009  1107143.005  1107219.009  1107250.005
  1045:  1107325.009  1107355.005  1107624.009  1108555.001  1113159.003
  1050:  1114437.001  1119437.018  1120077.003  1120083.016  1120133.026
  1055:  1120249.005  1120674.009  1120701.005  1120741.009  1122086.001
  1060:  1127086.018  1127104.003  1127110.016  1127160.026  1127211.005
  1065:  1127724.009  1130143.001  1135143.018  1136716.003  1136722.016
  1070:  1136772.026  1136823.005  1137440.009  1137466.005  1137656.009
  1075:  1145169.001  1150169.018  1150472.003  1150478.016  1150528.026
  1080:  1150625.005  1151317.009  1158264.001  1163264.018  1163995.003
  1085:  1164001.016  1164051.026  1164088.005  1164624.009  1167058.001
  1090:  1172058.018  1172207.003  1172213.016  1172263.026  1172364.005
  1095:  1172936.009  1175325.001  1180325.018  1180493.003  1180499.016
  1100:  1180549.026  1180632.005  1181141.009  1183460.005  1183572.009
  1105:  1183761.005  1183782.009  1183829.005  1183874.009  1184002.005
  1110:  1184069.009  1184653.005  1184745.009  1185890.001  1190890.018
  1115:  1191613.003  1191619.016  1191669.026  1191738.005  1192122.009
  1120:  1194104.001  1199104.018  1199992.003  1199998.016  1200048.026
  1125:  1200126.005  1200526.009  1202555.001  1203348.003  1210498.001
  1130:  1215498.018  1216977.003  1216983.016  1217033.026  1217084.005
  1135:  1217644.009  1219437.001  1224437.018  1225042.003  1225048.016
  1140:  1225098.026  1225178.005  1225837.009  1227847.001  1232847.018
  1145:  1233828.003  1233834.016  1233884.026  1233953.005  1234345.009
  1150:  1236112.001  1239582.003  1239601.001  1241759.003  1241844.005
  1155:  1242540.009  1242908.001  1243604.003  1254525.001  1259525.018
  1160:  1261216.003  1261222.016  1261272.026  1261323.005  1261748.009
  1165:  1267869.001  1272869.018  1274376.003  1274382.016  1274432.026
  1170:  1274506.005  1275050.009  1275107.005  1275142.009  1277848.001
  1175:  1282848.018  1283116.003  1283122.016  1283172.026  1283249.005
  1180:  1283643.009  1285540.001  1290540.018  1291883.003  1291889.016
  1185:  1291939.026  1292036.005  1292436.009  1292455.005  1292516.009
  1190:  1292783.005  1292842.009  1292863.005  1292897.009  1293060.005
  1195:  1293344.009  1294066.001  1298935.003  1299970.001  1304970.018
  1200:  1306616.003  1306622.016  1306672.026  1306764.005  1307151.009
  1205:  1307181.005  1307243.009  1309086.001  1314086.018  1314176.003
  1210:  1314182.016  1314232.026  1314355.005  1314818.009  1317575.001
  1215:  1322575.018  1323341.003  1323347.016  1323397.026  1323655.005
  1220:  1324377.009  1327249.001  1332249.018  1332514.003  1332520.016
  1225:  1332570.026  1332622.005  1333060.009  1335818.001  1340818.018
  1230:  1340989.003  1340995.016  1341045.026  1341132.005  1341510.009
  1235:  1344183.001  1349183.018  1349482.003  1349488.016  1349538.026
  1240:  1349698.005  1350387.009  1350393.005  1350408.009  1352376.001
  1245:  1357376.018  1358594.003  1358600.016  1358650.026  1358706.005
  1250:  1359136.009  1360793.001  1365742.003  1365827.005  1366230.009
  1255:  1370629.001  1375629.018  1377082.003  1377088.016  1377138.026
  1260:  1377200.005  1377676.009  1379218.001  1384218.018  1385057.003
  1265:  1385063.016  1385113.026  1385199.005  1385710.009  1388153.001
  1270:  1393153.018  1394538.003  1394544.016  1394594.026  1394697.005
  1275:  1395026.009  1395059.005  1395092.009  1395172.005  1395233.009
  1280:  1397105.001  1402105.018  1403200.003  1403206.016  1403256.026
  1285:  1403314.005  1403812.009  1406714.001  1411714.018  1413272.003
  1290:  1413278.016  1413328.026  1413382.005  1413605.009  1416652.001
  1295:  1421652.018  1424196.003  1424202.016  1424252.026  1424352.005
  1300:  1424756.009  1424806.005  1424813.009  1426668.001  1431668.018
  1305:  1432920.003  1432926.016  1432976.026  1433073.005  1433473.009
  1310:  1440518.001  1445518.018  1446602.003  1446608.016  1446658.026
  1315:  1446685.005  1447031.009  1449758.001  1454758.018  1456022.003
  1320:  1456028.016  1456078.026  1456111.005  1456636.009  1456944.005
  1325:  1456953.009  1483530.005  1484129.009
B:
     0:        0.000      272.000        0.000      272.000        0.000
     5:      213.000        0.000        0.000        0.000      213.000
    10:        0.000        1.000        0.000        0.000        0.000
    15:        0.000      119.000        0.000      119.000        0.000
    20:        0.000        0.000        0.000        0.000        0.000
    25:        0.000      119.000        0.000        0.000        0.000
    30:        0.000
D:
     0:  1795913.000  1789650.000  1795914.000
E:
     0:     5000.000     5000.000
T:
     0:        0.000        0.000        0.000        0.000
W:
     0:        0.000        0.000        0.000
