File: C:\MED-PC IV\Data\ALFE\AU016.999


Start Date: 02/10/24
End Date: 02/10/24
Subject: 16
Experiment: AU
Group: EXP40
Box: 2
Start Time: 13:27:29
End Time: 14:17:29
MSN: DRRD_general_exp
C:       0.000
F:       0.000
G:       0.000
H:       0.000
I:       0.000
J:       0.000
K:      80.000
L:       0.000
M:       0.000
N:       0.000
O:       0.000
P:       0.000
Q:       0.000
R:       0.000
S:       0.000
U:  519692.000
V:       0.000
X:       0.000
Y:     235.000
Z:       0.000
A:
     0:     3517.005     3564.009     3605.005     3624.009     3627.005
     5:     4449.009     4453.005     4480.009     8708.001     9781.003
    10:    15000.011    27219.005    27266.009    27275.005    29354.009
    15:    29366.005    29606.009    29610.005    29622.009    29655.005
    20:    29670.009    29691.005    29707.009    35465.002    35828.004
    25:    36365.005    36394.009    36397.005    38031.009    38044.005
    30:    38085.009    38123.005    38152.009    38241.005    38256.009
    35:    38270.005    38299.009    38338.005    38401.009    38403.005
    40:    38612.009    38622.005    38635.009    38641.005    38654.009
    45:    38660.005    38677.009    38690.005    38698.009    38712.005
    50:    38717.009    38736.005    38742.009    38764.005    38781.009
    55:    59505.005    59516.009    59520.005    59529.009    59563.005
    60:    59702.009    59769.005    61289.009    61306.005    61630.009
    65:    61654.005    61666.009    64904.001    65437.003   142071.005
    70:   142118.009   193850.005   193917.009   202733.005   202805.009
    75:   202857.005   202955.009   202971.005   202997.009   202998.005
    80:   203534.009   203549.005   203558.009   203569.005   204295.009
    85:   204384.005   204458.009   204499.005   204516.009   204553.005
    90:   204586.009   204631.005   204642.009   204651.005   204664.009
    95:   204686.005   204709.009   204774.005   204797.009   204829.005
   100:   204850.009   204857.005   204866.009   205774.001   206416.003
   105:   486136.005   486152.009   524377.002   526261.004   550569.001
   110:   551014.003   551924.001   552258.003   552407.001   554882.003
   115:   559893.001   560418.003   564841.005   566150.009   566228.005
   120:   566245.009   566257.005   566276.009   792910.005   792919.009
   125:   839107.001   839460.003   874127.001   874570.003   946416.002
   130:   946619.004   951634.002   951720.004  1015925.005  1015932.009
   135:  1015991.005  1015995.009  1016102.005  1016152.009  1016163.005
   140:  1016183.009  1016328.005  1016333.009  1016335.005  1016429.009
   145:  1016447.005  1016475.009  1016522.005  1016563.009  1016589.005
   150:  1016603.009  1016612.005  1016640.009  1016714.005  1016738.009
   155:  1016773.005  1016840.009  1017503.005  1017515.009  1017535.005
   160:  1017545.009  1017589.005  1017600.009  1040494.005  1040599.009
   165:  1040628.005  1040755.009  1040756.005  1040773.009  1040775.005
   170:  1041378.009  1105329.001  1106434.003  1108345.001  1110087.003
   175:  1114821.001  1116501.003  1118112.005  1118145.009  1118289.005
   180:  1118441.009  1121756.005  1121762.009  1134369.002  1134551.004
   185:  1134843.002  1137360.004  1137688.005  1137738.009  1138060.005
   190:  1138075.009  1138076.005  1138084.009  1138110.005  1138130.009
   195:  1138201.005  1138211.009  1138218.005  1138229.009  1139287.002
   200:  1142980.004  1157445.001  1159145.003  1196879.002  1197135.004
   205:  1341111.005  1341139.009  1341162.005  1341182.009  1341208.005
   210:  1341220.009  1341355.005  1341475.009  1341504.005  1341584.009
   215:  1343711.005  1343723.009  1343742.005  1343752.009  1343802.005
   220:  1343814.009  1343857.005  1343871.009  1343909.005  1343937.009
   225:  1343993.005  1344014.009  1344199.005  1344201.009  1344208.005
   230:  1344214.009  1344289.005  1344299.009  1472070.002  1475162.004
B:
     0:        0.000       13.000        9.000       13.000        9.000
     5:       95.000        0.000        0.000        0.000       95.000
    10:        0.000        1.000        0.000        0.000        0.000
    15:        0.000        0.000        0.000        0.000        0.000
    20:        0.000        0.000        0.000        0.000        0.000
    25:        0.000        0.000        0.000        0.000        0.000
    30:        0.000
D:
     0:  1678836.000  1677137.000  1678837.000
E:
     0:     4000.000     4000.000
T:
     0:        0.000        0.000        0.000        0.000
W:
     0:        0.000        0.000        0.000
