File: C:\MED-PC IV\Data\ALFE\AU015.999


Start Date: 02/05/24
End Date: 02/05/24
Subject: 15
Experiment: AU
Group: LINEAR
Box: 1
Start Time: 13:19:17
End Time: 14:09:17
MSN: DRRD_500ms
C:       0.000
F:       0.000
G:       0.000
H:       0.000
I:       0.000
J:       0.000
K:      45.000
L:       0.000
M:       0.000
N:       0.000
O:       0.000
P:       0.000
Q:       0.000
R:       0.000
S:       0.000
U:  150999.000
V:       0.000
X:       0.000
Y:    1515.000
Z:       0.000
A:
     0:    15000.011    15611.001    15767.003    16190.001    16958.003
     5:    17283.001    19533.018    22078.003    22084.016    22134.026
    10:    22248.005    22614.009    22618.005    22641.009    23144.001
    15:    23253.003    23287.001    23989.003    24020.001    26270.018
    20:    26427.003    26433.016    26483.026    26570.005    27086.009
    25:    28602.001    28669.003    28709.001    29791.003    29935.001
    30:    30567.003    31180.001    31203.003    31238.001    33195.003
    35:    33777.001    33821.003    33841.001    35587.003    36098.001
    40:    38348.018    39298.003    39304.016    39354.026    39462.005
    45:    39894.009    41076.001    41561.003    41570.001    42384.003
    50:    42433.001    43136.003    43627.001    44834.003    45067.001
    55:    46492.003    47459.001    49112.003    49289.001    50358.003
    60:    50847.001    53097.018    53158.003    53164.016    53214.026
    65:    53325.005    53569.009    53595.005    53603.009    54814.001
    70:    54898.003    55004.001    55364.003    55437.001    55545.003
    75:    55550.001    57228.003    57660.001    59910.018    59941.003
    80:    59947.016    59997.026    60110.005    60539.009    60627.005
    85:    62297.009    62314.005    62333.009    62725.005    62960.009
    90:    63919.001    64354.003    64358.001    64623.003    64658.001
    95:    64857.003    65257.001    67068.003    67648.001    67691.003
   100:    67723.001    69615.003    70172.001    71010.003    71104.001
   105:    71246.003    71278.001    71967.003    72399.001    74649.018
   110:    74658.003    74664.016    74714.026    74798.005    75163.009
   115:    75632.001    76214.003    76242.001    76391.003    76398.001
   120:    77676.003    78005.001    79586.003    80254.001    81683.003
   125:    81988.001    82581.003    84480.001    85205.003    85374.001
   130:    85537.003    86200.005    86217.009    87743.001    87786.003
   135:    88186.001    88336.003    88364.001    88630.003    88659.001
   140:    88908.003    89047.001    89070.003    89084.001    90229.003
   145:    90287.001    90747.003    91267.005    91380.009    91725.001
   150:    91954.003    92009.001    94259.018    95381.003    95387.016
   155:    95437.026    95523.005    95972.009    96014.005    96056.009
   160:    96058.005    96557.009    96650.005    96661.009    97039.005
   165:    97484.009    98167.005    98193.009   101266.001   101507.003
   170:   101534.001   101925.003   101954.001   102361.003   102725.001
   175:   104508.003   105291.001   105331.003   105345.001   105682.003
   180:   105788.001   107492.003   108236.001   109796.003   110502.001
   185:   111705.003   111716.001   112064.003   112099.001   112939.003
   190:   113620.001   115870.018   116171.003   116177.016   116227.026
   195:   116327.005   116871.009   116882.005   116922.009   117596.001
   200:   117697.003   117725.001   117788.003   117967.001   118858.003
   205:   119134.001   120632.003   121082.001   122994.003   124005.001
   210:   124398.003   133721.001   133802.003   133933.001   135323.003
   215:   135846.001   136518.003   136549.001   137766.003   138170.001
   220:   139092.003   139105.001   140423.003   141063.001   141321.003
   225:   141399.001   142698.003   143727.001   144568.003   144607.001
   230:   145415.003   146127.001   146421.003   146447.001   146730.003
   235:   146790.001   146871.003   146969.001   147860.003   148312.005
   240:   148333.009   148757.001   150297.003   151003.001   152721.003
   245:   152733.001   153338.003   153710.001   155249.003   155419.001
   250:   155990.003   156247.001   156873.003   157594.001   159371.003
   255:   160400.001   160998.003   161222.001   161595.003   161745.001
   260:   161804.003   161863.001   162584.003   163342.001   163715.003
   265:   163961.001   164024.003   164138.001   164307.003   164355.001
   270:   164673.003   164746.001   164923.003   164967.001   165807.003
   275:   166391.001   166611.003   166865.001   168531.003   169065.001
   280:   170038.003   170077.001   170415.003   170738.005   170753.009
   285:   171003.001   171714.003   171720.001   172937.003   173488.005
   290:   173513.009   173524.005   173757.009   173781.005   173809.009
   295:   174143.001   176007.003   176439.005   176454.009   176859.001
   300:   178558.003   178954.005   179048.009   179057.005   179079.009
   305:   186077.001   186162.003   186189.001   186273.003   186297.001
   310:   186398.003   186417.001   186530.003   186542.001   187778.003
   315:   191633.001   193713.003   193778.001   194117.003   194127.001
   320:   195294.003   196561.001   196968.003   196999.001   197942.003
   325:   198604.001   199563.003   199600.001   200742.003   201303.001
   330:   202136.003   202216.001   202249.003   202266.001   202561.003
   335:   204346.001   204390.003   204817.001   204875.003   205114.001
   340:   205238.003   206368.001   207282.003   208195.001   208296.003
   345:   208511.001   210237.003   210687.005   211446.009   211472.005
   350:   211498.009   211523.005   212085.009   212577.005   212585.009
   355:   213930.001   215006.003   215364.005   215402.009   215419.005
   360:   215459.009   218167.001   218187.003   218202.001   218436.003
   365:   218446.001   218863.003   219367.001   220638.003   221110.005
   370:   221140.009   230657.001   230859.003   231300.001   231660.003
   375:   231691.001   232069.003   232075.001   232714.003   232844.001
   380:   233313.003   233876.001   234191.003   234203.001   234433.003
   385:   234470.001   236605.003   236860.001   237514.003   237852.001
   390:   238201.003   238277.001   239102.003   239453.005   239538.009
   395:   239794.001   240095.003   240839.001   241454.003   241751.005
   400:   241775.009   241798.005   241833.009   244086.002   245011.004
   405:   248297.001   249006.003   249046.001   250655.003   250705.001
   410:   250772.003   250796.001   251006.003   251027.001   251411.003
   415:   251457.001   251563.003   251578.001   251969.003   252661.001
   420:   254911.018   255123.003   255129.016   255179.026   255225.005
   425:   255688.009   255702.005   255946.009   256870.005   256957.009
   430:   257360.005   257520.009   258003.001   259472.003   260304.001
   435:   262554.018   262809.003   262815.016   262865.026   262991.005
   440:   263507.009   266273.001   266499.003   266575.001   267800.003
   445:   268304.001   269221.003   269241.001   270670.003   271438.001
   450:   273421.003   273812.005   273876.009   274195.001   274215.003
   455:   275592.001   276143.003   276908.001   279158.018   280260.003
   460:   280266.016   280316.026   280404.005   280824.009   282179.001
   465:   284023.003   284877.001   286544.003   287145.001   288943.003
   470:   289286.001   290627.003   291387.001   292694.003   292733.001
   475:   293521.003   294231.001   296481.018   296955.003   296961.016
   480:   297011.026   297139.005   297485.009   297522.005   297540.009
   485:   297559.005   297654.009   306939.001   307107.003   307175.001
   490:   308717.003   309122.005   309169.009   309451.001   311701.018
   495:   311910.003   311916.016   311966.026   312073.005   312608.009
   500:   317475.001   318191.003   318527.001   318650.003   318661.001
   505:   318886.003   318927.001   320620.003   320626.001   321088.003
   510:   321605.001   323266.003   323675.001   325925.018   327514.003
   515:   327520.016   327570.026   327660.005   327950.009   329193.001
   520:   329532.003   329595.001   331078.003   331722.001   333124.003
   525:   333141.001   334056.003   334891.001   336904.003   336968.001
   530:   337025.003   337036.001   337567.003   338044.001   339793.003
   535:   340241.001   341726.003   342303.001   344553.018   345168.003
   540:   345174.016   345224.026   345314.005   346152.009   346165.005
   545:   346328.009   347163.001   347800.003   347812.001   349566.003
   550:   350301.001   352147.003   352819.001   354594.003   355289.001
   555:   356425.003   356548.001   357751.003   358354.001   360604.018
   560:   360645.003   360651.016   360701.026   360817.005   361311.009
   565:   362464.001   364714.018   364867.003   364873.016   364923.026
   570:   365096.005   365397.009   366642.001   366721.003   366962.001
   575:   367725.003   367895.001   368082.003   368137.001   368456.003
   580:   368522.001   368673.003   368682.001   369183.003   369900.001
   585:   371676.003   372325.001   374575.018   374853.003   374859.016
   590:   374909.026   374991.005   375328.009   377135.001   377207.003
   595:   377252.001   379126.003   380161.001   381619.003   382452.001
   600:   383638.003   383939.001   384869.003   385540.001   387790.018
   605:   387936.003   387942.016   387992.026   388090.005   388698.009
   610:   389630.001   391254.003   391722.001   393144.003   393661.001
   615:   394245.003   394334.001   395357.003   395983.005   396004.009
   620:   396302.001   398447.003   399166.001   401416.018   401970.003
   625:   401976.016   402026.026   402166.005   403224.009   404048.001
   630:   406298.018   406381.003   406387.016   406437.026   406567.005
   635:   406963.009   406973.005   407709.009   408139.001   408771.003
   640:   409373.001   410054.003   410152.001   411038.003   411569.001
   645:   412333.003   413543.001   414052.003   415075.001   416371.003
   650:   416436.001   416868.003   416926.001   418398.003   418923.001
   655:   420178.003   420314.001   420403.003   420484.001   421134.003
   660:   421687.001   423737.003   424604.001   426221.003   426749.001
   665:   428999.018   429676.003   429682.016   429732.026   429879.005
   670:   430150.009   430219.005   430266.009   430277.005   430381.009
   675:   430937.001   432478.003   433327.001   435577.018   435645.003
   680:   435651.016   435701.026   435846.005   436363.009   436369.005
   685:   436416.009   436439.005   436467.009   437540.001   437695.003
   690:   437792.001   439393.003   440068.001   440122.003   440151.001
   695:   442401.018   442445.003   442451.016   442501.026   442569.005
   700:   442939.009   444154.001   445786.003   446534.001   447220.003
   705:   448088.001   448123.003   448169.001   448633.003   449360.001
   710:   451126.003   452151.001   452636.003   453576.001   455826.018
   715:   457372.003   457378.016   457428.026   457525.005   457894.009
   720:   462718.001   462879.003   463042.001   464653.003   465238.001
   725:   467043.003   467183.001   468613.003   469248.001   470321.003
   730:   470394.001   470586.003   470834.001   472778.003   473249.001
   735:   475499.018   475705.003   475711.016   475761.026   475835.005
   740:   476098.009   476897.001   478361.003   479032.001   481282.018
   745:   481610.003   481616.016   481666.026   481753.005   482082.009
   750:   482560.001   484435.003   485010.001   485748.003   485989.001
   755:   487484.003   488066.005   488088.009   488093.005   488142.009
   760:   488454.001   490704.018   490986.003   490992.016   491042.026
   765:   491146.005   491406.009   491862.001   493276.003   493763.001
   770:   496013.018   496088.003   496094.016   496144.026   496317.005
   775:   496624.009   497304.001   498926.003   499810.001   500317.003
   780:   500828.001   501653.003   502197.001   504447.018   504500.003
   785:   504506.016   504556.026   504678.005   504969.009   505427.001
   790:   507488.003   508215.001   509802.003   510382.001   510956.003
   795:   510985.001   511998.003   512566.001   514160.003   514676.001
   800:   515930.003   516865.001   517355.003   518020.001   520131.003
   805:   520803.001   522520.003   523137.001   525007.003   525528.001
   810:   527427.003   528040.001   530290.018   530599.003   530605.016
   815:   530655.026   530754.005   531138.009   532249.001   533808.003
   820:   534473.001   535685.003   535833.001   536436.003   537230.001
   825:   539480.018   539566.003   539572.016   539622.026   539745.005
   830:   539937.009   539958.005   539975.009   540553.001   542398.003
   835:   542685.001   544537.003   545030.001   547168.003   547997.001
   840:   549947.003   550962.001   551266.003   551478.001   552100.003
   845:   552573.001   554222.003   554490.001   555780.003   556426.001
   850:   558053.003   567393.001   568640.003   568735.001   569930.003
   855:   570526.001   572776.018   573033.003   573039.016   573089.026
   860:   573193.005   573504.009   574321.001   575089.003   575096.001
   865:   575731.003   576323.001   577334.003   577962.001   579698.003
   870:   580616.001   582796.003   583250.005   583272.009   583706.001
   875:   585045.003   585787.001   586417.003   586501.001   586535.003
   880:   586632.001   587424.003   588108.001   589881.003   590466.001
   885:   592483.003   592937.005   592944.009   592966.005   592998.009
   890:   593353.001   593565.003   593597.001   594909.003   595852.001
   895:   598102.018   598179.003   598185.016   598235.026   598332.005
   900:   598722.009   602460.001   602666.003   602676.001   603627.003
   905:   604292.001   605727.003   606487.001   608468.003   609099.001
   910:   610820.003   611421.001   613487.003   615291.001   617131.003
   915:   618720.001   620766.003   621859.001   623047.003   623643.001
   920:   625116.003   625644.001   627402.003   628119.001   630369.018
   925:   630619.003   630625.016   630675.026   630812.005   631053.009
   930:   631064.005   631088.009   632277.001   633436.003   634062.001
   935:   634863.003   635081.001   636391.003   637202.001   639452.018
   940:   640081.003   640087.016   640137.026   640256.005   640616.009
   945:   640644.005   640662.009   641350.001   641388.003   641947.001
   950:   642003.003   642062.001   643692.003   644760.001   646182.003
   955:   646256.001   646680.003   647271.001   648775.003   649740.001
   960:   651725.003   653250.001   654200.003   655484.001   656969.003
   965:   657869.001   659808.003   660245.001   662495.018   663083.003
   970:   663089.016   663139.026   663237.005   663614.009   664491.001
   975:   666692.003   667483.001   668662.003   668711.001   670117.003
   980:   671156.001   671863.003   672960.001   673516.003   676826.001
   985:   676871.003   678173.001   678679.003   681028.005   681450.009
   990:   686187.001   687974.003   688736.001   690498.003   691306.001
   995:   692687.003   696668.001   698918.018   699021.003   699027.016
  1000:   699077.026   699176.005   699890.009   701282.001   701485.003
  1005:   701613.001   703329.003   703934.001   705786.003   706663.001
  1010:   707308.003   707538.001   708694.003   709295.001   710821.003
  1015:   711918.001   713287.003   714147.001   715888.003   716527.001
  1020:   718236.003   719411.001   721304.003   721932.001   724182.018
  1025:   724423.003   724429.016   724479.026   724561.005   725143.009
  1030:   725162.005   725655.009   726917.001   728662.003   729466.001
  1035:   731445.003   732297.001   734111.003   734628.001   736853.003
  1040:   738132.001   738865.003   745554.001   747078.003   747801.001
  1045:   748340.003   748360.001   749778.003   750057.001   750598.003
  1050:   751423.001   752908.003   753609.001   754229.003   754420.001
  1055:   755996.003   756897.001   759027.003   761119.001   762434.003
  1060:   772664.001   772788.003   772798.001   773306.003   773354.001
  1065:   774612.003   775430.001   776583.003   781127.005   781154.009
  1070:   781576.001   783826.018   784185.003   784191.016   784241.026
  1075:   784357.005   784757.009   786687.001   787629.003   792583.001
  1080:   794028.003   794907.001   795823.003   796081.001   797474.003
  1085:   798392.005   798422.009   798438.005   798681.009   799187.001
  1090:   801437.018   801647.003   801653.016   801703.026   801811.005
  1095:   802973.009   803023.005   803872.009   803895.005   803914.009
  1100:   804116.005   804520.009   804604.005   804751.009   805658.001
  1105:   805856.003   805932.001   806460.003   806908.005   807016.009
  1110:   807577.001   807857.003   807874.001   808467.003   808520.001
  1115:   808746.003   808793.001   809360.003   809804.001   811859.003
  1120:   812700.001   814902.003   815551.001   817801.018   817948.003
  1125:   817954.016   818004.026   818107.005   818396.009   820116.001
  1130:   822366.018   822473.003   822479.016   822529.026   822614.005
  1135:   822929.009   824741.001   824825.003   824838.001   825502.003
  1140:   830305.001   832555.018   833493.003   833499.016   833549.026
  1145:   833669.005   833864.009   833904.005   833971.009   834546.001
  1150:   836796.018   837598.003   837604.016   837654.026   837748.005
  1155:   838125.009   846087.001   848337.018   849233.003   849239.016
  1160:   849289.026   849291.017   849388.005   850191.009   858288.001
  1165:   858647.003   858680.001   860221.003   860238.001   861321.003
  1170:   861733.001   862470.003   862645.001   863893.003   863942.001
  1175:   864452.003   865387.001   865653.003   865771.001   866866.003
  1180:   867239.001   867291.003   867644.001   868475.003   869224.001
  1185:   869286.003   869294.001   871402.003   872112.001   873829.003
  1190:   874882.001   877134.003   877575.001   877987.003   878020.001
  1195:   879816.003   880519.001   882109.003   891107.001   893607.018
  1200:   894630.003   894636.016   894686.026   894738.005   895076.009
  1205:   903507.001   903577.003   903627.001   904747.003   905282.001
  1210:   906494.003   907360.001   907823.003   909153.001   909474.003
  1215:   909850.001   910809.003   911535.001   913260.003   913858.001
  1220:   916326.003   917056.001   919556.018   919816.003   919822.016
  1225:   919872.026   919985.005   920622.009   927577.001   927838.003
  1230:   927862.001   928611.003   928690.001   929542.003   930239.001
  1235:   932685.003   933130.005   933317.009   933607.001   935866.003
  1240:   936577.001   939077.018   939121.003   939127.016   939177.026
  1245:   939265.005   939897.009   943121.001   943846.003   943873.001
  1250:   944353.003   944773.001   946679.003   954596.001   956838.003
  1255:   957796.001   958798.003   958822.001   959246.003   960179.001
  1260:   961480.003   977585.001   977739.003   977757.001   977882.003
  1265:   977902.001   979352.003   980088.001   980864.003   980891.001
  1270:   982330.003   983309.001   985809.018   986418.003   986424.016
  1275:   986474.026   986558.005   986995.009   991777.001   992302.003
  1280:   992330.001   993158.003   993628.001   994986.003   996551.001
  1285:   998571.003   998695.001   999631.003  1000510.001  1001214.003
  1290:  1102030.001  1102842.003  1102884.001  1104255.003  1105077.001
  1295:  1106938.003  1108122.001  1108299.003  1108359.001  1110859.018
  1300:  1111114.003  1111120.016  1111170.026  1111233.005  1111496.009
  1305:  1118233.001  1120291.003  1122221.001  1124032.003  1124704.001
  1310:  1127204.018  1127206.003  1127212.016  1127262.026  1127355.005
  1315:  1127645.009  1130781.001  1131984.003  1132581.001  1134171.003
  1320:  1138871.001  1140509.003  1141148.001  1143189.003  1143898.001
  1325:  1145677.003  1146443.001  1147184.003  1147209.001  1148403.003
  1330:  1148478.001  1149947.003  1150554.001  1151911.003  1152704.001
  1335:  1154884.003  1155950.001  1157796.003  1158598.001  1159458.003
  1340:  1159922.001  1161676.003  1162365.001  1162907.003  1163297.005
  1345:  1163323.009  1167898.005  1168438.009  1170047.001  1170305.003
  1350:  1172616.001  1172709.003  1173591.001  1174131.003  1174159.001
  1355:  1175725.003  1190544.001  1190800.003  1191477.001  1192904.003
  1360:  1192951.001  1194769.003  1195372.001  1196760.003  1197532.001
  1365:  1199268.003  1200197.001  1202697.018  1203051.003  1203057.016
  1370:  1203107.026  1203872.001  1205979.003  1206558.001  1208850.003
  1375:  1216823.001  1218923.003  1219796.001  1221812.003  1222995.001
  1380:  1225495.018  1225730.003  1225736.016  1225786.026  1225875.005
  1385:  1226668.009  1226694.005  1226727.009  1228514.001  1228799.003
  1390:  1228815.001  1228977.003  1269359.005  1269785.009  1269797.005
  1395:  1270233.009  1284257.005  1284282.009  1290633.001  1292908.003
  1400:  1299190.001  1299264.003  1299291.001  1299520.003  1299649.001
  1405:  1299811.003  1299855.001  1301200.003  1302062.001  1304040.003
  1410:  1309614.005  1309629.009  1309652.005  1309700.009  1310465.001
  1415:  1311118.003  1311141.001  1311243.003  1311466.001  1312682.003
  1420:  1332056.001  1334305.003  1378714.001  1379103.003  1384032.001
  1425:  1386532.018  1386552.003  1386558.016  1386608.026  1386699.005
  1430:  1387285.009  1389894.001  1390877.003  1399841.001  1400856.003
  1435:  1400864.001  1401101.003  1401140.001  1402654.003  1403478.001
  1440:  1404994.003  1405607.005  1405700.009  1406200.001  1408030.003
  1445:  1408724.001  1410389.003  1411323.001  1413400.003  1413965.001
  1450:  1416465.018  1417060.003  1417066.016  1417116.026  1417209.005
  1455:  1418049.009  1418153.005  1418175.009  1418184.005  1418228.009
  1460:  1420296.001  1420663.003  1420713.001  1422277.003  1422765.001
  1465:  1424573.003  1425473.001  1427174.003  1427867.001  1429160.003
  1470:  1429707.001  1431692.003  1440794.001  1443294.018  1443373.003
  1475:  1443379.016  1443429.026  1443511.005  1443809.009  1449298.001
  1480:  1450780.003  1450925.001  1451453.003  1452153.001  1454190.003
  1485:  1455287.001  1457445.003  1472008.001  1473989.003  1475957.001
  1490:  1478010.003  1478615.001  1480277.003  1481051.005  1481517.009
  1495:  1481792.001  1482464.003  1482544.001  1483573.003  1486033.001
  1500:  1488088.003  1488839.001  1491339.018  1491461.003  1491467.016
  1505:  1491517.026  1491634.005  1491990.009  1496344.001  1496468.003
  1510:  1496516.001  1496601.003  1496607.001  1498414.003  1499237.001
B:
     0:        0.000      535.000        1.000      534.000        1.000
     5:      134.000        0.000        0.000        0.000      134.000
    10:        0.000        1.000        0.000        0.000        0.000
    15:        0.000       58.000        1.000       58.000        0.000
    20:        0.000        0.000        0.000        0.000        0.000
    25:        0.000       58.000        0.000        0.000        0.000
    30:        0.000
D:
     0:  1651004.000  1650236.000  1649413.000
E:
     0:     2250.000     2500.000
T:
     0:        0.000        0.000        0.000        0.000
W:
     0:        2.000        0.000        0.000
