File: C:\MED-PC IV\Data\ALFE\AU017.999


Start Date: 02/05/24
End Date: 02/05/24
Subject: 17
Experiment: AU
Group: LINEAR
Box: 3
Start Time: 13:19:17
End Time: 14:09:17
MSN: DRRD_500ms
C:       0.000
F:       1.000
G:       0.000
H:       0.000
I:       0.000
J:       0.000
K:     100.000
L:       0.000
M:       0.000
N:       0.000
O:       0.000
P:       0.000
Q:       0.000
R:       0.000
S:       0.000
U:  150999.000
V:       0.000
X:       0.000
Y:     588.000
Z:       0.000
A:
     0:   150952.001      691.003      880.005     1013.009     3329.005
     5:     3417.009     3514.005     3525.009     3527.005     3770.009
    10:    15000.011    16537.001    16756.003    17925.001    17949.003
    15:    17963.001    19726.003    20315.005    20395.009    20771.005
    20:    21069.009    21088.005    21491.009    22642.005    22668.009
    25:    41012.005    41021.009    41258.005    41414.009    41432.005
    30:    41464.009    41483.005    41492.009    41518.005    41563.009
    35:    50506.001    53289.003    53369.001    53398.003    53422.001
    40:    53659.003    55462.001    55787.003    55882.001    57172.003
    45:    59221.001    59403.003    61025.005    61243.009    76834.001
    50:    81225.003    88005.002    88392.004    96646.001    99253.003
    55:   101088.001   102677.003   103155.005   103294.009   132471.005
    60:   132603.009   133211.005   133313.009   133750.001   134380.003
    65:   135030.001   135706.003   137797.005   137840.009   137930.005
    70:   137946.009   138430.001   138529.003   167176.005   167195.009
    75:   167284.005   167353.009   167360.005   167399.009   170542.005
    80:   170612.009   170761.005   170797.009   172834.005   172870.009
    85:   173191.005   173301.009   173376.005   173715.009   176148.002
    90:   176735.004   259947.005   260047.009   261657.001   265100.003
    95:   265129.001   266379.003   269135.001   269207.003   269244.001
   100:   269510.003   269690.001   271685.003   271732.001   271755.003
   105:   271788.001   272648.003   273313.005   273383.009   286064.005
   110:   286147.009   286700.005   286787.009   287671.005   287681.009
   115:   288996.005   289263.009   289302.005   289398.009   289621.005
   120:   289629.009   289646.005   289729.009   290279.005   290316.009
   125:   290367.005   290421.009   291323.001   296323.018   296889.003
   130:   296895.016   296945.026   297138.005   297444.009   297474.005
   135:   297485.009   312383.005   312392.009   312405.005   312416.009
   140:   312455.005   312463.009   318892.005   318896.009   318958.005
   145:   318996.009   319000.005   319313.009   319429.005   319438.009
   150:   341741.001   345079.003   346277.001   348120.003   348150.001
   155:   349696.003   350404.005   350655.009   351378.005   351493.009
   160:   358825.001   359905.003   369247.001   373850.003   374777.001
   165:   376571.003   376653.001   379328.003   380436.001   384085.003
   170:   384100.001   386473.003   387570.001   387699.003   387720.001
   175:   391992.003   392602.001   396629.003   407005.002   407299.004
   180:   407503.005   407675.009   407702.005   407753.009   408312.001
   185:   412145.003   414362.001   414432.003   414498.001   414596.003
   190:   417463.001   422293.003   422532.001   423000.003   425124.001
   195:   429355.003   430444.005   430708.009   445518.001   445664.003
   200:   445717.001   448363.003   448475.001   448967.003   449596.001
   205:   450635.003   450704.001   452501.003   452529.001   454921.003
   210:   455840.001   458076.003   458263.005   458369.009   458496.005
   215:   458520.009   458735.001   459122.003   459546.001   460519.003
   220:   460588.001   460905.003   461580.001   463210.003   463381.001
   225:   463793.003   464440.001   466054.003   468726.001   469404.003
   230:   479810.005   479841.009   481017.001   481077.003   481140.001
   235:   481387.003   482558.005   482589.009   482848.005   482913.009
   240:   483016.005   483033.009   483181.001   483843.003   485854.001
   245:   486810.003   488456.001   488550.003   488609.001   489126.003
   250:   495138.005   495193.009   495245.005   495321.009   495768.001
   255:   496298.003   496523.005   496849.009   496874.005   496987.009
   260:   497001.005   497018.009   497049.005   497059.009   497085.005
   265:   497114.009   497142.005   497167.009   516018.001   521018.018
   270:   521182.003   521188.016   521238.026   521388.005   522025.009
   275:   522031.005   522091.009   546707.001   550552.003   551430.001
   280:   555445.003   556339.005   556362.009   556391.005   556398.009
   285:   584522.001   589373.003   590636.001   590696.003   590779.001
   290:   595419.003   610099.005   610109.009   613032.001   618032.018
   295:   618505.003   618511.016   618561.026   618775.005   619289.009
   300:   619295.005   619312.009   652684.005   652855.009   652935.005
   305:   653035.009   653535.001   657046.003   657839.001   661956.003
   310:   662862.001   666735.003   667503.005   667845.009   667883.005
   315:   668032.009   668097.005   668727.009   668858.005   669094.009
   320:   669133.005   669145.009   669330.005   669980.009   670307.005
   325:   670317.009   670609.001   670727.003   670762.001   671126.003
   330:   671310.001   675446.003   675787.005   675995.009   676013.005
   335:   676026.009   676031.005   676166.009   678000.005   678038.009
   340:   678122.005   678190.009   680251.002   680484.004   680808.005
   345:   680943.009   681466.001   681519.003   681658.001   681722.003
   350:   681809.001   683005.003   683023.001   685533.003   685561.001
   355:   685913.003   695434.005   695452.009   695658.005   695698.009
   360:   696032.001   696212.003   696245.001   701216.003   702013.001
   365:   707013.018   707360.003   707366.016   707416.026   707550.005
   370:   707574.009   707582.005   707811.009   736039.001   740174.003
   375:   740775.001   743674.003   743699.001   745692.003   746515.005
   380:   746580.009   757877.001   761604.003   763313.001   764092.003
   385:   791147.005   791246.009   792663.001   794815.003   795738.001
   390:   799606.003   802059.001   807059.018   809234.003   809240.016
   395:   809290.026   809362.005   809555.009   810506.005   810900.009
   400:   827750.001   830211.003   831188.001   833818.003   863956.001
   405:   868238.003   871080.001   875633.003   876455.001   880625.003
   410:   881561.005   881888.009   882056.005   882247.009   883024.001
   415:   883340.003   890038.005   890187.009   890227.005   890370.009
   420:   902287.001   906701.003   907670.001   911000.003   911021.001
   425:   912329.003   913163.001   917968.003   926689.005   926712.009
   430:   929549.001   930244.003   930769.001   931615.003   932348.001
   435:   932564.003   932865.001   932957.003   934010.001   934704.003
   440:   935417.001   935553.003   935602.001   936189.003   936432.005
   445:   936560.009   936981.001   937066.003   937080.001   940236.003
   450:   969089.001   973652.003   974459.001   978599.003  1006187.002
   455:  1006309.004  1012535.002  1012588.004  1014214.001  1015490.003
   460:  1047994.001  1052994.018  1054480.003  1054486.016  1054536.026
   465:  1054686.005  1055045.009  1079048.005  1079179.009  1102354.001
   470:  1102502.003  1107625.001  1109320.003  1109352.001  1111111.003
   475:  1111468.005  1111540.009  1125728.001  1128702.003  1129171.001
   480:  1133264.003  1134167.001  1139052.003  1140087.001  1144670.003
   485:  1145692.001  1149937.003  1165781.001  1169079.003  1169789.001
   490:  1174736.003  1175749.001  1178747.003  1179408.001  1183750.003
   495:  1184636.005  1184831.009  1184983.005  1185190.009  1187895.001
   500:  1189244.003  1190217.001  1192322.003  1194726.001  1197305.003
   505:  1197540.005  1197699.009  1209193.005  1209212.009  1209224.005
   510:  1209384.009  1209416.005  1209778.009  1209794.005  1209887.009
   515:  1210256.005  1210398.009  1212041.001  1212524.003  1222557.005
   520:  1222594.009  1224461.005  1224494.009  1224496.005  1224661.009
   525:  1224716.005  1224830.009  1225600.001  1230255.003  1232209.001
   530:  1234351.003  1234430.001  1235466.003  1288493.005  1288654.009
   535:  1289882.001  1293870.003  1295183.001  1296527.003  1334223.005
   540:  1334475.009  1334879.005  1334898.009  1335683.001  1338829.003
   545:  1340219.001  1344458.003  1345915.001  1346659.003  1406869.001
   550:  1410667.003  1414190.001  1418403.003  1447782.005  1447903.009
   555:  1448146.005  1448286.009  1448560.005  1448714.009  1449508.005
   560:  1449808.009  1451146.001  1455530.003  1456670.001  1460915.003
   565:  1481003.005  1481033.009  1481804.001  1486191.003  1487624.001
   570:  1492624.018  1493171.003  1493177.016  1493227.026  1493383.005
   575:  1493749.009  1496938.005  1497283.009  1497293.005  1497459.009
   580:  1497484.005  1497659.009  1497664.005  1498158.009  1498606.005
   585:  1498708.009  1499072.005  1499150.009
B:
     0:        0.000      145.000        6.000      145.000        6.000
     5:      132.000        0.000        0.000        0.000      132.000
    10:        0.000        1.000        0.000        0.000        0.000
    15:        0.000        7.000        0.000        7.000        0.000
    20:        0.000        0.000        0.000        0.000        0.000
    25:        0.000        7.000        0.000        0.000        0.000
    30:        0.000
D:
     0:  1644169.000  1638623.000  1644170.000
E:
     0:     5000.000     5000.000
T:
     0:        0.000        0.000        0.000        0.000
W:
     0:        0.000        0.000        0.000
