File: C:\MED-PC IV\Data\ALFE\AU017.999


Start Date: 02/03/24
End Date: 02/03/24
Subject: 17
Experiment: AU
Group: LINEAR
Box: 3
Start Time: 13:27:14
End Time: 14:17:14
MSN: DRRD_500ms
C:       0.000
F:       0.000
G:       0.000
H:       0.000
I:       0.000
J:       0.000
K:     100.000
L:       0.000
M:       0.000
N:       0.000
O:       0.000
P:       0.000
Q:       0.000
R:       0.000
S:       0.000
U:  582726.000
V:       0.000
X:       0.000
Y:     561.000
Z:       0.000
A:
     0:     9742.005     9861.009    10833.001    10960.003    15000.011
     5:    16189.001    16806.003    17928.001    19433.003    43755.001
    10:    44727.003    44795.001    47158.003    48115.001    52555.003
    15:    53640.001    57369.003    58008.001    62243.003    62898.005
    20:    63060.009    63496.001    63652.003    64276.002    64585.004
    25:    64892.001    65474.003    72718.001    72917.003    73517.001
    30:    74077.003    74377.005    74447.009    83929.005    84041.009
    35:    90052.001    91472.003    92365.001    94750.003    95611.001
    40:    95962.003    97698.001    99045.003    99331.005    99370.009
    45:   118168.001   118979.003   121342.001   122319.003   123629.001
    50:   123930.003   135894.005   136116.009   142058.001   142786.003
    55:   159527.005   159745.009   160486.001   164486.003   167215.001
    60:   167589.003   176583.002   177291.004   177358.002   177555.004
    65:   179404.005   179446.009   179682.002   179699.004   180330.005
    70:   180367.009   180967.001   181179.003   181294.001   182395.003
    75:   182866.001   186546.003   190685.005   190908.009   191286.005
    80:   191317.009   192379.005   192651.009   192667.005   193384.009
    85:   193758.005   193794.009   195310.005   195345.009   195539.005
    90:   195572.009   195684.005   196056.009   196701.005   196848.009
    95:   196967.005   196988.009   197104.005   197136.009   197157.005
   100:   197200.009   197204.005   197888.009   198225.005   198245.009
   105:   198263.005   198468.009   198565.005   198603.009   199221.005
   110:   199247.009   199381.005   199390.009   229784.001   233600.003
   115:   236084.001   240199.003   240947.001   241150.003   241184.001
   120:   244049.003   244072.001   245869.003   255959.001   260910.003
   125:   261578.001   266578.018   267003.003   267009.016   267059.026
   130:   267444.005   267958.009   300013.005   300053.009   316856.001
   135:   318810.003   319384.005   319688.009   377804.001   379182.003
   140:   380435.001   384583.003   386941.001   390408.003   391344.001
   145:   395234.003   409071.001   411143.003   411162.001   413091.003
   150:   414492.001   417795.003   418440.005   418613.009   425998.002
   155:   426048.004   426293.002   426372.004   426522.005   426613.009
   160:   427029.001   432029.018   432309.003   432315.016   432365.026
   165:   432771.005   433575.009   433645.005   433719.009   457561.001
   170:   457943.003   458822.001   462061.003   466159.001   468694.003
   175:   486619.001   489950.003   490985.001   494608.003   495635.001
   180:   499204.003   500655.001   502613.003   515588.001   519280.003
   185:   519979.001   524183.003   525101.001   528798.003   529735.005
   190:   530068.009   530151.005   530743.009   531764.001   531866.003
   195:   531896.001   536896.018   537442.003   537448.016   537498.026
   200:   537743.005   538441.009   574351.001   578991.003   579966.001
   205:   580319.003   580351.001   584932.003   585636.001   588831.003
   210:   588847.001   590648.003   591814.001   593204.003   593285.001
   215:   593422.003   593687.001   593735.003   593778.001   595058.003
   220:   596628.001   597109.003   598648.001   598895.003   599043.001
   225:   600662.003   601293.005   601502.009   620626.001   625626.018
   230:   626073.003   626079.016   626129.026   626287.005   626301.009
   235:   626380.005   627018.009   627127.005   627156.009   627166.005
   240:   627299.009   645074.001   645224.003   645283.001   648306.003
   245:   648849.001   652715.003   653387.005   653414.009   655778.005
   250:   655897.009   658505.001   658631.003   658664.001   659025.003
   255:   659510.001   664510.018   664873.003   664879.016   664929.026
   260:   665121.005   665406.009   681744.001   686501.003   689761.005
   265:   689908.009   690583.001   695151.003   710581.001   715166.003
   270:   716314.001   720547.003   721374.005   721613.009   721623.005
   275:   721659.009   721685.005   721902.009   725298.005   725346.009
   280:   737192.001   742192.018   742243.003   742249.016   742299.026
   285:   742460.005   742665.009   764229.001   769229.018   769596.003
   290:   769602.016   769652.026   769809.005   770654.009   770665.005
   295:   770710.009   770759.005   770786.009   770859.005   770899.009
   300:   770936.005   770976.009   770987.005   771132.009   796797.001
   305:   801344.003   802467.001   807198.003   808294.001   811780.003
   310:   812495.001   815448.003   816512.001   821207.003   828318.005
   315:   828348.009   828945.001   833945.018   834011.003   834017.016
   320:   834067.026   834326.005   834812.009   853350.001   858313.003
   325:   859066.001   864066.018   864594.003   864600.016   864650.026
   330:   864825.005   865221.009   884232.001   888929.003   889804.001
   335:   889876.003   889891.001   894518.003   895488.001   898332.003
   340:   898348.001   900139.003   901095.005   901311.009   903367.001
   345:   907230.003   907256.001   907727.003   914899.005   914999.009
   350:   916831.001   919990.003   920011.001   920648.003   921435.001
   355:   926121.003   926855.005   927022.009   927881.001   928478.003
   360:   928558.001   930719.003   930786.001   931285.003   932088.001
   365:   937020.003   942752.001   947752.018   949204.003   949210.016
   370:   949260.026   949447.005   950353.009   974395.001   978623.003
   375:   979306.001   983604.003   984179.005   984512.009   992255.001
   380:   992726.003   993318.001   997929.003   999055.001   999444.003
   385:  1000344.001  1003623.003  1012691.002  1014367.004  1014518.005
   390:  1014534.009  1014554.005  1014676.009  1015441.005  1015509.009
   395:  1015537.005  1015642.009  1016095.002  1016392.004  1017037.001
   400:  1021424.003  1022207.001  1027207.018  1027661.003  1027667.016
   405:  1027717.026  1027864.005  1028329.009  1065012.002  1065422.004
   410:  1066161.001  1069389.003  1069993.001  1074200.003  1074995.005
   415:  1075163.009  1075183.005  1075259.009  1093595.001  1096267.003
   420:  1096783.001  1101267.003  1102738.001  1107738.018  1107934.003
   425:  1107940.016  1107990.026  1108311.005  1108830.009  1121830.002
   430:  1122202.004  1123248.001  1128248.018  1128506.003  1128512.016
   435:  1128562.026  1128809.005  1129015.009  1130715.005  1130767.009
   440:  1140818.001  1142287.003  1143258.001  1148258.018  1150787.003
   445:  1150793.016  1150843.026  1150966.005  1151213.009  1153010.005
   450:  1153272.009  1153360.005  1153635.009  1153734.005  1153842.009
   455:  1153965.005  1154228.009  1154556.005  1154568.009  1155001.005
   460:  1155189.009  1155511.005  1155551.009  1155752.005  1155856.009
   465:  1155868.005  1156130.009  1171909.001  1176687.003  1177109.005
   470:  1177918.009  1178129.005  1178157.009  1178328.005  1178474.009
   475:  1187687.005  1187738.009  1188979.001  1193569.003  1194817.001
   480:  1199600.003  1215015.002  1215765.004  1218867.001  1222802.003
   485:  1224019.001  1228867.003  1230070.001  1234832.003  1235973.001
   490:  1240692.003  1241521.001  1246081.003  1258145.001  1261719.003
   495:  1262700.001  1265253.003  1265412.001  1267276.003  1268039.001
   500:  1271407.003  1272532.005  1272686.009  1280259.001  1285069.003
   505:  1301206.005  1301329.009  1303071.001  1308071.018  1308178.003
   510:  1308184.016  1308234.026  1308440.005  1308814.009  1345595.001
   515:  1350528.003  1351789.001  1354721.003  1355045.001  1355858.003
   520:  1356545.005  1356655.009  1375147.001  1380147.018  1380325.003
   525:  1380331.016  1380381.026  1380553.005  1381063.009  1383192.005
   530:  1383392.009  1384311.005  1384398.009  1384672.005  1384731.009
   535:  1384902.005  1385129.009  1385365.005  1385435.009  1399459.001
   540:  1403154.003  1425429.001  1428271.003  1428293.001  1429865.003
   545:  1430727.001  1435244.003  1453959.005  1453996.009  1455183.001
   550:  1458612.003  1459551.001  1462979.003  1464424.001  1468309.003
   555:  1480142.001  1484767.003  1485634.001  1489418.003  1490160.001
   560:  1494447.003
B:
     0:        0.000      145.000       11.000      145.000       11.000
     5:      100.000        0.000        0.000        0.000      100.000
    10:        0.000        1.000        0.000        0.000        0.000
    15:        0.000       16.000        0.000       16.000        0.000
    20:        0.000        0.000        0.000        0.000        0.000
    25:        0.000       16.000        0.000        0.000        0.000
    30:        0.000
D:
     0:  2077172.000  2072886.000  2077173.000
E:
     0:     5000.000     5000.000
T:
     0:        0.000        0.000        0.000        0.000
W:
     0:        0.000        0.000        0.000
