File: C:\MED-PC IV\Data\ALFE\AU015.999


Start Date: 01/26/24
End Date: 01/26/24
Subject: 15
Experiment: AU
Group: LINEAR
Box: 1
Start Time: 14:02:29
End Time: 14:52:29
MSN: DRRD_500ms
C:       0.000
F:       0.000
G:       0.000
H:       0.000
I:       0.000
J:       0.000
K:       0.000
L:       0.000
M:       0.000
N:       0.000
O:       0.000
P:       0.000
Q:       0.000
R:       0.000
S:       0.000
U:  961928.000
V:       0.000
X:       0.000
Y:    3567.000
Z:       0.000
A:
     0:     9964.005    10165.009    15000.011    15877.005    16330.009
     5:    16619.001    16620.018    16759.003    16765.016    16815.026
    10:    16863.005    17444.009    17467.005    17633.009    17837.005
    15:    18011.009    18248.001    18249.018    18366.003    18372.016
    20:    18422.026    18443.005    18907.009    19002.005    19029.009
    25:    19478.001    19479.018    19589.003    19595.016    19645.026
    30:    19647.017    19676.005    20122.009    20203.005    20217.009
    35:    20624.001    20769.003    20861.005    21450.009    21703.001
    40:    21885.003    21985.005    22090.009    22335.001    22519.003
    45:    22636.005    22943.009    23162.001    23412.018    23630.003
    50:    23636.016    23686.026    24106.005    24527.009    24870.001
    55:    25034.003    25129.005    25481.009    25732.001    25901.003
    60:    26007.005    26362.009    26787.001    26932.003    27560.001
    65:    27673.003    27794.005    28254.009    28892.001    29142.018
    70:    29164.003    29170.016    29220.026    29382.005    29412.009
    75:    29594.005    30024.009    30615.001    30752.003    30987.001
    80:    31088.003    32178.001    32413.003    32506.001    32670.003
    85:    32988.001    33017.003    33774.001    33877.003    34834.001
    90:    34923.003    35024.005    35251.009    36918.001    36945.003
    95:    37745.001    37804.003    39006.001    39202.003    41601.001
   100:    41695.003    42266.005    42295.009    48256.001    48393.003
   105:    56360.005    56421.009    56922.001    57003.003    63058.001
   110:    63181.003    63282.005    64113.009    71531.005    71687.009
   115:    72064.005    72217.009    77734.001    77880.003    77989.005
   120:    78098.009    79122.001    79195.003    97175.005    97188.009
   125:   104282.005   104319.009   109427.005   109760.009   112170.001
   130:   112241.003   112318.005   113026.009   113191.005   113756.009
   135:   114620.001   114729.003   114800.005   115847.009   118155.001
   140:   118328.003   118420.005   118683.009   118723.005   118740.009
   145:   153520.005   153703.009   157052.005   157061.009   157066.005
   150:   157117.009   160409.001   160637.003   160705.005   161072.009
   155:   161117.005   161130.009   161189.005   161475.009   161632.005
   160:   161655.009   162353.001   162554.003   162665.005   162825.009
   165:   163457.001   163481.003   163498.001   163748.018   163788.003
   170:   163794.016   163844.026   163991.005   164636.009   165376.001
   175:   165510.003   165606.005   165768.009   165871.005   165889.009
   180:   165913.005   166357.009   166393.005   166411.009   167160.002
   185:   167211.004   167848.005   167923.009   171573.005   171626.009
   190:   184746.005   185804.009   187441.005   187667.009   189692.002
   195:   189877.004   189958.005   190373.009   190380.005   190404.009
   200:   190420.005   190550.009   190696.005   191549.009   191755.005
   205:   191928.009   191953.005   191968.009   191990.005   192009.009
   210:   192511.005   192764.009   192955.005   192977.009   193099.005
   215:   193204.009   193271.005   193287.009   193313.005   193489.009
   220:   193969.005   194066.009   194116.005   194259.009   194342.005
   225:   194594.009   196102.005   196172.009   196627.002   196900.004
   230:   197059.005   197158.009   197440.001   197690.018   197799.003
   235:   197805.016   197855.026   198044.005   198442.009   199038.005
   240:   199198.009   199201.005   199532.009   201482.005   201575.009
   245:   202485.001   202612.003   202757.005   202915.009   203136.002
   250:   203293.004   205334.005   205687.009   207837.005   207867.009
   255:   211716.005   211848.009   213331.001   213459.003   213534.005
   260:   213756.009   214228.001   214478.018   214629.003   214635.016
   265:   214685.026   215084.005   215486.009   217966.001   218061.003
   270:   219124.001   219241.003   219347.005   220064.009   222139.001
   275:   222283.003   222415.005   222552.009   222805.002   222992.004
   280:   223007.005   223212.009   225600.005   225964.009   226787.005
   285:   226875.009   227779.001   227931.003   230435.005   230502.009
   290:   232456.005   232676.009   232947.001   233149.003   233494.005
   295:   233606.009   233918.001   234140.003   234581.005   234787.009
   300:   235325.001   235472.003   236181.001   236431.018   236897.003
   305:   236903.016   236953.026   236999.005   237529.009   237546.005
   310:   237563.009   237623.005   238477.009   238843.001   238982.003
   315:   239084.005   239775.009   240348.005   240447.009   240954.002
   320:   241054.004   241132.005   241730.009   241732.005   241753.009
   325:   241829.005   241847.009   241860.005   241881.009   241891.005
   330:   241899.009   241981.005   241993.009   242869.002   243064.004
   335:   243070.005   243256.009   246321.005   246390.009   249012.005
   340:   249122.009   249533.005   249722.009   251029.005   251146.009
   345:   253904.005   253934.009   253939.005   253978.009   254368.002
   350:   254646.004   257439.005   257589.009   258142.001   258185.003
   355:   258295.005   258616.009   258794.002   258986.004   260175.005
   360:   260395.009   260885.002   260989.004   261070.005   261318.009
   365:   266211.005   266387.009   266631.002   266901.004   267944.001
   370:   268057.003   268138.005   268369.009   268528.005   268917.009
   375:   269016.005   269156.009   269442.002   269585.004   269654.005
   380:   270915.009   271339.002   271418.004   271507.005   271611.009
   385:   271836.001   272027.003   272123.005   272729.009   272768.005
   390:   272781.009   272853.005   272867.009   272895.005   272901.009
   395:   273150.001   273307.003   273386.005   273792.009   273999.002
   400:   274154.004   274205.005   274345.009   274534.001   274749.003
   405:   274863.005   275064.009   275296.001   275546.018   276224.003
   410:   276230.016   276280.026   276317.005   277339.009   277842.005
   415:   277942.009   278158.001   278345.003   278827.005   278930.009
   420:   279157.001   279272.003   279567.005   279948.009   282314.001
   425:   282432.003   282581.005   282685.009   284050.005   284471.009
   430:   284725.002   284850.004   286519.002   286630.004   286773.005
   435:   287017.009   288142.001   288392.018   288441.003   288447.016
   440:   288497.026   288610.005   289057.009   289911.001   290039.003
   445:   290351.005   290516.009   292485.005   292667.009   292836.002
   450:   292965.004   293974.005   294045.009   294685.005   294999.009
   455:   295149.002   295321.004   295980.005   297096.009   297538.002
   460:   297690.004   298770.001   298955.003   299024.005   299297.009
   465:   299600.001   299801.003   299891.005   300098.009   300155.005
   470:   300171.009   300644.001   300894.018   300963.003   300969.016
   475:   301019.026   301203.005   301670.009   302769.005   303223.009
   480:   303358.005   303434.009   304291.005   304393.009   304616.002
   485:   304753.004   307308.005   307385.009   307642.001   307772.003
   490:   307883.005   308210.009   309316.002   309427.004   310256.005
   495:   310346.009   310624.001   310781.003   310875.005   311062.009
   500:   312125.005   312142.009   312429.001   312570.003   312641.005
   505:   313397.009   313642.001   313783.003   313855.005   314767.009
   510:   315143.001   315308.003   315404.005   315746.009   315820.005
   515:   316069.009   317126.001   317347.003   317439.005   317918.009
   520:   320200.001   320408.003   320485.005   320960.009   321398.001
   525:   321535.003   321625.005   322050.009   322285.001   322535.018
   530:   322658.003   322664.016   322714.026   322763.005   323360.009
   535:   324289.001   324408.003   324469.005   325439.009   325687.001
   540:   325845.003   325937.005   326298.009   326709.001   326893.003
   545:   326983.005   327235.009   327582.001   327702.003   328380.001
   550:   328630.018   328666.003   328672.016   328722.026   328827.005
   555:   329273.009   330267.001   330412.003   330482.005   330717.009
   560:   332316.001   332566.018   332648.003   332654.016   332704.026
   565:   332793.005   333232.009   334445.005   334620.009   335307.005
   570:   335374.009   336178.001   336310.003   336412.005   336808.009
   575:   337193.001   337313.003   337625.005   337710.009   337925.001
   580:   338099.003   339057.005   339156.009   339505.001   339700.003
   585:   341081.001   341241.003   341344.005   341444.009   341789.001
   590:   341942.003   342230.005   342359.009   342571.002   342636.004
   595:   342867.005   343137.009   343331.001   343541.003   343925.001
   600:   344097.003   344202.005   344321.009   345278.005   345351.009
   605:   345732.001   345876.003   346004.001   346254.018   346344.003
   610:   346350.016   346400.026   346447.005   346747.009   347162.001
   615:   347356.003   347437.005   347699.009   348397.001   348647.018
   620:   348653.003   348659.016   348709.026   348739.005   349092.009
   625:   349441.001   349599.003   349682.005   350017.009   350340.001
   630:   350448.003   350916.005   351088.009   351267.001   351517.018
   635:   351528.003   351534.016   351584.026   351631.005   352395.009
   640:   352462.005   352603.009   352801.001   352983.003   353048.005
   645:   353615.009   353918.001   354114.003   354181.005   354443.009
   650:   354643.001   354871.003   354952.005   355340.009   355585.002
   655:   355762.004   355774.005   356685.009   356979.001   357229.018
   660:   357232.003   357238.016   357283.001   357288.026   357418.003
   665:   357479.005   357673.009   357696.005   357705.009   358033.005
   670:   358127.009   358917.001   359120.003   359199.005   359321.009
   675:   359530.001   359700.003   360379.005   360406.009   360597.001
   680:   360847.018   360869.003   360875.016   360925.026   361027.005
   685:   361313.009   361556.005   361757.009   361802.005   361816.009
   690:   362777.001   362978.003   363042.005   363495.009   363549.005
   695:   364036.009   364073.005   364206.009   364387.001   364637.018
   700:   364753.003   364759.016   364809.026   364836.005   365119.009
   705:   365134.005   365154.009   365295.005   365569.009   365805.001
   710:   366044.003   366117.005   366627.009   366657.005   366675.009
   715:   366721.005   366915.009   367176.001   367426.018   367485.003
   720:   367491.016   367541.026   367553.005   367905.009   368004.005
   725:   368300.009   368305.005   368324.009   368570.005   368586.009
   730:   368877.001   369048.003   369134.005   369697.009   370525.001
   735:   370775.018   370832.003   370838.016   370888.026   370936.005
   740:   371183.009   371195.005   371289.009   371736.001   371868.003
   745:   371944.005   372412.009   372591.001   372841.018   372850.003
   750:   372856.016   372906.026   372935.005   373370.009   373735.001
   755:   373915.003   373995.005   374305.009   374982.001   375232.018
   760:   375270.003   375276.016   375326.026   375348.005   375634.009
   765:   376325.001   376473.003   376561.005   376974.009   377008.005
   770:   377228.009   377463.001   377644.003   377724.005   378122.009
   775:   378400.001   378650.018   378724.003   378730.016   378780.026
   780:   378801.005   379243.009   379652.001   379824.003   379903.005
   785:   380631.009   380877.001   381127.018   381188.003   381194.016
   790:   381242.005   381244.026   381554.009   382127.001   382315.003
   795:   382401.005   382976.009   383503.001   383753.018   383887.003
   800:   383893.016   383943.026   383980.005   384386.009   385232.001
   805:   385394.003   385651.001   385833.003   385905.005   386429.009
   810:   386615.002   386753.004   386760.005   387307.009   387554.001
   815:   387804.018   387908.003   387914.016   387964.026   387976.005
   820:   388239.009   388615.001   388838.003   388913.005   389503.009
   825:   389542.005   389558.009   389775.001   390025.018   390047.003
   830:   390053.016   390103.026   390130.005   390451.009   390584.005
   835:   390622.009   390745.005   390831.009   391011.001   391208.003
   840:   391289.005   391731.009   391937.002   392096.005   392097.004
   845:   392578.009   392881.001   393131.018   393158.003   393164.016
   850:   393214.026   393237.005   393677.009   394291.001   394541.018
   855:   394880.003   394886.016   394936.026   395258.005   395479.009
   860:   395536.005   396108.009   396994.005   397113.009   397336.001
   865:   397541.003   397640.005   397823.009   397985.002   398118.004
   870:   398139.005   398715.009   399190.001   399417.003   399501.005
   875:   399819.009   399968.002   400109.005   400113.004   400447.009
   880:   400671.001   400921.018   401094.003   401100.016   401150.026
   885:   401315.005   401581.009   403109.001   403312.003   403807.001
   890:   404057.018   404076.003   404082.016   404132.026   404180.005
   895:   404655.009   405185.001   405422.003   405506.005   405681.009
   900:   405918.001   406168.018   406215.003   406221.016   406271.026
   905:   406274.005   406597.009   407215.001   407465.018   407477.003
   910:   407483.016   407533.026   407578.005   408128.009   408390.001
   915:   408640.018   408687.003   408693.016   408743.026   408745.017
   920:   408946.005   409187.009   409679.001   409839.003   409994.001
   925:   410225.003   410298.005   410645.009   410987.001   411403.003
   930:   411692.005   411995.009   412165.001   412402.003   413017.001
   935:   413281.003   413490.005   413621.009   413771.001   414203.003
   940:   414274.005   414546.009   414701.002   414861.004   414863.005
   945:   415227.009   415484.001   415749.003   416014.005   416031.009
   950:   416033.005   416068.009   416227.001   416675.003   416752.005
   955:   416971.009   417121.002   417257.005   417274.004   417470.009
   960:   417695.001   417980.003   418436.001   418661.003   419130.001
   965:   419288.003   419875.001   420102.003   420205.005   420318.009
   970:   420493.002   420684.004   420875.001   421289.003   421388.005
   975:   421593.009   421728.002   421875.004   423517.001   423707.003
   980:   423817.005   424038.009   424270.002   424316.004   424408.005
   985:   424517.009   424727.001   424991.003   426167.001   426351.003
   990:   426467.005   426631.009   426800.002   426857.004   427980.001
   995:   428206.003   429677.001   429900.003   430086.001   430228.003
  1000:   430300.005   430973.009   431272.005   431364.009   431427.005
  1005:   431559.009   431940.001   432313.003   432533.005   432699.009
  1010:   432887.001   433107.003   433257.005   433507.009   433660.002
  1015:   433857.004   435980.005   436103.009   436810.005   436817.009
  1020:   437267.001   437465.003   437899.002   437986.004   438381.001
  1025:   438724.003   438852.005   439054.009   439627.001   439807.003
  1030:   439901.005   440055.009   441177.001   441452.003   446050.005
  1035:   446072.009   446315.002   446757.004   446970.005   446996.009
  1040:   446999.005   447047.009   448552.005   448758.009   449177.001
  1045:   449384.003   449483.005   449766.009   449956.002   450055.004
  1050:   450127.005   450282.009   450582.001   450906.003   450986.005
  1055:   451290.009   451461.002   451571.004   451617.005   451727.009
  1060:   451957.001   452132.003   452190.005   452662.009   452709.005
  1065:   452921.009   452990.005   453034.009   453083.005   453343.009
  1070:   453547.001   454047.018   454104.003   454110.016   454160.026
  1075:   454196.005   454622.009   454672.005   454688.009   454767.005
  1080:   454884.009   455660.005   455716.009   455907.001   456046.003
  1085:   456141.005   456340.009   456557.002   456695.004   457322.001
  1090:   457519.003   457781.005   457870.009   458047.001   458385.003
  1095:   458458.005   458735.009   459135.001   459458.003   460031.001
  1100:   460531.018   460546.003   460552.016   460602.026   460614.005
  1105:   460954.009   460963.005   460985.009   461661.005   461763.009
  1110:   462053.005   462292.009   462602.001   462829.003   462916.005
  1115:   463255.009   463287.005   463304.009   463694.001   464033.003
  1120:   464130.005   464277.009   464655.001   464881.003   465237.005
  1125:   465318.009   465344.005   465691.009   466438.001   466803.003
  1130:   466899.005   467197.009   467250.005   467452.009   467664.001
  1135:   468164.018   468261.003   468267.016   468317.026   468413.005
  1140:   468907.009   469772.001   470092.003   470299.005   470367.009
  1145:   470844.001   471240.003   471317.005   471474.009   471650.001
  1150:   471897.003   471978.001   472101.003   472373.005   472566.009
  1155:   472780.001   473007.003   473314.001   473660.003   474206.001
  1160:   474463.003   474620.005   474805.009   474963.002   475148.004
  1165:   475302.001   475655.003   475954.001   476069.003   476764.001
  1170:   477044.003   477224.005   477317.009   481751.002   481882.004
  1175:   481910.005   482629.009   483321.001   483547.003   483623.001
  1180:   483816.003   483964.005   484131.009   485439.005   485458.009
  1185:   485693.001   486149.003   486244.005   486593.009   486897.001
  1190:   487156.003   487224.005   487645.009   488344.001   488619.003
  1195:   488751.001   488950.003   489035.005   489112.009   489553.001
  1200:   490044.003   490102.001   490186.003   490846.001   491155.003
  1205:   491344.001   491571.003   491718.005   491816.009   493021.001
  1210:   493078.003   493247.005   493273.009   493337.005   493417.009
  1215:   495367.002   495796.004   499264.002   499356.004   499419.005
  1220:   499979.009   500037.005   500253.009   500645.002   500690.004
  1225:   501032.001   501164.003   501291.005   501640.009   502743.001
  1230:   503119.003   509557.002   509665.004   509704.005   509944.009
  1235:   510508.001   510959.003   513467.001   513924.003   514117.005
  1240:   514287.009   516498.002   516653.004   516757.005   516780.009
  1245:   517037.001   517303.003   517464.005   517630.009   518474.002
  1250:   518562.004   521070.002   521229.005   521263.004   521421.009
  1255:   522386.001   522611.003   522797.005   522813.009   523566.001
  1260:   523758.003   523894.005   524143.009   524388.002   524465.004
  1265:   524707.001   525031.003   525145.005   525289.009   525637.001
  1270:   525938.003   526490.001   526791.003   527471.001   527945.003
  1275:   528304.001   528506.003   530771.002   530913.005   530918.004
  1280:   531007.009   531766.001   531960.003   533826.005   533848.009
  1285:   533875.005   533891.009   534169.001   534390.003   534459.001
  1290:   534696.003   537919.005   538106.009   539167.001   539603.003
  1295:   539709.005   540033.009   548743.002   548903.005   548956.004
  1300:   548982.009   549446.002   549509.004   552900.002   553570.004
  1305:   554369.001   554516.003   554667.005   554933.009   555665.001
  1310:   555917.003   558697.002   558862.004   559664.002   559858.004
  1315:   560461.001   560683.003   560835.005   561137.009   572336.002
  1320:   572969.004   573199.005   573512.009   574169.001   574427.003
  1325:   574539.005   574804.009   574815.005   575323.009   575335.005
  1330:   575635.009   576375.002   576416.004   577529.002   577639.004
  1335:   578849.001   579191.003   579393.005   579459.009   579462.005
  1340:   579505.009   579539.005   579650.009   579975.001   580413.003
  1345:   580569.005   580595.009   580965.001   581465.018   581531.003
  1350:   581537.016   581587.026   581628.005   582537.009   582541.005
  1355:   582550.009   583302.005   583441.009   583666.001   583966.003
  1360:   584133.005   584304.009   584424.005   584589.009   584825.001
  1365:   585141.003   585241.005   585461.009   585684.002   585800.004
  1370:   586227.001   586583.003   586682.005   587148.009   587152.005
  1375:   587174.009   587297.005   587431.009   588096.001   588396.003
  1380:   591707.005   591803.009   591820.005   591855.009   592147.001
  1385:   592647.018   592680.003   592686.016   592736.026   592835.005
  1390:   593724.009   594619.001   594841.003   595604.005   595623.009
  1395:   595651.005   595734.009   596527.001   596777.003   596880.005
  1400:   597077.009   597162.005   597271.009   597304.005   597322.009
  1405:   597338.005   597379.009   598052.005   598210.009   598244.005
  1410:   598333.009   600467.001   600967.018   601114.003   601120.016
  1415:   601170.026   601257.005   601536.009   603066.001   603452.003
  1420:   603587.005   603962.009   605254.001   605441.003   605529.005
  1425:   605969.009   606456.001   606895.003   607064.005   607236.009
  1430:   607640.001   608068.003   608156.005   608336.009   608977.001
  1435:   609477.018   609490.003   609496.016   609546.026   609553.005
  1440:   610277.009   611175.001   611365.003   611440.005   611648.009
  1445:   611826.002   611963.004   612013.005   612167.009   612379.001
  1450:   612754.003   612796.005   612939.009   613943.001   614443.018
  1455:   614472.003   614478.016   614528.026   614553.005   615193.009
  1460:   615197.005   615232.009   615253.005   615291.009   615554.001
  1465:   615894.003   615963.005   616273.009   616313.005   616335.009
  1470:   616585.001   617085.018   617139.003   617145.016   617195.026
  1475:   617206.001   617302.003   617363.005   617797.009   617801.005
  1480:   618023.009   618570.001   618691.003   618735.001   618786.003
  1485:   618831.001   619096.003   619180.005   619460.009   619520.005
  1490:   619729.009   620208.001   620708.018   620870.003   620876.016
  1495:   620912.001   620926.026   620949.003   621897.005   622425.009
  1500:   623122.001   623368.003   623423.001   623636.003   623786.005
  1505:   624184.009   625292.001   625622.003   625677.005   625912.009
  1510:   626285.005   626706.009   627532.001   627911.003   627966.005
  1515:   628424.009   628705.001   629172.003   629236.005   629746.009
  1520:   629968.001   630367.003   630921.005   631157.009   631638.001
  1525:   632057.003   632179.001   632266.003   632781.005   632960.009
  1530:   633173.001   633412.003   634234.001   634734.018   634762.003
  1535:   634768.016   634818.026   634824.005   635220.009   635668.001
  1540:   635954.003   636006.005   636148.009   636302.005   636484.009
  1545:   636671.001   636845.003   637166.001   637630.003   637687.005
  1550:   637873.009   638348.001   638714.003   638777.001   638996.003
  1555:   639153.005   639170.009   639313.005   639846.009   640069.001
  1560:   640509.003   640546.001   640734.003   640823.005   641335.009
  1565:   641746.001   642246.018   642317.003   642323.016   642373.026
  1570:   642389.005   642935.009   643641.001   643836.003   643923.005
  1575:   644111.009   644486.005   644650.009   645100.001   645313.003
  1580:   645403.005   645484.009   645793.001   646237.003   646353.005
  1585:   646507.009   646752.005   646766.009   646847.005   646894.009
  1590:   647234.001   647734.018   647861.003   647867.016   647917.026
  1595:   647962.005   648319.009   648332.005   648354.009   648377.005
  1600:   648390.009   648957.001   649245.003   649328.005   649405.009
  1605:   649671.001   649820.003   650184.001   650684.018   650745.003
  1610:   650751.016   650801.026   650834.005   651322.009   652193.001
  1615:   652693.018   652807.003   652813.016   652863.026   654087.005
  1620:   654465.009   655276.001   655485.003   655786.001   656012.003
  1625:   656540.005   657384.009   657570.001   657930.003   658018.005
  1630:   658457.009   658658.001   659022.003   659033.001   659296.003
  1635:   659419.005   659684.009   659879.001   660379.018   660555.003
  1640:   660561.016   660611.026   660947.005   661260.009   662580.005
  1645:   662599.009   662614.005   662793.009   662891.005   662907.009
  1650:   662939.005   663326.009   663558.001   663723.003   665867.005
  1655:   665935.009   666147.001   666304.003   666392.005   666679.009
  1660:   666857.002   666966.004   667056.005   667215.009   667853.001
  1665:   668277.003   668278.005   668542.009   669186.001   669401.003
  1670:   669472.001   669734.003   669818.005   669903.009   670483.001
  1675:   670983.018   671133.003   671139.016   671189.026   671198.005
  1680:   671607.009   672984.001   673216.003   673321.005   673389.009
  1685:   673926.001   674426.018   674441.003   674447.016   674497.026
  1690:   674500.005   674849.009   675736.001   676083.003   676172.005
  1695:   676429.009   676726.001   677213.003   677483.001   677732.003
  1700:   677857.005   678168.009   678456.001   678778.003   678851.005
  1705:   679033.009   679329.001   679829.018   680190.003   680196.016
  1710:   680246.026   680271.005   680671.009   681878.001   682165.003
  1715:   682204.005   682541.009   682915.001   683334.003   683421.005
  1720:   683503.009   683710.005   683963.009   684291.001   684602.003
  1725:   684647.005   684960.009   684987.005   685007.009   685182.005
  1730:   685192.009   685506.001   686006.018   686033.003   686039.016
  1735:   686089.026   686308.005   686845.009   687692.001   688100.003
  1740:   688780.005   688832.009   688833.005   688859.009   689059.001
  1745:   689559.018   689566.003   689572.016   689622.026   689785.005
  1750:   690097.009   691881.005   692115.009   692337.001   692649.003
  1755:   692988.005   693151.009   693338.001   693838.018   693868.003
  1760:   693874.016   693924.026   693995.005   694243.009   694258.005
  1765:   694273.009   695547.001   695746.003   695849.005   696044.009
  1770:   696327.001   696827.018   696931.003   696937.016   696987.026
  1775:   697156.005   697640.009   700295.005   700326.009   700350.005
  1780:   700518.009   700598.005   700676.009   700876.001   701062.003
  1785:   702370.001   702734.003   703170.001   703630.003   703662.005
  1790:   703923.009   704083.002   704154.004   704254.005   704420.009
  1795:   704575.002   704764.004   710668.005   710735.009   710963.001
  1800:   711266.003   711354.005   711432.009   712583.001   713036.003
  1805:   713102.005   713489.009   713925.001   714413.003   714452.005
  1810:   714668.009   715101.001   715601.018   716249.003   716255.016
  1815:   716305.026   716335.005   716781.009   717165.005   717448.009
  1820:   717665.001   717992.003   718061.005   718435.009   718625.005
  1825:   718809.009   718995.001   719479.003   719559.005   719826.009
  1830:   719870.005   719879.009   720810.001   721058.003   721201.005
  1835:   721594.009   723372.001   723872.018   724089.003   724095.016
  1840:   724145.026   724412.005   724776.009   725447.001   725649.003
  1845:   725758.005   725847.009   726509.001   726971.003   727472.001
  1850:   727766.003   728780.001   729160.003   729580.001   730080.018
  1855:   730141.003   730147.016   730197.026   730233.005   731001.009
  1860:   731878.001   732262.003   732372.005   732637.009   733461.001
  1865:   733948.003   734035.005   734298.009   734303.005   734319.009
  1870:   734902.001   735311.003   735553.005   735641.009   735836.001
  1875:   736336.018   736734.003   736740.016   736790.026   736902.005
  1880:   737299.009   737866.001   738191.003   738867.005   738996.009
  1885:   739214.001   739677.003   739696.001   739715.003   739961.005
  1890:   740144.009   743660.001   743873.003   745125.001   745335.003
  1895:   745392.001   745559.003   745623.001   745835.003   746361.005
  1900:   746495.009   746927.001   747427.018   747451.003   747457.016
  1905:   747507.026   747544.005   747958.009   749723.001   749882.003
  1910:   750012.005   750142.009   750448.001   750948.018   751037.003
  1915:   751043.016   751049.005   751093.026   751609.009   752421.001
  1920:   752829.003   752907.005   753206.009   753489.001   753989.018
  1925:   754098.003   754104.016   754154.026   754259.005   754511.009
  1930:   754558.005   754659.009   755904.001   756115.003   756233.005
  1935:   756323.009   756567.001   757054.003   757544.005   757564.009
  1940:   757576.005   757612.009   757998.001   758498.018   758511.003
  1945:   758517.016   758567.026   758663.001   758778.003   758854.005
  1950:   759209.009   760924.001   761424.018   761473.003   761479.016
  1955:   761529.026   761564.005   761943.009   761953.005   761965.009
  1960:   762224.005   762253.009   762263.005   762502.009   762742.001
  1965:   763079.003   763147.005   763524.009   763529.005   763551.009
  1970:   763869.001   764369.018   764849.003   764855.016   764905.026
  1975:   764977.005   765228.009   765837.001   766166.003   766273.005
  1980:   766632.009   766829.001   767329.018   767494.003   767500.016
  1985:   767550.026   767612.005   767856.009   768253.001   768594.003
  1990:   768789.005   769022.009   769204.001   769704.018   769714.003
  1995:   769720.016   769770.026   769791.005   770431.009   770747.001
  2000:   770918.003   771037.005   771358.009   771680.001   772044.003
  2005:   772177.005   772309.009   772341.005   772503.009   772690.001
  2010:   773190.018   773342.003   773348.016   773398.026   773454.005
  2015:   773739.009   774722.001   774970.003   775076.005   775495.009
  2020:   776673.001   777082.003   777205.005   777377.009   777778.001
  2025:   778278.018   778319.003   778325.016   778375.026   778529.005
  2030:   778850.009   779743.001   780104.003   780289.005   780446.009
  2035:   780641.001   781141.018   781261.003   781267.016   781317.026
  2040:   781479.005   781884.009   782497.001   782744.003   782992.005
  2045:   783440.009   783630.005   783803.009   784002.001   784355.003
  2050:   784644.005   784765.009   784949.005   785079.009   785246.001
  2055:   785746.018   785822.003   785828.016   785878.026   785885.001
  2060:   785960.003   786046.005   786551.009   787528.001   787983.003
  2065:   789770.001   789923.003   790188.005   790889.009   792458.001
  2070:   792737.003   792967.005   793245.009   793575.001   793844.003
  2075:   794015.001   794225.003   794609.005   794640.009   794825.001
  2080:   795199.003   795782.001   796027.003   796158.005   796278.009
  2085:   796378.005   796851.009   796902.005   797033.009   797213.001
  2090:   797700.003   798147.001   798417.003   799597.001   800097.018
  2095:   800421.003   800427.016   800477.026   800957.005   801540.009
  2100:   802564.001   802637.003   803602.001   803890.003   804373.001
  2105:   804591.003   804593.001   804695.003   804815.001   805043.003
  2110:   805153.005   805483.009   805856.002   805987.004   806353.005
  2115:   806434.009   806663.001   807163.018   807187.003   807193.016
  2120:   807230.005   807243.026   807567.009   809662.005   809812.009
  2125:   810001.001   810355.003   810399.005   810652.009   811157.001
  2130:   811657.018   812029.003   812035.016   812054.005   812085.026
  2135:   812584.009   813506.001   813806.003   814042.005   814240.009
  2140:   814456.001   814778.003   815061.005   815225.009   815496.001
  2145:   815996.018   816405.003   816411.016   816447.001   816461.026
  2150:   816467.003   816807.005   817425.009   818528.001   818898.003
  2155:   819057.005   819460.009   819472.005   819758.009   820054.001
  2160:   820371.003   820503.001   820658.003   820907.005   821161.009
  2165:   823375.001   823620.003   823987.001   824281.003   824488.001
  2170:   824988.018   825191.003   825197.016   825247.026   825601.005
  2175:   826008.009   826755.001   827052.003   827320.005   827490.009
  2180:   827645.005   827947.009   830521.002   830721.004   830944.005
  2185:   831051.009   831431.001   831626.003   832223.001   832723.018
  2190:   832788.003   832794.016   832844.026   833221.005   833613.009
  2195:   834560.001   834880.003   835488.001   835968.003   836049.005
  2200:   836409.009   836429.005   836668.009   836995.001   837178.003
  2205:   838692.001   839178.003   839332.005   839527.009   839726.001
  2210:   840226.018   840410.003   840416.016   840466.026   840500.005
  2215:   841111.009   841238.005   841259.009   841281.005   841337.009
  2220:   841927.001   842427.018   842484.003   842490.016   842540.026
  2225:   842600.005   843066.009   843479.001   843943.003   844096.005
  2230:   844436.009   844654.001   844750.003   844795.001   844853.003
  2235:   845018.001   845221.003   845391.001   845410.003   845440.001
  2240:   845551.003   845878.001   846187.003   846283.005   846516.009
  2245:   846681.001   847181.018   847589.003   847595.016   847645.026
  2250:   847915.005   848480.009   849630.001   849811.003   851160.005
  2255:   851278.009   851644.001   852017.003   852030.001   852063.003
  2260:   852267.001   852495.003   852628.005   852985.009   853161.001
  2265:   853661.018   854352.003   854358.016   854408.026   854415.005
  2270:   854741.009   856284.005   856456.009   856955.001   857158.003
  2275:   857306.005   857418.009   862572.001   862853.003   863510.001
  2280:   863904.003   864079.001   864335.003   864749.005   864984.009
  2285:   865208.001   865708.018   865856.003   865862.016   865912.026
  2290:   866028.005   866049.009   866054.005   866406.009   868065.001
  2295:   868393.003   868617.005   868888.009   869050.001   869515.003
  2300:   869765.005   869907.009   870162.001   870662.018   870759.003
  2305:   870765.016   870815.026   870857.005   871205.009   872398.001
  2310:   872659.003   872796.005   873023.009   873462.001   873962.018
  2315:   874096.003   874102.016   874152.026   874161.005   874584.009
  2320:   874598.005   874624.009   875304.001   875701.003   875747.001
  2325:   875840.003   875881.005   876004.009   876008.005   876185.009
  2330:   876371.001   876871.018   877110.003   877116.016   877160.005
  2335:   877166.026   877558.009   877565.005   877601.009   877672.005
  2340:   877771.009   877870.005   877881.009   878546.001   878745.003
  2345:   878801.001   879006.003   879146.005   879426.009   879713.005
  2350:   879797.009   879977.001   880477.018   880648.003   880654.016
  2355:   880698.005   880704.026   881259.009   881423.005   881433.009
  2360:   881723.005   881877.009   881908.005   882111.009   882331.001
  2365:   882831.018   882842.003   882848.016   882898.026   882984.005
  2370:   883361.009   883418.005   883613.009   883984.001   884350.003
  2375:   884418.005   884567.009   884749.005   884942.009   885143.001
  2380:   885643.018   885693.003   885699.016   885749.026   885871.005
  2385:   886069.009   888118.001   888331.003   888734.005   888963.009
  2390:   889134.001   889458.003   889648.005   889749.009   889987.001
  2395:   890487.018   890561.003   890567.016   890617.026   891129.005
  2400:   891431.009   892602.001   892948.003   893487.005   893833.009
  2405:   894248.001   894647.003   894655.001   894744.003   894843.001
  2410:   894940.003   895010.005   895341.009   895574.001   896074.018
  2415:   896265.003   896271.016   896321.026   896592.005   896800.009
  2420:   897730.001   898140.003   898390.001   898693.003   899096.005
  2425:   899276.009   899431.001   899931.018   900292.003   900298.016
  2430:   900348.026   900414.005   900762.009   901276.001   901580.003
  2435:   901696.005   902035.009   902410.001   902910.018   903032.003
  2440:   903038.016   903088.026   903151.005   903756.009   904149.001
  2445:   904592.003   904757.005   904882.009   905128.001   905185.003
  2450:   905214.001   905714.018   905800.003   905806.016   905856.026
  2455:   906295.005   906820.009   907042.001   907542.018   908256.003
  2460:   908262.016   908312.026   908404.005   908674.009   910139.001
  2465:   910512.003   910658.005   911068.009   911290.001   911790.018
  2470:   911805.003   911811.016   911861.026   911937.005   912336.009
  2475:   912366.005   912404.009   913158.001   913489.003   913623.005
  2480:   914036.009   914439.001   914867.003   915134.001   915413.003
  2485:   915590.005   915773.009   915943.001   916443.018   916821.003
  2490:   916827.016   916877.026   917043.005   917238.009   918998.001
  2495:   919498.018   919572.003   919578.016   919628.026   919684.005
  2500:   920179.009   920226.005   920496.009   920718.001   921034.003
  2505:   921253.005   921362.009   921421.005   922082.009   922107.005
  2510:   922121.009   922348.001   922848.018   923051.003   923057.016
  2515:   923107.026   923168.005   923669.009   924110.001   924610.018
  2520:   924717.003   924723.016   924773.026   924802.005   925177.009
  2525:   925282.005   925292.009   925561.005   925578.009   925688.005
  2530:   925894.009   926185.001   926611.003   926914.005   927164.009
  2535:   927942.001   928442.018   928552.003   928558.016   928608.026
  2540:   928666.005   928889.009   928903.005   928926.009   928932.005
  2545:   929054.009   929408.001   929908.018   930176.003   930182.016
  2550:   930232.026   930297.005   930893.009   931181.005   931245.009
  2555:   931707.001   932207.018   932403.003   932409.016   932459.026
  2560:   932461.017   932520.005   932757.009   934184.005   934249.009
  2565:   934428.001   934905.003   935096.005   935268.009   935568.001
  2570:   936297.003   936525.001   937130.003   937141.005   937283.009
  2575:   937507.001   937573.003   937581.001   938149.003   939472.001
  2580:   940158.003   940200.005   940516.009   940843.001   940866.003
  2585:   940902.001   941618.003   941691.005   941806.009   942077.001
  2590:   942827.018   942842.003   942848.016   942898.026   942968.005
  2595:   943288.009   943613.005   943975.009   945768.001   946214.003
  2600:   946341.005   946619.009   946864.001   947614.018   947724.003
  2605:   947730.016   947780.026   947868.005   948130.009   949155.001
  2610:   949720.003   949831.005   949963.009   950141.001   950282.003
  2615:   950706.005   950738.009   950972.001   951475.003   952054.001
  2620:   952786.003   952928.005   953015.009   953247.001   953988.003
  2625:   954739.001   955489.018   955609.003   955615.016   955665.026
  2630:   955728.005   956294.009   957281.001   957838.003   957963.001
  2635:   958175.003   958396.005   958635.009   964156.005   964209.009
  2640:   964221.005   964486.009   965281.001   965771.003   965796.005
  2645:   966116.009   973392.001   973712.003   973872.005   974109.009
  2650:   974572.001   975192.003   975212.005   975391.009   975659.002
  2655:   975899.004   980714.001   980893.003   981510.005   981597.009
  2660:   981896.001   982646.018   982703.003   982709.016   982759.026
  2665:   982760.005   983161.009   983191.005   983216.009   984070.001
  2670:   984478.003   984522.005   984777.009   985060.001   985574.003
  2675:   985663.005   985951.009   986601.001   987120.003   987166.005
  2680:   987311.009   987485.001   988235.018   988365.003   988371.016
  2685:   988409.005   988421.026   988809.009   988844.005   988963.009
  2690:   989046.005   989062.009   989152.005   989230.009   989260.005
  2695:   989279.009   989761.001   990511.018   990687.003   990693.016
  2700:   990743.026   990806.005   991176.009   991271.005   991391.009
  2705:   992757.001   993161.003   993181.005   993446.009   994956.001
  2710:   995472.003   995510.005   995773.009   996228.001   996970.003
  2715:   997074.005   997280.009   997484.001   998234.018   998294.003
  2720:   998300.016   998350.026   998358.005   998743.009   999250.005
  2725:   999378.009   999916.001  1000666.018  1000686.003  1000692.016
  2730:  1000742.026  1000752.005  1001141.009  1001152.005  1001162.009
  2735:  1001317.005  1001469.009  1001481.005  1001772.009  1002439.001
  2740:  1002952.003  1003044.005  1003258.009  1005364.001  1006069.003
  2745:  1006188.005  1006297.009  1006495.001  1007193.003  1007493.005
  2750:  1007696.009  1007910.001  1008459.003  1008574.005  1008927.009
  2755:  1009242.001  1009992.018  1010485.003  1010491.016  1010541.026
  2760:  1010804.005  1011322.009  1012493.001  1012848.003  1013396.001
  2765:  1013894.003  1014698.001  1015238.003  1015284.005  1015729.009
  2770:  1016031.001  1016673.003  1017087.005  1017114.009  1017358.001
  2775:  1017893.003  1017967.005  1018108.009  1018722.001  1019294.003
  2780:  1019352.005  1019907.009  1020227.001  1020977.018  1021440.003
  2785:  1021446.016  1021496.026  1021537.005  1021853.009  1022502.001
  2790:  1023217.003  1023310.005  1023490.009  1025538.001  1025746.003
  2795:  1025876.005  1026169.009  1026737.001  1027487.018  1027501.003
  2800:  1027507.016  1027557.026  1027584.005  1028238.009  1028290.005
  2805:  1028301.009  1028694.001  1029444.018  1029680.003  1029686.016
  2810:  1029736.026  1029775.005  1030420.009  1030946.001  1031453.003
  2815:  1031538.005  1031693.009  1031968.001  1032471.003  1032484.001
  2820:  1032508.003  1033071.005  1033156.009  1033391.001  1034141.018
  2825:  1034359.003  1034365.016  1034415.026  1034704.005  1035012.009
  2830:  1036521.001  1036974.003  1037040.005  1037247.009  1039708.001
  2835:  1040110.003  1040174.001  1040412.005  1040579.003  1040787.009
  2840:  1041128.001  1041643.003  1041843.005  1041992.009  1042224.001
  2845:  1042848.003  1042851.005  1043137.009  1043410.001  1044160.018
  2850:  1044178.003  1044184.016  1044234.026  1044497.005  1044994.009
  2855:  1046370.001  1046843.003  1046853.005  1047122.009  1047856.001
  2860:  1048534.003  1048556.005  1048890.009  1050012.001  1050657.005
  2865:  1050671.003  1050838.009  1051230.001  1051828.003  1051869.005
  2870:  1052065.009  1052342.001  1053084.003  1053153.005  1053333.009
  2875:  1053652.001  1053911.003  1054417.001  1054606.003  1055437.001
  2880:  1056187.018  1056856.003  1056862.016  1056876.005  1056912.026
  2885:  1057282.009  1058000.001  1058588.003  1059310.001  1059901.003
  2890:  1059921.005  1060349.009  1060701.001  1061241.003  1061894.001
  2895:  1062434.003  1062490.005  1062789.009  1068516.001  1068749.003
  2900:  1068875.005  1069269.009  1069756.001  1070181.003  1070239.005
  2905:  1070491.009  1070982.001  1071732.018  1071753.003  1071759.016
  2910:  1071809.026  1071833.005  1072290.009  1072302.005  1072334.009
  2915:  1073223.001  1073665.003  1073682.005  1073965.009  1074939.001
  2920:  1075639.003  1075659.005  1075993.009  1076670.001  1077324.003
  2925:  1077428.005  1077805.009  1081019.001  1081750.003  1082377.005
  2930:  1082388.009  1082716.001  1083466.018  1083592.003  1083598.016
  2935:  1083644.005  1083648.026  1084579.009  1084677.005  1084698.009
  2940:  1085163.001  1085231.003  1085861.001  1086506.003  1086560.005
  2945:  1087174.009  1087219.005  1087233.009  1087871.001  1088366.003
  2950:  1089449.001  1090199.018  1090265.003  1090271.016  1090321.026
  2955:  1090339.005  1090724.009  1092582.001  1093153.003  1093190.005
  2960:  1093491.009  1094043.005  1094329.009  1094666.001  1095415.003
  2965:  1095457.005  1095651.009  1102176.005  1102195.009  1102496.001
  2970:  1103246.018  1103335.003  1103341.016  1103391.026  1103405.005
  2975:  1103967.009  1104186.005  1104203.009  1104221.005  1104239.009
  2980:  1104307.005  1104332.009  1104345.005  1104513.009  1105593.001
  2985:  1106219.003  1106262.005  1106728.009  1109150.001  1109529.003
  2990:  1109683.005  1109849.009  1113839.005  1113870.009  1114155.001
  2995:  1114444.003  1114573.005  1114757.009  1117773.001  1118192.003
  3000:  1118288.005  1118530.009  1121999.001  1122749.018  1122753.003
  3005:  1122759.016  1122809.026  1122810.005  1123345.009  1125131.001
  3010:  1125463.003  1125662.005  1125787.009  1125800.005  1125840.009
  3015:  1126162.001  1126824.003  1126862.005  1127139.009  1127154.005
  3020:  1127185.009  1128207.001  1128782.003  1128837.005  1129017.009
  3025:  1129628.001  1130374.003  1130417.005  1130641.009  1131037.001
  3030:  1131787.018  1131921.003  1131927.016  1131945.005  1131977.026
  3035:  1132389.009  1134639.001  1135295.003  1135347.005  1135611.009
  3040:  1137275.001  1137793.003  1137956.005  1138110.009  1138134.005
  3045:  1138165.009  1138476.001  1139226.018  1139240.005  1139334.009
  3050:  1139361.003  1139367.016  1139417.026  1139483.005  1139925.009
  3055:  1139939.005  1140158.009  1141155.001  1141709.003  1141713.005
  3060:  1142137.009  1142542.001  1143292.018  1143646.003  1143652.016
  3065:  1143683.005  1143702.026  1144061.009  1146325.005  1146516.009
  3070:  1146523.005  1146728.009  1147009.001  1147707.003  1147826.005
  3075:  1148256.009  1148853.001  1149559.003  1149645.005  1149938.009
  3080:  1150246.001  1150879.003  1150926.005  1151111.009  1151157.005
  3085:  1151386.009  1151746.001  1151913.003  1152540.005  1152556.009
  3090:  1152577.005  1152607.009  1152804.001  1153554.018  1153899.003
  3095:  1153905.016  1153955.026  1153999.005  1154416.009  1156014.001
  3100:  1156453.003  1156529.005  1156650.009  1156896.001  1157646.018
  3105:  1157693.003  1157699.016  1157730.005  1157749.026  1158226.009
  3110:  1158374.005  1158390.009  1159086.001  1159428.003  1160429.001
  3115:  1161129.003  1161147.005  1162034.009  1162493.001  1163243.018
  3120:  1163321.003  1163327.016  1163377.026  1163423.005  1163870.009
  3125:  1164011.005  1164193.009  1165591.001  1166320.003  1166352.005
  3130:  1166665.009  1166932.001  1167682.018  1167792.003  1167798.016
  3135:  1167848.026  1167850.005  1168303.009  1168682.005  1168693.009
  3140:  1169313.001  1169925.003  1170443.005  1170654.009  1170852.005
  3145:  1171040.009  1171235.001  1171985.018  1172245.003  1172251.016
  3150:  1172288.005  1172301.026  1172890.009  1174268.001  1174894.003
  3155:  1174945.005  1175187.009  1175599.001  1176219.003  1176333.005
  3160:  1176585.009  1177089.001  1177787.003  1177942.005  1178015.009
  3165:  1178294.001  1179044.018  1179062.003  1179068.016  1179118.026
  3170:  1179228.005  1179506.009  1180779.001  1181246.003  1181362.005
  3175:  1181569.009  1181840.001  1182590.018  1182600.003  1182606.016
  3180:  1182656.026  1182659.005  1183356.009  1183376.005  1183397.009
  3185:  1183488.005  1183527.009  1183754.005  1183799.009  1183894.005
  3190:  1184054.009  1184310.001  1185060.018  1185144.003  1185150.016
  3195:  1185200.026  1185218.005  1185985.009  1186752.001  1187502.018
  3200:  1187657.003  1187663.016  1187700.005  1187713.026  1187715.017
  3205:  1188277.009  1188834.001  1189453.003  1189527.005  1189818.009
  3210:  1190072.001  1190757.003  1190865.005  1191090.009  1191583.001
  3215:  1192387.003  1193716.001  1194517.003  1194690.005  1194940.009
  3220:  1195253.001  1195342.003  1195372.001  1195967.003  1196071.005
  3225:  1196221.009  1196825.001  1197148.003  1198667.001  1199513.003
  3230:  1201063.005  1201185.009  1201378.001  1202126.003  1202203.005
  3235:  1202493.009  1203136.001  1203729.003  1203797.005  1203972.009
  3240:  1204233.001  1204904.003  1204951.005  1205281.009  1205512.005
  3245:  1205756.009  1205911.001  1206911.018  1206982.003  1206988.016
  3250:  1207038.026  1207098.005  1207471.009  1209055.001  1209668.003
  3255:  1209764.005  1210162.009  1211378.001  1211771.003  1211883.005
  3260:  1212058.009  1212271.001  1213171.003  1213265.005  1213577.009
  3265:  1214280.001  1214829.003  1214895.005  1215076.009  1215338.001
  3270:  1216338.018  1216346.003  1216352.016  1216402.026  1216428.005
  3275:  1216805.009  1216926.005  1217367.009  1217399.005  1217427.009
  3280:  1218004.001  1219004.018  1219061.003  1219067.016  1219102.005
  3285:  1219117.026  1219841.009  1220221.001  1220762.003  1220879.005
  3290:  1221325.009  1221361.005  1221376.009  1221880.001  1222454.003
  3295:  1222543.005  1222966.009  1223264.001  1223311.003  1223338.001
  3300:  1224089.003  1224144.005  1224414.009  1224498.005  1224560.009
  3305:  1224764.001  1225185.003  1225201.001  1225603.003  1226748.001
  3310:  1226844.003  1226974.001  1227312.003  1227354.005  1227548.009
  3315:  1227779.001  1228672.003  1229137.005  1229261.009  1229487.005
  3320:  1229512.009  1229730.001  1230724.003  1230802.005  1231068.009
  3325:  1231312.001  1231461.003  1231534.001  1232080.003  1232158.005
  3330:  1232332.009  1234254.001  1234569.003  1234637.005  1234889.009
  3335:  1276735.005  1276757.009  1276768.005  1276814.009  1277296.001
  3340:  1277580.003  1277720.001  1277997.003  1278174.005  1278362.009
  3345:  1332827.005  1332861.009  1332885.005  1334119.009  1335126.001
  3350:  1335650.003  1336130.005  1336564.009  1338708.005  1338935.009
  3355:  1339530.001  1340282.003  1340360.005  1340598.009  1340651.005
  3360:  1340694.009  1379292.005  1379650.009  1383831.005  1383849.009
  3365:  1392552.005  1392566.009  1392597.005  1392635.009  1406548.001
  3370:  1406774.003  1406926.005  1407627.009  1408066.001  1408941.003
  3375:  1408996.005  1409237.009  1409273.005  1409289.009  1409290.005
  3380:  1409444.009  1409809.001  1410510.003  1410553.005  1410767.009
  3385:  1411060.001  1411859.003  1411940.005  1412229.009  1412541.002
  3390:  1412648.004  1413117.001  1414117.018  1414402.003  1414408.016
  3395:  1414422.005  1414458.026  1415272.009  1415907.001  1416179.003
  3400:  1416730.001  1417664.003  1417673.005  1418258.009  1419736.001
  3405:  1419803.003  1419901.001  1420776.003  1420802.005  1421201.009
  3410:  1421621.001  1422529.003  1422596.005  1422944.009  1423859.001
  3415:  1424570.003  1424592.005  1424957.009  1425204.001  1425913.003
  3420:  1425927.005  1426327.009  1426524.001  1427524.018  1427547.003
  3425:  1427553.016  1427587.005  1427603.026  1428022.009  1428982.001
  3430:  1429692.003  1429730.005  1430271.009  1430580.001  1431285.003
  3435:  1431355.005  1431646.009  1431916.005  1431943.009  1432174.001
  3440:  1433089.003  1433137.005  1433536.009  1433742.005  1433841.009
  3445:  1436567.001  1437216.003  1437233.005  1437442.009  1439139.001
  3450:  1439750.003  1439758.005  1440060.009  1440343.001  1441116.003
  3455:  1441336.005  1441525.009  1442424.001  1443261.003  1443360.005
  3460:  1443855.009  1444073.001  1444726.003  1444811.005  1445069.009
  3465:  1445244.001  1445958.003  1446028.005  1446295.009  1446537.001
  3470:  1447053.003  1447236.005  1447420.009  1448154.005  1448347.009
  3475:  1448531.001  1449531.018  1449671.003  1449677.016  1449727.026
  3480:  1449774.005  1450157.009  1451129.005  1451158.009  1451221.005
  3485:  1451575.009  1451812.001  1452278.003  1453157.001  1453294.003
  3490:  1453301.001  1453466.003  1454048.005  1454059.009  1454353.001
  3495:  1455276.003  1455358.005  1455683.009  1455959.001  1456916.003
  3500:  1457086.005  1457314.009  1457539.001  1458539.018  1458574.003
  3505:  1458580.016  1458630.026  1458926.005  1459646.009  1461075.001
  3510:  1461370.003  1461548.005  1461578.009  1461586.005  1461627.009
  3515:  1462741.001  1463291.003  1464501.001  1464557.003  1466010.001
  3520:  1466794.003  1466930.005  1467263.009  1473719.005  1473787.009
  3525:  1474090.001  1474950.003  1475667.005  1475836.009  1476854.001
  3530:  1477209.003  1477301.005  1477692.009  1487672.002  1487909.004
  3535:  1489180.001  1490024.005  1490029.003  1490614.009  1491084.001
  3540:  1491921.005  1491956.009  1492001.003  1492714.001  1493399.003
  3545:  1493441.005  1493683.009  1493924.001  1494413.003  1494488.005
  3550:  1494766.009  1494986.001  1495986.018  1496229.003  1496235.016
  3555:  1496285.026  1496642.005  1497254.009  1497622.005  1497688.009
  3560:  1497763.005  1497780.009  1497890.005  1497994.009  1498962.001
  3565:  1499684.003  1499803.005
B:
     0:        0.000      654.000       68.000      654.000       68.000
     5:      839.000        0.000        0.000        0.000      838.000
    10:        0.000        1.000        0.000        0.000        0.000
    15:        0.000      147.000        4.000      147.000        0.000
    20:        0.000        0.000        0.000        0.000        0.000
    25:        0.000      147.000        0.000        0.000        0.000
    30:        0.000
D:
     0:  2461611.000  2460890.000  2461612.000
E:
     0:        0.000     1000.000
T:
     0:        0.000        0.000        0.000        0.000
W:
     0:        0.000        2.000        0.000
