File: C:\MED-PC IV\Data\ALFE\AU015.999


Start Date: 02/02/24
End Date: 02/02/24
Subject: 15
Experiment: AU
Group: LINEAR
Box: 1
Start Time: 13:10:20
End Time: 14:00:19
MSN: DRRD_500ms
C:       0.000
F:       0.000
G:       0.000
H:       0.000
I:       0.000
J:       0.000
K:      30.000
L:       0.000
M:       0.000
N:       0.000
O:       0.000
P:       0.000
Q:       0.000
R:       0.000
S:       0.000
U:  646109.000
V:       0.000
X:       0.000
Y:    2053.000
Z:       0.000
A:
     0:     7568.001     7658.003     8100.001     8309.003     8335.001
     5:     8918.003     9401.001     9631.003     9646.001     9757.003
    10:     9775.001    10268.003    10564.005    10591.009    10595.005
    15:    10769.009    10821.005    11075.009    11338.001    12993.003
    20:    13725.001    14364.003    14388.001    15000.011    15309.003
    25:    15696.001    16484.003    16553.001    16622.003    19460.001
    30:    20385.003    20430.001    20845.003    21960.001    22001.003
    35:    22092.001    22665.003    23638.001    23685.003    23725.001
    40:    24011.003    24024.001    24188.003    24193.001    25470.003
    45:    26364.001    26637.003    26750.001    27322.003    27324.001
    50:    28327.003    28657.005    28981.009    29108.005    29129.009
    55:    29509.001    29941.003    29994.001    31193.003    32017.001
    60:    32163.003    32203.001    33065.003    33200.005    33695.009
    65:    34576.001    34812.003    34826.001    35760.003    36097.005
    70:    36119.009    38654.001    39872.003    39987.005    40443.009
    75:    44078.001    44140.003    44146.001    45216.003    45700.001
    80:    47200.018    47498.003    47504.016    47554.026    47703.005
    85:    48006.009    48007.005    48054.009    53055.001    54128.003
    90:    54931.001    55935.003    55949.001    55975.003    55990.001
    95:    56356.003    57534.005    57559.009    57565.005    57658.009
   100:    57976.001    58199.003    58210.001    58246.003    58262.001
   105:    59450.003    59989.001    60076.003    60101.001    60159.003
   110:    60172.001    60346.003    60351.001    60521.003    61602.001
   115:    61964.003    62795.001    62989.003    62994.001    63063.003
   120:    63074.001    63213.003    63228.001    63386.003    63568.001
   125:    63701.003    63764.001    64712.003    65239.001    65321.003
   130:    65336.001    65685.003    65693.001    66229.003    67078.001
   135:    68578.018    69046.003    69052.016    69102.026    69202.005
   140:    69796.009    69991.005    70071.009    70132.005    70144.009
   145:    70532.005    70543.009    70602.005    70846.009    71448.001
   150:    72010.003    72033.001    72712.003    73361.001    74427.003
   155:    75424.001    75753.003    75812.001    75954.003    75967.001
   160:    76137.003    76177.001    76336.003    76356.001    77126.003
   165:    77773.005    77792.009    78136.001    79636.018    79648.003
   170:    79654.016    79704.026    79815.005    80295.009    83283.001
   175:    83302.003    83307.001    84072.003    84655.001    86155.018
   180:    86191.003    86197.016    86247.026    86354.005    86840.009
   185:    89964.001    90741.003    90773.001    91116.003    91820.001
   190:    91935.003    91996.001    92141.003    92563.001    93046.003
   195:    93089.001    93111.003    93135.001    93403.003    93408.001
   200:    94050.003    95046.001    96272.003    96917.001    98417.018
   205:    98478.003    98484.016    98534.026    98630.005    98997.009
   210:   101042.001   101514.003   101524.001   102321.003   103190.001
   215:   103372.003   103448.001   103567.003   103623.001   103995.003
   220:   104080.001   104120.003   104296.001   104988.003   105650.001
   225:   105674.003   105727.001   105755.003   105786.001   105840.003
   230:   105857.001   106710.003   107326.005   107472.009   107476.005
   235:   107563.009   108288.001   108380.003   108531.001   108669.003
   240:   108702.001   108802.003   109313.001   109630.003   109674.001
   245:   111049.003   111833.001   112830.003   113506.001   114149.003
   250:   114452.001   114569.003   114641.001   115434.003   116148.001
   255:   116491.003   116509.001   116702.003   117046.001   117940.003
   260:   118498.001   118655.003   118659.001   119380.003   124309.001
   265:   124390.003   124447.001   124511.003   124534.001   124711.003
   270:   124747.001   125378.003   126106.001   126133.003   126159.001
   275:   127263.003   128773.001   128979.003   129010.001   129958.003
   280:   130707.001   131117.003   131145.001   131182.003   131192.001
   285:   132146.003   132647.005   132658.009   132674.005   132762.009
   290:   133489.001   134545.003   135242.001   135947.003   135997.001
   295:   136790.003   137509.001   138953.003   139810.001   140827.003
   300:   141287.005   141331.009   141347.005   141371.009   141394.005
   305:   141418.009   141634.001   142123.003   142175.001   143645.003
   310:   143837.005   144426.009   144544.005   144813.009   145281.001
   315:   146280.003   146459.001   147005.003   147929.001   148393.003
   320:   148404.001   149904.018   150215.003   150221.016   150271.026
   325:   150355.005   151196.009   152912.005   152993.009   153671.005
   330:   153840.009   154991.001   155916.003   158579.001   159347.003
   335:   159356.001   159900.003   160629.001   161420.003   161477.001
   340:   162383.003   163231.001   164731.018   164808.003   164814.016
   345:   164864.026   164964.005   165363.009   167531.001   167569.003
   350:   167834.001   167976.003   168014.001   168303.003   168323.001
   355:   168717.003   169181.001   170220.003   170980.001   171324.003
   360:   171354.001   171697.003   171699.001   172439.003   172878.005
   365:   172912.009   173200.001   174700.018   174707.003   174713.016
   370:   174763.026   174859.005   175148.009   176920.001   177186.003
   375:   177592.001   178150.003   178302.001   178420.003   179616.001
   380:   179710.003   179715.001   180073.003   180095.001   180617.003
   385:   181207.001   181673.003   181679.001   182415.003   182886.001
   390:   183053.003   183458.001   184725.003   184744.001   184923.003
   395:   185676.001   186002.003   186476.001   186926.003   186962.001
   400:   188462.018   188484.003   188490.016   188540.026   188637.005
   405:   189114.009   199586.001   199740.003   199747.001   199894.003
   410:   199905.001   200939.003   201438.001   201731.003   201764.001
   415:   202251.003   202872.001   203834.003   203869.001   204184.003
   420:   204701.001   205967.003   207087.001   207935.003   208307.001
   425:   209128.003   212942.001   213046.003   213113.001   213135.003
   430:   213213.001   213268.003   213335.001   213408.003   213643.001
   435:   213668.003   213754.001   213795.003   214081.001   214287.003
   440:   214312.001   214419.003   214433.001   215153.003   215833.005
   445:   215857.009   216115.001   217070.003   218332.001   219076.003
   450:   219458.001   220534.003   221575.001   221855.003   221861.001
   455:   223032.003   223846.001   225346.018   226867.003   226873.016
   460:   226923.026   227030.005   227269.009   229295.005   229371.009
   465:   229725.001   230692.003   231549.001   232381.003   233091.001
   470:   233344.003   234332.001   234865.003   235305.001   235975.003
   475:   236942.001   238442.018   238489.003   238495.016   238545.026
   480:   238624.005   239035.009   239051.005   239062.009   239501.001
   485:   239895.003   239928.001   240818.003   241406.001   242906.018
   490:   243033.003   243039.016   243089.026   243267.005   243493.009
   495:   244107.001   245289.003   245734.005   245754.009   246026.001
   500:   247526.018   247828.003   247834.016   247884.026   247980.005
   505:   248224.009   248630.001   250130.018   250374.003   250380.016
   510:   250430.026   250545.005   250862.009   251652.001   252377.003
   515:   252999.001   253336.003   253361.001   254072.003   254319.001
   520:   254942.003   255803.001   256318.003   256371.001   257390.003
   525:   257822.001   258798.003   259435.001   260301.003   260388.001
   530:   260563.003   260584.001   261616.003   262207.001   262502.003
   535:   264668.001   264901.003   266102.001   266354.003   266865.001
   540:   267081.003   267403.001   267556.003   267599.001   268417.003
   545:   269215.001   270658.003   271144.001   271502.003   271642.001
   550:   272375.003   274034.001   275018.003   277173.001   277206.003
   555:   277237.001   278737.018   278944.003   278950.016   279000.026
   560:   279097.005   279577.009   280216.001   281376.003   281980.001
   565:   283359.003   283909.001   285082.003   285756.001   287256.018
   570:   287279.003   287285.016   287335.026   287431.005   287636.009
   575:   288002.001   288988.003   289716.001   290943.003   291788.001
   580:   292307.003   292398.005   292413.009   292955.001   293790.003
   585:   294423.001   295553.003   296102.001   297145.003   300800.001
   590:   300956.003   301026.001   301086.003   301422.001   301493.003
   595:   301536.001   302180.003   302228.001   303235.003   303741.001
   600:   305099.003   305800.001   307300.018   307360.003   307366.016
   605:   307416.026   307505.005   307816.009   308391.001   308440.003
   610:   308460.001   309582.003   310127.001   311242.003   312045.001
   615:   313545.018   313638.003   313644.016   313694.026   313781.005
   620:   314201.009   315164.001   315315.003   315333.001   315552.003
   625:   316186.001   316257.003   316306.001   316358.003   316446.001
   630:   317207.003   317823.005   317837.009   318050.001   318097.003
   635:   318140.001   319640.018   319931.003   319937.016   319987.026
   640:   320138.005   320463.009   324069.001   324770.003   325518.001
   645:   327018.018   327299.003   327305.016   327355.026   327451.005
   650:   327845.009   331994.001   332910.003   332952.001   333305.003
   655:   333575.001   334694.003   335153.001   336143.003   337438.001
   660:   338013.003   338874.001   338984.003   339011.001   339249.003
   665:   339265.001   339399.003   339475.001   339624.003   339969.001
   670:   340382.003   340449.001   340794.003   341483.001   342286.003
   675:   343554.001   344227.003   344899.001   345945.003   346852.001
   680:   347705.003   348087.001   349457.003   350105.001   351321.003
   685:   351460.001   351494.003   351529.001   351736.003   351766.001
   690:   352581.003   353371.001   354264.003   354300.001   354627.003
   695:   357640.005   358132.009   359134.001   360226.003   360418.005
   700:   360450.009   360451.005   360807.009   361197.001   362331.003
   705:   364152.001   364685.003   364709.001   365544.003   366100.005
   710:   366134.009   366448.001   367948.018   368195.003   368201.016
   715:   368251.026   368381.005   368867.009   369249.001   370433.003
   720:   370892.001   372224.003   372864.001   374348.003   375471.001
   725:   375663.003   376240.001   377431.003   378024.005   378041.009
   730:   378071.005   378092.009   378572.001   378908.003   378919.001
   735:   379491.003   380373.001   381390.003   382109.005   382399.009
   740:   382578.001   383328.003   383330.001   384072.003   384685.001
   745:   386021.003   386774.001   387913.003   388449.001   389409.003
   750:   390278.001   391471.003   393461.001   394446.003   394480.001
   755:   394900.003   395618.001   395938.003   395996.001   396088.003
   760:   396101.001   396128.003   396172.001   396913.003   397602.001
   765:   398799.003   399563.001   401063.018   401438.003   401444.016
   770:   401494.026   401619.005   403269.009   404130.005   404279.009
   775:   406556.001   407678.003   411025.001   412302.003   412713.005
   780:   412778.009   413054.001   413212.003   413224.001   413622.003
   785:   413653.001   413948.003   417417.005   417449.009   417455.005
   790:   417494.009   417847.001   418019.003   418522.001   418826.003
   795:   420023.001   420252.003   420298.001   420443.003   421330.001
   800:   421473.003   421625.001   422441.003   431942.001   432414.003
   805:   432839.001   433344.003   433436.001   433980.003   434437.001
   810:   435540.003   436208.001   437390.003   437916.005   437970.009
   815:   438213.001   439499.003   440012.001   441254.003   441832.005
   820:   441877.009   442240.001   443590.003   444292.001   445792.018
   825:   445971.003   445977.016   446027.026   446113.005   446685.009
   830:   448926.001   449885.003   450822.001   452322.018   452422.003
   835:   452428.016   452478.026   452595.005   452792.009   452820.005
   840:   453063.009   457037.001   457219.003   457227.001   457862.003
   845:   458429.001   459594.003   460386.001   461715.003   462487.001
   850:   463714.003   465566.001   467066.018   467380.003   467386.016
   855:   467436.026   467520.005   468475.009   469287.001   470176.003
   860:   472641.001   472858.003   472895.001   473010.003   473020.001
   865:   473041.003   473474.001   474275.003   474517.005   474545.009
   870:   475012.001   475172.003   475203.001   476225.003   476792.001
   875:   477989.003   478668.001   480168.018   480701.003   480707.016
   880:   480757.026   480899.005   481785.009   481845.005   481871.009
   885:   484425.001   484991.003   485054.001   485757.003   486398.001
   890:   487565.003   488119.001   489619.018   489691.003   489697.016
   895:   489747.026   489858.005   489990.009   490026.005   490152.009
   900:   490252.005   490501.009   491657.001   491891.003   491935.001
   905:   492672.003   493418.001   494711.003   495326.001   495388.003
   910:   495406.001   495763.003   495779.001   497189.003   498528.001
   915:   499899.003   500433.001   501875.003   502628.001   503732.003
   920:   503764.001   504161.003   505038.001   505285.003   505303.001
   925:   505427.003   505504.001   506418.003   507109.001   508291.003
   930:   508963.001   510463.018   510622.003   510628.016   510678.026
   935:   510797.005   511293.009   512093.001   513466.003   514035.001
   940:   515395.003   516179.001   517679.018   517704.003   517710.016
   945:   517760.026   517856.005   518521.009   518946.001   520418.003
   950:   521033.001   522191.003   522829.001   524258.003   524886.001
   955:   525652.003   525665.001   526265.003   526869.001   528369.018
   960:   528406.003   528412.016   528462.026   528567.005   529041.009
   965:   534344.001   534478.003   534490.001   534576.003   534617.001
   970:   534744.003   535088.001   535746.003   535756.001   536398.003
   975:   538871.001   540000.003   540617.001   542117.018   542173.003
   980:   542179.016   542229.026   542395.005   542769.009   546206.001
   985:   546325.003   546341.001   547396.003   547882.001   549141.003
   990:   549718.001   551218.018   551268.003   551274.016   551324.026
   995:   551469.005   551874.009   552402.001   553656.003   554287.001
  1000:   555787.018   556041.003   556047.016   556097.026   556201.005
  1005:   556463.009   558128.001   558596.003   558879.001   558980.003
  1010:   559238.001   559289.003   559427.001   559882.003   560439.001
  1015:   561939.018   562216.003   562222.016   562272.026   562385.005
  1020:   563327.009   563337.005   563493.009   565398.001   566898.018
  1025:   567453.003   567459.016   567509.026   567636.005   568253.009
  1030:   571466.001   571805.003   571901.001   572536.003   573344.001
  1035:   573975.003   574035.001   575535.018   575557.003   575563.016
  1040:   575567.001   575613.026   575725.003   575783.005   576102.009
  1045:   576699.001   577889.003   578650.001   579521.003   579532.001
  1050:   580259.003   580793.001   581252.003   581381.001   582091.003
  1055:   582739.001   584177.003   584740.001   586240.018   586379.003
  1060:   586385.016   586435.026   586535.005   587048.009   587460.001
  1065:   588820.003   589346.001   590573.003   591055.001   592387.003
  1070:   593156.001   594656.018   594974.003   594980.016   595030.026
  1075:   595151.005   595569.009   595614.005   595623.009   597020.001
  1080:   598239.003   599230.001   599590.003   599606.001   601048.003
  1085:   601535.001   603035.018   603040.003   603046.016   603096.026
  1090:   603212.005   603428.009   603438.005   603473.009   603935.001
  1095:   605435.018   605829.003   605835.016   605885.026   605997.005
  1100:   606265.009   608010.001   608231.003   608240.001   609459.003
  1105:   610072.001   611572.018   611638.003   611644.016   611694.026
  1110:   611799.005   612097.009   612527.001   614027.018   614082.003
  1115:   614088.016   614138.026   614249.005   614857.009   615315.001
  1120:   616538.003   617204.001   618704.018   618726.003   618732.016
  1125:   618782.026   618906.005   619134.009   619763.001   621263.018
  1130:   621296.003   621302.016   621352.026   621484.005   621696.009
  1135:   622044.001   623454.003   625948.001   627448.018   627824.003
  1140:   627830.016   627880.026   628017.005   628300.009   628698.001
  1145:   630198.018   630568.003   630574.016   630624.026   630773.005
  1150:   631041.009   631325.001   632764.003   633337.001   634575.003
  1155:   635098.001   636494.003   636902.001   638402.018   638624.003
  1160:   638630.016   638680.026   638831.005   639081.009   639607.001
  1165:   641107.018   641154.003   641160.016   641210.026   641315.005
  1170:   641531.009   641829.001   643329.018   643394.003   643400.016
  1175:   643450.026   643452.017   643535.005   643854.009   646238.001
  1180:   647981.003   649096.001   650480.003   651263.001   651798.003
  1185:   651807.001   653030.003   653539.001   653987.003   654003.001
  1190:   654283.003   654424.001   655703.003   656000.001   657360.003
  1195:   657983.001   658494.003   658547.001   659047.003   659083.001
  1200:   659514.003   660069.001   661041.003   661066.001   661099.003
  1205:   661376.001   661917.003   662453.001   663853.003   664928.001
  1210:   665268.003   665279.001   666213.003   666610.001   667854.003
  1215:   669216.001   670404.003   671001.001   672605.003   673254.001
  1220:   674841.003   675803.001   677028.003   677894.001   679324.003
  1225:   680796.001   682155.003   682228.001   682282.003   682295.001
  1230:   684045.018   684080.003   684086.016   684136.026   684224.005
  1235:   684686.009   689017.001   689501.003   689524.001   689553.003
  1240:   689596.001   690514.003   691223.001   692891.003   693398.001
  1245:   693643.003   693650.001   694745.003   695431.001   696581.003
  1250:   698373.001   699833.003   700518.001   702067.003   703770.001
  1255:   705454.003   706041.001   707293.003   708216.001   709966.018
  1260:   710327.003   710333.016   710383.026   710449.005   710868.009
  1265:   712857.001   713205.003   713213.001   714142.003   714639.001
  1270:   715068.003   715091.001   716224.003   716780.001   717807.003
  1275:   717861.001   718789.003   719183.001   720418.003   721944.001
  1280:   721968.003   722014.001   723722.003   724698.001   725989.003
  1285:   726875.001   728383.003   728997.005   729029.009   729301.001
  1290:   730961.003   731673.001   733023.003   733619.001   735186.003
  1295:   736000.005   736044.009   736835.005   737186.009   739157.001
  1300:   740592.003   741460.001   743009.003   743660.001   744940.003
  1305:   745566.005   745600.009   745858.001   747501.003   748450.001
  1310:   750133.003   752649.001   754388.003   755163.001   756856.003
  1315:   757468.001   759041.003   759985.001   760485.003   760492.001
  1320:   761356.003   763604.001   764850.003   765771.001   766495.003
  1325:   766529.001   767526.003   767987.005   768082.009   770276.001
  1330:   771889.003   772641.001   774135.003   774945.001   776007.003
  1335:   779072.001   779894.003   780550.001   782300.018   782418.003
  1340:   782424.016   782474.026   782603.005   782953.009   783058.005
  1345:   783074.009   783079.005   783180.009   783340.005   783396.009
  1350:   783398.005   783522.009   784736.001   786197.003   786934.001
  1355:   788479.003   789210.001   790960.018   791176.003   791182.016
  1360:   791232.026   791363.005   791847.009   793797.001   794229.003
  1365:   794260.001   794866.003   795590.001   797076.003   797686.001
  1370:   799111.003   799926.001   801360.003   802009.001   803562.003
  1375:   804063.005   804077.009   804097.005   804212.009   804760.001
  1380:   806510.018   806975.003   806981.016   807031.026   807101.005
  1385:   807577.009   809740.001   811059.003   811109.001   811454.003
  1390:   811505.001   811883.003   812383.001   813857.003   814812.001
  1395:   814834.003   814861.001   816227.003   816946.001   818518.003
  1400:   821878.001   823421.003   827129.001   827698.003   827755.001
  1405:   828235.003   828298.001   828371.003   828466.001   829142.003
  1410:   829795.001   831306.003   832098.001   833749.003   834566.001
  1415:   836316.018   836391.003   836397.016   836447.026   836528.005
  1420:   837129.009   841184.001   841687.003   841785.001   842967.003
  1425:   843607.001   845357.018   845358.003   845364.016   845414.026
  1430:   845513.005   845961.009   845999.005   846394.009   847133.001
  1435:   848268.003   848922.001   850568.003   851260.001   853010.018
  1440:   853130.003   853136.016   853186.026   853290.005   853598.009
  1445:   854926.001   856159.003   856916.001   858502.003   859142.001
  1450:   860892.018   861198.003   861204.016   861254.026   861361.005
  1455:   861739.009   862541.001   863947.003   864483.001   865944.003
  1460:   866420.005   866470.009   867004.001   868227.003   868664.005
  1465:   868701.009   871521.001   873178.003   873913.001   875421.003
  1470:   875878.001   877483.003   877994.001   879393.003   880072.001
  1475:   881822.018   881886.003   881892.016   881942.026   882044.005
  1480:   882252.009   882284.005   882298.009   884925.001   886377.003
  1485:   886950.001   888700.018   888778.003   888784.016   888834.026
  1490:   888958.005   889407.009   890209.001   890299.003   890304.001
  1495:   891539.003   891944.001   893619.003   895840.001   895899.003
  1500:   895913.001   897284.003   897995.001   899745.018   899802.003
  1505:   899808.016   899858.026   900020.005   900473.009   900992.001
  1510:   902405.003   903200.001   904947.003   905673.001   907007.003
  1515:   907788.001   909538.018   910409.003   910415.016   910465.026
  1520:   910564.005   910971.009   917933.001   918579.003   918605.001
  1525:   919402.003   920234.001   920248.003   920263.001   921790.003
  1530:   922734.001   924484.018   924610.003   924616.016   924666.026
  1535:   924744.005   925140.009   925621.001   927117.003   927738.001
  1540:   928744.003   928803.001   929344.003   929777.001   931281.003
  1545:   931968.001   933356.003   933873.001   935396.003   936232.001
  1550:   937757.003   938675.001   940156.003   940698.001   942448.018
  1555:   942968.003   942974.016   943024.026   943121.005   943367.009
  1560:   947070.001   947118.003   947150.001   947205.003   947257.001
  1565:   947465.003   947528.001   948416.003   948988.001   950404.003
  1570:   950907.001   952521.003   952937.001   954687.018   954911.003
  1575:   954917.016   954967.026   955115.005   955431.009   956651.001
  1580:   958302.003   959003.001   960319.003   961026.001   962776.018
  1585:   962857.003   962863.016   962913.026   963000.005   963406.009
  1590:   963942.001   965103.003   965931.001   967450.003   969244.001
  1595:   969294.003   970091.001   971441.003   972096.001   972236.003
  1600:   972251.001   972757.003   972932.001   974133.003   974931.001
  1605:   974967.003   975041.001   976365.003   976791.001   978322.003
  1610:   979194.001   980777.003   982931.001   984031.003   985711.001
  1615:   986958.003   987541.001   989291.018   989964.003   989970.016
  1620:   990020.026   990148.005   990759.009   990810.005   991056.009
  1625:   991080.005   991102.009   991488.001   993189.003   994055.001
  1630:   995460.003   996264.001   997152.003   997200.001   997434.003
  1635:   998148.001   999760.003  1000432.001  1001860.003  1002495.001
  1640:  1004170.003  1004728.001  1005921.003  1006782.001  1007843.003
  1645:  1008393.001  1009797.003  1010537.001  1011802.003  1012075.005
  1650:  1012259.009  1012675.001  1014222.003  1015112.001  1016466.003
  1655:  1017689.001  1019243.003  1020588.001  1020987.003  1021680.001
  1660:  1023127.003  1023577.005  1023607.009  1024437.001  1024993.003
  1665:  1025634.001  1026947.003  1028604.001  1029325.003  1030087.001
  1670:  1030221.003  1030234.001  1031151.003  1031840.001  1031902.003
  1675:  1032044.001  1033294.003  1033731.005  1033851.009  1040256.001
  1680:  1040461.003  1040493.001  1040659.003  1040757.001  1041457.003
  1685:  1042265.001  1043735.003  1045184.001  1046452.003  1047109.001
  1690:  1048254.003  1048684.005  1048709.009  1048728.005  1048755.009
  1695:  1049140.001  1050513.003  1051592.001  1052108.003  1052772.001
  1700:  1054337.003  1055171.001  1056655.003  1064300.001  1066050.018
  1705:  1066497.003  1066503.016  1066553.026  1066641.005  1067230.009
  1710:  1068187.001  1068372.003  1068383.001  1068484.003  1068585.001
  1715:  1068974.003  1070957.001  1071728.003  1071736.001  1072222.003
  1720:  1081595.001  1082050.003  1082087.001  1082676.003  1082703.001
  1725:  1083134.003  1084212.001  1085717.003  1086613.001  1087968.003
  1730:  1090774.001  1090886.003  1091138.001  1092853.003  1093747.001
  1735:  1095151.003  1096338.001  1098088.018  1098293.003  1098299.016
  1740:  1098349.026  1098440.005  1098938.009  1104253.001  1105982.003
  1745:  1107654.001  1109404.018  1109582.003  1109588.016  1109638.026
  1750:  1109763.005  1110559.009  1110564.005  1110722.009  1114317.001
  1755:  1114475.003  1114511.001  1114763.003  1121352.005  1121369.009
  1760:  1121847.001  1122670.003  1122720.001  1123653.003  1126649.001
  1765:  1127321.003  1127365.001  1128634.003  1129321.001  1130768.003
  1770:  1134651.001  1136101.003  1136867.001  1138392.003  1140351.001
  1775:  1141600.003  1142394.001  1144008.003  1144667.001  1146269.003
  1780:  1147726.001  1149101.003  1149939.001  1151495.003  1152259.001
  1785:  1153792.003  1154507.001  1155970.003  1156770.001  1158297.003
  1790:  1160546.001  1161741.003  1162918.001  1163488.003  1165350.001
  1795:  1166666.003  1167591.001  1168893.003  1173290.005  1173307.009
  1800:  1174428.001  1174575.003  1175029.001  1175533.003  1176456.001
  1805:  1176619.003  1177270.001  1178483.003  1181587.001  1183210.003
  1810:  1184158.001  1185454.003  1186283.001  1187349.003  1187762.005
  1815:  1187772.009  1188037.005  1188233.009  1189204.001  1190538.003
  1820:  1192250.001  1192497.003  1192517.001  1193193.003  1206015.001
  1825:  1207674.003  1209116.001  1209172.003  1209182.001  1210103.003
  1830:  1217928.001  1218377.003  1218506.001  1218618.003  1218696.001
  1835:  1219533.003  1220424.001  1221824.003  1238105.001  1238216.003
  1840:  1238446.001  1238596.003  1238626.001  1238699.003  1238731.001
  1845:  1239438.003  1240359.001  1241691.003  1242287.005  1242312.009
  1850:  1242458.005  1242533.009  1264374.001  1265337.003  1266352.001
  1855:  1266907.003  1267035.001  1267612.003  1280189.001  1281147.003
  1860:  1292976.002  1293547.004  1296843.002  1296864.004  1322053.001
  1865:  1323803.018  1324228.003  1324234.016  1324284.026  1324377.005
  1870:  1324898.009  1324911.005  1324922.009  1324951.005  1324978.009
  1875:  1325187.005  1325192.009  1329986.001  1331282.003  1332339.001
  1880:  1333747.003  1334920.001  1336548.003  1345218.001  1346586.003
  1885:  1347354.001  1348974.003  1349726.001  1351476.018  1351483.003
  1890:  1351489.016  1351539.026  1351621.005  1352225.009  1359887.001
  1895:  1361210.003  1361965.001  1363475.003  1364330.001  1365910.003
  1900:  1374236.005  1374493.009  1376760.001  1377347.003  1377385.001
  1905:  1378023.003  1383213.005  1383230.009  1383621.001  1384083.003
  1910:  1384153.001  1384879.003  1385592.001  1387077.003  1388451.001
  1915:  1389598.003  1390088.001  1390587.003  1390607.001  1391756.003
  1920:  1392353.001  1393781.003  1394478.001  1396228.018  1396538.003
  1925:  1396544.016  1396594.026  1396686.005  1397532.009  1399016.001
  1930:  1400164.003  1400658.001  1402408.018  1402477.003  1402483.016
  1935:  1402533.026  1402615.005  1402996.009  1405816.001  1406741.003
  1940:  1407332.001  1407825.003  1408514.001  1409168.003  1409193.001
  1945:  1409897.003  1410300.001  1411848.003  1412417.001  1414143.003
  1950:  1414930.001  1415080.003  1415126.001  1415998.003  1416034.001
  1955:  1416731.003  1419073.001  1420823.018  1421072.003  1421078.016
  1960:  1421128.026  1421235.005  1421863.009  1423112.001  1424862.018
  1965:  1424907.003  1424913.016  1424963.026  1425080.005  1425763.009
  1970:  1425977.005  1426000.009  1426003.005  1426073.009  1426077.005
  1975:  1426150.009  1427137.001  1428859.003  1429654.001  1430443.003
  1980:  1430503.001  1431178.003  1431780.001  1432840.003  1432888.001
  1985:  1433201.003  1433204.001  1433615.003  1434470.001  1436220.018
  1990:  1436227.003  1436233.016  1436283.026  1436386.005  1437204.009
  1995:  1437252.005  1438098.009  1438785.001  1440485.003  1440972.001
  2000:  1442682.003  1443193.001  1443889.003  1443931.001  1444887.003
  2005:  1445429.001  1446891.003  1449123.001  1449722.003  1449730.001
  2010:  1451002.003  1451549.001  1453166.003  1456906.001  1457151.003
  2015:  1457204.001  1458543.003  1459034.001  1460611.003  1461050.001
  2020:  1462338.003  1463064.001  1464567.003  1465825.001  1467206.003
  2025:  1467215.001  1467783.003  1468274.001  1469250.003  1469320.001
  2030:  1469939.003  1471476.001  1472942.003  1473811.001  1475506.003
  2035:  1478461.001  1480211.018  1480519.003  1480525.016  1480575.026
  2040:  1480669.005  1481213.009  1481249.005  1481290.009  1491218.001
  2045:  1491502.003  1491510.001  1491674.003  1491687.001  1493008.003
  2050:  1496889.001  1498344.003  1499262.001
B:
     0:        0.000      735.000        2.000      734.000        2.000
     5:      172.000        0.000        0.000        0.000      172.000
    10:        0.000        1.000        0.000        0.000        0.000
    15:        0.000       78.000        1.000       78.000        0.000
    20:        0.000        0.000        0.000        0.000        0.000
    25:        0.000       78.000        0.000        0.000        0.000
    30:        0.000
D:
     0:  2146114.000  2145371.000  2144453.000
E:
     0:     1500.000     1750.000
T:
     0:        0.000        0.000        0.000        0.000
W:
     0:        2.000        0.000        0.000
