File: C:\MED-PC IV\Data\ALFE\AU016.999


Start Date: 02/12/24
End Date: 02/12/24
Subject: 16
Experiment: AU
Group: EXP40
Box: 2
Start Time: 13:38:10
End Time: 14:28:10
MSN: DRRD_general_exp
C:       0.000
F:       0.000
G:       0.000
H:       0.000
I:       0.000
J:       0.000
K:      80.000
L:       0.000
M:       0.000
N:       0.000
O:       0.000
P:       0.000
Q:       0.000
R:       0.000
S:       0.000
U:    2794.000
V:       0.000
X:       0.000
Y:     307.000
Z:       0.000
A:
     0:    15000.011    59392.005    59416.009    59429.005    59483.009
     5:    59485.005    60191.009    60196.005    60205.009    60237.005
    10:    60859.009    60948.005    60969.009    61023.005    61033.009
    15:    61056.005    61092.009    61181.005    61187.009    61194.005
    20:    61199.009    64139.001    64946.003    65433.005    65451.009
    25:    65517.005    65535.009    65735.005    65764.009   105415.005
    30:   105420.009   105612.005   105617.009   105894.005   105924.009
    35:   106024.005   106035.009   106050.005   106086.009   106104.005
    40:   106111.009   106119.005   106152.009   106265.005   106301.009
    45:   106326.005   106342.009   106421.005   106465.009   153124.005
    50:   153131.009   153138.005   153149.009   153164.005   154068.009
    55:   154167.005   154267.009   154288.005   154379.009   154430.005
    60:   154450.009   154460.005   154482.009   291802.001   292706.003
    65:   372047.001   373275.003   392183.001   394359.003   394626.005
    70:   394653.009   394684.005   394694.009   463354.005   463370.009
    75:   463501.005   463539.009   463550.005   463575.009   463700.005
    80:   463742.009   463753.005   463777.009   463822.005   463884.009
    85:   463899.005   463974.009   463977.005   463991.009   464027.005
    90:   464053.009   464117.005   464139.009   464269.005   464282.009
    95:   464337.005   464341.009   464542.005   464552.009   464554.005
   100:   464565.009   464581.005   464743.009   464755.005   465318.009
   105:   465321.005   465346.009   465365.005   465372.009   465384.005
   110:   465396.009   465415.005   465438.009   465479.005   465544.009
   115:   465563.005   465583.009   465642.005   465706.009   465724.005
   120:   465741.009   465756.005   465814.009   465841.005   465854.009
   125:   465898.005   465902.009   466082.005   466378.009   466387.005
   130:   466394.009   466422.005   466431.009   506997.005   507041.009
   135:   513292.005   513317.009   513334.005   513367.009   513378.005
   140:   513391.009   513465.005   513477.009   513867.005   513877.009
   145:   513927.005   513933.009   542260.001   542432.003   871598.005
   150:   871605.009   871606.005   871610.009   871624.005   871630.009
   155:   871653.005   871656.009   871682.005   871710.009   871875.005
   160:   871889.009   871892.005   871897.009   872155.005   872227.009
   165:   872328.005   872410.009   872433.005   872459.009   872474.005
   170:   872548.009   872559.005   872578.009   872581.005   872584.009
   175:   873421.001   874793.003   877974.001   878242.003   882656.005
   180:   882795.009   892894.005   892907.009   892921.005   893853.009
   185:   894620.001   895191.003   895567.001   896412.003   896455.001
   190:   898933.003   899093.001   899540.003   902513.001   905724.003
   195:   909090.005   909243.009   916300.005   916307.009  1015773.005
   200:  1016244.009  1016314.005  1016339.009  1016404.005  1016412.009
   205:  1016419.005  1016440.009  1016472.005  1016498.009  1016515.005
   210:  1016524.009  1016526.005  1016554.009  1016571.005  1016599.009
   215:  1016631.005  1016636.009  1016637.005  1016670.009  1017016.005
   220:  1017025.009  1017038.005  1017047.009  1017072.005  1017084.009
   225:  1159926.005  1159935.009  1160017.005  1160129.009  1160147.005
   230:  1160151.009  1162794.005  1162805.009  1162813.005  1162826.009
   235:  1162850.005  1162859.009  1162916.005  1163018.009  1163028.005
   240:  1163038.009  1163613.005  1163627.009  1163636.005  1163681.009
   245:  1163928.005  1163938.009  1163970.005  1163976.009  1175056.001
   250:  1175288.003  1244292.002  1244981.004  1246605.005  1246614.009
   255:  1246653.005  1246673.009  1247238.001  1248861.003  1249159.001
   260:  1249891.003  1250811.005  1250883.009  1250885.005  1250936.009
   265:  1250956.005  1250998.009  1251014.005  1251026.009  1251031.005
   270:  1251061.009  1251064.005  1251082.009  1251088.005  1251099.009
   275:  1251109.005  1251139.009  1251167.005  1251195.009  1251222.005
   280:  1252394.009  1252399.005  1252405.009  1252409.005  1252415.009
   285:  1256521.001  1257605.003  1329952.002  1331759.004  1331821.002
   290:  1332848.004  1333048.002  1334579.004  1354142.001  1354676.003
   295:  1355081.005  1355103.009  1468868.005  1468907.009  1469448.005
   300:  1469468.009  1469527.005  1469537.009  1469852.005  1469858.009
   305:  1471704.001  1474090.003
B:
     0:        0.000       18.000        4.000       18.000        4.000
     5:      131.000        0.000        0.000        0.000      131.000
    10:        0.000        1.000        0.000        0.000        0.000
    15:        0.000        0.000        0.000        0.000        0.000
    20:        0.000        0.000        0.000        0.000        0.000
    25:        0.000        0.000        0.000        0.000        0.000
    30:        0.000
D:
     0:  1476883.000  1474498.000  1476884.000
E:
     0:     4000.000     4000.000
T:
     0:        0.000        0.000        0.000        0.000
W:
     0:        0.000        0.000        0.000
