File: C:\MED-PC IV\Data\ALFE\AU018.999


Start Date: 02/08/24
End Date: 02/08/24
Subject: 18
Experiment: AU
Group: EXP40
Box: 4
Start Time: 13:33:07
End Time: 14:23:07
MSN: DRRD_general_exp
C:       0.000
F:       1.000
G:       0.000
H:       0.000
I:       0.000
J:       0.000
K:     100.000
L:       0.000
M:       0.000
N:       0.000
O:       0.000
P:       0.000
Q:       0.000
R:       0.000
S:       0.000
U:  554370.000
V:       0.000
X:       0.000
Y:    1049.000
Z:       0.000
A:
     0:     1438.005     1455.009     1470.005     1897.009     1941.005
     5:     1958.009     4470.005     4481.009     4497.005     4746.009
    10:     7445.005     7463.009     7940.005     7956.009     7969.005
    15:     8081.009    12645.005    12707.009    12714.005    14263.009
    20:    15000.011    15893.005    16367.009    17387.001    17777.003
    25:    17956.005    18318.009    22785.005    22822.009    22857.005
    30:    22880.009    26524.005    26541.009    26612.005    26629.009
    35:    42165.005    42217.009    42238.005    42409.009    52137.005
    40:    52338.009    56796.005    56822.009    56836.005    57253.009
    45:    57345.005    57460.009    58622.002    58893.004    62638.001
    50:    66354.003    67377.005    67480.009    67492.005    67542.009
    55:    67849.001    71998.003    74062.001    76857.003    78297.005
    60:    78757.009    82392.005    82610.009    84078.005    84235.009
    65:    86352.005    86368.009    87306.001    91336.003    92339.005
    70:    92488.009    92566.005    92781.009    92982.005    92998.009
    75:    93670.005    93690.009    93715.005    93977.009    94900.001
    80:    95379.003    95566.001    96642.003    96814.001    97842.003
    85:    98255.001    98641.003    99022.001    99720.003    99793.001
    90:   101083.003   101698.001   102336.003   102878.005   103005.009
    95:   111504.001   111576.003   111632.001   116156.003   116855.005
   100:   117179.009   118452.001   118999.003   126396.005   126410.009
   105:   126529.005   126705.009   130796.002   132691.005   132766.004
   110:   132793.009   135057.001   136376.003   136466.005   136540.009
   115:   136544.005   136692.009   137126.001   137722.003   145361.001
   120:   145540.003   146528.002   146684.004   146815.002   147060.004
   125:   147244.002   148325.004   151438.005   151734.009   151827.005
   130:   152175.009   152352.005   152513.009   152828.005   152857.009
   135:   152991.005   153282.009   154114.001   156255.003   156293.001
   140:   157547.003   159341.001   163232.003   163814.005   164415.009
   145:   164606.005   164626.009   164902.005   164930.009   165123.005
   150:   165468.009   166882.001   167698.003   168092.001   169957.003
   155:   170116.001   171734.003   174330.001   174810.003   175029.001
   160:   178408.003   179249.005   179281.009   185113.005   185120.009
   165:   185138.005   185294.009   185341.005   185344.009   188205.001
   170:   193205.018   195464.003   195470.016   195520.026   195677.005
   175:   196512.009   196623.005   197037.009   197058.005   197073.009
   180:   197570.005   197610.009   197640.005   197813.009   202671.005
   185:   202693.009   205746.005   205894.009   205908.005   206147.009
   190:   206711.001   206759.003   208775.001   208985.003   210297.001
   195:   210927.003   211066.001   214734.003   215429.005   215755.009
   200:   227655.001   232655.018   233003.003   233009.016   233059.026
   205:   233235.005   233735.009   234785.005   235153.009   235199.005
   210:   235226.009   235280.005   235287.009   235299.005   235311.009
   215:   241428.005   241453.009   246108.005   246608.009   246616.005
   220:   246629.009   249116.005   249137.009   257573.005   257587.009
   225:   259183.001   264183.018   264780.003   264786.016   264836.026
   230:   265025.005   265448.009   265464.005   265492.009   265495.005
   235:   265510.009   265557.005   265595.009   265656.005   265733.009
   240:   267044.005   267058.009   267070.005   267271.009   270638.001
   245:   275112.003   276673.005   276681.009   276701.005   276991.009
   250:   281823.005   281917.009   282011.005   283006.009   283165.005
   255:   283402.009   285196.001   289430.003   289977.005   289987.009
   260:   290005.005   290127.009   295526.005   295656.009   297426.001
   265:   301550.003   302485.005   302767.009   304945.001   308542.003
   270:   309120.005   309409.009   311872.005   311916.009   313445.001
   275:   315526.003   315587.001   318509.003   320121.001   324460.003
   280:   324898.005   324945.009   325062.005   325101.009   325117.005
   285:   325781.009   330213.001   331984.003   332737.001   333226.003
   290:   333381.001   335437.003   336903.001   337036.003   339436.001
   295:   339772.003   339971.001   342724.003   343284.005   343511.009
   300:   345638.001   350272.003   350668.005   350937.009   350952.005
   305:   351809.009   358268.001   362597.003   364433.005   364693.009
   310:   365118.001   370118.018   370985.003   370991.016   371041.026
   315:   371346.005   372099.009   372441.005   372722.009   375605.005
   320:   375615.009   377655.001   379339.003   381659.005   381864.009
   325:   383912.001   388502.003   389916.001   394916.018   395145.003
   330:   395151.016   395201.026   395359.005   396238.009   397148.005
   335:   397238.009   397244.005   397258.009   397294.005   398399.009
   340:   398959.005   399115.009   399273.005   399309.009   399316.005
   345:   399357.009   400022.005   400059.009   400070.005   400531.009
   350:   400679.005   400699.009   401683.001   403607.003   403848.005
   355:   404535.009   405580.001   410090.003   411311.005   411517.009
   360:   412972.001   413309.003   413729.005   413873.009   421510.001
   365:   425908.003   426997.001   429783.003   430340.005   430711.009
   370:   432609.001   437294.003   437807.005   437960.009   444436.005
   375:   444553.009   444562.005   444646.009   444754.005   445148.009
   380:   446934.001   451270.003   451742.005   451974.009   452339.001
   385:   457037.003   460385.001   464969.003   465767.005   466419.009
   390:   496456.005   496470.009   496489.005   496807.009   496839.005
   395:   496900.009   496959.005   496965.009   499541.001   504541.018
   400:   504577.003   504583.016   504633.026   504930.005   505770.009
   405:   505791.005   505799.009   505836.005   506196.009   509958.001
   410:   514958.018   515084.003   515090.016   515140.026   515338.005
   415:   515852.009   518259.005   518578.009   520161.001   524900.003
   420:   525621.005   526003.009   527980.005   528013.009   528014.005
   425:   528301.009   533860.005   533877.009   533889.005   534004.009
   430:   534058.005   534442.009   534452.005   534635.009   534654.005
   435:   534784.009   534793.005   534828.009   536027.001   537951.003
   440:   538058.001   541052.003   541728.005   542086.009   553474.005
   445:   553484.009   553536.005   553909.009   553982.005   554149.009
   450:   555622.001   558777.003   559324.005   559502.009   560202.001
   455:   564545.003   565406.005   565779.009   574205.005   574425.009
   460:   575347.001   580347.018   580838.003   580844.016   580894.026
   465:   581224.005   581742.009   581854.005   581870.009   581873.005
   470:   582052.009   582138.005   582158.009   582300.005   582329.009
   475:   583233.005   583589.009   591328.005   591339.009   591360.005
   480:   591440.009   591472.005   591645.009   592779.001   597779.018
   485:   597851.003   597857.016   597907.026   598104.005   598327.009
   490:   598335.005   599227.009   599312.005   599602.009   601018.005
   495:   601353.009   617245.005   617344.009   617361.005   617611.009
   500:   619071.001   623232.003   623767.005   624029.009   629577.005
   505:   629968.009   630008.005   630076.009   630092.005   630106.009
   510:   630205.005   630221.009   631912.001   632470.003   632850.001
   515:   636166.003   636978.005   637192.009   639934.005   639945.009
   520:   641200.001   645475.003   645518.001   645527.003   646574.005
   525:   646846.009   648050.001   652716.003   654321.001   656321.003
   530:   656463.001   657045.003   657130.001   659132.003   659618.005
   535:   659852.009   660948.001   660992.003   665421.001   670077.003
   540:   670640.005   671147.009   681900.005   681938.009   681954.005
   545:   682119.009   682208.005   682278.009   682376.005   682389.009
   550:   682466.005   682580.009   682596.005   682691.009   682703.005
   555:   682778.009   683138.005   683192.009   684711.001   689711.018
   560:   689892.003   689898.016   689948.026   690118.005   690125.009
   565:   690139.005   690147.009   690228.005   690691.009   700136.005
   570:   700342.009   700374.005   700392.009   701720.001   706720.018
   575:   708638.003   708644.016   708694.026   708969.005   709367.009
   580:   717431.005   717593.009   719472.001   724185.003   724923.005
   585:   725139.009   730175.001   733926.003   734663.005   734980.009
   590:   741125.001   745190.003   745764.005   746101.009   749985.005
   595:   750393.009   751648.001   756195.003   756785.005   757046.009
   600:   763083.005   763138.009   763150.005   763160.009   763182.005
   605:   763197.009   764443.001   769443.018   769645.003   769651.016
   610:   769701.026   769864.005   770474.009   770544.005   770557.009
   615:   770967.005   771429.009   773251.001   778251.018   778617.003
   620:   778623.016   778673.026   779090.005   779692.009   779733.005
   625:   779917.009   781901.005   782079.009   786500.005   786519.009
   630:   786533.005   788088.009   788237.005   788423.009   790563.001
   635:   790620.003   790690.001   795690.018   795699.003   795705.016
   640:   795755.026   795939.005   796333.009   796379.005   796406.009
   645:   798495.005   798869.009   807658.001   812658.018   812905.003
   650:   812911.016   812961.026   813112.005   813862.009   813934.005
   655:   813949.009   815110.005   815213.009   828132.005   828175.009
   660:   828181.005   828222.009   829532.001   830438.003   830463.001
   665:   833501.003   833891.005   834119.009   843827.001   848736.003
   670:   849304.005   849604.009   850271.001   852171.003   852179.001
   675:   854977.003   855457.005   856162.009   865594.005   865600.009
   680:   865626.005   865992.009   866067.005   866130.009   867661.001
   685:   872661.018   873329.003   873335.016   873385.026   873564.005
   690:   874296.009   874435.005   874467.009   875114.005   875406.009
   695:   879928.005   880625.009   892480.001   897101.003   897661.005
   700:   897898.009   898631.001   903631.018   904239.003   904245.016
   705:   904295.026   904460.005   904467.009   904486.005   904492.009
   710:   904544.005   904713.009   904738.005   905285.009   905693.005
   715:   905714.009   905748.005   905778.009   906186.005   906196.009
   720:   906408.005   906425.009   906650.005   906695.009   906739.005
   725:   906822.009   918165.005   918688.009   918766.005   918804.009
   730:   919960.001   924814.003   925437.005   925674.009   931586.005
   735:   931602.009   932706.001   937126.003   937864.005   938080.009
   740:   940680.001   945680.018   946860.003   946866.016   946916.026
   745:   947100.005   947605.009   955024.005   955264.009   955355.005
   750:   955365.009   955490.005   956246.009   957944.001   962944.018
   755:   963919.003   963925.016   963975.026   964117.005   964760.009
   760:   964859.005   964894.009   964938.005   964956.009   965194.005
   765:   965206.009   965447.005   965583.009   971292.005   971353.009
   770:   971450.005   971532.009   973026.001   978026.018   978243.003
   775:   978249.016   978299.026   978522.005   978703.009   978707.005
   780:   979892.009   990300.005   990337.009   990340.005   990384.009
   785:   992453.001   997453.018   998011.003   998017.016   998067.026
   790:   998313.005   998490.009   998507.005   999055.009   999138.005
   795:   999441.009  1000354.005  1000363.009  1005546.005  1005602.009
   800:  1005643.005  1005693.009  1005735.005  1005830.009  1007764.001
   805:  1011877.003  1012334.005  1012618.009  1019810.001  1024810.018
   810:  1024918.003  1024924.016  1024974.026  1025143.005  1025632.009
   815:  1028799.005  1029335.009  1029747.005  1029848.009  1031789.001
   820:  1035724.003  1036197.005  1036416.009  1037627.001  1042346.003
   825:  1043509.005  1043822.009  1054303.005  1054316.009  1054355.005
   830:  1054933.009  1055894.001  1058664.003  1058686.001  1062091.003
   835:  1062386.005  1062806.009  1062850.005  1062887.009  1062907.005
   840:  1063175.009  1072452.005  1072923.009  1072947.005  1072957.009
   845:  1073039.005  1073116.009  1073132.005  1073223.009  1074765.001
   850:  1079765.018  1080218.003  1080224.016  1080274.026  1080421.005
   855:  1080889.009  1088641.005  1090433.009  1090499.005  1090567.009
   860:  1092429.001  1092501.003  1092636.001  1097636.018  1098923.003
   865:  1098929.016  1098979.026  1099224.005  1099668.009  1099786.005
   870:  1099865.009  1099993.005  1100012.009  1100490.005  1100508.009
   875:  1100724.005  1100762.009  1112341.005  1112345.009  1112373.005
   880:  1112616.009  1113899.001  1118899.018  1119742.003  1119748.016
   885:  1119798.026  1119944.005  1120798.009  1120824.005  1120835.009
   890:  1133532.005  1133624.009  1133688.005  1133783.009  1134348.001
   895:  1139348.018  1140224.003  1140230.016  1140280.026  1140477.005
   900:  1140656.009  1140697.005  1141346.009  1141626.005  1141664.009
   905:  1146830.001  1151313.003  1151695.005  1152159.009  1158199.005
   910:  1158233.009  1158246.005  1158260.009  1159541.001  1164541.018
   915:  1164886.003  1164892.016  1164942.026  1165199.005  1165854.009
   920:  1165956.005  1165975.009  1166104.005  1166123.009  1167635.005
   925:  1168238.009  1174070.005  1174369.009  1174413.005  1174505.009
   930:  1183665.005  1183701.009  1183771.005  1183800.009  1183820.005
   935:  1183960.009  1185489.001  1190489.018  1191094.003  1191100.016
   940:  1191150.026  1191479.005  1192227.009  1192386.005  1192410.009
   945:  1192428.005  1192632.009  1192657.005  1192721.009  1192770.005
   950:  1192855.009  1193586.005  1193601.009  1193616.005  1193949.009
   955:  1197489.001  1199734.003  1203332.001  1206951.003  1272731.005
   960:  1273657.009  1275448.001  1276064.003  1276247.005  1276269.009
   965:  1292335.001  1296442.003  1297158.005  1297347.009  1298365.001
   970:  1302875.003  1302982.001  1303665.003  1304156.005  1304175.009
   975:  1304189.005  1304392.009  1304988.001  1309404.003  1310130.005
   980:  1310527.009  1321787.005  1322333.009  1323714.001  1328714.018
   985:  1329897.003  1329903.016  1329953.026  1330290.005  1331489.009
   990:  1331536.005  1331732.009  1339942.005  1339966.009  1339990.005
   995:  1340743.009  1343163.001  1347923.003  1348822.005  1349053.009
  1000:  1351619.001  1355870.003  1356466.005  1356745.009  1357765.001
  1005:  1358479.003  1358550.001  1358745.003  1358841.001  1362944.003
  1010:  1363543.005  1363813.009  1370905.005  1370922.009  1370940.005
  1015:  1370974.009  1370992.005  1371168.009  1372695.001  1377695.018
  1020:  1377702.003  1377708.016  1377730.001  1377737.003  1377758.026
  1025:  1378058.005  1378727.009  1378843.005  1379068.009  1395389.005
  1030:  1395425.009  1395445.005  1395719.009  1413361.005  1413383.009
  1035:  1413403.005  1413440.009  1413467.005  1413526.009  1413554.005
  1040:  1413796.009  1414221.005  1414340.009  1414439.005  1415135.009
  1045:  1440954.005  1441333.009  1441374.005  1441459.009
B:
     0:        0.000      135.000        5.000      135.000        5.000
     5:      339.000        0.000        0.000        0.000      339.000
    10:        0.000        1.000        0.000        0.000        0.000
    15:        0.000       30.000        0.000       30.000        0.000
    20:        0.000        0.000        0.000        0.000        0.000
    25:        0.000       30.000        0.000        0.000        0.000
    30:        0.000
D:
     0:  1932071.000  1927065.000  1932072.000
E:
     0:     5000.000     5000.000
T:
     0:        0.000        0.000        0.000        0.000
W:
     0:        0.000        0.000        0.000
