File: C:\MED-PC IV\Data\ALFE\AU019.999


Start Date: 02/15/24
End Date: 02/15/24
Subject: 19
Experiment: AU
Group: LINEAR
Box: 5
Start Time: 13:46:00
End Time: 14:36:00
MSN: DRRD_500ms
C:       0.000
F:       0.000
G:       0.000
H:       0.000
I:       0.000
J:       0.000
K:      80.000
L:       0.000
M:       0.000
N:       0.000
O:       0.000
P:       0.000
Q:       0.000
R:       0.000
S:       0.000
U:  339892.000
V:       0.000
X:       0.000
Y:    1366.000
Z:       0.000
A:
     0:    15000.011    19630.005    20035.009    22103.001    22347.003
     5:    22883.005    23107.009    25385.005    25403.009    25410.005
    10:    25444.009    25931.001    26797.005    26916.003    27323.009
    15:    27783.005    28129.009    41730.005    41750.009    44589.005
    20:    45140.009    45808.001    46469.005    47158.009    48085.005
    25:    48109.003    49619.009    50517.001    51823.005    51992.009
    30:    53021.005    53043.003    53524.009    53833.001    54186.003
    35:    60615.005    60825.009    64841.001    64887.003    66610.001
    40:    66727.003    68077.005    69208.009    75738.005    75809.009
    45:    75908.005    76328.009    76603.005    76870.009    76950.005
    50:    76972.009    77977.005    78367.009    78393.005    78412.009
    55:    79228.001    80072.005    80090.009    80906.005    81593.009
    60:    82552.003    82562.005    83423.009    87868.001    90804.003
    65:    91262.005    91878.009    91905.005    93550.009    93580.005
    70:    93745.009    93782.005    93799.009    93819.005    93836.009
    75:    93850.005    94260.009    94373.005    94544.009    95020.001
    80:    97211.003    97888.001    98346.005    98464.003    98736.009
    85:   103639.005   103859.009   104337.005   104366.009   105798.001
    90:   108393.003   108405.005   108794.009   109345.005   109546.009
    95:   110658.001   110882.003   111089.001   111227.003   111596.001
   100:   113682.003   113796.005   114083.009   115915.005   116084.009
   105:   123524.005   124314.009   124379.005   125214.009   137285.005
   110:   137356.009   137420.005   137567.009   140154.001   140620.005
   115:   141018.009   142191.005   142218.003   143302.009   143417.005
   120:   143433.009   156593.005   156833.009   157718.001   159234.005
   125:   159345.009   160416.003   160526.005   161141.009   167130.001
   130:   171130.018   171928.005   171947.003   171953.016   172003.026
   135:   173257.009   173349.005   173560.009   173651.005   173691.009
   140:   173904.005   175447.009   175611.005   175676.009   175829.005
   145:   175858.009   175866.005   176375.009   176878.005   176885.009
   150:   176989.005   177295.009   177405.005   177633.009   177683.005
   155:   177691.009   178530.005   178864.009   179548.001   182184.003
   160:   183676.005   183988.009   184134.005   184247.009   184268.005
   165:   184296.009   184394.005   184521.009   186487.001   190421.003
   170:   190489.001   190784.003   190906.001   191041.003   191224.001
   175:   191306.003   191716.001   192608.003   193119.005   193814.009
   180:   194559.001   195284.003   195648.001   195717.003   195803.001
   185:   196012.003   196168.001   196541.003   197199.001   198482.003
   190:   198510.005   198825.009   200700.005   201859.009   202175.005
   195:   203483.009   211908.005   211946.009   211993.005   212067.009
   200:   212617.001   213367.003   214424.001   217068.003   217068.005
   205:   218013.009   218029.005   218042.009   223276.005   223303.009
   210:   223309.005   223358.009   223394.005   223399.009   223407.005
   215:   223495.009   225874.001   229305.003   229306.005   229869.009
   220:   229917.001   230643.003   231057.005   231650.009   231688.005
   225:   231706.009   231735.005   232230.009   232245.005   232289.009
   230:   238393.001   239210.005   239276.009   241265.003   241266.005
   235:   242089.009   242596.005   242668.009   256176.001   257421.003
   240:   258547.005   259092.009   260465.005   261242.009   263266.005
   245:   263907.009   264175.005   264668.009   269902.005   271512.009
   250:   271543.005   272422.009   272527.005   272929.009   274390.001
   255:   278213.003   278266.005   278681.009   284304.005   284549.009
   260:   286477.005   287234.009   287499.005   288126.009   288149.005
   265:   288440.009   288462.005   288668.009   288786.005   289292.009
   270:   289333.005   292148.009   292161.005   295572.009   295596.005
   275:   296395.009   296436.005   296673.009   296779.005   296789.009
   280:   298064.005   298070.009   298104.005   298114.009   298154.005
   285:   298156.009   298162.005   298172.009   298241.005   298244.009
   290:   301821.005   301922.009   302078.005   302133.009   366051.005
   295:   366392.009   366409.005   367173.009   367184.005   367581.009
   300:   367602.005   367775.009   368374.005   371683.009   371969.005
   305:   372016.009   383319.005   383331.009   383503.005   383509.009
   310:   384377.005   384402.009   384480.005   384526.009   384603.005
   315:   384616.009   385032.005   385171.009   386033.001   388879.005
   320:   388892.009   390033.018   390416.005   390438.003   390444.016
   325:   390494.026   393665.009   393672.005   394376.009   394446.005
   330:   394463.009   395026.005   395112.009   395132.005   395203.009
   335:   395415.005   395421.009   395457.005   395753.009   395794.005
   340:   395807.009   395829.005   395840.009   395864.005   397238.009
   345:   397782.005   397805.009   398000.005   398094.009   400258.005
   350:   401579.009   401747.005   401836.009   402793.005   402802.009
   355:   402920.005   403025.009   404655.001   405690.003   405710.001
   360:   407828.003   408150.001   408341.003   408912.005   409364.009
   365:   409378.005   410017.009   413733.001   414208.003   414270.001
   370:   415477.003   420987.005   421003.009   421017.005   421060.009
   375:   422125.005   422162.009   423871.001   424493.003   425645.001
   380:   427924.003   428163.005   429275.009   429944.001   433147.003
   385:   433200.001   434721.003   435564.005   435852.009   435908.005
   390:   435915.009   436217.005   436812.009   436838.005   436997.009
   395:   441032.001   443831.003   444619.005   445336.009   445746.005
   400:   446173.009   451178.001   453132.005   454050.003   454623.009
   405:   456557.001   460557.018   460695.003   460701.016   460751.026
   410:   460841.005   461896.009   462007.005   463239.009   463321.005
   415:   463372.009   463382.005   463390.009   463393.005   468014.009
   420:   468190.005   469451.009   469459.005   469515.009   469553.005
   425:   469948.009   470800.005   471060.009   474538.001   478538.018
   430:   478594.003   478600.016   478650.026   478721.005   479524.009
   435:   479552.005   479573.009   480558.005   480564.009   481208.005
   440:   481848.009   486242.005   486426.009   487115.001   489965.005
   445:   490486.003   490936.009   491751.005   492159.009   501587.005
   450:   502060.009   502153.005   503619.009   503631.005   503641.009
   455:   503649.005   503875.009   504288.005   507189.009   508237.001
   460:   509073.005   509099.009   510796.005   511029.003   511666.009
   465:   512462.005   512485.009   513474.001   515401.003   516123.005
   470:   516218.009   516230.005   516260.009   516285.005   516617.009
   475:   516630.005   516639.009   516748.005   517816.009   517856.005
   480:   517860.009   517864.005   518132.009   518453.005   518680.009
   485:   519808.001   522524.003   522854.005   523037.009   529020.005
   490:   529557.009   532318.001   532453.003   532478.001   534269.003
   495:   535970.005   536272.009   536289.005   536359.009   537626.005
   500:   538182.009   539457.005   540196.009   540647.005   541069.009
   505:   541115.005   541132.009   544473.005   544981.009   545076.005
   510:   546153.009   546187.005   546433.009   546680.005   546820.009
   515:   546871.005   547040.009   548444.001   551110.003   551116.005
   520:   551727.009   552207.005   552259.009   552271.005   552288.009
   525:   552343.005   552430.009   552501.005   552523.009   553705.001
   530:   556866.003   557771.005   558129.009   561011.001   564055.003
   535:   565247.005   565545.009   565646.005   565818.009   566760.001
   540:   570342.003   571016.005   571781.009   572752.005   573533.009
   545:   576626.005   577496.009   577513.005   577560.009   577640.005
   550:   578173.009   578221.005   578260.009   579589.002   580188.004
   555:   580462.005   580552.009   581207.001   581890.003   581992.001
   560:   584675.003   584685.005   586015.009   587561.005   588345.009
   565:   588621.005   589821.009   593483.005   593845.009   593947.005
   570:   594118.009   594506.005   594715.009   596526.001   600341.005
   575:   600354.003   600729.009   602356.001   602855.005   603519.009
   580:   603555.003   603748.001   604201.003   604209.005   604469.009
   585:   607008.005   607021.009   612429.005   612463.009   613444.001
   590:   615508.005   615700.009   616976.005   617363.003   617648.009
   595:   617866.001   618001.005   618318.009   620217.005   620865.009
   600:   621233.005   621264.003   621716.009   621729.005   621937.009
   605:   622016.005   622040.009   624315.001   627960.003   627964.005
   610:   628386.009   628405.005   628528.009   628569.001   628581.005
   615:   628752.003   628978.009   646186.005   646205.009   646223.005
   620:   646274.009   647782.001   648277.003   649184.005   649202.009
   625:   649213.005   649273.009   649331.005   649385.009   650852.005
   630:   651374.009   652551.005   652719.009   654221.001   655347.005
   635:   655666.009   655834.003   656144.005   656227.009   679150.005
   640:   679158.009   679169.005   679277.009   679400.005   679511.009
   645:   681477.001   683756.005   684266.003   684864.009   688827.005
   650:   688844.009   688846.005   689152.009   689171.005   689342.009
   655:   690370.001   694340.005   694370.018   694387.003   694393.016
   660:   694443.026   695587.009   695643.005   695747.009   696051.005
   665:   696079.009   696106.005   696203.009   702507.002   702971.004
   670:   703639.001   704915.005   705227.009   705714.003   706414.005
   675:   706427.001   706872.009   707166.005   707311.003   707339.009
   680:   707348.005   707639.009   707662.005   708749.009   710174.001
   685:   713224.003   717350.001   721287.005   721350.018   721814.003
   690:   721820.016   721870.026   724395.009   724447.005   725542.009
   695:   725562.005   725574.009   725627.005   725970.009   726025.005
   700:   726368.009   727179.005   728023.009   729375.005   730060.009
   705:   732265.001   735996.003   736024.005   736855.009   739515.001
   710:   742732.003   743443.005   744054.009   744397.005   744503.009
   715:   746073.005   746110.009   748192.005   748641.009   753072.001
   720:   756859.005   756903.003   757511.009   758852.001   761790.003
   725:   762224.005   763164.009   764256.001   766794.003   768601.005
   730:   769210.009   769297.005   769329.009   769371.005   769402.009
   735:   773333.001   774780.003   776040.001   776248.003   776552.005
   740:   777100.009   777331.005   778063.009   782266.001   783629.005
   745:   784854.009   785396.005   785747.003   786367.009   786603.001
   750:   786658.005   786688.003   787457.009   789198.001   791791.003
   755:   791827.005   792199.009   794538.005   794646.009   794678.005
   760:   794707.009   796236.001   798913.003   798927.005   799578.009
   765:   803359.002   805787.004   809075.005   809486.009   809833.005
   770:   809855.009   810869.001   813905.005   813925.003   814548.009
   775:   814759.001   815358.003   815764.005   815843.009   815888.005
   780:   815909.009   815932.005   816242.009   817386.001   821277.003
   785:   821278.005   821921.009   822376.001   822577.003   827636.001
   790:   831315.005   831331.003   833186.009   834105.001   834378.005
   795:   834836.009   835286.005   835840.003   835872.009   835932.005
   800:   836055.009   837711.001   840376.003   841482.005   841805.009
   805:   843980.002   844565.004   846252.001   847435.005   847531.009
   810:   847556.005   847851.009   848830.003   850084.005   850361.009
   815:   850466.005   850829.009   850894.005   850909.009   859554.005
   820:   859639.009   861056.001   863053.005   863849.009   865056.018
   825:   865105.005   865117.003   865123.016   865173.026   866749.009
   830:   866776.005   866808.009   866850.005   866858.009   868397.005
   835:   868398.009   869232.005   869426.009   869621.005   869985.009
   840:   871749.001   873129.005   873156.009   873987.003   874215.005
   845:   874551.009   874583.005   874723.009   874735.005   874865.009
   850:   874881.005   874907.009   874985.005   874988.009   875096.005
   855:   875120.009   875183.005   875655.009   875708.005   875820.009
   860:   879113.005   879116.009   879214.005   879455.009   881118.005
   865:   882231.009   882262.005   882303.009   883298.005   884217.009
   870:   884383.005   884720.009   885524.005   886345.009   886420.005
   875:   886462.009   887176.001   888800.005   889218.009   890296.003
   880:   890296.005   890819.009   891006.005   891532.009   898530.001
   885:   899502.005   899896.009   901391.005   902088.009   902357.005
   890:   902372.003   903470.009   903566.001   903885.003   909848.001
   895:   913671.005   913689.003   914637.009   915394.005   916321.009
   900:   916612.005   917279.009   917416.001   917834.005   917854.003
   905:   918645.009   923837.001   925953.005   925961.003   926575.009
   910:   926994.001   927377.005   927834.003   928286.009   928318.005
   915:   928462.009   928518.005   928550.009   931024.005   931030.009
   920:   931056.005   931477.009   932122.005   932235.009   932645.005
   925:   932658.009   932674.005   932778.009   932873.005   932905.009
   930:   932908.005   932974.009   933336.005   934099.009   934173.005
   935:   934212.009   936174.001   938489.003   939961.005   940492.009
   940:   940894.005   941258.009   943713.005   943744.009   944031.005
   945:   944177.009   944192.005   944840.009   947886.005   948486.009
   950:   948497.005   948524.009   949702.001   953419.003   953468.005
   955:   954068.009   962198.001   965701.005   966198.018   967367.009
   960:   967573.005   967634.003   967640.016   967690.026   969146.009
   965:   975218.005   975245.009   975273.005   975290.009   976311.001
   970:   980311.018   980823.005   981033.003   981039.016   981089.026
   975:   982055.009   982081.005   982130.009   982686.005   982865.009
   980:   983241.005   983258.009  1023914.005  1024473.009  1024484.005
   985:  1024545.009  1024718.005  1024774.009  1024832.005  1024884.009
   990:  1027414.001  1027829.005  1027837.009  1029343.005  1030251.003
   995:  1030461.009  1030762.001  1030807.005  1030841.003  1031138.009
  1000:  1036008.005  1036320.009  1036391.005  1036448.009  1036473.005
  1005:  1036491.009  1037926.001  1038560.005  1038854.009  1040227.003
  1010:  1040233.005  1041080.009  1041493.005  1041833.009  1041847.005
  1015:  1042282.009  1043363.001  1046344.005  1046732.003  1047136.009
  1020:  1047169.005  1047216.009  1051948.005  1051955.009  1051991.005
  1025:  1052298.009  1054535.001  1056421.003  1056431.005  1056933.009
  1030:  1064602.005  1064698.009  1064840.005  1064855.009  1064995.005
  1035:  1065011.009  1065711.005  1065933.009  1065993.005  1066009.009
  1040:  1066021.005  1066178.009  1066289.005  1066491.009  1068217.001
  1045:  1071063.003  1072764.005  1074260.009  1074756.005  1076159.009
  1050:  1076494.005  1076725.009  1076794.005  1076847.009  1087362.001
  1055:  1089012.005  1089379.009  1090306.003  1090314.005  1091001.009
  1060:  1093001.005  1093006.009  1093017.005  1093162.009  1093195.005
  1065:  1093606.009  1094819.001  1097752.003  1098347.005  1098873.009
  1070:  1100199.005  1100269.009  1101079.005  1101162.009  1103623.001
  1075:  1106375.003  1109197.005  1110053.009  1110081.005  1110083.009
  1080:  1110862.001  1114862.018  1114911.003  1114917.016  1114967.026
  1085:  1115068.005  1116050.009  1122836.005  1122853.009  1122925.005
  1090:  1123296.009  1124289.001  1125979.005  1125989.009  1127707.005
  1095:  1128014.003  1128891.009  1147691.005  1147700.009  1147715.005
  1100:  1147905.009  1147964.005  1148022.009  1149842.001  1150620.005
  1105:  1150649.009  1151362.003  1152261.005  1152728.009  1152737.005
  1110:  1153475.009  1153479.005  1153483.009  1154774.001  1156231.005
  1115:  1156502.009  1158049.005  1158071.003  1158639.009  1159759.001
  1120:  1159818.005  1160007.003  1160059.009  1161033.001  1164094.003
  1125:  1164097.005  1165350.009  1172190.001  1175447.005  1175466.003
  1130:  1175698.001  1176068.003  1176147.009  1177482.005  1177541.009
  1135:  1177617.005  1177638.009  1177726.005  1178056.009  1178444.005
  1140:  1178464.009  1181529.001  1184386.005  1184391.003  1185063.009
  1145:  1185691.005  1185726.009  1189083.001  1192377.003  1193004.005
  1150:  1194613.009  1195929.005  1196681.009  1204075.005  1204139.009
  1155:  1204316.005  1204361.009  1206155.001  1209351.003  1209354.005
  1160:  1210308.009  1210522.001  1211471.005  1211502.003  1211771.009
  1165:  1216377.005  1216466.009  1216585.005  1216591.009  1216608.005
  1170:  1216727.009  1217060.005  1217277.009  1218363.001  1220341.005
  1175:  1220509.003  1220879.009  1222703.005  1222926.009  1222943.005
  1180:  1223854.009  1224259.005  1224261.009  1225149.001  1228673.005
  1185:  1228696.003  1230107.009  1230393.005  1231134.009  1231652.001
  1190:  1232107.003  1232144.005  1232591.009  1232626.005  1232881.009
  1195:  1232935.005  1233097.009  1233304.005  1233513.009  1248507.005
  1200:  1248532.009  1248928.005  1248963.009  1250925.001  1251991.003
  1205:  1262982.001  1264320.005  1264380.009  1264478.003  1264751.005
  1210:  1264783.009  1265195.005  1265980.009  1267349.005  1268352.009
  1215:  1270257.001  1273308.005  1273325.003  1274471.009  1275125.001
  1220:  1275557.003  1275620.005  1275898.009  1285074.005  1285098.009
  1225:  1286620.001  1288045.005  1288108.009  1288146.005  1288260.009
  1230:  1289474.005  1289729.003  1290660.009  1291573.001  1291865.005
  1235:  1292441.003  1292817.009  1295323.001  1297449.005  1298130.003
  1240:  1299119.009  1299660.001  1299726.005  1299973.003  1300400.009
  1245:  1300428.005  1300442.009  1322092.001  1324636.003  1324698.001
  1250:  1324816.003  1324939.005  1325039.009  1325080.001  1326831.003
  1255:  1326851.005  1327597.009  1341080.001  1342256.005  1343538.009
  1260:  1344560.005  1344575.003  1345155.009  1345430.001  1345518.005
  1265:  1345781.009  1346694.005  1346732.003  1347120.009  1349042.001
  1270:  1352838.005  1353042.018  1353152.003  1353158.016  1353208.026
  1275:  1354752.009  1354771.005  1354779.009  1355179.005  1355568.009
  1280:  1388267.001  1388868.005  1389538.009  1389820.005  1390475.009
  1285:  1391826.003  1399689.005  1399718.009  1400854.005  1400919.009
  1290:  1400940.005  1401022.009  1401238.005  1401356.009  1402310.001
  1295:  1406072.005  1406246.003  1407067.009  1412871.001  1413880.005
  1300:  1413887.009  1413897.005  1414164.009  1415605.005  1416382.009
  1305:  1416726.005  1416871.018  1417173.009  1419474.005  1419509.003
  1310:  1419515.016  1419565.026  1420794.009  1420838.005  1421006.009
  1315:  1421017.005  1421066.009  1422582.005  1423571.009  1423660.005
  1320:  1423719.009  1436776.002  1436935.004  1438218.005  1438323.009
  1325:  1438371.005  1438487.009  1438843.005  1438909.009  1438999.005
  1330:  1439053.009  1440902.001  1441443.005  1442043.009  1442543.005
  1335:  1443565.009  1443953.005  1444636.009  1444902.018  1445782.003
  1340:  1445788.016  1445838.026  1445928.005  1446635.009  1446658.005
  1345:  1447065.009  1447072.005  1447088.009  1491217.005  1491489.009
  1350:  1492195.001  1492664.005  1493050.009  1493547.005  1494488.009
  1355:  1495497.005  1495824.009  1496195.018  1496767.003  1496773.016
  1360:  1496823.026  1496825.017  1496842.005  1497382.009  1498419.005
  1365:  1498593.009
B:
     0:        0.000      152.000        5.000      152.000        5.000
     5:      504.000        0.000        0.000        0.000      504.000
    10:        0.000        1.000        0.000        0.000        0.000
    15:        0.000       14.000        1.000       14.000        0.000
    20:        0.000        0.000        0.000        0.000        0.000
    25:        0.000       14.000        0.000        0.000        0.000
    30:        0.000
D:
     0:  1836658.000  1832087.000  1836659.000
E:
     0:     4000.000     4250.000
T:
     0:        0.000        0.000        0.000        0.000
W:
     0:        0.000        0.000        0.000
