File: C:\MED-PC IV\Data\ALFE\AU019.999


Start Date: 02/01/24
End Date: 02/01/24
Subject: 19
Experiment: AU
Group: LINEAR
Box: 5
Start Time: 13:13:47
End Time: 14:03:47
MSN: DRRD_500ms
C:       0.000
F:       0.000
G:       0.000
H:       0.000
I:       0.000
J:       0.000
K:      45.000
L:       0.000
M:       0.000
N:       0.000
O:       0.000
P:       0.000
Q:       0.000
R:       0.000
S:       0.000
U:  182304.000
V:       0.000
X:       0.000
Y:    3091.000
Z:       0.000
A:
     0:     7080.005     7094.009     7109.005     7376.009    15000.011
     5:    16231.001    16239.003    16490.005    16715.009    16757.005
    10:    16850.009    16971.005    17240.009    17498.005    18110.009
    15:    18917.005    19244.009    19665.001    19723.003    19811.001
    20:    21083.003    21396.005    21903.009    22063.005    22275.009
    25:    22381.005    22460.009    24814.001    25584.003    26058.005
    30:    26112.009    26144.005    26225.009    26293.005    26410.009
    35:    26497.005    26791.009    27996.001    28066.003    28107.001
    40:    28134.003    28169.001    28373.003    28463.001    28560.003
    45:    28736.001    28807.003    28881.001    29079.003    29115.001
    50:    29190.003    29536.001    29603.003    29641.001    29777.003
    55:    30003.001    30359.003    30676.005    30875.009    31040.005
    60:    31261.009    31485.005    31715.009    34291.005    34486.009
    65:    43974.005    44180.009    46606.001    46715.003    47275.001
    70:    47949.003    48279.005    48446.009    48473.005    49223.009
    75:    50932.001    51751.003    51982.005    52278.009    52357.005
    80:    52464.009    52660.005    52679.009    52810.005    53509.009
    85:    53692.005    53703.009    53712.005    53850.009    54537.001
    90:    55163.003    55745.005    55826.009    55992.001    56023.003
    95:    56024.005    56187.009    56593.005    56973.009    57083.005
   100:    57378.009    57456.005    57629.009    57961.005    58354.009
   105:    58899.001    59914.003    60277.005    60324.009    60401.005
   110:    60911.009    60961.005    61131.009    61453.005    61533.009
   115:    63530.001    63799.005    63822.009    63914.003    63916.005
   120:    64109.009    64210.005    64317.009    64757.005    64971.009
   125:    66635.001    68765.003    68824.001    69303.003    69313.005
   130:    69457.009    69797.005    70056.009    70120.005    70171.009
   135:    72692.001    72743.003    73219.001    74100.003    74385.005
   140:    74470.009    76110.005    76513.009    77139.001    77240.003
   145:    77491.001    78420.003    78536.001    79208.003    79613.005
   150:    79805.009    79863.005    79909.009    80155.005    80470.009
   155:    86099.001    86181.003    90390.001    91633.003    91691.001
   160:    91993.003    92010.005    92037.001    92289.003    92673.009
   165:    92981.001    93291.003    93377.001    93876.003    93890.001
   170:    95451.005    95636.009    95650.003    95716.005    95818.009
   175:    95917.005    96131.009    96627.001    97307.003    97311.001
   180:    97460.003    97533.001    97697.003    97953.005    98011.009
   185:    98167.005    98634.009   104344.005   104570.009   106218.001
   190:   106415.005   106519.009   106775.005   106781.003   106900.009
   195:   108154.005   108664.009   120445.005   120459.009   121136.005
   200:   121546.009   121826.005   122339.009   122445.005   122604.009
   205:   123012.005   123028.009   123795.005   124236.009   124378.005
   210:   124727.009   125354.001   126128.005   126386.003   126538.009
   215:   126728.005   126871.009   127640.005   127805.009   128708.005
   220:   129318.009   130243.001   130478.005   130525.009   130582.003
   225:   130752.005   131010.009   132680.005   133012.009   134888.001
   230:   135758.003   136932.001   136989.003   137148.001   137224.003
   235:   137257.001   139507.018   140249.003   140255.016   140259.005
   240:   140305.026   141355.009   141372.005   142004.009   142054.005
   245:   142066.009   142083.005   142269.009   142289.005   142322.009
   250:   144079.005   144214.009   144514.005   144527.009   144558.005
   255:   144612.009   145290.005   145743.009   146307.001   146591.005
   260:   146683.003   146927.009   147084.005   147220.009   147544.005
   265:   147862.009   149790.001   150125.005   150240.009   150378.005
   270:   150438.003   150842.009   151060.005   151381.009   151398.005
   275:   151497.009   154019.005   154110.009   154176.005   154260.009
   280:   154441.005   154851.009   155075.005   155758.009   157796.005
   285:   157866.009   157979.001   158015.005   158040.003   158201.009
   290:   159086.005   159306.009   159690.001   160706.003   161498.001
   295:   163580.005   163748.018   163847.003   163853.016   163903.026
   300:   164603.009   164901.005   165341.009   165375.005   165816.009
   305:   165873.005   165889.009   166105.005   166131.009   166137.005
   310:   166194.009   166575.005   166612.009   166635.005   166652.009
   315:   166653.005   167221.009   167272.005   167633.009   168131.005
   320:   168235.009   168324.005   169062.009   169115.005   169356.009
   325:   169531.005   169582.009   169625.005   169635.009   169644.005
   330:   169697.009   170949.005   171036.009   171232.005   171330.009
   335:   177141.005   177290.009   178251.001   178356.003   178408.001
   340:   178595.003   180150.001   180368.003   186217.001   186742.003
   345:   187058.005   188445.009   188651.005   188875.009   190539.001
   350:   190711.003   190893.005   190897.009   190899.005   191006.009
   355:   191125.005   191286.009   191512.005   191687.009   191721.005
   360:   191789.009   192250.005   192696.009   194237.001   194276.003
   365:   194407.001   194927.005   195206.009   195341.005   195444.009
   370:   196481.005   196533.003   197015.009   197407.005   197703.009
   375:   198154.005   198298.009   198312.005   198621.009   198957.005
   380:   199172.009   199645.001   200118.005   200170.009   200607.005
   385:   200620.003   200967.009   202450.001   202838.003   202898.001
   390:   203445.005   203481.009   203583.005   203897.009   204092.005
   395:   204108.003   204382.009   204601.005   204749.009   210584.005
   400:   210968.009   212317.001   212594.005   212609.009   212882.005
   405:   213177.009   213223.005   213348.009   213628.005   213982.009
   410:   214567.018   215123.003   215129.016   215179.026   215331.005
   415:   216011.009   217584.005   217679.009   217737.005   217755.009
   420:   218527.005   218637.009   218918.005   219377.009   219664.001
   425:   219961.003   220562.005   221191.009   229351.005   229487.009
   430:   229791.005   229808.009   229843.005   229856.009   230280.001
   435:   230578.005   230849.009   231026.005   231184.009   232190.005
   440:   232527.009   232530.018   233057.003   233057.005   233063.016
   445:   233113.026   235630.009   235644.005   235657.009   235681.005
   450:   235786.009   239505.005   239645.009   240105.001   240496.005
   455:   240689.009   240878.005   241040.009   241082.005   241232.009
   460:   241826.005   242095.003   242360.009   242800.001   243350.005
   465:   243553.009   244320.003   244605.005   245363.009   249667.001
   470:   250146.005   250551.009   250593.003   250977.005   250982.001
   475:   251296.009   252540.003   252859.005   253094.009   254132.005
   480:   254515.009   254902.001   255093.003   255224.001   255419.005
   485:   255774.009   257033.005   257220.003   257665.009   258758.001
   490:   259474.003   259525.001   260446.005   260576.003   260767.009
   495:   260893.005   261016.009   261360.005   262320.009   262743.001
   500:   262910.003   263600.001   264348.003   264706.005   265637.009
   505:   265986.001   266034.003   266095.001   267072.003   267748.005
   510:   267974.009   267984.005   268085.009   268539.005   268666.009
   515:   269350.005   270191.009   271717.001   272909.003   272938.005
   520:   273573.009   274395.001   274543.003   274610.001   274945.003
   525:   275072.001   275862.003   276558.005   276727.009   277038.005
   530:   277445.009   279185.001   280411.003   280428.005   280560.009
   535:   281181.005   281224.009   281846.002   281932.004   282716.001
   540:   283018.003   283079.001   284169.003   284188.005   284395.009
   545:   284567.005   285002.009   285030.005   285153.009   287591.002
   550:   287844.004   288788.001   289171.005   289926.009   291038.018
   555:   291281.005   291588.009   292109.005   292127.003   292133.016
   560:   292183.026   292967.009   294267.005   294502.009   296010.005
   565:   296383.009   296801.001   297429.003   297534.001   297747.005
   570:   297821.009   297854.005   297901.003   298141.009   298359.005
   575:   298483.009   298990.001   299076.005   299104.003   299510.009
   580:   300367.005   300632.009   303022.001   304255.003   304504.005
   585:   304679.009   304794.005   304884.009   305206.005   305848.009
   590:   306139.001   306252.003   311000.001   312237.003   312411.001
   595:   312742.003   312824.001   313044.003   313066.005   313356.001
   600:   313508.003   313835.009   314135.005   314255.009   314261.005
   605:   314549.009   315369.001   315643.003   315680.001   316806.003
   610:   317358.005   317895.009   318274.005   318634.009   318825.005
   615:   318848.009   319104.005   319814.009   322152.001   322938.003
   620:   322992.001   324104.005   324204.009   324330.005   324455.009
   625:   324674.003   324708.005   325690.009   326269.001   327198.003
   630:   327262.001   328124.003   328484.005   328601.009   328860.005
   635:   329173.009   329365.005   329514.009   332281.005   332370.009
   640:   332956.005   333306.009   333611.005   333841.009   334603.005
   645:   334909.009   336021.005   336500.009   337201.001   337967.005
   650:   338123.009   338187.005   338371.009   338427.003   338827.005
   655:   339109.009   340326.001   340588.005   340623.003   340914.009
   660:   340970.005   341135.009   343104.005   343459.009   345456.001
   665:   345496.003   345768.005   345937.009   345968.001   345981.005
   670:   346116.009   346546.005   346561.003   346836.009   347270.001
   675:   347908.003   348695.005   348988.009   352605.005   352621.009
   680:   352634.005   352668.009   353036.005   353202.009   354450.005
   685:   354580.009   354632.005   354722.009   354935.001   354985.005
   690:   355178.003   355623.009   356115.001   356138.005   356156.003
   695:   356394.009   356498.005   356678.009   356930.001   357347.005
   700:   357638.009   358227.005   358244.003   358420.009   358476.005
   705:   358552.009   359526.005   360715.009   360738.005   360776.009
   710:   361481.005   361805.009   362563.001   362628.003   363502.005
   715:   363915.009   365722.001   366303.005   366451.009   367170.005
   720:   367401.009   367972.018   367996.005   368022.003   368028.016
   725:   368078.026   368937.009   368957.005   369869.009   370160.005
   730:   370255.009   370557.005   370871.009   370925.005   370939.009
   735:   370993.005   371029.009   371038.005   371123.009   371199.005
   740:   371251.009   371286.005   371328.009   371352.005   371385.009
   745:   373621.005   373805.009   373841.005   373983.009   374171.005
   750:   374440.009   375852.001   376170.005   376544.009   376764.005
   755:   376923.009   377766.005   377959.003   378542.009   378841.001
   760:   379173.005   379204.003   379388.009   380172.005   380549.009
   765:   380563.005   380574.009   381289.001   381760.005   381850.009
   770:   382072.005   382266.003   382413.009   382604.001   383169.005
   775:   383314.003   383465.009   383528.001   383659.003   387724.005
   780:   387858.009   387902.005   387922.009   388060.005   388078.009
   785:   388638.001   388916.005   389247.009   389545.005   389876.009
   790:   390403.005   390703.009   390888.018   391103.005   391477.009
   795:   391502.003   391508.016   391558.026   391695.005   392577.009
   800:   393461.005   393669.009   394150.005   394995.009   395083.005
   805:   395108.009   395140.005   395163.009   395191.005   395231.009
   810:   395720.005   395780.009   395796.005   395846.009   395909.005
   815:   396091.009   396712.001   396849.005   397130.009   397389.005
   820:   397658.009   398127.003   398607.005   399228.009   399603.005
   825:   399713.009   400320.005   400533.009   400977.005   401007.009
   830:   404368.001   405775.003   405861.005   406226.009   406603.001
   835:   406679.003   406755.001   407455.003   407520.001   408650.003
   840:   408700.001   408755.003   409555.005   410026.009   410066.005
   845:   410229.009   410921.001   411503.003   411596.001   411662.003
   850:   411718.001   411912.003   412039.001   413818.003   414012.005
   855:   414204.009   414576.005   414845.009   414883.005   414938.009
   860:   415272.001   415297.003   415411.001   417297.003   417379.005
   865:   417716.009   417934.005   418060.009   420274.005   420299.009
   870:   420303.005   420338.009   421072.005   421082.001   421222.009
   875:   421265.003   421465.005   421721.009   422043.001   422090.005
   880:   422102.003   422365.009   422980.005   423252.009   423928.005
   885:   424288.009   424338.005   424432.009   424909.005   425315.009
   890:   425336.005   425339.009   425955.001   426050.003   426119.001
   895:   426571.005   426743.003   427750.009   427935.005   428516.009
   900:   429068.005   429246.009   431127.001   431942.005   432194.009
   905:   432522.005   432524.003   432899.009   433048.001   433373.005
   910:   433395.003   433565.009   433580.005   433646.009   434256.005
   915:   434817.009   436626.005   436730.009   440716.005   440802.009
   920:   440881.005   441063.009   442130.005   442646.009   443424.005
   925:   443742.009   446120.001   446500.005   446583.009   446640.005
   930:   446776.009   446988.005   447309.009   448071.005   448261.003
   935:   448585.009   450451.001   450470.003   451027.001   451474.005
   940:   451570.009   451741.005   451877.009   452626.005   452651.003
   945:   453060.009   455158.001   456586.005   456597.009   456790.005
   950:   456804.003   457151.009   458087.001   458356.003   458488.001
   955:   458939.003   458998.001   460120.003   460155.005   460571.009
   960:   460682.005   460817.009   461562.002   461867.004   463712.005
   965:   464137.009   464150.005   464221.009   464808.001   465258.005
   970:   465274.009   465470.005   465507.009   465999.005   466014.003
   975:   466375.009   466591.001   467041.005   467045.003   467302.009
   980:   467588.001   467707.003   468178.005   468279.009   472560.005
   985:   472632.009   472845.005   473091.009   474139.005   474653.009
   990:   475147.001   475770.005   475787.009   475791.005   476050.009
   995:   476113.005   476235.009   476512.005   476943.009   477397.018
  1000:   477663.005   478128.009   478763.005   479002.009   479803.005
  1005:   479990.009   480574.005   480590.003   480596.016   480646.026
  1010:   481940.009   482662.005   483187.009   483190.005   483193.009
  1015:   483975.001   484066.003   484278.001   484301.005   484531.009
  1020:   484564.003   485467.005   485826.009   486870.005   486918.009
  1025:   486944.005   487060.009   488273.001   488413.003   488661.001
  1030:   489435.003   489519.001   489981.003   490289.005   490364.009
  1035:   490448.005   490470.009   490723.005   491095.009   492040.001
  1040:   492473.003   495476.001   497454.005   497653.009   497726.018
  1045:   497754.005   497759.003   497765.016   497815.026   498977.009
  1050:   499078.005   500526.009   500628.005   500644.009   500667.005
  1055:   500823.009   500923.005   501049.009   501116.005   501122.009
  1060:   503297.001   503622.005   503673.009   503715.005   503804.009
  1065:   503883.005   504113.009   504352.005   504641.009   504971.005
  1070:   504984.003   505351.009   505882.005   506072.009   506781.005
  1075:   507123.009   507154.005   507254.009   508108.005   508608.009
  1080:   513548.001   514073.005   514122.003   514437.009   514683.001
  1085:   514817.003   515801.005   515817.009   515830.005   515932.009
  1090:   524092.005   524419.009   525280.001   525829.003   526327.001
  1095:   527467.003   527496.005   527697.009   527798.005   528200.009
  1100:   528489.005   528620.009   529105.001   530988.003   531923.005
  1105:   532318.009   532409.005   532534.009   534679.001   534891.003
  1110:   534949.001   535688.003   535696.005   536301.009   537175.001
  1115:   539282.003   540029.005   540298.009   540479.005   541030.009
  1120:   541863.005   541961.009   544290.005   544550.009   544566.005
  1125:   544704.009   545015.005   545347.009   546031.005   546646.009
  1130:   547154.005   547523.009   548347.005   548845.009   549515.005
  1135:   549873.009   549880.005   549881.009   550573.001   551163.005
  1140:   551297.009   551336.003   551348.005   551478.009   552012.001
  1145:   552079.005   552094.003   552369.009   552829.005   553195.009
  1150:   554402.005   554614.009   557717.001   558024.003   558175.001
  1155:   558436.005   558481.003   558594.009   558956.005   559239.009
  1160:   560089.005   560587.009   560612.005   561000.009   561055.005
  1165:   561279.009   566441.005   566451.009   566465.005   566646.009
  1170:   567757.005   568048.009   568205.001   568840.005   569018.003
  1175:   569456.009   570146.005   570435.009   571057.005   571503.009
  1180:   572399.005   572672.009   576026.001   576706.005   576735.003
  1185:   577054.009   577449.001   578700.005   578709.009   578789.005
  1190:   578848.003   579011.009   579063.005   579150.009   579384.005
  1195:   579935.009   582210.005   582304.009   582581.005   582947.009
  1200:   583452.005   584374.009   584630.005   584634.009   584933.001
  1205:   585956.005   586428.009   587121.005   587183.018   587451.009
  1210:   588044.005   588423.009   588765.003   588771.016   588821.026
  1215:   588977.005   589708.009   590306.005   590419.009   591750.005
  1220:   592102.009   593708.001   594854.005   595112.009   595138.005
  1225:   595215.009   595683.005   595707.003   596066.009   596219.001
  1230:   596523.003   596925.005   597027.009   597981.005   598359.009
  1235:   599309.001   599367.003   601992.001   602945.005   603215.009
  1240:   603282.005   603408.009   603813.003   604466.005   604815.009
  1245:   610474.001   610552.003   610642.001   611014.005   611359.009
  1250:   611984.005   612345.009   612892.018   613080.005   613384.009
  1255:   613746.003   613752.016   613802.026   613975.005   614649.009
  1260:   614664.005   614688.009   616331.005   616520.009   617276.001
  1265:   618196.005   618218.009   618323.005   618365.003   618505.009
  1270:   619252.005   619424.009   623684.001   623779.003   623941.001
  1275:   624252.005   624407.009   624446.005   624554.009   624852.005
  1280:   624861.003   625208.009   626362.005   626644.009   627266.005
  1285:   627474.009   630636.001   630834.003   630858.005   631020.009
  1290:   631621.001   631988.005   632013.003   632307.009   633841.005
  1295:   633906.009   634465.005   634755.009   634785.005   634787.009
  1300:   634809.005   634820.009   635046.005   635059.009   635087.005
  1305:   635097.009   635113.005   635146.009   635468.001   635806.005
  1310:   636257.009   637718.018   637930.005   638248.009   638887.003
  1315:   638893.005   638893.016   638943.026   640201.009   641303.005
  1320:   642539.009   642569.005   642584.009   642654.005   642661.009
  1325:   642679.005   642716.009   642775.005   642784.009   642863.005
  1330:   642957.009   643084.005   643085.009   643091.005   643496.009
  1335:   643697.005   643710.009   643861.005   644064.009   644134.005
  1340:   644486.009   644519.005   644613.009   644723.005   644735.009
  1345:   644736.005   644878.009   646667.001   646943.005   646961.009
  1350:   647069.005   647130.009   647213.005   647438.009   647774.005
  1355:   647780.003   648130.009   648348.001   648656.003   648892.005
  1360:   649052.009   650230.005   650503.009   654162.001   654597.005
  1365:   654673.009   654754.005   654866.009   656034.005   656051.003
  1370:   656419.009   657720.005   657929.009   659761.005   660305.009
  1375:   660651.001   661405.003   662097.001   663072.005   663181.009
  1380:   663708.005   664114.003   664679.009   665594.005   665897.009
  1385:   666019.005   666514.009   666860.005   666964.009   668666.005
  1390:   668764.009   668823.005   668851.009   669262.001   669519.005
  1395:   669537.003   669844.009   670375.005   670550.009   671313.005
  1400:   671584.009   674184.001   675264.005   675340.009   675430.005
  1405:   675491.009   675879.005   675881.003   676413.009   680876.001
  1410:   681298.003   681569.001   682744.005   682752.003   683372.009
  1415:   683571.005   683700.009   686241.001   686395.003   686755.005
  1420:   686897.009   686961.005   687018.009   687113.005   687274.009
  1425:   688169.005   688409.009   688929.005   689018.009   689816.005
  1430:   690015.009   691372.005   691679.009   694650.001   695769.003
  1435:   695797.001   696950.003   697254.005   697774.009   698545.001
  1440:   700482.003   700545.005   700641.009   700893.005   701163.009
  1445:   701202.005   701277.009   701450.001   701492.003   701554.001
  1450:   703524.003   703548.005   703753.009   703896.005   703991.009
  1455:   704512.001   706650.005   706721.003   707763.009   707778.005
  1460:   707784.009   707840.005   708128.009   708512.005   709019.009
  1465:   709665.001   711697.003   712365.005   712537.009   714810.001
  1470:   716542.003   717129.005   717331.009   717386.005   717515.009
  1475:   718086.005   718504.009   719677.001   719831.003   719878.001
  1480:   719929.003   719950.001   722200.018   722455.003   722461.016
  1485:   722511.026   722558.005   723940.009   724489.005   724871.009
  1490:   727914.005   727937.009   727956.005   728117.009   735446.005
  1495:   735687.009   736432.005   736440.001   736646.009   737226.005
  1500:   737587.009   738408.005   738598.009   738690.018   739178.005
  1505:   739212.003   739218.016   739268.026   740048.009   741220.005
  1510:   741857.009   742421.001   742945.005   743117.003   743612.009
  1515:   743722.001   744263.005   744280.003   744801.009   745298.005
  1520:   745430.009   746153.005   746441.009   746496.005   746500.009
  1525:   746610.005   747028.009   747559.001   747926.005   747970.009
  1530:   747984.003   747997.005   748113.009   748322.001   748388.005
  1535:   748425.003   748649.009   749185.005   749268.009   758702.001
  1540:   758815.003   759282.001   760395.003   760428.005   760780.009
  1545:   762260.001   764387.003   764415.005   764727.009   764798.005
  1550:   765132.009   766051.005   766380.009   767666.001   768572.003
  1555:   768594.001   768739.003   768753.001   769324.003   769827.005
  1560:   770447.009   770511.005   770610.009   772000.001   774250.018
  1565:   774546.003   774552.016   774601.005   774602.026   775617.009
  1570:   775872.005   776180.009   776309.005   776337.009   776601.005
  1575:   776610.009   778845.005   778851.009   778883.005   778913.009
  1580:   779648.005   779649.001   779798.009   780095.005   780122.003
  1585:   780391.009   780997.005   781449.009   781994.005   782372.009
  1590:   782878.005   783173.009   783896.001   784787.005   784894.009
  1595:   784910.005   785001.009   785190.005   785289.009   785739.005
  1600:   785899.003   786032.009   786608.005   786751.009   787514.005
  1605:   787934.009   788454.005   788718.009   789499.001   789855.003
  1610:   790127.001   790335.003   798087.005   798432.009   799299.001
  1615:   799319.005   799717.009   800327.005   800358.003   800780.009
  1620:   801418.005   801780.009   802118.005   802346.009   802652.005
  1625:   802860.009   803210.005   803213.009   803582.005   803863.009
  1630:   804854.001   805550.005   805593.003   805602.009   805634.005
  1635:   805889.009   806004.005   806094.009   806844.001   806925.003
  1640:   808060.001   808336.003   808676.005   808796.009   808951.005
  1645:   809428.009   810628.001   811729.003   812473.005   812787.009
  1650:   813113.005   813465.009   814568.001   815223.003   815279.001
  1655:   816616.003   816653.001   816859.003   817433.005   817533.009
  1660:   817869.005   818132.009   818467.005   818541.009   823433.005
  1665:   823922.009   824341.005   824441.009   824876.005   825024.009
  1670:   825732.005   826045.009   829015.005   829068.009   829760.001
  1675:   829791.005   829862.009   830155.005   830565.009   831162.005
  1680:   831480.009   832010.018   832093.005   832499.009   833064.005
  1685:   833330.009   834125.005   834418.009   834443.005   834510.009
  1690:   834782.003   834788.016   834838.026   834990.005   835706.009
  1695:   837215.005   837488.009   837968.001   838977.005   839121.009
  1700:   839758.003   840652.005   841051.009   841797.005   842050.009
  1705:   842572.001   844625.003   844626.005   844995.009   845013.005
  1710:   845016.009   847799.005   847945.009   848475.005   848620.009
  1715:   850830.001   852347.005   852402.009   852506.005   852753.009
  1720:   853080.018   853505.005   853524.003   853530.016   853580.026
  1725:   854560.009   854612.005   854858.009   856233.001   856681.005
  1730:   856704.003   856965.009   857444.005   857618.009   860949.005
  1735:   860984.009   861125.005   861452.009   861926.005   862166.009
  1740:   862689.005   862888.009   863639.005   864003.009   864552.005
  1745:   864722.009   866000.005   866353.009   866832.001   868517.005
  1750:   868536.009   868630.005   868692.009   869082.018   869188.005
  1755:   869554.009   871391.003   871397.016   871418.005   871447.026
  1760:   872143.009   872776.005   873054.009   874416.001   875959.003
  1765:   875988.005   876178.009   876463.005   876714.009   876721.005
  1770:   876901.009   877257.001   879507.018   879774.003   879780.016
  1775:   879807.005   879830.026   880434.009   881272.005   881471.009
  1780:   882449.005   882666.009   887448.001   887702.005   887890.009
  1785:   887914.005   887993.009   888255.005   888278.003   888601.009
  1790:   888852.001   889249.005   889592.009   890326.003   890329.005
  1795:   890743.009   891291.005   891650.009   892494.005   892731.009
  1800:   893964.005   893995.009   894095.005   894491.009   895684.001
  1805:   896152.005   896235.009   896300.005   896442.009   897012.005
  1810:   897050.003   897496.009   897973.001   898015.005   898027.003
  1815:   898304.009   898981.005   899166.009   900272.005   900835.009
  1820:   902584.005   902684.009   903747.001   904350.005   904430.003
  1825:   904732.009   905432.005   905618.009   906505.005   906817.009
  1830:   907837.005   908031.009   909878.001   910275.005   910317.003
  1835:   910584.009   911458.001   912563.005   912657.009   912745.005
  1840:   912760.003   913159.009   913865.005   914214.009   915411.005
  1845:   915693.009   916759.005   917583.009   918106.005   918311.009
  1850:   918755.005   919079.009   919592.005   920251.009   925131.001
  1855:   925788.003   925907.001   926988.005   926995.003   927336.009
  1860:   927570.005   927731.009   929385.001   929444.003   929481.001
  1865:   930684.003   930708.005   930887.009   930975.005   931167.009
  1870:   931454.005   931691.009   932009.001   932068.003   932082.001
  1875:   933379.003   934057.005   934205.009   934513.005   934981.009
  1880:   935651.001   937542.003   937565.005   937714.009   937986.005
  1885:   938318.009   938602.001   940276.003   940367.001   940547.003
  1890:   941388.005   941738.009   941779.005   942220.009   942433.005
  1895:   942797.009   943213.001   944002.003   944075.001   945472.003
  1900:   946493.005   947045.009   947264.005   947333.009   947778.001
  1905:   947867.003   947907.001   948179.003   948199.001   948815.003
  1910:   949720.005   950057.009   950311.005   950761.009   952601.005
  1915:   952843.009   953628.005   953844.009   954140.001   954191.005
  1920:   954227.003   954448.009   954950.001   955011.005   955029.003
  1925:   955204.009   955672.001   955711.005   955712.003   955887.009
  1930:   956537.005   956672.009   957357.001   957682.003   958230.005
  1935:   958512.009   959549.005   959798.009   962318.001   962772.005
  1940:   962966.009   963507.005   963807.009   964556.005   964568.018
  1945:   964929.009   965618.005   965639.003   965645.016   965695.026
  1950:   966630.009   967335.005   967738.009   968674.005   968794.009
  1955:   972583.001   973272.005   973420.009   973497.005   973576.009
  1960:   974044.005   974339.009   974833.018   975407.005   975443.003
  1965:   975449.016   975499.026   976274.009   976301.005   976796.009
  1970:   977286.005   977353.009   977380.005   977440.009   977441.005
  1975:   977447.009   977457.005   977469.009   977499.005   977501.009
  1980:   977503.005   977506.009   977511.005   977854.009   978615.005
  1985:   978693.009   979069.005   979242.009   979729.005   979920.009
  1990:   980537.005   980697.009   991167.005   991176.009   991191.005
  1995:   991516.009   992627.001   994108.005   994142.003   994446.009
  2000:   994480.005   994595.009   995114.005   995213.009   995320.005
  2005:   995425.009   996139.005   996358.009   996951.005   997275.009
  2010:   998515.005   998801.009   999354.005   999670.009  1001557.001
  2015:  1001914.003  1001948.001  1002279.003  1002314.001  1002719.005
  2020:  1002799.003  1003281.009  1004008.001  1004117.003  1004311.001
  2025:  1005004.003  1005056.001  1005785.003  1005901.001  1007380.003
  2030:  1007387.005  1007713.009  1007898.005  1007974.009  1008550.001
  2035:  1008797.003  1008836.001  1011086.018  1011088.003  1011094.016
  2040:  1011100.005  1011144.026  1012012.009  1012422.005  1012501.009
  2045:  1014447.005  1014607.009  1015372.002  1015514.004  1016194.001
  2050:  1017588.005  1017778.009  1017828.005  1017867.009  1017962.005
  2055:  1018071.009  1018444.018  1018479.005  1018495.003  1018501.016
  2060:  1018551.026  1019520.009  1020019.005  1020375.009  1020436.005
  2065:  1020524.009  1023813.001  1025766.005  1025960.009  1026063.018
  2070:  1026275.003  1026281.016  1026313.005  1026331.026  1026333.017
  2075:  1027430.009  1027452.005  1027906.009  1030575.005  1030659.009
  2080:  1030756.005  1030993.009  1033103.005  1033177.009  1033238.005
  2085:  1033280.009  1033296.005  1033314.009  1034229.001  1034559.005
  2090:  1034561.009  1034586.005  1034602.003  1034723.009  1034951.005
  2095:  1035120.009  1035130.005  1035183.009  1035619.005  1035974.009
  2100:  1036392.005  1036708.009  1037984.005  1038337.009  1039149.005
  2105:  1039362.009  1039795.005  1040071.009  1041144.005  1041458.009
  2110:  1042259.005  1042771.009  1043916.001  1044356.005  1044519.003
  2115:  1044835.009  1044883.005  1045153.009  1047595.001  1047950.005
  2120:  1047982.009  1048061.005  1048167.009  1048471.005  1048512.003
  2125:  1048878.009  1049033.001  1049376.005  1049394.003  1049698.009
  2130:  1050030.001  1050493.003  1050496.005  1050874.009  1051347.005
  2135:  1051588.009  1052018.005  1052306.009  1052887.005  1053252.009
  2140:  1053813.005  1054112.009  1054759.005  1055369.009  1057848.001
  2145:  1057933.003  1058146.001  1058671.003  1058776.001  1058974.003
  2150:  1059094.001  1060540.005  1060896.009  1061112.003  1061326.005
  2155:  1061742.009  1062520.001  1063887.003  1063932.005  1064169.009
  2160:  1064472.005  1064584.009  1065283.001  1066955.005  1067023.003
  2165:  1067292.009  1067588.005  1067697.009  1067957.001  1068201.003
  2170:  1068213.001  1068873.003  1068911.001  1069376.003  1069403.005
  2175:  1069782.009  1069792.005  1069797.009  1070343.001  1072073.003
  2180:  1072831.005  1072988.009  1073562.005  1073773.009  1074010.005
  2185:  1074244.009  1074683.001  1074832.003  1074891.001  1074973.003
  2190:  1075019.001  1075340.003  1075436.001  1076190.003  1076261.001
  2195:  1076290.003  1077214.005  1077745.009  1078149.005  1078267.009
  2200:  1079372.002  1079619.004  1080380.001  1080702.005  1080781.009
  2205:  1080845.005  1080932.009  1081280.005  1081710.009  1082277.005
  2210:  1082326.003  1082659.009  1083521.005  1083660.009  1084282.005
  2215:  1084407.009  1085062.005  1085321.009  1085719.005  1085946.009
  2220:  1086779.005  1086912.009  1087289.005  1087420.009  1088978.005
  2225:  1089211.009  1090806.005  1090882.009  1092315.001  1092674.005
  2230:  1092693.009  1092730.005  1093012.009  1093516.005  1093822.009
  2235:  1094326.005  1094533.009  1094815.018  1095443.005  1095464.003
  2240:  1095470.016  1095520.026  1096251.009  1096337.005  1096974.009
  2245:  1096996.005  1096999.009  1097059.005  1097682.009  1098147.001
  2250:  1098517.005  1098657.009  1098698.005  1098774.009  1099126.005
  2255:  1099377.009  1099928.005  1100101.009  1100647.018  1100670.005
  2260:  1100689.003  1100695.016  1100745.026  1101446.009  1102137.005
  2265:  1102459.009  1102465.005  1102467.009  1104800.001  1105502.005
  2270:  1105537.003  1105792.009  1105872.005  1105999.009  1106073.001
  2275:  1106569.005  1106585.003  1106899.009  1107642.005  1107903.009
  2280:  1108456.005  1108616.009  1109113.005  1109387.009  1116094.005
  2285:  1116123.009  1116132.005  1116228.009  1116413.005  1116527.009
  2290:  1117098.005  1117114.009  1117722.001  1117854.005  1117954.009
  2295:  1118145.005  1118414.009  1118770.005  1119005.009  1119370.005
  2300:  1119823.009  1120222.018  1120316.005  1120326.003  1120332.016
  2305:  1120382.026  1120994.009  1121054.005  1122011.009  1122082.005
  2310:  1122086.009  1126335.001  1126978.005  1127094.003  1127389.009
  2315:  1127491.005  1127646.009  1132826.001  1132975.003  1134672.001
  2320:  1135056.003  1135257.001  1135307.005  1135339.003  1135454.009
  2325:  1135530.005  1135590.009  1135666.005  1135882.009  1136004.005
  2330:  1136468.009  1138031.005  1138220.009  1139010.005  1139192.009
  2335:  1139239.005  1139353.009  1139823.001  1140609.003  1140765.001
  2340:  1140944.003  1140995.001  1141059.003  1141091.001  1141826.003
  2345:  1142040.001  1142596.003  1142696.001  1143165.005  1143199.003
  2350:  1143492.009  1143887.001  1144029.003  1144064.001  1144216.003
  2355:  1144279.001  1144602.003  1144780.001  1145809.003  1145941.001
  2360:  1146441.003  1146462.005  1147043.009  1147675.001  1150175.018
  2365:  1150245.005  1150420.003  1150426.016  1150476.026  1151395.009
  2370:  1151968.005  1152111.009  1152830.001  1153659.003  1153770.001
  2375:  1155402.003  1155432.005  1155719.009  1155953.005  1156300.009
  2380:  1157558.005  1157570.009  1157572.005  1157758.009  1158821.001
  2385:  1159893.003  1160088.001  1160361.003  1160457.005  1160575.009
  2390:  1161091.005  1161449.009  1161470.005  1161520.001  1161684.009
  2395:  1161743.005  1161910.009  1161933.003  1162568.005  1163019.009
  2400:  1163567.001  1165045.003  1165061.001  1165387.003  1166094.005
  2405:  1166239.009  1166376.005  1166864.009  1167142.001  1169086.005
  2410:  1169100.003  1169387.009  1169811.001  1169926.003  1169961.001
  2415:  1170031.003  1170069.001  1172135.005  1172136.003  1172553.009
  2420:  1172660.005  1172761.009  1172805.005  1172900.009  1173671.002
  2425:  1173809.004  1174158.001  1175370.005  1175400.009  1175508.005
  2430:  1175700.009  1175754.003  1175756.005  1176006.009  1176083.005
  2435:  1176234.009  1176578.005  1177003.009  1177232.001  1177729.003
  2440:  1177743.005  1178069.009  1178282.005  1178346.009  1178835.005
  2445:  1179199.009  1179806.005  1179968.009  1181315.005  1181658.009
  2450:  1182381.005  1182826.009  1183482.005  1183898.009  1185178.005
  2455:  1185311.009  1185839.005  1186894.009  1187943.001  1189601.003
  2460:  1189624.005  1189770.009  1190024.005  1190104.009  1190483.005
  2465:  1190635.009  1190720.005  1190824.009  1191675.005  1191887.009
  2470:  1193469.005  1193965.009  1194900.005  1195734.009  1196347.005
  2475:  1196776.009  1198193.005  1198440.009  1199515.005  1199798.009
  2480:  1201892.005  1202050.009  1205188.001  1205431.005  1205694.009
  2485:  1206098.005  1206378.009  1207012.005  1207361.009  1207688.018
  2490:  1207951.005  1207971.003  1207977.016  1208027.026  1208704.009
  2495:  1209707.005  1210155.009  1210163.005  1210270.009  1210287.005
  2500:  1210290.009  1211464.001  1211942.005  1212075.009  1212153.005
  2505:  1212267.009  1212906.005  1213224.009  1213852.005  1213964.018
  2510:  1214163.009  1214819.005  1215170.009  1215795.005  1215809.003
  2515:  1215815.016  1215865.026  1216470.009  1216950.005  1217784.009
  2520:  1217798.005  1217818.009  1218352.005  1218923.009  1218925.005
  2525:  1219051.009  1219124.005  1219133.009  1219166.005  1219247.009
  2530:  1219528.005  1219561.009  1219598.005  1219653.009  1219680.005
  2535:  1219833.009  1220339.005  1220713.009  1221679.005  1221740.009
  2540:  1221799.005  1221952.009  1222408.005  1222976.009  1223885.005
  2545:  1224349.009  1224984.005  1225400.009  1232248.005  1232619.009
  2550:  1232984.005  1232989.009  1232998.005  1233343.009  1233969.001
  2555:  1234235.005  1234292.009  1234800.005  1234972.009  1235386.005
  2560:  1235643.009  1236052.005  1236077.003  1236410.009  1236614.001
  2565:  1237071.005  1237088.003  1237525.009  1238156.005  1238341.009
  2570:  1238424.005  1238518.009  1238950.001  1239318.003  1239336.005
  2575:  1239671.009  1240691.005  1241139.009  1242568.005  1242858.009
  2580:  1243811.001  1243955.005  1243980.009  1244294.005  1244480.003
  2585:  1244742.009  1244874.001  1245328.005  1245501.003  1245783.009
  2590:  1245931.001  1246338.005  1246364.003  1246826.009  1247314.005
  2595:  1247584.009  1251983.001  1252617.005  1252759.009  1252841.005
  2600:  1252945.009  1253300.005  1253641.009  1254111.005  1254136.003
  2605:  1254461.009  1255142.005  1255323.009  1256123.005  1256608.009
  2610:  1257296.005  1257472.009  1260942.001  1261356.005  1261606.009
  2615:  1262155.005  1262376.009  1263037.005  1263055.003  1263390.009
  2620:  1264055.005  1264435.009  1265428.005  1265700.009  1266116.005
  2625:  1266391.009  1267287.005  1267391.009  1267685.001  1268343.005
  2630:  1268437.003  1268620.009  1268662.001  1268900.005  1269019.009
  2635:  1269723.005  1270024.009  1270473.003  1270978.005  1271445.009
  2640:  1271845.005  1271848.009  1271849.005  1272204.009  1272672.001
  2645:  1274235.005  1274265.009  1275172.018  1275480.005  1275710.003
  2650:  1275716.016  1275766.026  1276655.009  1276954.005  1277181.009
  2655:  1284682.005  1284986.009  1317219.005  1317450.009  1317682.001
  2660:  1319372.003  1319379.005  1319650.009  1320050.005  1320278.009
  2665:  1320715.005  1320862.009  1321594.001  1321796.003  1321890.001
  2670:  1324248.005  1324281.009  1324375.005  1324390.018  1324396.003
  2675:  1324402.016  1324452.026  1327436.009  1328189.005  1328399.009
  2680:  1328462.005  1328469.009  1328530.005  1328680.009  1328701.005
  2685:  1328760.009  1328811.005  1328821.009  1328914.005  1329151.009
  2690:  1329899.001  1330414.005  1330727.009  1331290.005  1331503.009
  2695:  1332067.005  1332080.003  1332302.009  1332816.005  1333033.009
  2700:  1333338.001  1333801.005  1333803.003  1334245.009  1334870.005
  2705:  1334878.009  1334879.005  1335193.009  1335997.001  1338497.018
  2710:  1338839.005  1338874.003  1338880.016  1338930.026  1340340.009
  2715:  1342882.001  1343833.003  1343843.005  1344065.009  1344221.005
  2720:  1344397.009  1344614.005  1344747.009  1345391.001  1345497.003
  2725:  1345536.001  1345727.003  1346212.001  1347112.003  1347145.001
  2730:  1347745.005  1347856.009  1347904.005  1348062.009  1348069.003
  2735:  1348102.005  1349012.009  1349482.001  1351031.003  1351512.005
  2740:  1351770.009  1351795.005  1352137.009  1352320.005  1352398.009
  2745:  1352964.001  1353210.003  1353469.001  1354797.003  1354846.001
  2750:  1355649.003  1355864.005  1355875.009  1356013.005  1356188.009
  2755:  1356211.005  1356217.009  1356247.005  1356266.009  1356444.005
  2760:  1356560.009  1356971.005  1357610.009  1360132.001  1361830.003
  2765:  1362331.005  1362516.009  1362684.005  1362841.009  1363493.001
  2770:  1365985.003  1366018.005  1366555.009  1366579.005  1366602.009
  2775:  1367076.001  1367219.003  1367277.001  1368556.003  1368638.005
  2780:  1368751.009  1368817.005  1368943.009  1369167.005  1369219.009
  2785:  1369738.005  1370057.009  1370931.001  1372676.003  1373484.005
  2790:  1373608.009  1373718.005  1373846.009  1374092.005  1374185.009
  2795:  1374282.005  1374454.009  1375380.005  1375389.009  1375405.005
  2800:  1375468.009  1375908.001  1376173.005  1376386.009  1376719.005
  2805:  1376989.009  1377592.005  1377620.003  1377874.009  1378243.001
  2810:  1378292.005  1378305.003  1378657.009  1379166.005  1379406.009
  2815:  1380070.005  1380299.009  1380539.001  1381126.003  1381130.005
  2820:  1381428.009  1381980.005  1382356.009  1382425.001  1382637.003
  2825:  1382951.005  1383590.009  1384521.005  1384914.009  1385480.001
  2830:  1386352.005  1386462.009  1387165.005  1387387.003  1387656.009
  2835:  1388133.005  1388309.009  1388822.005  1389083.009  1389654.005
  2840:  1390160.009  1390549.005  1390629.009  1391935.001  1392347.003
  2845:  1392734.005  1393053.009  1393534.005  1393892.009  1394496.005
  2850:  1394794.009  1395262.001  1396059.005  1396464.009  1396695.005
  2855:  1396702.003  1396930.009  1397147.001  1397792.005  1397818.003
  2860:  1398160.009  1398675.005  1399021.009  1399619.005  1400018.009
  2865:  1400549.005  1400704.009  1401773.001  1401975.005  1402052.009
  2870:  1402298.005  1402323.003  1402453.009  1402669.001  1403937.005
  2875:  1404084.009  1404219.003  1404287.001  1404424.003  1404489.001
  2880:  1405466.005  1405491.003  1405697.009  1405717.005  1405731.009
  2885:  1405937.001  1406731.005  1406737.003  1407022.009  1407587.005
  2890:  1407853.009  1408437.005  1408620.009  1409488.001  1409556.003
  2895:  1409690.001  1409871.003  1409916.001  1410070.003  1410164.001
  2900:  1411995.005  1412038.003  1412435.009  1412875.005  1412920.009
  2905:  1413010.005  1413332.009  1415118.005  1415168.009  1415619.001
  2910:  1415825.005  1415909.009  1416202.005  1416545.009  1417289.003
  2915:  1417296.005  1417577.009  1418122.005  1418576.009  1419216.001
  2920:  1420537.005  1420626.009  1420680.005  1420838.009  1421118.005
  2925:  1421154.003  1421595.009  1422739.002  1423061.004  1423552.001
  2930:  1424796.005  1425055.009  1425684.005  1426052.018  1426456.009
  2935:  1427353.005  1427374.003  1427380.016  1427430.026  1428152.009
  2940:  1428219.005  1428680.009  1429181.005  1429772.009  1431402.001
  2945:  1432233.005  1432362.009  1432419.005  1432577.009  1432956.005
  2950:  1432988.003  1433376.009  1433643.001  1434001.003  1434017.005
  2955:  1434406.009  1434673.005  1434894.009  1438030.001  1438601.005
  2960:  1438810.009  1439490.005  1439650.009  1440306.005  1440530.018
  2965:  1440677.009  1441195.005  1441504.009  1441571.003  1441577.016
  2970:  1441627.026  1441782.005  1442485.009  1442882.005  1443675.009
  2975:  1443695.005  1443701.009  1443766.005  1443770.009  1443815.005
  2980:  1443827.009  1444149.005  1444246.009  1445987.005  1446112.009
  2985:  1446270.005  1447177.009  1447971.001  1448657.003  1448890.005
  2990:  1449058.009  1449642.005  1449862.009  1449909.005  1449938.009
  2995:  1450544.005  1450917.009  1451099.001  1451205.003  1451266.005
  3000:  1451408.009  1451911.005  1452163.009  1457342.001  1458322.005
  3005:  1458608.009  1458937.005  1459247.009  1459842.018  1459962.005
  3010:  1460150.009  1460664.005  1460853.009  1461421.005  1461826.009
  3015:  1462521.005  1462530.003  1462536.016  1462586.026  1463497.009
  3020:  1463506.005  1463520.009  1463532.005  1463574.009  1463575.005
  3025:  1463650.009  1464888.005  1465068.009  1465546.001  1466654.003
  3030:  1466740.001  1467704.005  1467726.009  1467739.005  1467888.009
  3035:  1467927.005  1468008.009  1468237.005  1468382.009  1468867.005
  3040:  1469173.009  1469240.018  1469788.003  1469794.016  1469796.005
  3045:  1469844.026  1470961.009  1472242.005  1472552.009  1473707.001
  3050:  1474299.003  1474445.001  1475010.003  1475121.001  1475989.005
  3055:  1476006.003  1476169.009  1476410.001  1476447.005  1476456.003
  3060:  1476769.009  1477400.005  1477589.009  1478194.005  1478543.009
  3065:  1479224.005  1479551.009  1487694.001  1489250.003  1489751.005
  3070:  1490073.009  1490439.001  1492239.005  1492268.003  1492650.009
  3075:  1492661.005  1492678.009  1493762.001  1495748.003  1496039.005
  3080:  1496252.009  1496335.005  1496408.009  1496528.005  1496718.009
  3085:  1497331.001  1499406.003  1499446.005  1499528.009  1499686.005
  3090:  1499995.009
B:
     0:        0.000      396.000        7.000      396.000        7.000
     5:     1086.000        0.000        0.000        0.000     1086.000
    10:        0.000        1.000        0.000        0.000        0.000
    15:        0.000       37.000        1.000       37.000        0.000
    20:        0.000        0.000        0.000        0.000        0.000
    25:        0.000       37.000        0.000        0.000        0.000
    30:        0.000
D:
     0:  1681709.000  1679635.000  1681710.000
E:
     0:     2250.000     2500.000
T:
     0:        0.000        0.000        0.000        0.000
W:
     0:        0.000        0.000        0.000
