File: C:\MED-PC IV\Data\ALFE\AU015.999


Start Date: 02/06/24
End Date: 02/06/24
Subject: 15
Experiment: AU
Group: LINEAR
Box: 1
Start Time: 13:27:03
End Time: 14:17:03
MSN: DRRD_500ms
C:       0.000
F:       0.000
G:       0.000
H:       0.000
I:       0.000
J:       0.000
K:      50.000
L:       0.000
M:       0.000
N:       0.000
O:       0.000
P:       0.000
Q:       0.000
R:       0.000
S:       0.000
U:  603474.000
V:       0.000
X:       0.000
Y:    1419.000
Z:       0.000
A:
     0:      218.001      301.003      322.001     2552.003     3726.001
     5:     3790.003     3852.001     4124.003     4250.001     5313.003
    10:     5347.001     6060.003     6979.005     7017.009     7037.005
    15:     7057.009    13635.001    14051.003    14106.001    14149.003
    20:    14290.001    15000.011    15726.003    15763.001    16186.003
    25:    16654.001    17417.003    17476.001    19215.003    19650.001
    30:    21227.003    21295.001    21678.003    22102.005    22473.009
    35:    22747.001    23691.003    23733.001    24869.003    30068.001
    40:    30141.003    30169.001    30937.003    30975.001    32310.003
    45:    33013.001    33464.003    33501.001    33741.003    33807.001
    50:    35942.003    37043.001    37206.003    37330.001    37669.003
    55:    37779.001    38018.003    38047.001    38157.003    39400.001
    60:    40071.003    40951.001    43451.018    43727.003    43733.016
    65:    43783.026    43867.005    44534.009    45297.001    45576.003
    70:    46095.001    47506.003    48486.001    49904.003    50841.001
    75:    52251.003    52746.005    52855.009    54379.001    55023.003
    80:    55861.001    58186.003    58852.001    60914.003    61657.001
    85:    64050.003    64716.001    65263.003    66321.001    67064.003
    90:    67562.001    70062.018    70494.003    70500.016    70550.026
    95:    70640.005    71416.009    71490.005    72199.009    72301.005
   100:    72310.009    73124.001    73273.003    73981.001    74893.003
   105:    75853.001    75905.003    75934.001    77575.003    78790.001
   110:    79689.003    79715.001    80243.003    80650.001    80959.003
   115:    80995.001    81512.003    81541.001    82128.003    83213.001
   120:    83760.003    83798.001    84265.003    84694.005    84837.009
   125:    84843.005    84899.009    87326.001    87396.003    87417.001
   130:    87865.003    87881.001    89302.003    90023.001    92471.003
   135:    93108.001    94714.003    95385.001    97397.003    97943.001
   140:   100382.003   101017.001   101611.003   101953.001   102143.003
   145:   102152.001   102852.003   103347.001   103968.003   103987.001
   150:   105643.003   108911.001   109306.003   109315.001   109337.003
   155:   109364.001   109486.003   109523.001   109718.003   109803.001
   160:   112012.003   112643.005   112950.009   113260.001   113789.003
   165:   113815.001   116135.003   116564.005   116629.009   116915.001
   170:   119415.018   119920.003   119926.016   119976.026   120082.005
   175:   120375.009   123384.001   124050.003   124096.001   125270.003
   180:   125909.001   127380.003   127758.001   128100.003   128152.001
   185:   129976.003   130744.001   132679.003   133197.005   133226.009
   190:   133508.001   133576.003   133616.001   133705.003   133735.001
   195:   135629.003   136339.001   138491.003   139123.001   141623.018
   200:   142109.003   142115.016   142165.026   142291.005   142917.009
   205:   151513.001   151991.003   152079.001   153466.003   154107.001
   210:   156234.003   156836.001   158970.003   159748.001   160705.003
   215:   160771.001   162704.003   163261.001   164807.003   165206.005
   220:   165256.009   165748.001   166349.003   166943.001   167709.003
   225:   168332.001   168845.003   168883.001   169126.003   169191.001
   230:   170812.003   171226.005   171470.009   172205.001   172332.003
   235:   172337.001   172412.003   172423.001   173936.003   174598.001
   240:   177098.018   177560.003   177566.016   177616.026   177715.005
   245:   178179.009   178265.005   178650.009   178790.005   179203.009
   250:   179332.005   179370.009   180454.001   182218.003   184236.001
   255:   185257.003   186767.001   189205.003   189636.005   189646.009
   260:   189962.001   191045.003   191054.001   191574.003   197610.001
   265:   198042.003   198072.001   200249.003   201401.005   201651.009
   270:   203932.001   204227.003   204258.001   204461.003   204486.001
   275:   204633.003   204675.001   206291.003   207018.001   207278.003
   280:   207342.001   208504.003   208954.005   208974.009   209261.001
   285:   211761.018   212452.003   212458.016   212508.026   212611.005
   290:   213047.009   221317.001   222980.003   223560.001   225965.003
   295:   226611.001   226676.003   226691.001   229024.003   229553.005
   300:   229573.009   229583.005   229638.009   230148.001   232648.018
   305:   233240.003   233246.016   233296.026   233373.005   233884.009
   310:   239153.001   239209.003   239238.001   241738.018   241795.003
   315:   241801.016   241851.026   241958.005   242234.009   251553.001
   320:   251603.003   251633.001   251782.003   251877.001   254377.018
   325:   254393.003   254399.016   254449.026   254549.005   255063.009
   330:   256266.005   256318.009   257223.005   257251.009   257592.005
   335:   257626.009   258414.005   258589.009   259770.005   259879.009
   340:   261669.005   261966.009   262498.001   262594.003   262620.001
   345:   264922.003   265888.001   268296.003   269103.001   270773.003
   350:   271404.001   273888.003   274562.001   275740.003   276226.001
   355:   277598.003   278524.001   280902.003   281549.001   284049.018
   360:   284326.003   284332.016   284382.026   284463.005   284906.009
   365:   288654.001   291154.018   291311.003   291317.016   291367.026
   370:   291497.005   291928.009   294206.001   296452.003   297046.001
   375:   299546.018   299716.003   299722.016   299772.026   299924.005
   380:   300546.009   300558.005   300656.009   300668.005   300805.009
   385:   306273.001   306608.003   306693.001   309096.003   309641.001
   390:   312141.018   312383.003   312389.016   312439.026   312610.005
   395:   312846.009   313615.001   316115.018   316743.003   316749.016
   400:   316799.026   316921.005   317185.009   320083.001   322583.018
   405:   322721.003   322727.016   322777.026   322779.017   322862.005
   410:   323218.009   324125.001   324178.003   324216.001   326568.003
   415:   327288.001   327740.003   327750.001   328922.003   329475.001
   420:   331062.003   331587.001   333299.003   333948.001   336453.003
   425:   337449.001   338414.003   338437.001   340683.003   341361.001
   430:   343497.003   344301.005   344393.009   344753.001   346085.003
   435:   346532.001   348257.003   349143.005   349233.009   349872.001
   440:   350264.003   350412.001   350443.003   352106.001   352953.003
   445:   353449.001   355993.003   356897.001   358438.003   359131.001
   450:   360898.003   362209.001   362246.003   362276.001   363902.003
   455:   364690.001   367440.018   367509.003   367515.016   367565.026
   460:   367669.005   367975.009   369664.001   371929.003   372506.001
   465:   374951.003   375398.005   375413.009   375749.001   378499.018
   470:   378541.003   378547.016   378597.026   378702.005   379672.009
   475:   380265.001   382820.003   383490.001   385599.003   386462.001
   480:   388627.003   389235.001   390538.003   390570.001   391002.003
   485:   391484.001   392081.003   392138.001   392841.003   393641.001
   490:   395272.003   395946.001   398696.018   398879.003   398885.016
   495:   398935.026   399070.005   399481.009   399553.005   399705.009
   500:   401149.001   403532.003   404041.001   405862.003   406742.001
   505:   409492.018   409582.003   409588.016   409638.026   409768.005
   510:   410263.009   411086.001   413115.003   413967.001   414022.003
   515:   414033.001   416189.003   416744.001   418755.003   419307.001
   520:   421552.003   421959.001   423904.003   424754.001   426471.003
   525:   426537.001   426785.003   427605.005   427757.009   428889.001
   530:   430801.003   431590.001   433029.003   433039.001   434511.003
   535:   435753.001   438503.018   438840.003   438846.016   438896.026
   540:   438982.005   439564.009   447330.001   448981.003   449630.001
   545:   452042.003   452516.005   452530.009   452868.001   455402.003
   550:   456477.001   458997.003   459645.001   461153.003   461627.005
   555:   461702.009   461985.001   464395.003   465292.001   465386.003
   560:   466576.001   466627.003   467592.001   470069.003   472084.001
   565:   474270.003   474871.001   477621.018   478063.003   478069.016
   570:   478119.026   478278.005   478831.009   480663.001   482802.003
   575:   483458.001   485578.003   486467.001   488269.003   489139.001
   580:   489414.003   489446.001   491349.003   492313.001   492772.003
   585:   493424.001   494057.003   497220.001   497553.003   497585.001
   590:   499606.003   500563.001   503188.003   503890.001   506640.018
   595:   506678.003   506684.016   506734.026   506921.005   507227.009
   600:   507246.005   507277.009   509492.001   509820.003   509837.001
   605:   511742.003   512476.001   514329.003   519566.001   522316.018
   610:   523177.003   523183.016   523233.026   523317.005   523691.009
   615:   525371.001   527615.003   528159.001   530645.003   531650.001
   620:   534400.018   534570.003   534576.016   534626.001   534626.026
   625:   534639.003   534748.005   535606.009   536762.001   538601.003
   630:   538613.001   539293.003   539466.001   539828.003   540469.001
   635:   542799.003   543574.001   545650.003   545982.001   547964.003
   640:   548982.001   549846.003   550807.001   551451.003   552410.001
   645:   554502.003   558694.001   558866.003   558924.001   558976.003
   650:   559026.001   559665.003   560469.001   563219.018   563379.003
   655:   563385.016   563435.026   563544.005   564008.009   564036.005
   660:   564222.009   564226.005   564268.009   564334.005   564411.009
   665:   564434.005   564478.009   564563.005   565464.009   566015.005
   670:   566042.009   566069.005   566089.009   567358.001   569743.003
   675:   570597.001   572738.003   573609.001   575726.003   576508.001
   680:   579258.018   579927.003   579933.016   579983.026   580055.005
   685:   580900.009   583688.001   585967.003   586686.001   589436.018
   690:   589739.003   589745.016   589795.026   589892.005   590235.009
   695:   590251.005   590278.009   590395.005   590423.009   591156.001
   700:   593478.003   594577.001   597267.003   599011.001   599267.003
   705:   599283.001   599605.003   599632.001   601558.003   602195.001
   710:   604945.018   604991.003   604997.016   605047.026   605154.005
   715:   605512.009   605524.005   605553.009   607378.001   607967.003
   720:   607977.001   610340.003   611021.001   613119.003   614081.001
   725:   615381.003   615470.001   616623.003   617274.001   619804.003
   730:   620677.001   623022.003   623784.001   625538.003   626398.001
   735:   628793.003   628861.001   629107.003   631755.001   634505.018
   740:   634709.003   634715.016   634765.026   634867.005   635824.009
   745:   637002.001   639071.003   639764.001   642257.003   643237.001
   750:   645291.003   653660.001   653828.003   660401.001   660852.003
   755:   660865.001   662326.003   662791.001   664316.003   669696.001
   760:   672127.003   672974.001   675046.003   675792.001   678088.003
   765:   678972.001   681502.003   682616.001   684992.003   686000.005
   770:   686011.009   686031.005   686080.009   686089.005   686129.009
   775:   687463.001   689214.003   690145.001   692463.003   693283.001
   780:   695446.003   696717.001   699035.003   700046.001   702531.003
   785:   703432.001   705155.003   712771.001   715458.003   716365.001
   790:   719012.003   719873.001   722069.003   723205.001   725734.003
   795:   726476.001   729090.003   735532.001   735602.003   735780.001
   800:   738120.003   738934.001   741684.018   741692.003   741698.016
   805:   741748.026   741907.005   742405.009   744663.001   745402.003
   810:   747442.001   747582.003   747603.001   747646.003   748679.001
   815:   748967.003   748995.001   750650.003   751407.001   753479.003
   820:   754150.005   754286.009   754747.001   757429.003   759253.001
   825:   761912.003   763004.001   765611.003   766344.001   769094.018
   830:   769130.003   769136.016   769186.026   769308.005   769689.009
   835:   769704.005   769919.009   772417.001   772637.003   772677.001
   840:   772804.003   772814.001   775338.003   777360.001   780070.003
   845:   781186.001   783407.003   786117.001   788613.003   789608.001
   850:   792018.003   793389.001   796051.003   796848.001   799598.018
   855:   799633.003   799639.016   799689.026   799795.005   801100.009
   860:   801754.001   803839.003   804919.001   806890.003   807509.005
   865:   807531.009   807826.001   810498.003   811261.001   813045.003
   870:   814101.001   814687.003   814701.001   815405.003   818773.001
   875:   820244.003   821208.001   823611.003   824089.005   824103.009
   880:   824419.001   826854.003   827815.001   830565.018   831008.003
   885:   831014.016   831064.026   831222.005   831595.009   831647.005
   890:   831671.009   831685.005   831973.009   832018.005   832093.009
   895:   836403.001   839153.018   839362.003   839368.016   839418.026
   900:   839509.005   839926.009   849151.005   849164.009   849176.005
   905:   849211.009   849227.005   849269.009   849632.001   849692.003
   910:   849724.001   850245.003   850258.001   851244.003   851900.001
   915:   852059.003   852168.001   852311.003   863545.001   864219.003
   920:   864640.001   865050.003   865068.001   865123.003   865145.001
   925:   865410.003   865460.001   867254.003   868250.001   870036.003
   930:   870479.005   870500.009   870953.001   873097.003   873999.001
   935:   876218.003   877809.001   879961.003   884037.001   884321.003
   940:   884375.001   887125.018   887151.003   887157.016   887207.026
   945:   887308.005   888146.009   889684.001   891913.003   891967.001
   950:   892433.003   892777.001   893688.003   893711.001   895175.003
   955:   895954.001   898333.003   899089.001   901622.003   902781.001
   960:   905133.003   905795.001   908253.003   909131.001   911777.003
   965:   912474.001   913776.003   914713.001   917463.018   918060.003
   970:   918066.016   918116.026   918205.005   918928.009   918958.005
   975:   919128.009   920284.001   920451.003   920507.001   921085.003
   980:   921584.001   923732.003   926653.001   929025.003   929809.001
   985:   931694.003   932322.001   934864.003   935755.001   938366.003
   990:   939236.001   941986.018   942454.003   942460.016   942510.026
   995:   942646.005   943529.009   943648.005   943657.009   944033.001
  1000:   946783.018   947098.003   947104.016   947154.026   947256.005
  1005:   948290.009   949527.001   951559.003   952399.001   952641.003
  1010:   952675.001   954703.003   956004.001   956332.003   956342.001
  1015:   956743.003   978017.001   980243.003   991935.001   994118.003
  1020:  1001336.001  1003864.003  1004546.005  1004633.009  1004934.001
  1025:  1007429.003  1008396.001  1010778.003  1011307.001  1013589.003
  1030:  1015399.001  1017792.003  1018743.001  1021493.018  1021604.003
  1035:  1021610.016  1021660.026  1021760.005  1022280.009  1022304.005
  1040:  1022326.009  1022359.005  1022397.009  1035742.001  1038492.018
  1045:  1038907.003  1038913.016  1038963.026  1039065.005  1039574.009
  1050:  1043064.001  1045094.003  1045884.001  1048120.003  1048911.001
  1055:  1051516.003  1052309.001  1054882.003  1055879.001  1057983.003
  1060:  1059766.001  1061643.003  1062850.001  1065355.003  1066344.001
  1065:  1068704.003  1069449.001  1072142.003  1072933.001  1075533.003
  1070:  1077382.001  1080132.018  1080431.003  1080437.016  1080487.026
  1075:  1080580.005  1081326.009  1082847.001  1085597.018  1085609.003
  1080:  1085615.016  1085665.026  1085775.005  1086065.009  1088501.001
  1085:  1090867.003  1092023.001  1092415.003  1092440.001  1094247.003
  1090:  1095072.001  1095607.003  1096205.001  1096313.003  1096329.001
  1095:  1096726.003  1096732.001  1098773.003  1099748.001  1101944.003
  1100:  1102822.001  1104838.003  1105724.001  1108039.003  1119407.001
  1105:  1121693.003  1122882.001  1125076.003  1125901.001  1128107.003
  1110:  1128893.001  1131643.018  1131645.003  1131651.016  1131701.026
  1115:  1131795.005  1133056.009  1133230.005  1133256.009  1133349.005
  1120:  1133516.009  1134062.001  1134090.003  1134172.001  1136460.003
  1125:  1137350.001  1139453.003  1142825.001  1142887.003  1142939.001
  1130:  1145651.003  1146390.001  1149140.018  1149212.003  1149218.016
  1135:  1149268.026  1149370.005  1149726.009  1149748.005  1149787.009
  1140:  1149812.005  1150123.009  1151162.001  1151682.003  1151737.001
  1145:  1154368.003  1155008.001  1157550.003  1158295.001  1160563.003
  1150:  1161379.001  1163642.003  1164672.001  1167364.003  1168029.001
  1155:  1170779.018  1170942.003  1170948.016  1170998.026  1171165.005
  1160:  1171585.009  1171599.005  1171870.009  1174958.001  1177361.003
  1165:  1178157.001  1180907.018  1181017.003  1181023.016  1181073.026
  1170:  1181187.005  1181526.009  1183568.001  1186318.018  1186353.003
  1175:  1186359.016  1186409.026  1186534.005  1186908.009  1188857.001
  1180:  1191607.018  1191622.003  1191628.016  1191678.026  1191680.017
  1185:  1191859.005  1192366.009  1193219.001  1196219.018  1196718.003
  1190:  1196724.016  1196774.026  1196892.005  1197324.009  1199264.001
  1195:  1201574.003  1202334.001  1204706.003  1205561.001  1208184.003
  1200:  1208834.001  1211122.003  1212013.001  1214677.003  1215394.001
  1205:  1217999.003  1219755.001  1222039.003  1222915.001  1225897.003
  1210:  1227799.001  1229666.003  1231003.001  1233956.003  1235070.001
  1215:  1237444.003  1238375.001  1240792.003  1241515.005  1241531.009
  1220:  1241794.001  1243371.003  1244313.001  1245455.003  1245472.001
  1225:  1247328.003  1248143.001  1250074.003  1250893.001  1253251.003
  1230:  1254135.001  1256401.003  1257080.001  1259933.003  1263229.001
  1235:  1263976.003  1274334.001  1277334.018  1277605.003  1277611.016
  1240:  1277661.026  1277782.005  1278187.009  1278335.005  1278365.009
  1245:  1278423.005  1278462.009  1278487.005  1278544.009  1278913.005
  1250:  1278926.009  1280119.001  1282616.003  1283375.001  1285576.003
  1255:  1286450.001  1288593.003  1289414.001  1291553.003  1292467.001
  1260:  1295269.003  1296765.001  1298981.003  1299661.001  1302347.003
  1265:  1303208.001  1305675.003  1306577.001  1309577.018  1310075.003
  1270:  1310081.016  1310131.026  1310205.005  1311204.009  1311221.005
  1275:  1311296.009  1311300.005  1311373.009  1317296.005  1317329.009
  1280:  1317334.005  1317348.009  1325461.001  1326520.003  1326555.001
  1285:  1328476.003  1329050.005  1329391.009  1329825.001  1330023.003
  1290:  1330564.001  1330760.003  1330860.001  1331477.003  1332270.001
  1295:  1334992.003  1335747.005  1335782.009  1336075.001  1338772.003
  1300:  1339587.001  1342488.003  1343067.001  1345205.003  1346135.001
  1305:  1348231.003  1348852.001  1351822.003  1352759.001  1355759.018
  1310:  1355905.003  1355911.016  1355961.026  1356107.005  1356415.009
  1315:  1356463.005  1356476.009  1358519.001  1358733.003  1362881.001
  1320:  1365881.018  1366138.003  1366144.016  1366194.026  1366328.005
  1325:  1366615.009  1367929.001  1368563.003  1368583.001  1370627.003
  1330:  1371502.001  1373006.003  1373878.001  1376315.003  1377278.001
  1335:  1379952.003  1385845.001  1388415.003  1389143.001  1391042.003
  1340:  1391988.001  1393813.003  1394570.001  1395178.003  1395200.001
  1345:  1396991.003  1397832.001  1400237.003  1401199.001  1403693.003
  1350:  1404976.001  1407360.003  1409125.001  1411825.003  1412785.001
  1355:  1415342.003  1416409.001  1419409.018  1419461.003  1419467.016
  1360:  1419517.026  1419627.005  1420439.009  1420474.005  1420567.009
  1365:  1436311.001  1438865.003  1439953.001  1442953.018  1443488.003
  1370:  1443494.016  1443544.026  1443651.005  1443955.009  1445470.001
  1375:  1448165.003  1449282.001  1451570.003  1452659.001  1455183.003
  1380:  1457587.001  1460454.003  1461526.001  1464445.003  1465052.005
  1385:  1465291.009  1466811.001  1469717.003  1470587.001  1473587.018
  1390:  1473689.003  1473695.016  1473745.026  1473858.005  1474964.009
  1395:  1479805.001  1482805.018  1483747.003  1483753.016  1483803.026
  1400:  1483898.005  1485786.009  1486364.005  1486378.009  1486469.005
  1405:  1486502.009  1487073.001  1490073.018  1490161.003  1490167.016
  1410:  1490217.026  1490219.017  1490342.005  1490744.009  1492040.001
  1415:  1494858.003  1495816.001  1498527.003  1499641.001
B:
     0:        0.000      476.000        0.000      475.000        0.000
     5:      145.000        0.000        0.000        0.000      145.000
    10:        0.000        1.000        0.000        0.000        0.000
    15:        0.000       58.000        3.000       58.000        0.000
    20:        0.000        0.000        0.000        0.000        0.000
    25:        0.000       58.000        0.000        0.000        0.000
    30:        0.000
D:
     0:  2103479.000  2103115.000  2102001.000
E:
     0:     2500.000     3250.000
T:
     0:        0.000        0.000        0.000        0.000
W:
     0:        2.000        0.000        0.000
