File: C:\MED-PC IV\Data\ALFE\AU017.999


Start Date: 02/10/24
End Date: 02/10/24
Subject: 17
Experiment: AU
Group: LINEAR
Box: 3
Start Time: 13:27:29
End Time: 14:17:29
MSN: DRRD_500ms
C:       0.000
F:       0.000
G:       0.000
H:       0.000
I:       0.000
J:       0.000
K:     100.000
L:       0.000
M:       0.000
N:       0.000
O:       0.000
P:       0.000
Q:       0.000
R:       0.000
S:       0.000
U:  519692.000
V:       0.000
X:       0.000
Y:     682.000
Z:       0.000
A:
     0:     2924.005     2939.009     2951.005     3348.009     5173.001
     5:     5464.003    15000.011    23376.001    23828.003    26377.001
    10:    26871.003    27078.001    27585.003    27631.001    28273.003
    15:    55492.005    55508.009    55532.005    57490.009    58658.005
    20:    58671.009    58677.005    59016.009    60377.001    61358.003
    25:    61365.001    62798.003    62928.001    63187.003    64837.001
    30:    67612.003   134788.005   135266.009   139030.005   139059.009
    35:   139106.005   139124.009   139143.005   139200.009   139215.005
    40:   139452.009   140389.001   140612.003   140677.001   141052.003
    45:   142065.001   147065.018   147068.003   147074.016   147124.026
    50:   147280.005   147704.009   147717.005   147753.009   147939.005
    55:   148024.009   148065.005   148102.009   148115.005   148138.009
    60:   150570.005   151055.009   151105.005   151178.009   151202.005
    65:   151416.009   151689.005   151712.009   164061.005   164068.009
    70:   174092.001   176609.003   176697.001   178215.003   179275.001
    75:   180172.003   180630.001   184221.003   184765.001   188546.003
    80:   188563.001   189432.003   190829.001   193471.003   193504.001
    85:   194021.003   194126.001   195589.003   197210.005   197405.009
    90:   224905.001   228967.003   229991.001   233332.003   233715.001
    95:   234461.003   235507.001   239240.003   239267.001   240835.003
   100:   241882.005   242198.009   242255.005   242540.009   243252.001
   105:   246416.003   246498.001   246547.003   246639.001   247019.003
   110:   247057.001   248127.003   263188.001   265772.003   266650.001
   115:   271576.003   272716.001   274721.003   275462.001   276127.003
   120:   277009.005   277192.009   293347.005   293364.009   294286.002
   125:   294624.004   295237.005   295275.009   296029.001   299540.003
   130:   300320.001   305320.018   306150.003   306156.016   306206.026
   135:   306347.005   306571.009   309205.005   309251.009   320530.005
   140:   320593.009   320676.005   320711.009   320724.005   320929.009
   145:   321595.005   321692.009   323628.005   323649.009   323692.005
   150:   323738.009   323739.005   325147.009   332989.005   332999.009
   155:   344116.001   345832.003   346792.001   350307.003   352430.001
   160:   356633.003   357417.001   362417.018   363238.003   363244.016
   165:   363294.026   363427.005   364098.009   364213.005   364244.009
   170:   364282.005   364319.009   364348.005   364518.009   364544.005
   175:   364574.009   364747.005   364762.009   364833.005   364885.009
   180:   364940.005   364984.009   364999.005   366144.009   366153.005
   185:   366232.009   366263.005   367371.009   367447.005   367457.009
   190:   367495.005   367561.009   367652.005   367666.009   368122.005
   195:   368156.009   368157.005   368403.009   369233.005   369437.009
   200:   370094.001   370391.003   370480.005   370491.009   370502.005
   205:   370846.009   373418.001   373568.003   386267.001   389783.003
   210:   389957.001   390413.003   390979.001   395776.003   395991.001
   215:   396998.003   397875.001   397928.003   397953.001   402810.003
   220:   403786.005   403795.009   403801.005   403908.009   404062.005
   225:   404089.009   412834.005   413036.009   413127.005   413135.009
   230:   413136.005   413196.009   413203.005   413218.009   422955.001
   235:   426902.003   426929.001   427840.003   429381.001   433217.003
   240:   433242.001   435168.003   435946.001   436029.003   436043.001
   245:   441043.018   442099.003   442105.016   442155.026   442310.005
   250:   442628.009   444360.005   444698.009   444757.005   445677.009
   255:   445719.005   445736.009   473658.001   478113.003   478242.001
   260:   478811.003   479505.001   479773.003   480700.001   485700.018
   265:   487216.003   487222.016   487272.026   487429.005   487652.009
   270:   490843.005   491215.009   491222.005   491263.009   510128.001
   275:   513978.003   514169.001   515664.003   516354.001   521354.018
   280:   521447.003   521453.016   521476.001   521503.026   521682.003
   285:   521777.005   522251.009   522428.005   522466.009   522520.005
   290:   522567.009   523079.005   523135.009   523314.005   523348.009
   295:   523354.005   523439.009   563453.001   567709.003   567758.001
   300:   568489.003   569256.001   573479.003   573640.001   575003.003
   305:   575993.001   576597.003   576897.001   581897.018   583185.003
   310:   583191.016   583241.026   583389.005   583613.009   634121.001
   315:   638803.003   639569.001   643247.003   643268.001   644919.003
   320:   645681.001   650409.003   650843.005   651211.009   651737.001
   325:   652710.003   652947.001   657947.018   658465.003   658471.016
   330:   658521.026   658673.005   658893.009   697845.005   697952.009
   335:   697966.005   698286.009   698308.005   698343.009   698723.005
   340:   698785.009   699101.005   699141.009   699184.005   699227.009
   345:   700060.005   700123.009   703306.005   703380.009   703385.005
   350:   703638.009   703740.005   703788.009   704848.001   709848.018
   355:   710348.003   710354.016   710404.026   710563.005   710953.009
   360:   735645.001   740615.003   741249.001   745862.003   745898.001
   365:   745987.003   746039.001   747222.003   747909.001   752909.018
   370:   753170.003   753176.016   753226.026   753396.005   753735.009
   375:   778005.002   778153.004   778172.002   779658.004   785821.001
   380:   790821.018   790905.003   790911.016   790961.026   791123.005
   385:   791346.009   806739.005   807077.009   807288.005   807315.009
   390:   810237.001   815059.003   815798.001   820798.018   820840.003
   395:   820846.016   820896.026   821065.005   821323.009   844122.001
   400:   844627.003   845658.001   846794.003   847934.001   851179.003
   405:   852667.001   857056.003   857655.001   861137.003   861219.001
   410:   861610.003   861663.001   862864.003   863745.001   868745.018
   415:   869066.003   869072.016   869122.026   869288.005   869492.009
   420:   895753.005   895896.009   901767.005   902080.009   902230.005
   425:   902384.009   902443.005   902475.009   903293.001   908065.003
   430:   908913.001   913913.018   914399.003   914405.016   914455.026
   435:   914629.005   914853.009   934423.001   939423.018   940283.003
   440:   940289.016   940339.026   940541.005   940809.009   973677.005
   445:   973685.009   974174.005   974280.009   975467.001   980239.003
   450:   995332.001  1000332.018  1000711.003  1000717.016  1000767.026
   455:  1000954.005  1001361.009  1020429.005  1020622.009  1020635.005
   460:  1020643.009  1020664.005  1020726.009  1020968.005  1020997.009
   465:  1021021.005  1021120.009  1021167.005  1021215.009  1022527.001
   470:  1027521.003  1028841.001  1033804.003  1034471.001  1039286.003
   475:  1039387.001  1039641.003  1040728.001  1045728.018  1046448.003
   480:  1046454.016  1046504.026  1046656.005  1046927.009  1071207.001
   485:  1075747.003  1076584.001  1081584.018  1081839.003  1081845.016
   490:  1081895.026  1082044.005  1082330.009  1085171.005  1086134.009
   495:  1104564.001  1109164.003  1109835.001  1114815.003  1115742.001
   500:  1120742.018  1120797.003  1120803.016  1120853.026  1120996.005
   505:  1121208.009  1138995.002  1139800.004  1139866.005  1140354.009
   510:  1140509.005  1140525.009  1140602.005  1140679.009  1140761.005
   515:  1140800.009  1149078.005  1149230.009  1149264.005  1149353.009
   520:  1149445.005  1149602.009  1149785.005  1149825.009  1151608.001
   525:  1151855.003  1151985.001  1152128.003  1154077.001  1154416.003
   530:  1155163.001  1155736.003  1157222.001  1157251.003  1157908.001
   535:  1158274.003  1159235.001  1159263.003  1159790.001  1159902.003
   540:  1164069.001  1168884.003  1169806.001  1169894.003  1169914.001
   545:  1174914.018  1175955.003  1175961.016  1176011.026  1176168.005
   550:  1176425.009  1195875.005  1196297.009  1219953.005  1220084.009
   555:  1220109.005  1220172.009  1222069.001  1222501.003  1222566.001
   560:  1227566.018  1227731.003  1227737.016  1227787.026  1227940.005
   565:  1228371.009  1242509.005  1242871.009  1243216.005  1243255.009
   570:  1243337.005  1243486.009  1245928.001  1250333.003  1251293.001
   575:  1256126.003  1256883.001  1260430.003  1261179.001  1265845.003
   580:  1266950.001  1271514.003  1271539.001  1272114.003  1274605.001
   585:  1278006.003  1278022.001  1279190.003  1279265.001  1280225.003
   590:  1280905.001  1283318.003  1283441.001  1285418.003  1285830.001
   595:  1286741.003  1287546.001  1292546.018  1293991.003  1293997.016
   600:  1294047.026  1294204.005  1294837.009  1295905.005  1296739.009
   605:  1296762.005  1296798.009  1296844.005  1297348.009  1319462.001
   610:  1323096.003  1326980.001  1328350.003  1362590.001  1366364.003
   615:  1367507.005  1367627.009  1368368.001  1373368.018  1373483.003
   620:  1373489.016  1373539.026  1373686.005  1373882.009  1422827.005
   625:  1423087.009  1423146.005  1423203.009  1423205.005  1423233.009
   630:  1427150.001  1430842.003  1431897.001  1436594.003  1437859.001
   635:  1442859.018  1443347.003  1443353.016  1443403.026  1443517.005
   640:  1443857.009  1443860.005  1443872.009  1463090.001  1463286.003
   645:  1464164.005  1464187.009  1464219.005  1464326.009  1464431.005
   650:  1464808.009  1464830.005  1465406.009  1465468.005  1465505.009
   655:  1467336.005  1467458.009  1467509.005  1467692.009  1469872.001
   660:  1473158.003  1473335.001  1476139.003  1477007.001  1481837.003
   665:  1483240.001  1488240.018  1488657.003  1488663.016  1488713.026
   670:  1488837.005  1489292.009  1490162.005  1490178.009  1490179.005
   675:  1490545.009  1490557.005  1492157.009  1495500.002  1495604.004
   680:  1496258.001  1496315.003
B:
     0:        0.000      145.000        5.000      145.000        5.000
     5:      153.000        0.000        0.000        0.000      153.000
    10:        0.000        1.000        0.000        0.000        0.000
    15:        0.000       25.000        0.000       25.000        0.000
    20:        0.000        0.000        0.000        0.000        0.000
    25:        0.000       25.000        0.000        0.000        0.000
    30:        0.000
D:
     0:  2016006.000  2015950.000  2016007.000
E:
     0:     5000.000     5000.000
T:
     0:        0.000        0.000        0.000        0.000
W:
     0:        0.000        0.000        0.000
