File: C:\MED-PC IV\Data\ALFE\AU016.999


Start Date: 02/08/24
End Date: 02/08/24
Subject: 16
Experiment: AU
Group: EXP40
Box: 2
Start Time: 13:33:07
End Time: 14:23:07
MSN: DRRD_general_exp
C:       0.000
F:       0.000
G:       0.000
H:       0.000
I:       0.000
J:       0.000
K:      80.000
L:       0.000
M:       0.000
N:       0.000
O:       0.000
P:       0.000
Q:       0.000
R:       0.000
S:       0.000
U:  554370.000
V:       0.000
X:       0.000
Y:     828.000
Z:       0.000
A:
     0:     3808.005     4474.009     4509.005     4528.009     4536.005
     5:     4877.009     4945.005     4954.009     4971.005     4997.009
    10:     5063.005     5077.009     5128.005     6301.009     6316.005
    15:     6325.009     6332.005     6371.009    10993.005    11000.009
    20:    11024.005    11065.009    11080.005    11127.009    11162.005
    25:    11168.009    11224.005    11230.009    11368.005    11922.009
    30:    11953.005    11981.009    11996.005    12124.009    12138.005
    35:    12155.009    12180.005    12201.009    12504.005    12529.009
    40:    12533.005    12537.009    14554.001    14763.003    15000.011
    45:    16333.001    16893.003    18109.005    18117.009    18126.005
    50:    18569.009    18573.005    18580.009    27344.005    27359.009
    55:    27388.005    29994.009    30023.005    30035.009    30063.005
    60:    30070.009    30076.005    30082.009    30220.005    30227.009
    65:    30245.005    30250.009    30300.005    30319.009    30355.005
    70:    30360.009    30363.005    30368.009    30369.005    30375.009
    75:    30392.005    30407.009    32989.005    32994.009    33081.005
    80:    33098.009    54980.001    55345.003    59865.001    60810.003
    85:    61520.005    61533.009    61716.005    61968.009   136590.005
    90:   136599.009   136623.005   136629.009   136633.005   137690.009
    95:   137715.005   137727.009   137766.005   139317.009   168545.005
   100:   168551.009   168579.005   168622.009   168953.005   168981.009
   105:   169213.005   169235.009   182136.005   182194.009   182237.005
   110:   183069.009   183111.005   183117.009   183119.005   183136.009
   115:   183203.005   183225.009   192397.001   193024.003   193379.005
   120:   193399.009   193623.005   193679.009   193808.005   194173.009
   125:   300166.005   300181.009   300193.005   300230.009   300235.005
   130:   300281.009   300305.005   300310.009   397995.005   400099.009
   135:   400104.005   400109.009   403530.001   404173.003   408013.001
   140:   410286.003   483916.001   484051.003   488522.005   488585.009
   145:   488667.005   489620.009   512678.005   512906.009   513106.005
   150:   513883.009   513889.005   513909.009   513932.005   513938.009
   155:   514091.005   514188.009   514209.005   514213.009   514273.005
   160:   514292.009   600987.001   601280.003   618576.001   619757.003
   165:   619940.001   620652.003   623882.001   627536.003   630463.001
   170:   631530.003   631564.001   634442.003   705558.002   706333.004
   175:   708070.001   709461.003   710570.005   710619.009   710701.005
   180:   710714.009   710747.005   710764.009   747709.001   748994.003
   185:   750173.005   750183.009   750188.005   750316.009   750400.005
   190:   750414.009   750444.005   750460.009   773587.001   773775.003
   195:   774107.001   774500.003   774721.001   775596.003   788577.005
   200:   788633.009   788682.005   788849.009   788996.005   789889.009
   205:   789913.005   789924.009   789987.005   789998.009   790152.005
   210:   790162.009   790193.005   790201.009   790751.001   793590.003
   215:   794163.005   794210.009   794224.005   794977.009   796317.001
   220:   800317.018   800794.003   800800.016   800850.026   800873.001
   225:   801124.003   801156.005   804322.009   804324.005   804363.009
   230:   804365.005   805959.009   806061.005   806091.009   806121.005
   235:   806148.009   806160.005   806164.009   806171.005   806180.009
   240:   806204.005   806212.009   806215.005   806228.009   806247.005
   245:   806254.009   806271.005   806304.009   806312.005   806449.009
   250:   806450.005   806458.009   806471.005   806485.009   806555.005
   255:   806581.009   806599.005   806613.009   806702.005   806785.009
   260:   806794.005   806803.009   806828.005   806864.009   806867.005
   265:   806921.009   806935.005   806989.009   807086.005   807410.009
   270:   808240.001   809206.003   810073.005   810692.009   810744.005
   275:   810752.009   810756.005   810930.009   810948.005   810957.009
   280:   810975.005   811036.009   811039.005   811052.009   811065.005
   285:   811537.009   811562.005   811638.009   811659.005   811687.009
   290:   811715.005   811736.009   811752.005   812054.009   812071.005
   295:   812097.009   812121.005   812320.009   812344.005   812360.009
   300:   812368.005   812576.009   813035.001   815224.003   816291.005
   305:   816568.009   816636.005   817193.009   817222.005   817224.009
   310:   817239.005   817244.009   817259.005   817267.009   817284.005
   315:   817297.009   817312.005   817321.009   817349.005   817685.009
   320:   817694.005   817702.009   817711.005   817781.009   817801.005
   325:   817817.009   817832.005   817862.009   817873.005   817889.009
   330:   817906.005   817937.009   817987.005   818026.009   818036.005
   335:   818044.009   818046.005   818049.009   818074.005   818133.009
   340:   818138.005   818639.009   818671.005   818829.009   818861.005
   345:   819123.009   819127.005   819138.009   819149.005   819158.009
   350:   819168.005   819248.009   819715.001   822812.003   826368.005
   355:   826395.009   826418.005   827672.009   827691.005   827698.009
   360:   827705.005   827712.009   827763.005   827780.009   827827.005
   365:   827833.009   827850.005   827863.009   827883.005   827895.009
   370:   827919.005   827932.009   827953.005   827963.009   828036.005
   375:   828151.009   828170.005   828238.009   828241.005   828246.009
   380:   828315.005   828404.009   828407.005   828416.009   828423.005
   385:   828432.009   828458.005   828552.009   828581.005   828630.009
   390:   828690.005   828701.009   828715.005   828724.009   828752.005
   395:   828756.009   828787.005   828844.009   829272.001   833163.003
   400:   834382.005   834807.009   834813.005   834826.009   834848.005
   405:   834860.009   834912.005   834936.009   834949.005   834965.009
   410:   835001.005   835019.009   835025.005   835029.009   835036.005
   415:   835049.009   835084.005   835095.009   835101.005   835125.009
   420:   835326.005   835333.009   835377.005   835405.009   835431.005
   425:   835440.009   835441.005   835488.009   835490.005   835511.009
   430:   835524.005   835541.009   835545.005   835556.009   835586.005
   435:   835597.009   835637.005   835649.009   835694.005   835703.009
   440:   835713.005   835730.009   835761.005   835769.009   835779.005
   445:   835785.009   835786.005   835797.009   835902.005   835907.009
   450:   835921.005   835938.009   835945.005   835962.009   836035.005
   455:   836050.009   836075.005   836104.009   836133.005   836153.009
   460:   836171.005   836178.009   836183.005   836187.009   836194.005
   465:   836198.009   836202.005   836212.009   836215.005   836269.009
   470:   836274.005   836532.009   836535.005   836569.009   836578.005
   475:   836621.009   836623.005   836629.009   836649.005   836666.009
   480:   839281.001   840801.003   840987.001   842687.003   844317.001
   485:   844419.003   844768.001   844910.003   845999.001   846163.003
   490:   846196.001   846862.003   849474.001   849880.003   850080.001
   495:   851563.003   852506.005   852515.009   852528.005   852737.009
   500:   852774.005   852929.009   852948.005   852992.009   855168.001
   505:   856247.003   857334.005   857571.009   858352.001   860221.003
   510:   862517.005   862845.009   863322.001   864045.003   864986.001
   515:   866523.003   867503.005   867513.009   867528.005   867972.009
   520:   868247.001   868331.003   868519.001   872366.003   872521.001
   525:   873805.003   876244.005   876248.009   881655.001   882274.003
   530:   884040.001   884424.003   884716.005   885770.009   885814.005
   535:   885821.009   885829.005   885838.009   885840.005   885845.009
   540:   886141.005   886177.009   891366.001   894285.003   897729.005
   545:   897998.009   898120.005   898124.009   898131.005   898160.009
   550:   898166.005   898174.009   898758.001   901210.003   904878.005
   555:   905122.009   905276.005   905460.009   905463.005   905481.009
   560:   910586.001   911506.003   933631.005   933638.009   933657.005
   565:   933714.009   933728.005   933738.009   933792.005   933794.009
   570:   933822.005   933843.009   934694.001   935150.003   935568.001
   575:   937300.003   939343.001   939679.003   944872.001   944999.003
   580:   950559.005   951180.009   951251.005   951316.009   951421.005
   585:   951459.009   951460.005   951474.009   951480.005   951485.009
   590:   951513.005   951519.009   951542.005   951563.009   951567.005
   595:   951637.009   951676.005   951704.009   951705.005   951747.009
   600:   951754.005   951845.009   951885.005   951908.009   952122.005
   605:   952158.009   952205.005   952231.009   952256.005   952267.009
   610:   952302.005   952315.009   952323.005   952332.009   952979.001
   615:   955099.003   955528.005   956036.009   956063.005   956066.009
   620:   956079.005   956125.009   956155.005   956428.009   956816.002
   625:   957399.004   958034.002   959116.004   971607.001   972376.003
   630:   972455.001   973393.003   973477.001   973846.003   974398.001
   635:   975598.003   977222.001   977255.003   977752.001   977839.003
   640:   977887.001   978464.003   988878.001   989376.003   992402.005
   645:   992610.009   992726.005   992732.009   992826.005   992832.009
   650:   994841.001   996863.003   997729.005   997757.009   997762.005
   655:   997869.009   998145.001   998358.003   999771.005   999778.009
   660:   999801.005  1000017.009  1000435.001  1001553.003  1003248.001
   665:  1003472.003  1018577.001  1018895.003  1050895.005  1050907.009
   670:  1050923.005  1051485.009  1051550.005  1051556.009  1051565.005
   675:  1051715.009  1051838.005  1051843.009  1052169.001  1053709.003
   680:  1056048.001  1056983.003  1059680.005  1059687.009  1059698.005
   685:  1059705.009  1059728.005  1059739.009  1059745.005  1059768.009
   690:  1059769.005  1059782.009  1059784.005  1061018.009  1061069.005
   695:  1061080.009  1081018.001  1081459.003  1106808.002  1107018.004
   700:  1108739.005  1108826.009  1108883.005  1108894.009  1109026.005
   705:  1109113.009  1109144.005  1109168.009  1109547.001  1112565.003
   710:  1113802.001  1117732.003  1118582.005  1118598.009  1118683.005
   715:  1118700.009  1118703.005  1118823.009  1118851.005  1118965.009
   720:  1121314.005  1121758.009  1122541.001  1123105.003  1126592.005
   725:  1127103.009  1160076.001  1162847.003  1165964.001  1167923.003
   730:  1292398.005  1292405.009  1292416.005  1292424.009  1292445.005
   735:  1292454.009  1292509.005  1292533.009  1292558.005  1292577.009
   740:  1292582.005  1292593.009  1292617.005  1292624.009  1292701.005
   745:  1292719.009  1292733.005  1292743.009  1295162.001  1295554.003
   750:  1316075.001  1319811.003  1321870.001  1323940.003  1324332.005
   755:  1326039.009  1326054.005  1326064.009  1326146.005  1326185.009
   760:  1326228.005  1326322.009  1326329.005  1326362.009  1326376.005
   765:  1326604.009  1326609.005  1326630.009  1327420.001  1328797.003
   770:  1356545.001  1357941.003  1358122.001  1358405.003  1397391.005
   775:  1397397.009  1397408.005  1397476.009  1397972.001  1400113.003
   780:  1400739.001  1401048.003  1402014.005  1402605.009  1402633.005
   785:  1402638.009  1408786.005  1408859.009  1408862.005  1408881.009
   790:  1408884.005  1408889.009  1408904.005  1408914.009  1409077.005
   795:  1409224.009  1409564.001  1412110.003  1412270.005  1412361.009
   800:  1412558.005  1412611.009  1412620.005  1412638.009  1412663.005
   805:  1412668.009  1412909.001  1415053.003  1416191.005  1416620.009
   810:  1417718.001  1421418.003  1425773.005  1425783.009  1425791.005
   815:  1425991.009  1429492.002  1429549.004  1430002.001  1430610.003
   820:  1434821.001  1435815.003  1486488.001  1487655.003  1487702.001
   825:  1488001.003  1488173.001  1489179.003
B:
     0:        0.000       88.000        5.000       88.000        5.000
     5:      319.000        0.000        0.000        0.000      319.000
    10:        0.000        1.000        0.000        0.000        0.000
    15:        0.000        1.000        0.000        1.000        0.000
    20:        0.000        0.000        0.000        0.000        0.000
    25:        0.000        1.000        0.000        0.000        0.000
    30:        0.000
D:
     0:  2043548.000  2042543.000  2043549.000
E:
     0:     4000.000     4000.000
T:
     0:        0.000        0.000        0.000        0.000
W:
     0:        0.000        0.000        0.000
