File: C:\MED-PC IV\Data\ALFE\AU019.999


Start Date: 01/30/24
End Date: 01/30/24
Subject: 19
Experiment: AU
Group: LINEAR
Box: 5
Start Time: 15:12:18
End Time: 16:02:17
MSN: DRRD_500ms
C:       0.000
F:       1.000
G:       0.000
H:       0.000
I:       0.000
J:       0.000
K:      30.000
L:       0.000
M:       0.000
N:       0.000
O:       0.000
P:       0.000
Q:       0.000
R:       0.000
S:       0.000
U:  379785.000
V:       0.000
X:       0.000
Y:    3020.000
Z:       0.000
A:
     0:      173.005      474.009     2655.005     2964.009    14746.005
     5:    14762.009    14776.005    14820.009    15000.011    16617.001
    10:    17131.003    18034.001    18253.003    18791.001    19397.005
    15:    19424.009    19494.005    19594.003    19820.009    21213.001
    20:    21583.003    21688.001    21827.003    21859.001    23232.005
    25:    23288.009    23359.018    23475.005    23499.003    23505.016
    30:    23555.026    24535.009    25851.005    25865.009    25873.005
    35:    25904.009    29804.005    30340.009    32474.001    32577.003
    40:    34316.005    34641.009    34668.005    35116.009    35226.005
    45:    35346.009    39757.001    39794.003    50980.005    50987.009
    50:    50989.005    51517.009    57956.005    57969.009    57974.005
    55:    58155.009    72499.005    72955.009    72958.005    72973.009
    60:    73019.005    73097.009    73113.005    73837.009    73882.005
    65:    74111.009    74166.005    74229.009    74573.005    75126.009
    70:    76443.005    76500.009    81190.005    81635.009    83725.005
    75:    83822.009    84619.001    86082.005    86098.003    86262.009
    80:    86415.005    86512.009    86756.005    87550.009    92549.005
    85:    92873.009    92972.005    93382.009    98619.001    99949.003
    90:    99964.005   100342.009   100357.005   100496.009   100750.001
    95:   101596.003   102127.005   102443.009   102833.001   104100.003
   100:   104202.005   104476.009   104743.005   105043.009   106232.001
   105:   107467.003   107511.005   107863.009   107868.005   107978.009
   110:   108178.001   108460.003   108506.001   109302.005   109328.003
   115:   109594.009   110122.005   110271.009   110466.005   110835.009
   120:   111249.005   111513.009   111550.005   111637.009   112698.001
   125:   113917.005   113944.003   114130.009   114230.005   114347.009
   130:   114350.005   114368.009   114581.005   117069.009   117124.005
   135:   117651.009   121553.001   122424.003   122482.001   122584.003
   140:   122616.005   123075.009   123377.005   123385.009   123389.005
   145:   123511.009   124367.001   125531.005   125566.009   125607.003
   150:   125700.005   125825.009   126253.005   126386.009   126565.001
   155:   127750.003   128207.005   128292.009   128721.005   128948.009
   160:   129205.001   130705.018   130874.003   130880.016   130909.005
   165:   130930.026   131702.009   131793.005   131817.009   131836.005
   170:   131842.009   134450.005   134563.009   136481.001   137412.003
   175:   137987.005   138664.009   139530.005   139689.009   142151.001
   180:   143057.003   143359.005   143510.009   143981.001   144306.003
   185:   144328.001   145421.003   145802.005   146366.009   147323.001
   190:   148823.018   149959.003   149965.016   150009.001   150015.026
   195:   150039.005   150041.003   150875.009   151506.005   151993.009
   200:   156055.001   156252.003   156461.001   156570.003   156964.005
   205:   157175.009   157284.005   157424.009   157897.001   158139.003
   210:   158240.001   158419.003   158772.005   158843.009   159099.005
   215:   159425.009   159822.001   160306.003   160690.001   160887.003
   220:   161457.005   161515.009   161845.005   162522.009   166989.005
   225:   167317.009   198570.005   198586.009   198597.005   198601.009
   230:   198621.005   199338.009   201172.005   201554.009   201864.005
   235:   201958.009   202874.001   203002.005   203046.003   203255.001
   240:   203325.003   203625.009   203759.005   203824.009   205495.005
   245:   205896.009   206058.005   206133.009   206698.001   206840.003
   250:   206949.001   207581.003   207581.005   207734.009   207969.005
   255:   208807.009   209183.001   210382.003   210387.005   210562.009
   260:   212647.001   212974.003   213303.005   213834.009   213944.005
   265:   214501.009   215050.001   215261.003   215308.001   215844.003
   270:   215851.005   215986.009   216191.005   216593.009   216635.005
   275:   216730.009   216938.005   217136.009   217167.005   217452.009
   280:   222155.005   222266.009   222335.005   222558.009   223362.002
   285:   224077.004   225475.005   225556.009   225974.001   226552.005
   290:   226682.009   226821.005   226836.003   227192.009   227651.001
   295:   228969.005   229021.009   229151.018   229236.005   229245.003
   300:   229251.016   229301.026   230208.009   230291.005   230332.009
   305:   230746.005   231253.009   233566.001   234094.003   234130.005
   310:   234354.009   234658.005   234799.009   235475.001   235718.003
   315:   235864.001   236462.003   236545.005   236656.009   236913.005
   320:   237052.009   237135.005   237408.009   237451.005   237519.009
   325:   240460.001   241188.003   241197.005   241343.009   241541.005
   330:   241773.009   244092.001   244941.003   244962.005   245694.009
   335:   247996.001   248215.003   248754.005   248773.009   249092.005
   340:   249360.009   255808.005   255899.009   255949.005   256038.009
   345:   256211.005   256445.009   257139.001   257707.003   257802.005
   350:   257945.009   258149.005   258292.009   258940.001   259294.003
   355:   259645.005   260356.009   260628.001   261507.003   261583.001
   360:   261862.003   262108.005   262176.009   262317.005   263172.009
   365:   263178.005   263383.009   264072.001   264160.003   264231.001
   370:   264335.003   264408.001   265021.003   265391.005   265422.009
   375:   265537.005   265976.009   266503.005   266591.009   266964.002
   380:   267693.004   268782.005   268808.009   269068.005   269365.009
   385:   275243.005   275254.009   275268.005   275657.009   277516.005
   390:   277639.009   278627.005   279114.009   280158.001   280322.003
   395:   280831.005   280942.009   281026.005   281486.009   287774.001
   400:   288261.005   288309.009   288448.005   288581.009   288945.005
   405:   289072.009   289274.018   289363.005   289710.009   289920.003
   410:   289926.016   289976.026   290085.005   290722.009   290886.005
   415:   291698.009   294340.005   294397.009   297747.001   298079.003
   420:   298088.005   298108.009   298302.005   298409.009   299008.005
   425:   299111.009   299871.005   299911.009   299936.005   300973.009
   430:   301100.005   301587.009   301992.005   302001.009   306036.005
   435:   306049.009   306096.005   306164.009   322789.005   323459.009
   440:   324531.002   324719.004   325308.005   325726.009   325872.005
   445:   326006.009   326944.001   327660.003   327665.005   327899.009
   450:   328028.005   328068.009   328112.005   328503.009   328591.005
   455:   328618.009   329280.001   330070.003   330099.005   330772.009
   460:   330801.005   330858.009   331382.001   331407.003   332376.005
   465:   332556.009   332948.005   332999.009   333131.005   333174.009
   470:   333185.005   333222.009   333553.001   334644.003   334703.001
   475:   335024.003   335033.005   335249.009   335561.005   335636.009
   480:   335827.005   336189.009   336874.005   337560.009   337605.005
   485:   337657.009   338098.001   338815.003   339450.005   340460.009
   490:   341679.005   341785.009   342590.001   343365.003   343976.005
   495:   344006.009   344104.005   344335.009   344443.005   344692.009
   500:   345120.001   345632.003   345672.001   346762.003   347028.005
   505:   347184.009   347480.005   348258.009   349566.001   350537.003
   510:   351088.005   351231.009   351428.005   351757.009   352138.001
   515:   353638.018   354515.003   354521.016   354571.026   354583.005
   520:   355477.009   355545.005   355553.009   355571.005   355658.009
   525:   355682.005   355700.009   355880.005   355975.009   356592.005
   530:   356744.009   356756.005   356778.009   357831.001   357938.003
   535:   357962.001   359271.003   359338.005   359475.009   359662.005
   540:   360332.009   361214.001   362714.018   363400.003   363406.016
   545:   363456.026   363512.005   364509.009   364596.005   364969.009
   550:   365157.005   365305.009   365507.005   365558.009   365580.005
   555:   365632.009   365655.005   366475.009   366581.005   366589.009
   560:   368957.005   369064.009   369078.005   369303.009   369454.005
   565:   369463.009   369484.005   369493.009   369645.005   369648.009
   570:   369976.005   370349.009   370372.005   370388.009   370808.005
   575:   371012.009   371078.005   371423.009   371837.005   371847.009
   580:   372045.005   372167.009   373870.005   373977.009   374172.005
   585:   374284.009   374611.005   374710.009   375391.005   375624.009
   590:   376067.001   377077.005   377080.003   377273.009   377583.005
   595:   377919.009   378467.001   379696.003   380342.005   380456.009
   600:   380786.005   381031.009   381964.001   382816.003   382886.005
   605:   382945.009   383595.005   383698.009   384228.005   384544.009
   610:   384929.001   386429.018   386882.003   386888.016   386938.026
   615:   387048.005   387843.009   395205.001   395223.003   395298.001
   620:   395748.003   396041.005   396122.009   397554.005   397644.009
   625:   397923.001   397942.003   398051.001   398907.003   399175.005
   630:   399265.009   400091.005   400321.009   400568.001   402068.018
   635:   402325.003   402331.016   402356.005   402381.026   403500.009
   640:   403542.005   403793.009   403895.005   403909.009   404339.001
   645:   405439.003   405493.001   405866.003   405934.005   406024.009
   650:   406461.005   406603.009   406828.001   407442.003   407868.005
   655:   408202.009   408652.001   409132.003   409383.001   409863.003
   660:   410280.005   410387.009   410808.005   411037.009   411209.005
   665:   411539.009   416383.001   416805.003   416878.001   417103.003
   670:   417140.005   417487.009   418179.001   418256.003   418295.001
   675:   418767.003   418888.001   419437.003   419532.001   420489.003
   680:   420537.005   420698.009   421017.005   421100.009   421953.001
   685:   422167.003   422290.001   422396.003   422475.001   422791.003
   690:   425206.001   425703.003   426001.005   426155.009   426170.005
   695:   426873.009   429375.001   429526.003   430109.005   430195.009
   700:   430434.005   430743.009   432624.001   433091.005   433097.003
   705:   433251.009   433571.005   433678.009   433767.005   433799.009
   710:   434338.001   434767.003   435758.005   435893.009   436166.001
   715:   437267.003   437324.005   437420.009   437582.005   437956.009
   720:   437962.005   437965.009   437997.005   438013.009   438247.001
   725:   438471.003   438701.001   438922.003   439305.005   439400.009
   730:   439693.005   439999.009   440049.005   440064.009   441893.001
   735:   442488.005   442512.003   442692.009   443533.005   443621.009
   740:   445805.005   446050.009   446475.005   446478.009   446481.005
   745:   446494.009   446496.005   446500.009   447314.005   447809.009
   750:   447949.005   448073.009   449040.001   450087.005   450252.003
   755:   450702.009   450784.005   451631.009   451709.005   451758.009
   760:   451791.005   451795.009   452167.005   452575.009   452936.001
   765:   454132.005   454260.009   454360.005   454436.018   454456.009
   770:   454888.003   454894.016   454944.026   455049.005   455669.009
   775:   467689.001   467792.003   468056.001   468113.005   468271.009
   780:   468293.003   468351.005   468695.009   468710.005   468800.009
   785:   475373.005   475603.009   476922.001   477299.003   477751.005
   790:   477991.009   478919.001   480175.003   480545.005   481204.009
   795:   481903.001   482675.003   482708.001   483980.003   484350.005
   800:   484451.009   485007.005   485379.009   485395.005   485419.009
   805:   485943.001   486152.003   486201.001   486401.003   486523.001
   810:   486554.003   486706.001   487761.003   488224.005   488301.009
   815:   488732.005   488966.009   489667.005   490158.009   490670.001
   820:   492170.018   492812.003   492818.016   492858.005   492868.026
   825:   493396.009   493556.005   494548.009   496078.005   496271.009
   830:   498495.005   498601.009   498944.001   499989.003   500024.001
   835:   500138.003   500182.001   500461.003   500605.001   500713.003
   840:   501251.005   501336.009   501715.005   502140.009   502915.001
   845:   503181.003   503583.001   504092.003   504863.005   504953.009
   850:   505113.005   505242.009   506201.001   507045.003   507582.005
   855:   507611.009   507797.005   508226.009   508679.001   510179.018
   860:   510830.003   510836.016   510886.026   511016.005   511679.009
   865:   512909.001   514386.003   514473.005   514582.009   514871.005
   870:   514912.009   514949.005   515177.009   516339.001   517839.018
   875:   518378.005   518411.003   518417.016   518467.026   519783.009
   880:   521689.005   521817.009   521864.005   522048.009   522734.001
   885:   523523.005   523701.009   523938.003   525937.001   526975.005
   890:   527041.009   527251.005   527270.003   527582.009   528263.005
   895:   528447.009   528890.001   530038.005   530131.009   530387.005
   900:   530390.018   530395.003   530401.016   530451.026   531968.009
   905:   535431.001   535754.003   537919.005   538026.009   541953.005
   910:   541964.009   541980.005   542008.009   542080.005   542178.009
   915:   544054.005   544349.009   544613.005   544682.009   545625.005
   920:   545660.009   545679.005   545815.009   545839.005   546355.009
   925:   546576.005   546598.009   546612.005   546652.009   546977.005
   930:   546989.009   547128.005   547154.009   547158.005   547167.009
   935:   547192.005   547314.009   547359.005   547369.009   547784.001
   940:   548384.005   548492.003   548654.009   548767.005   548858.009
   945:   549105.005   549227.009   549523.005   549902.009   549987.005
   950:   550225.009   550593.001   551585.005   551695.009   552017.003
   955:   552876.001   553646.005   553757.009   554167.003   554178.005
   960:   554494.009   554806.005   554979.009   555236.005   555288.009
   965:   555656.001   556980.003   556982.005   557159.009   557397.005
   970:   557803.009   558048.001   558153.003   558207.001   558968.003
   975:   559237.005   559310.009   559803.005   559896.009   560474.005
   980:   560655.009   561334.001   561932.003   561976.001   562648.003
   985:   563172.005   563352.009   563901.005   564352.009   565128.001
   990:   566019.003   566102.001   566140.003   566258.001   567065.003
   995:   567581.005   567670.009   567744.005   567771.009   568134.005
  1000:   568392.009   568822.005   569311.009   569822.005   570315.009
  1005:   570375.005   570431.009   570549.005   570577.009   571501.001
  1010:   571971.003   572645.005   573072.009   575988.001   576293.003
  1015:   576380.005   576503.009   576930.005   577027.009   578068.001
  1020:   579225.005   579235.003   579414.009   580408.005   580803.009
  1025:   581155.001   582548.005   582602.009   582655.018   582973.005
  1030:   583164.009   583719.005   583860.009   584036.003   584042.016
  1035:   584092.026   584261.005   585253.009   587329.005   587392.009
  1040:   588486.001   588855.005   588863.003   588986.009   589170.005
  1045:   589450.009   592001.001   592584.005   592630.009   592729.005
  1050:   592857.009   593501.018   593507.005   593524.003   593530.016
  1055:   593580.026   594279.009   595420.005   595460.009   595663.005
  1060:   595971.009   595985.005   596005.009   597757.005   597763.009
  1065:   598546.001   598841.005   598849.003   598951.009   599354.005
  1070:   599457.009   599832.005   600332.009   603846.001   603900.005
  1075:   604071.009   604101.005   604110.003   604218.009   604545.005
  1080:   604633.009   604916.005   605055.009   605204.005   605210.009
  1085:   611864.005   611968.009   612210.005   612383.009   612839.001
  1090:   612898.003   612968.001   613753.003   613848.005   614035.009
  1095:   618545.001   618566.003   618951.005   619028.001   619156.009
  1100:   619255.003   619860.001   621035.005   621108.009   621330.005
  1105:   621360.018   621389.009   621828.005   621837.003   621843.016
  1110:   621893.026   622639.009   622648.005   623432.009   624813.005
  1115:   624833.009   624867.005   625461.009   626222.001   626850.005
  1120:   626937.009   627180.005   627218.003   627457.009   627695.005
  1125:   627990.009   628238.005   628550.009   633695.005   633710.009
  1130:   633712.005   633758.009   633788.005   633939.009   636355.001
  1135:   636673.003   638685.001   639164.003   639200.001   640375.003
  1140:   640684.005   640923.009   641326.001   641444.003   641761.001
  1145:   642777.003   643170.005   643571.009   643870.001   644129.003
  1150:   644204.001   645412.003   645501.005   645524.009   645769.005
  1155:   645944.009   646728.005   647286.009   647945.001   648340.003
  1160:   648357.001   648582.003   649076.005   649139.009   649256.005
  1165:   649429.009   650355.005   650773.009   650804.005   650845.009
  1170:   651231.001   651434.003   651461.001   652236.003   652279.001
  1175:   652330.003   652578.005   652671.009   653377.005   653658.009
  1180:   654056.005   654213.009   654949.001   655061.003   655158.001
  1185:   656658.018   656749.003   656755.016   656805.026   656939.005
  1190:   657740.009   657852.005   657879.009   659748.001   660813.003
  1195:   660859.005   660962.009   661357.005   661539.009   661781.005
  1200:   661814.009   662407.001   662580.003   662615.001   663359.003
  1205:   663466.005   663482.009   663850.005   663987.009   664319.005
  1210:   664617.009   666003.001   666971.003   667189.005   667367.009
  1215:   667768.005   667910.009   667927.005   668155.009   668493.001
  1220:   669891.003   670416.005   670536.009   670641.005   671008.009
  1225:   671877.001   671957.003   672014.001   672632.003   673326.005
  1230:   673801.009   675038.005   675736.009   676449.005   676596.009
  1235:   678298.005   678344.009   678406.005   678679.009   679021.001
  1240:   679146.003   679594.005   679604.009   679611.005   679636.009
  1245:   680020.005   680444.009   681159.001   681873.003   681958.001
  1250:   682429.003   682725.005   682779.009   683649.005   683683.009
  1255:   684332.005   684570.009   685057.001   686557.018   687173.003
  1260:   687179.016   687229.026   687283.005   688411.009   689577.005
  1265:   689721.009   690100.005   690207.009   691283.001   691505.003
  1270:   691591.001   692194.003   692732.005   692892.009   693632.001
  1275:   694918.003   695450.005   695800.009   696397.005   696528.009
  1280:   697779.001   699187.003   699381.005   699906.009   700226.001
  1285:   700342.003   700411.001   701817.003   701881.001   702104.003
  1290:   702644.005   702885.009   703315.005   703391.009   703704.001
  1295:   704131.003   704974.005   705355.009   706066.001   706830.003
  1300:   706895.001   707125.003   707234.001   707877.003   708412.005
  1305:   708556.009   710490.001   711810.003   711873.001   712098.003
  1310:   713344.005   713510.009   713569.005   713663.009   713874.001
  1315:   714143.003   714283.001   715775.003   715839.001   716035.003
  1320:   716368.005   716615.009   717877.001   719377.018   719488.003
  1325:   719494.016   719544.026   719621.005   720226.009   720403.005
  1330:   720620.009   720822.005   720896.009   724258.001   724645.003
  1335:   724949.001   726133.003   726186.001   726244.003   726302.001
  1340:   726640.003   726686.005   726817.009   727787.001   727917.003
  1345:   727938.001   729211.003   729247.001   729556.003   729754.005
  1350:   729955.009   730227.005   730229.009   730241.005   730271.009
  1355:   730758.005   730772.009   732571.002   732694.004   733329.001
  1360:   733396.003   733483.001   733857.005   733876.009   734043.005
  1365:   734182.009   734413.005   734492.009   734794.005   734807.003
  1370:   734973.009   735226.005   735347.009   735648.005   735767.009
  1375:   736219.005   736738.009   737815.001   739315.018   739970.003
  1380:   739976.016   739987.005   740026.026   741394.009   743461.005
  1385:   743602.009   751799.005   751951.009   753963.001   755088.005
  1390:   755137.003   755375.009   756058.005   756190.009   764809.001
  1395:   764923.003   766356.005   766714.009   766782.005   766968.009
  1400:   767948.001   768721.003   768731.005   768980.009   769133.005
  1405:   769326.009   769431.005   769617.009   770237.005   770282.009
  1410:   772146.005   772508.009   774930.005   775544.009   777022.001
  1415:   777511.003   777531.005   777674.009   778245.005   778256.009
  1420:   778679.005   778997.009   779479.001   780979.018   781105.003
  1425:   781111.016   781161.026   781213.005   782337.009   782384.005
  1430:   782447.009   784531.005   784558.009   784695.005   784788.009
  1435:   785370.001   785677.005   785744.009   785834.005   785899.009
  1440:   786214.005   786337.009   786666.005   786770.009   786870.018
  1445:   786969.005   787155.009   787410.003   787416.016   787466.026
  1450:   787625.005   788057.009   792342.005   792361.009   793515.005
  1455:   793979.009   793989.005   794003.009   794048.005   794052.009
  1460:   794649.001   795193.005   795269.009   795734.005   795777.003
  1465:   795984.009   796741.005   796887.009   798090.001   798367.003
  1470:   799899.001   801240.005   801399.018   801493.009   801526.003
  1475:   801532.016   801582.026   801621.005   803217.009   804648.001
  1480:   805742.003   806290.005   806416.009   806511.005   806558.009
  1485:   806811.005   807140.009   807508.005   807616.009   808323.005
  1490:   808529.009   808897.001   809081.003   809121.001   809233.003
  1495:   809277.001   809312.003   809390.001   810890.018   811081.003
  1500:   811087.016   811137.026   811220.005   812007.009   812035.005
  1505:   812387.009   812442.005   812516.009   812736.005   812816.009
  1510:   813129.005   813614.009   815382.005   815560.009   815914.005
  1515:   816403.009   817241.001   818537.003   818764.005   818809.009
  1520:   819285.005   819435.009   820106.005   820241.009   820518.001
  1525:   820941.003   820962.001   821992.003   822327.005   822447.009
  1530:   822905.005   823062.009   824120.001   824952.003   825306.005
  1535:   825801.009   826889.001   827871.003   829412.005   829533.009
  1540:   830182.005   830341.009   831017.001   831448.003   831486.001
  1545:   832625.003   834209.005   834514.009   835523.001   835569.003
  1550:   835646.001   836139.003   836755.005   837200.009   837594.001
  1555:   837698.003   838269.005   838304.009   838568.005   838806.009
  1560:   838849.005   838869.009   839281.001   840681.003   841410.005
  1565:   841721.009   842249.005   842316.009   842937.005   843518.009
  1570:   844759.001   845977.003   846025.005   846240.009   846509.005
  1575:   847062.009   849017.001   849116.003   849443.001   850601.003
  1580:   850617.005   851027.009   851451.001   851570.003   851714.001
  1585:   852792.003   853416.005   853716.009   853748.005   853753.009
  1590:   854180.001   854382.003   854709.001   855426.003   856466.005
  1595:   856669.009   857844.005   858174.009   859791.005   859931.009
  1600:   860353.002   860705.004   860962.005   861134.009   861642.001
  1605:   862889.003   862890.005   863256.009   864381.001   864440.003
  1610:   864512.001   864755.003   864883.001   865964.003   865995.005
  1615:   866133.009   866652.005   866792.009   867149.005   867376.009
  1620:   867893.005   868045.009   868607.005   868972.009   869154.001
  1625:   870000.003   870102.001   870297.003   870836.005   870945.009
  1630:   871273.005   871404.009   871930.005   872141.009   873370.005
  1635:   873518.009   874962.001   875601.003   875992.005   876016.009
  1640:   876029.005   876076.009   876082.005   877283.009   878692.005
  1645:   878724.009   879165.005   879324.009   880145.001   880235.003
  1650:   880681.001   881397.003   881642.005   881731.009   882510.005
  1655:   882602.009   883031.005   883395.009   885527.005   885670.009
  1660:   886560.005   886630.009   887197.001   887866.003   888274.001
  1665:   889629.003   889968.005   890062.009   890123.005   890289.009
  1670:   891258.005   891543.009   892118.005   892302.009   892512.005
  1675:   892725.009   893213.002   893416.004   893817.001   894142.003
  1680:   896023.001   897168.003   897213.001   897581.003   897672.005
  1685:   897795.009   898021.005   898178.009   898523.005   898567.009
  1690:   899262.001   899577.003   899610.001   899681.003   899727.001
  1695:   901227.018   901706.003   901712.016   901762.026   901860.005
  1700:   902514.009   904970.005   905075.009   905987.001   906714.005
  1705:   906721.009   906962.003   907503.005   907635.009   907909.005
  1710:   908023.009   908742.001   908922.003   908957.001   910076.003
  1715:   910331.005   910431.009   910580.005   910697.009   911185.001
  1720:   912263.003   912332.001   912449.003   912959.005   913117.009
  1725:   914679.001   915779.003   916705.005   916886.009   917195.001
  1730:   917286.003   917354.001   918241.003   918270.001   919187.003
  1735:   919780.005   920151.009   921632.001   921864.003   921934.001
  1740:   921953.003   921978.001   923305.003   923356.005   923463.009
  1745:   923801.005   923899.009   923955.005   924234.009   926035.005
  1750:   926479.009   926562.005   926958.009   926992.005   927534.009
  1755:   927853.005   928089.009   929453.005   929660.009   931923.005
  1760:   932037.009   932913.001   933476.005   933526.009   933721.003
  1765:   933809.005   933986.009   934536.005   934744.009   936533.001
  1770:   937043.003   937495.005   937594.009   937916.005   938110.009
  1775:   938409.005   938512.009   940823.005   940956.009   940996.005
  1780:   941037.009   941130.005   941594.009   941918.005   941969.009
  1785:   943536.001   944702.003   945333.005   945586.009   945928.005
  1790:   946075.009   946454.005   946462.009   947494.001   947735.003
  1795:   948132.005   948159.009   948504.005   948676.009   949831.005
  1800:   949865.009   953883.005   954218.009   954515.005   954521.009
  1805:   954527.005   954715.009   955489.005   955918.009   957171.005
  1810:   957608.009   958293.001   959170.005   959775.009   959793.018
  1815:   960077.003   960083.016   960133.026   960214.005   960909.009
  1820:   960929.005   960931.009   962044.005   962113.009   962513.005
  1825:   962559.009   965197.005   965230.009   965882.005   965976.009
  1830:   966066.005   966130.009   967839.005   968345.009   968367.005
  1835:   968409.009   969437.005   969524.009   970116.005   970331.009
  1840:   970822.005   971097.009   971798.002   972003.004   972151.005
  1845:   972521.009   973043.001   973923.005   973987.009   974032.003
  1850:   974436.005   974626.009   976994.005   977116.009   977677.005
  1855:   977722.009   978163.001   979055.003   979890.005   980009.009
  1860:   980291.005   980781.009   980813.005   980889.009  1017250.005
  1865:  1017303.009  1017317.005  1017645.009  1018188.005  1018435.009
  1870:  1019028.001  1020047.003  1020390.005  1020441.009  1021652.005
  1875:  1021854.009  1023422.005  1023642.009  1024108.005  1024256.009
  1880:  1025719.001  1026737.003  1027066.005  1027130.009  1027237.005
  1885:  1027727.009  1028698.001  1028815.003  1029065.001  1030291.003
  1890:  1033241.001  1034741.018  1035092.003  1035098.016  1035148.026
  1895:  1035169.005  1036414.009  1036503.005  1036523.009  1037690.001
  1900:  1037876.003  1038066.001  1038670.003  1038965.005  1039229.009
  1905:  1039358.005  1039472.009  1039713.005  1039794.009  1040205.005
  1910:  1040387.009  1041205.001  1042705.018  1042749.003  1042755.016
  1915:  1042805.026  1042835.005  1043749.009  1044066.005  1044258.009
  1920:  1046063.001  1046098.003  1046158.001  1046337.003  1046480.001
  1925:  1047217.003  1047329.005  1047453.009  1047907.005  1048050.009
  1930:  1048929.001  1050429.018  1050614.003  1050620.016  1050670.026
  1935:  1050715.005  1051864.009  1051930.005  1051940.009  1053529.005
  1940:  1053677.009  1054239.001  1054646.005  1054677.009  1054884.005
  1945:  1054934.009  1055073.005  1055283.009  1055673.005  1055719.003
  1950:  1055911.009  1056601.005  1056989.009  1057754.001  1058381.003
  1955:  1059049.005  1059088.009  1059583.005  1059686.009  1059816.005
  1960:  1059909.009  1060187.005  1060290.009  1060733.005  1060887.009
  1965:  1061177.005  1061361.009  1061762.001  1063262.018  1063587.003
  1970:  1063593.016  1063596.005  1063643.026  1064266.009  1064325.005
  1975:  1064433.009  1064464.005  1064927.009  1064984.005  1065287.009
  1980:  1065321.005  1065329.009  1065351.005  1065534.009  1066364.005
  1985:  1066386.009  1066408.005  1066513.009  1067647.005  1067685.009
  1990:  1067770.005  1067862.009  1068301.005  1068389.009  1068826.005
  1995:  1069179.009  1069562.005  1069852.009  1070452.001  1071328.003
  2000:  1071408.001  1071940.003  1071953.005  1072091.009  1072519.005
  2005:  1072655.009  1073553.001  1073779.003  1074045.001  1074077.003
  2010:  1074094.001  1074157.003  1075373.005  1075419.009  1075846.005
  2015:  1076008.009  1076386.001  1076703.003  1076723.001  1077701.003
  2020:  1077738.001  1078008.003  1078553.005  1078650.009  1079127.005
  2025:  1079297.009  1079318.005  1079636.009  1080964.001  1082412.003
  2030:  1082617.005  1082781.009  1083058.005  1083142.009  1083475.001
  2035:  1083605.003  1083717.001  1085077.003  1085662.005  1085810.009
  2040:  1086202.005  1086231.009  1086484.005  1086796.009  1087827.001
  2045:  1088794.003  1089251.005  1089309.009  1089406.005  1089598.009
  2050:  1089967.005  1090168.009  1092132.005  1092297.009  1092764.002
  2055:  1093119.004  1093230.002  1093344.004  1093680.001  1094426.003
  2060:  1094429.005  1094588.009  1095108.005  1095183.009  1096203.005
  2065:  1096350.009  1096778.001  1096830.003  1097060.001  1097633.003
  2070:  1097639.005  1097822.009  1098427.001  1098575.003  1098603.001
  2075:  1099030.003  1099225.001  1099360.003  1099401.001  1100117.003
  2080:  1100795.005  1101178.009  1101813.001  1102840.003  1102932.001
  2085:  1103617.003  1104299.005  1104396.009  1105317.001  1105519.003
  2090:  1105573.001  1106056.003  1106615.005  1107274.009  1109694.005
  2095:  1110084.009  1110656.001  1110997.005  1111072.009  1111330.005
  2100:  1111460.009  1111741.003  1112030.005  1112313.009  1113095.001
  2105:  1113781.005  1113821.009  1113993.005  1114051.009  1114325.005
  2110:  1114376.009  1114573.005  1114595.018  1114600.003  1114606.016
  2115:  1114656.026  1115299.009  1115721.005  1116626.009  1117943.005
  2120:  1118209.009  1118665.001  1119159.003  1119246.005  1119320.009
  2125:  1119665.005  1119824.009  1120281.005  1120443.009  1120920.005
  2130:  1121024.009  1121190.005  1121313.009  1121661.001  1122459.005
  2135:  1122495.009  1122737.003  1122925.005  1123518.009  1123798.005
  2140:  1124145.009  1124838.001  1125087.003  1125597.005  1125711.009
  2145:  1126036.005  1126176.009  1127725.001  1128723.005  1128733.003
  2150:  1128875.009  1129164.005  1129275.009  1129667.005  1129805.009
  2155:  1131430.005  1131843.009  1132162.005  1132253.009  1132986.001
  2160:  1133567.005  1133647.009  1133859.003  1134180.005  1134362.009
  2165:  1135059.005  1135365.009  1136007.005  1136042.009  1136055.005
  2170:  1136081.009  1136951.001  1137047.003  1137146.001  1138414.003
  2175:  1139003.005  1139115.009  1140174.005  1140575.009  1140860.005
  2180:  1140940.009  1142998.001  1143289.003  1143583.001  1144390.003
  2185:  1144595.001  1145146.003  1145608.005  1145719.009  1146039.005
  2190:  1146075.009  1146423.005  1146664.009  1146851.005  1147016.009
  2195:  1148653.005  1148664.009  1148864.005  1149436.009  1149928.001
  2200:  1150740.005  1150792.009  1150820.003  1150977.005  1151132.009
  2205:  1152570.005  1152821.009  1153475.001  1153797.003  1155131.005
  2210:  1155491.009  1155799.001  1157043.003  1157663.005  1157785.009
  2215:  1158103.005  1158480.009  1158504.005  1159121.009  1159389.005
  2220:  1159514.009  1160373.001  1160853.003  1161064.005  1161202.009
  2225:  1161324.005  1161523.009  1161751.005  1162487.009  1163215.002
  2230:  1163409.004  1163582.005  1163926.009  1163955.005  1163968.009
  2235:  1164640.001  1164834.005  1164893.009  1165097.005  1165199.009
  2240:  1165581.005  1165597.003  1165776.009  1167441.001  1168016.003
  2245:  1168427.005  1168446.009  1168857.005  1168900.009  1172731.005
  2250:  1172958.009  1175593.005  1175722.009  1175961.005  1176160.009
  2255:  1177450.005  1177604.009  1178406.001  1179631.003  1179842.005
  2260:  1179926.009  1180017.005  1180098.009  1180169.005  1180310.009
  2265:  1180674.005  1180954.009  1181500.005  1181771.009  1182119.002
  2270:  1182621.004  1183011.001  1183620.005  1183629.003  1183840.009
  2275:  1184254.005  1184440.009  1185269.005  1185342.009  1186215.001
  2280:  1186968.003  1187064.005  1187102.009  1187218.005  1187268.009
  2285:  1187510.005  1187666.009  1187943.005  1187985.009  1188342.001
  2290:  1189370.003  1190259.005  1191317.009  1192986.001  1193828.003
  2295:  1193910.001  1194449.003  1194935.005  1194938.009  1194951.005
  2300:  1194972.009  1195327.005  1195794.009  1197823.001  1198130.005
  2305:  1198158.009  1198183.005  1198241.009  1198329.005  1198395.009
  2310:  1198538.003  1198874.005  1199286.009  1199836.001  1200310.005
  2315:  1200386.009  1200457.005  1200627.009  1200744.005  1200917.009
  2320:  1201336.018  1201451.003  1201457.016  1201507.026  1201642.005
  2325:  1202082.009  1202462.005  1202495.009  1202565.005  1203250.009
  2330:  1203761.005  1204051.009  1205729.005  1206501.009  1206547.005
  2335:  1206935.009  1206975.005  1207426.009  1208137.001  1208561.005
  2340:  1208710.009  1209347.003  1210073.005  1210210.009  1211023.001
  2345:  1211831.005  1211835.003  1211961.009  1212140.005  1212231.009
  2350:  1212766.005  1212946.009  1213907.001  1215112.005  1215149.009
  2355:  1215407.018  1215690.005  1215781.009  1215857.005  1215858.003
  2360:  1215864.016  1215914.026  1217488.009  1218346.005  1218681.009
  2365:  1220832.001  1221369.003  1221594.005  1221693.009  1221930.005
  2370:  1222089.009  1222375.005  1222533.009  1222841.005  1223172.009
  2375:  1224134.001  1224604.003  1225041.005  1225170.009  1225955.001
  2380:  1227274.003  1227338.005  1227548.009  1228135.005  1228258.009
  2385:  1229265.001  1229511.003  1229793.005  1229882.009  1230300.005
  2390:  1230486.009  1231530.001  1232218.003  1232236.005  1232430.009
  2395:  1232749.005  1232846.009  1237470.001  1237945.005  1237963.009
  2400:  1237982.005  1238098.009  1238228.005  1238238.003  1238397.009
  2405:  1239029.005  1239063.009  1240460.001  1241920.003  1241931.005
  2410:  1242221.009  1242459.005  1242696.009  1243155.005  1243273.009
  2415:  1246050.005  1246062.009  1246072.005  1246085.009  1246180.005
  2420:  1246398.009  1246420.005  1246425.009  1246942.001  1247374.005
  2425:  1247510.009  1247675.005  1247738.009  1248033.005  1248212.009
  2430:  1248442.018  1248554.003  1248560.016  1248610.026  1248719.005
  2435:  1249562.009  1249601.005  1249638.009  1249675.005  1249993.009
  2440:  1250609.005  1250732.009  1252202.005  1252225.009  1252238.005
  2445:  1252375.009  1252841.001  1253322.003  1253863.005  1253985.009
  2450:  1262861.001  1263083.005  1263246.009  1263323.005  1263349.003
  2455:  1263625.009  1263943.005  1264035.009  1264730.005  1265210.009
  2460:  1265413.005  1265579.009  1266621.001  1267200.005  1267315.009
  2465:  1267456.005  1267471.009  1267859.005  1267959.009  1268061.005
  2470:  1268121.018  1268124.009  1268393.005  1268493.009  1268764.003
  2475:  1268770.016  1268820.026  1268966.005  1269444.009  1270588.005
  2480:  1270803.009  1272667.001  1272989.003  1273040.001  1273221.003
  2485:  1273295.005  1273314.009  1273491.005  1273797.009  1280488.005
  2490:  1280675.009  1281151.005  1281355.009  1291509.005  1291515.009
  2495:  1291524.005  1292077.009  1297284.005  1297530.009  1297978.005
  2500:  1298210.009  1298903.001  1299088.005  1299111.009  1299178.003
  2505:  1299182.005  1299302.009  1299434.005  1299507.009  1299845.005
  2510:  1300000.009  1300264.005  1300404.009  1300916.005  1301908.009
  2515:  1303003.001  1303505.005  1303528.003  1303702.009  1303943.005
  2520:  1304066.009  1304496.005  1304620.009  1305250.005  1305437.009
  2525:  1305913.005  1306494.009  1307035.001  1307941.005  1308253.009
  2530:  1308497.005  1308517.003  1308874.009  1309619.005  1309763.009
  2535:  1310191.001  1310932.003  1311170.005  1311261.009  1311566.005
  2540:  1311681.009  1312088.005  1312336.009  1313141.005  1313303.009
  2545:  1313427.005  1313705.009  1314118.001  1315046.005  1315058.003
  2550:  1315241.009  1315548.005  1315775.009  1316815.005  1316966.009
  2555:  1318207.001  1318853.005  1318876.003  1319012.009  1319319.005
  2560:  1319437.009  1320142.005  1320145.009  1320147.005  1320628.009
  2565:  1321738.001  1322138.003  1322494.005  1322552.009  1322809.005
  2570:  1323391.009  1324057.001  1324733.003  1324862.005  1325024.009
  2575:  1325107.005  1325183.009  1325435.005  1325635.009  1326101.005
  2580:  1326246.009  1326986.005  1327300.009  1327647.001  1328991.003
  2585:  1329368.005  1329380.009  1329805.005  1330034.009  1331802.001
  2590:  1332808.003  1333107.005  1333175.009  1333606.005  1333659.009
  2595:  1335416.001  1336514.003  1336551.005  1336750.009  1337076.005
  2600:  1337309.009  1340016.001  1341320.003  1341411.005  1341506.009
  2605:  1341670.005  1341806.009  1342083.005  1342281.009  1343050.001
  2610:  1344550.018  1344608.003  1344614.016  1344664.026  1344699.005
  2615:  1345305.009  1345323.005  1345347.009  1345377.005  1345414.009
  2620:  1345422.005  1345710.009  1345777.005  1345944.009  1346408.005
  2625:  1346565.009  1347576.001  1347686.003  1348264.005  1348363.009
  2630:  1348448.005  1348550.009  1348824.005  1348911.009  1349263.005
  2635:  1349550.009  1350291.005  1350625.009  1350656.005  1350680.009
  2640:  1350697.005  1350765.009  1351382.001  1352422.003  1352666.005
  2645:  1352738.009  1353020.005  1353175.009  1354153.001  1354837.003
  2650:  1354862.001  1355152.003  1355705.005  1356006.009  1356216.001
  2655:  1357716.018  1358071.003  1358077.016  1358127.026  1358192.005
  2660:  1359230.009  1359250.005  1359282.009  1359341.005  1359376.009
  2665:  1359579.005  1359618.009  1359673.005  1359697.009  1363594.005
  2670:  1363876.009  1364439.005  1364597.009  1365213.001  1365828.005
  2675:  1366169.009  1366397.005  1366547.009  1366713.018  1367005.003
  2680:  1367011.016  1367061.026  1367255.005  1368001.009  1368068.005
  2685:  1368124.009  1368256.005  1368592.009  1369173.005  1369205.009
  2690:  1369572.001  1370406.005  1370423.009  1370535.005  1370627.009
  2695:  1370652.003  1370901.005  1371393.009  1371547.001  1371727.003
  2700:  1372726.005  1373234.009  1375463.005  1375522.009  1375596.005
  2705:  1375696.009  1375914.005  1376008.009  1376305.005  1376413.009
  2710:  1377077.005  1377393.009  1377775.001  1378791.003  1378798.005
  2715:  1379133.009  1380378.001  1381348.003  1381395.005  1381539.009
  2720:  1381863.005  1381960.009  1383322.001  1384186.003  1384241.001
  2725:  1384613.003  1385025.005  1385306.009  1385323.005  1385356.009
  2730:  1385680.001  1385879.003  1385965.001  1386069.003  1386118.001
  2735:  1386530.003  1386569.001  1387694.003  1388219.005  1388943.009
  2740:  1389861.001  1390869.003  1391100.005  1391501.009  1391845.005
  2745:  1392132.009  1393138.001  1393304.003  1393353.001  1394671.003
  2750:  1394920.005  1395061.009  1396365.001  1397757.003  1397950.005
  2755:  1398115.009  1398580.001  1399143.003  1400608.005  1400715.009
  2760:  1401375.001  1402867.003  1403371.005  1404113.009  1404607.005
  2765:  1404794.009  1405356.001  1405443.003  1405928.005  1406030.009
  2770:  1406064.005  1406242.009  1406608.001  1408108.018  1408204.003
  2775:  1408210.016  1408260.026  1408359.005  1409299.009  1409827.002
  2780:  1410173.004  1410358.005  1410376.009  1410378.005  1410442.009
  2785:  1410864.001  1411605.005  1411664.009  1411929.005  1412016.009
  2790:  1412364.018  1412450.003  1412456.016  1412506.026  1412720.005
  2795:  1413556.009  1415893.005  1415917.009  1416008.005  1416112.009
  2800:  1416716.005  1417022.009  1417030.005  1417368.009  1418613.005
  2805:  1418666.009  1418969.005  1419114.009  1419898.005  1420027.009
  2810:  1420435.005  1420612.009  1420862.001  1421753.003  1422238.005
  2815:  1422364.009  1422656.005  1422799.009  1423397.001  1423533.003
  2820:  1423596.001  1424064.003  1424470.001  1425378.003  1425557.001
  2825:  1426758.003  1427652.005  1427724.009  1427921.001  1429421.018
  2830:  1430295.003  1430301.016  1430351.026  1430413.005  1430912.009
  2835:  1433850.001  1434731.005  1434734.003  1434934.009  1436274.001
  2840:  1436818.003  1437257.005  1437809.009  1439345.005  1439369.009
  2845:  1439381.005  1439427.009  1439890.001  1441044.005  1441046.003
  2850:  1441444.009  1442177.005  1442561.009  1444733.001  1444835.003
  2855:  1445129.005  1445168.009  1445255.005  1445458.009  1445618.005
  2860:  1445701.009  1446353.005  1446735.009  1447199.001  1447241.003
  2865:  1447347.001  1448019.003  1448231.005  1448291.009  1449815.001
  2870:  1450678.005  1450720.003  1450916.009  1451180.005  1451249.009
  2875:  1451852.005  1451962.009  1452494.005  1452680.009  1453733.001
  2880:  1454994.003  1455066.005  1455131.009  1455451.005  1455560.009
  2885:  1456255.005  1456268.009  1456772.005  1456776.009  1456794.005
  2890:  1456821.009  1457594.001  1457980.003  1458500.005  1458533.009
  2895:  1458765.005  1458922.009  1461179.005  1461339.009  1462166.002
  2900:  1462839.004  1463765.005  1464164.009  1464586.001  1465494.005
  2905:  1465560.009  1465781.005  1465892.009  1465978.005  1465992.003
  2910:  1466170.009  1466671.005  1466903.009  1467175.001  1467404.003
  2915:  1468133.005  1468574.009  1469030.001  1469606.005  1469614.009
  2920:  1469704.003  1469706.005  1469907.009  1469972.005  1470054.009
  2925:  1470412.005  1470504.009  1471228.005  1471392.009  1471416.005
  2930:  1471450.009  1471497.005  1472002.009  1472272.001  1472348.003
  2935:  1472566.001  1473014.005  1473073.009  1473108.003  1473298.005
  2940:  1473458.009  1474631.001  1474810.003  1474905.001  1475083.003
  2945:  1475267.005  1475299.009  1475584.005  1475690.009  1476136.001
  2950:  1476269.003  1476348.001  1477391.003  1477411.005  1477548.009
  2955:  1480266.005  1480424.009  1480531.005  1481024.009  1483399.005
  2960:  1483572.009  1483582.005  1483769.009  1484062.001  1484792.003
  2965:  1484849.001  1485781.005  1485786.009  1485849.003  1485859.005
  2970:  1486068.009  1486511.005  1486593.009  1487221.005  1487265.009
  2975:  1487803.001  1487818.003  1487890.001  1488049.003  1488140.001
  2980:  1488912.003  1489023.001  1489771.003  1490221.005  1490253.009
  2985:  1490343.005  1490398.009  1490628.005  1491176.009  1491460.005
  2990:  1491474.009  1491887.002  1492154.004  1492657.001  1493417.005
  2995:  1493430.009  1493635.005  1493703.009  1493920.003  1494863.005
  3000:  1495100.009  1495597.001  1495701.003  1495743.001  1496929.005
  3005:  1497066.009  1497139.005  1497243.018  1497292.009  1497535.005
  3010:  1497536.003  1497542.016  1497592.026  1498148.009  1498385.005
  3015:  1498723.009  1499314.005  1499397.009  1499440.005  1499961.009
B:
     0:        0.000      427.000       14.000      427.000       14.000
     5:     1004.000        0.000        0.000        0.000     1004.000
    10:        0.000        1.000        0.000        0.000        0.000
    15:        0.000       43.000        0.000       43.000        0.000
    20:        0.000        0.000        0.000        0.000        0.000
    25:        0.000       43.000        0.000        0.000        0.000
    30:        0.000
D:
     0:  1877320.000  1875528.000  1877321.000
E:
     0:     1500.000     1500.000
T:
     0:        0.000        0.000        0.000        0.000
W:
     0:        0.000        0.000        0.000
