File: C:\MED-PC IV\Data\ALFE\AU017.999


Start Date: 02/12/24
End Date: 02/12/24
Subject: 17
Experiment: AU
Group: LINEAR
Box: 3
Start Time: 13:38:10
End Time: 14:28:10
MSN: DRRD_500ms
C:       0.000
F:       0.000
G:       0.000
H:       0.000
I:       0.000
J:       0.000
K:     100.000
L:       0.000
M:       0.000
N:       0.000
O:       0.000
P:       0.000
Q:       0.000
R:       0.000
S:       0.000
U:    2794.000
V:       0.000
X:       0.000
Y:     696.000
Z:       0.000
A:
     0:     8322.005     8682.009    12208.005    12389.009    15000.011
     5:    98972.001   101454.003   103562.001   107114.003   107776.001
    10:   111487.003   112755.001   117403.003   118608.001   122818.003
    15:   124297.001   129297.018   129524.003   129530.016   129580.026
    20:   129686.005   129919.009   179039.001   182365.003   184016.001
    25:   188569.003   189722.001   194588.003   195466.001   200466.018
    30:   201115.003   201121.016   201171.026   201318.005   201630.009
    35:   238791.005   239286.009   240166.005   240374.009   240989.001
    40:   245355.003   246737.001   247255.003   247863.005   247975.009
    45:   248531.001   250725.003   250730.001   253692.003   254335.001
    50:   259335.018   260071.003   260077.016   260127.026   260263.005
    55:   260526.009   262426.005   262850.009   263311.005   263822.009
    60:   263927.005   263984.009   264009.005   264157.009   264374.005
    65:   264390.009   264540.005   264545.009   271057.005   271105.009
    70:   296096.001   298752.003   298790.001   300380.003   301788.001
    75:   306788.018   308216.003   308222.016   308272.026   308421.005
    80:   308973.009   311214.005   311550.009   311563.005   311651.009
    85:   359327.001   359356.003   359379.001   364347.003   364959.001
    90:   369517.003   370391.001   375391.018   375910.003   375916.016
    95:   375966.026   376086.005   376528.009   378317.005   378635.009
   100:   378750.005   378806.009   378871.005   379464.009   379501.005
   105:   379554.009   379563.005   379994.009   380012.005   380027.009
   110:   380150.005   380179.009   380274.005   380316.009   380480.005
   115:   380514.009   380935.005   380952.009   380957.005   380990.009
   120:   415049.001   418136.003   419397.001   423622.003   424578.001
   125:   429578.018   429758.003   429764.016   429814.026   429945.005
   130:   430642.009   456624.005   456645.009   456661.005   456870.009
   135:   458157.001   458477.003   469810.001   474810.018   475728.003
   140:   475734.016   475784.026   475933.005   476285.009   476541.005
   145:   476707.009   477638.005   478964.009   478998.005   479083.009
   150:   479401.005   479527.009   498384.001   501965.003   502753.001
   155:   507753.018   508092.003   508098.016   508148.026   508341.005
   160:   509034.009   509063.005   509112.009   509114.005   509184.009
   165:   509543.005   509563.009   509619.005   509705.009   509907.005
   170:   509927.009   509965.005   509990.009   510358.005   510377.009
   175:   510528.005   510754.009   510762.005   511002.009   534034.001
   180:   538932.003   551286.001   554777.003   555462.001   560170.003
   185:   560801.001   565801.018   565871.003   565877.016   565927.026
   190:   566028.005   566581.009   566620.005   566653.009   566880.005
   195:   566892.009   566904.005   566973.009   567001.005   567021.009
   200:   567356.005   567398.009   567499.005   567640.009   567678.005
   205:   567827.009   578311.005   578463.009   579988.005   580017.009
   210:   620444.002   621197.004   621436.005   621612.009   621647.005
   215:   621670.009   621676.005   621700.009   621715.005   621825.009
   220:   622150.005   622193.009   622221.005   622310.009   624446.001
   225:   624943.003   624961.001   629961.018   630287.003   630293.016
   230:   630343.026   630460.005   630804.009   640124.005   640136.009
   235:   640417.005   640434.009   640486.005   640513.009   641282.005
   240:   641315.009   641489.005   641528.009   652080.005   652207.009
   245:   652210.005   652298.009   652943.001   656635.003   657287.001
   250:   661976.003   663208.001   663693.003   663705.001   668705.018
   255:   668836.003   668842.016   668892.026   669010.005   669197.009
   260:   701255.005   701381.009   701406.005   701430.009   701484.005
   265:   701585.009   701691.005   701923.009   702248.005   702287.009
   270:   704485.001   708151.003   709320.001   714221.003   715970.001
   275:   720970.018   721290.003   721296.016   721346.026   721442.005
   280:   722247.009   754489.001   758659.003   759503.001   763906.003
   285:   764475.005   765055.009   766214.001   771214.018   771673.003
   290:   771679.016   771729.026   771860.005   772358.009   772360.005
   295:   772375.009   773431.005   773445.009   773891.005   773980.009
   300:   774013.005   774057.009   806490.005   806686.009   807004.005
   305:   807170.009   810426.001   815164.003   816103.001   821103.018
   310:   821339.003   821345.016   821395.026   821459.005   821850.009
   315:   824701.005   825812.009   825823.005   826133.009   826580.005
   320:   826998.009   827322.005   828795.009   828807.005   828824.009
   325:   828877.005   828949.009   828964.005   829012.009   829216.005
   330:   829267.009   829814.005   829894.009   830983.001   831759.003
   335:   833431.001   838431.018   839475.003   839481.016   839531.026
   340:   839668.005   839948.009   839983.005   839996.009   840218.005
   345:   840240.009   840340.005   840451.009   840519.005   840564.009
   350:   840717.005   840752.009   840928.005   841015.009   841440.005
   355:   841449.009   868720.005   868730.009   870663.005   870714.009
   360:   871860.002   872021.004   876154.001   881154.018   881343.003
   365:   881349.016   881399.026   881537.005   882087.009   882112.005
   370:   882391.009   882411.005   882533.009   882564.005   882592.009
   375:   882657.005   882696.009   882727.005   882811.009   882813.005
   380:   882889.009   883051.005   883067.009   883183.005   883201.009
   385:   883261.005   883299.009   883311.005   884749.009   884802.005
   390:   884810.009   884818.005   884857.009   884864.005   884903.009
   395:   885193.005   885228.009   909121.001   913819.003   916490.001
   400:   921031.003   921603.001   925838.003   926450.001   930841.003
   405:   931351.001   936315.003   937287.001   941992.003   942504.001
   410:   946785.003   947460.001   952460.018   953344.003   953350.016
   415:   953400.026   953526.005   954025.009   954323.005   954348.009
   420:   954434.005   954531.009   954595.005   955058.009   956025.005
   425:   956440.009   982639.002   983126.004   983284.005   983567.009
   430:   983606.005   983646.009   983790.005   983828.009   986397.001
   435:   986526.003   986562.001   988771.003   989283.001   992951.003
   440:   993737.001   998737.018   998901.003   998907.016   998957.026
   445:   999095.005   999421.009  1048811.001  1051254.003  1051843.005
   450:  1052201.009  1052222.005  1052666.009  1053168.005  1053201.009
   455:  1053327.005  1053379.009  1097164.002  1097835.004  1097974.005
   460:  1098137.009  1098227.005  1098430.009  1098901.005  1098925.009
   465:  1099740.001  1103893.003  1105096.001  1109429.003  1109957.005
   470:  1110055.009  1110328.001  1115328.018  1115612.003  1115618.016
   475:  1115668.026  1115810.005  1116285.009  1116729.005  1116833.009
   480:  1148186.001  1151421.003  1152135.001  1156519.003  1157449.001
   485:  1161594.003  1163299.001  1168299.018  1169165.003  1169171.016
   490:  1169221.026  1169326.005  1169564.009  1171719.005  1172019.009
   495:  1172030.005  1172113.009  1172133.005  1172220.009  1172241.005
   500:  1172284.009  1172361.005  1173138.009  1173238.005  1173334.009
   505:  1173349.005  1173511.009  1173556.005  1173753.009  1187099.002
   510:  1187392.004  1189653.001  1192729.003  1201936.005  1202027.009
   515:  1202365.001  1206258.003  1206869.001  1210883.003  1211613.001
   520:  1216401.003  1217245.001  1222245.018  1223132.003  1223138.016
   525:  1223188.026  1223344.005  1223643.009  1225988.005  1226879.009
   530:  1226926.005  1226993.009  1227090.005  1227102.009  1227198.005
   535:  1227213.009  1241992.005  1242090.009  1242136.005  1242169.009
   540:  1242207.005  1242316.009  1242508.005  1242552.009  1254799.001
   545:  1258927.003  1259483.001  1263736.003  1264501.001  1269267.003
   550:  1269293.001  1270351.003  1271038.001  1275984.003  1276256.001
   555:  1276588.003  1277073.005  1277498.009  1277865.005  1278192.009
   560:  1279116.001  1283676.003  1285093.001  1290093.018  1292166.003
   565:  1292172.016  1292222.026  1292834.005  1293358.009  1293400.005
   570:  1293496.009  1293528.005  1293533.009  1293547.005  1293567.009
   575:  1293583.005  1293604.009  1293619.005  1294225.009  1294243.005
   580:  1294553.009  1294569.005  1295744.009  1295760.005  1295821.009
   585:  1295989.005  1296008.009  1296254.005  1296876.009  1296910.005
   590:  1296967.009  1297146.005  1297593.009  1297604.005  1297721.009
   595:  1297748.005  1297836.009  1300738.005  1300843.009  1301017.005
   600:  1301355.009  1301859.001  1304716.003  1307872.001  1310343.003
   605:  1312595.001  1314048.003  1314181.001  1314337.003  1314365.001
   610:  1314548.003  1317302.001  1317546.003  1319477.001  1320093.003
   615:  1324103.001  1324748.003  1324956.001  1325515.003  1333009.005
   620:  1333048.009  1333049.005  1333177.009  1336197.001  1340152.003
   625:  1341179.001  1345087.003  1345538.005  1345848.009  1346154.005
   630:  1346259.009  1359266.005  1359346.009  1360297.001  1363183.003
   635:  1365694.001  1369784.003  1370519.001  1374746.003  1375773.005
   640:  1375863.009  1380506.005  1380552.009  1380703.005  1380785.009
   645:  1444095.001  1447193.003  1448714.001  1452429.003  1452631.005
   650:  1452655.009  1452664.005  1453728.009  1453803.005  1453969.009
   655:  1454183.005  1454310.009  1454325.005  1454538.009  1454558.005
   660:  1454625.009  1455635.001  1459822.003  1460909.005  1461010.009
   665:  1461600.001  1466600.018  1466857.003  1466863.016  1466913.026
   670:  1467020.005  1467442.009  1471779.005  1472626.009  1472739.005
   675:  1473647.009  1473676.005  1473693.009  1473909.005  1473954.009
   680:  1473964.005  1474002.009  1474146.005  1474171.009  1474196.005
   685:  1474347.009  1476054.005  1477177.009  1477244.005  1477262.009
   690:  1477484.005  1477492.009  1477509.005  1477604.009  1479967.001
   695:  1483418.003
B:
     0:        0.000      102.000        5.000      102.000        5.000
     5:      206.000        0.000        0.000        0.000      206.000
    10:        0.000        1.000        0.000        0.000        0.000
    15:        0.000       23.000        0.000       23.000        0.000
    20:        0.000        0.000        0.000        0.000        0.000
    25:        0.000       23.000        0.000        0.000        0.000
    30:        0.000
D:
     0:  1486211.000  1482761.000  1486212.000
E:
     0:     5000.000     5000.000
T:
     0:        0.000        0.000        0.000        0.000
W:
     0:        0.000        0.000        0.000
