File: C:\MED-PC IV\Data\ALFE\AU016.999


Start Date: 02/07/24
End Date: 02/07/24
Subject: 16
Experiment: AU
Group: EXP40
Box: 2
Start Time: 13:40:11
End Time: 14:30:10
MSN: DRRD_general_exp
C:       0.000
F:       0.000
G:       0.000
H:       0.000
I:       0.000
J:       0.000
K:      80.000
L:       0.000
M:       0.000
N:       0.000
O:       0.000
P:       0.000
Q:       0.000
R:       0.000
S:       0.000
U:  510505.000
V:       0.000
X:       0.000
Y:     671.000
Z:       0.000
A:
     0:     4363.005     4379.009     4470.005     4477.009     4485.005
     5:     4624.009     4660.005     4963.009     5045.005     5405.009
    10:     5412.005     5415.009     5635.005     5902.009     6040.005
    15:     6068.009     6138.005     6162.009     6206.005     6217.009
    20:     6231.005     6248.009     6299.005     6347.009     6349.005
    25:     6432.009     6480.005     6487.009     6504.005     6601.009
    30:     6604.005     6894.009     6896.005     6909.009     6938.005
    35:     6955.009     6981.005     7348.009     8284.001     8564.003
    40:     9186.005     9194.009     9208.005     9259.009     9284.005
    45:     9296.009     9538.005     9792.009     9817.005     9821.009
    50:     9849.005     9876.009     9906.005     9910.009     9950.005
    55:    10386.009    10401.005    10424.009    10475.005    10494.009
    60:    10497.005    10508.009    10517.005    10533.009    10557.005
    65:    10576.009    10656.005    10668.009    10757.005    10762.009
    70:    10773.005    10778.009    10834.005    10850.009    10973.005
    75:    10994.009    15000.011    19901.005    20066.009    20968.001
    80:    21081.003    21545.001    21620.003    23395.005    23400.009
    85:    23617.005    23631.009    25216.001    25276.003    30783.001
    90:    30858.003    42620.005    42624.009    42970.005    42986.009
    95:    43051.005    43060.009    43072.005    43094.009    43548.005
   100:    43556.009    43613.005    43623.009    43786.005    43798.009
   105:    43824.005    44133.009    44158.005    44175.009    44179.005
   110:    44212.009    44867.005    44872.009    44897.005    44907.009
   115:    44929.005    44939.009    44964.005    44976.009    45019.005
   120:    45031.009    45045.005    45091.009    45100.005    45106.009
   125:    45110.005    45116.009    45150.005    45156.009    45176.005
   130:    45210.009    45214.005    45309.009    45313.005    45418.009
   135:    45431.005    45439.009    45442.005    45481.009    54573.001
   140:    55232.003    55640.005    56202.009    56203.005    56206.009
   145:    56245.005    56260.009    56301.005    56322.009    56347.005
   150:    56352.009    56361.005    56365.009    56366.005    56450.009
   155:    56476.005    56490.009    56492.005    56586.009    56593.005
   160:    56635.009    56649.005    56663.009    56671.005    56677.009
   165:    56686.005    56692.009    56704.005    56710.009    56713.005
   170:    56727.009    57623.001    58586.003    58733.001    59018.003
   175:    62964.005    63223.009    63224.005    63230.009    63234.005
   180:    63243.009    67183.005    67187.009    67219.005    67223.009
   185:    67267.005    67276.009    67317.005    67330.009    67438.005
   190:    67452.009    67679.005    67686.009    67695.005    67711.009
   195:    67729.005    67735.009    67764.005    67777.009    74466.005
   200:    74483.009    75004.005    75014.009    75018.005    75525.009
   205:    75529.005    75543.009    75558.005    75599.009    75601.005
   210:    76927.009    76928.005    76969.009    77015.005    77020.009
   215:    77027.005    77074.009    77122.005    77394.009    77400.005
   220:    77413.009    77433.005    77437.009    77439.005    77450.009
   225:    77452.005    77464.009    77486.005    77517.009    77599.005
   230:    77605.009    77607.005    77619.009    77642.005    77652.009
   235:    77680.005    77715.009    77744.005    77752.009    77761.005
   240:    77798.009    77822.005    77869.009    77878.005    77988.009
   245:    77995.005    78215.009    78219.005    78225.009    79914.005
   250:    79921.009   116239.005   116402.009   116419.005   120572.009
   255:   120598.005   120617.009   120618.005   120657.009   120668.005
   260:   120677.009   120712.005   121739.009   121747.005   121758.009
   265:   121771.005   121777.009   121780.005   121788.009   121791.005
   270:   121846.009   121863.005   121876.009   121882.005   121902.009
   275:   121935.005   121949.009   123608.005   123619.009   123629.005
   280:   123635.009   123671.005   123680.009   123760.005   123997.009
   285:   208464.005   208469.009   208490.005   208511.009   208519.005
   290:   212999.009   213004.005   220153.009   220207.005   221749.009
   295:   221785.005   221816.009   221919.005   221949.009   221950.005
   300:   221956.009   221971.005   223079.009   223100.005   223173.009
   305:   223198.005   223235.009   223260.005   224761.009   224816.005
   310:   224818.009   224835.005   226371.009   226374.005   226407.009
   315:   226435.005   226630.009   226678.005   226716.009   226718.005
   320:   226724.009   226734.005   226750.009   226779.005   226809.009
   325:   226938.005   226970.009   227032.005   227051.009   227082.005
   330:   227101.009   227117.005   227133.009   227224.005   227229.009
   335:   227234.005   228669.009   228777.005   228788.009   228798.005
   340:   228806.009   308839.005   309112.009   309127.005   309866.009
   345:   309895.005   309950.009   309953.005   310161.009   310215.005
   350:   311689.009   311727.005   311801.009   311824.005   311849.009
   355:   311889.005   311907.009   311922.005   311929.009   311939.005
   360:   311973.009   312010.005   312074.009   312093.005   312738.009
   365:   312748.005   314279.009   314390.005   314409.009   314426.005
   370:   314434.009   314444.005   314453.009   314460.005   314527.009
   375:   314535.005   314556.009   314558.005   314584.009   314586.005
   380:   319327.009   319356.005   319365.009   319411.005   319435.009
   385:   319444.005   319449.009   319611.005   319620.009   319647.005
   390:   319655.009   319669.005   319679.009   319709.005   319722.009
   395:   319746.005   319751.009   319762.005   319767.009   416726.005
   400:   416737.009   416774.005   416850.009   416864.005   417002.009
   405:   417032.005   417049.009   417056.005   417069.009   423877.005
   410:   423883.009   423908.005   423921.009   510734.005   510876.009
   415:   510918.005   510976.009   510985.005   510996.009   511102.005
   420:   511104.009   511275.005   511293.009   511302.005   511313.009
   425:   612133.005   612164.009   612253.005   612350.009   612439.005
   430:   613039.009   613122.005   613137.009   613161.005   613244.009
   435:   613273.005   613312.009   613672.005   613685.009   616351.005
   440:   616429.009   616540.005   617549.009   617640.005   617661.009
   445:   617683.005   617699.009   617949.005   618129.009   618145.005
   450:   618171.009   618173.005   618806.009   618820.005   619430.009
   455:   619449.005   619462.009   619535.005   619637.009   619649.005
   460:   619659.009   619670.005   619682.009   619760.005   619767.009
   465:   619816.005   619850.009   622345.005   622351.009   622391.005
   470:   622404.009   622417.005   622433.009   622803.005   622810.009
   475:   622821.005   623101.009   623175.005   623291.009   764142.005
   480:   764150.009   764151.005   764162.009   764343.005   764557.009
   485:   764588.005   765325.009   802607.005   802636.009   802656.005
   490:   802698.009   802768.005   802795.009   802809.005   803018.009
   495:   803199.005   803458.009   803640.005   803701.009   803771.005
   500:   803795.009   803915.005   803978.009   804034.005   804066.009
   505:   804085.005   804098.009   804147.005   804212.009   804236.005
   510:   804343.009   804349.005   804428.009   804453.005   804481.009
   515:   804497.005   804508.009   804520.005   804668.009   804695.005
   520:   805008.009   805017.005   805066.009   805081.005   805148.009
   525:   806297.005   806319.009   806320.005   806328.009   806339.005
   530:   806344.009   806349.005   806361.009   857443.002   860164.004
   535:   861065.005   861182.009   862001.005   862073.009   862274.005
   540:   865503.009   865524.005   865535.009   867347.005   867352.009
   545:   867365.005   867370.009   867395.005   867713.009   867810.005
   550:   867859.009   867899.005   868195.009   868197.005   868213.009
   555:   868223.005   868232.009   868240.005   868252.009   868266.005
   560:   868676.009   868709.005   868742.009   868751.005   869017.009
   565:   869035.005   869237.009   869314.005   869359.009   869447.005
   570:   869465.009   869475.005   869535.009   869550.005   869572.009
   575:   869582.005   870317.009   870336.005   870364.009   870420.005
   580:   870640.009   870665.005   870676.009   870688.005   870706.009
   585:   876635.001   876920.003   943599.001   944015.003   944460.001
   590:   944577.003   945729.005   945751.009   952726.005   952732.009
   595:   952734.005   952750.009  1050664.005  1050673.009  1050697.005
   600:  1050705.009  1050962.005  1050973.009  1051026.005  1051152.009
   605:  1051218.005  1051292.009  1051341.005  1052528.009  1052552.005
   610:  1052572.009  1054193.005  1054230.009  1122893.005  1122900.009
   615:  1122933.005  1122942.009  1122968.005  1122996.009  1123002.005
   620:  1123041.009  1123072.005  1123080.009  1123130.005  1123147.009
   625:  1123210.005  1123235.009  1123394.005  1123404.009  1123461.005
   630:  1123560.009  1123649.005  1123674.009  1123740.005  1123774.009
   635:  1123781.005  1123878.009  1123910.005  1123916.009  1123937.005
   640:  1124019.009  1124120.005  1126114.009  1126136.005  1126160.009
   645:  1126168.005  1126187.009  1137782.001  1138575.003  1142209.001
   650:  1142860.003  1184417.001  1185157.003  1336381.001  1338118.003
   655:  1414383.001  1415745.003  1416696.001  1418917.003  1419815.005
   660:  1419853.009  1419894.005  1419910.009  1423786.005  1423797.009
   665:  1423798.005  1423806.009  1423807.005  1424028.009  1424061.005
   670:  1424071.009
B:
     0:        0.000       17.000        1.000       17.000        1.000
     5:      317.000        0.000        0.000        0.000      317.000
    10:        0.000        1.000        0.000        0.000        0.000
    15:        0.000        0.000        0.000        0.000        0.000
    20:        0.000        0.000        0.000        0.000        0.000
    25:        0.000        0.000        0.000        0.000        0.000
    30:        0.000
D:
     0:  1929421.000  1927201.000  1929422.000
E:
     0:     4000.000     4000.000
T:
     0:        0.000        0.000        0.000        0.000
W:
     0:        0.000        0.000        0.000
