File: C:\MED-PC IV\Data\ALFE\AU016.999


Start Date: 02/09/24
End Date: 02/09/24
Subject: 16
Experiment: AU
Group: EXP40
Box: 2
Start Time: 13:53:26
End Time: 14:43:25
MSN: DRRD_general_exp
C:       0.000
F:       0.000
G:       0.000
H:       0.000
I:       0.000
J:       0.000
K:      80.000
L:       0.000
M:       0.000
N:       0.000
O:       0.000
P:       0.000
Q:       0.000
R:       0.000
S:       0.000
U:  453207.000
V:       0.000
X:       0.000
Y:     267.000
Z:       0.000
A:
     0:     4589.005     4594.009     4600.005     4610.009     4611.005
     5:     5411.009     5412.005     5441.009     5476.005     5491.009
    10:     5501.005     5505.009     5544.005     5593.009     5638.005
    15:     5647.009    15000.011    32990.005    33003.009    33035.005
    20:    35989.009    36026.005    36158.009    36234.005    37620.009
    25:    37680.005    37695.009    39898.001    42078.003    58465.001
    30:    59670.003    61471.005    61541.009    61553.005    62628.009
    35:    62629.005    62636.009   126340.005   126609.009   126635.005
    40:   126721.009   126798.005   126879.009   126883.005   126959.009
    45:   138610.005   138630.009   138643.005   138676.009   138701.005
    50:   138711.009   138713.005   139636.009   139638.005   139663.009
    55:   139668.005   139764.009   139766.005   139792.009   139835.005
    60:   139892.009   139917.005   139925.009   140023.005   140060.009
    65:   140203.005   140346.009   140362.005   140418.009   140434.005
    70:   140455.009   140533.005   140546.009   140552.005   140573.009
    75:   140658.005   140666.009   140718.005   140837.009   140845.005
    80:   140880.009   140890.005   140941.009   140982.005   141002.009
    85:   141067.005   141078.009   141082.005   141116.009   141123.005
    90:   141144.009   141165.005   141167.009   141232.005   141251.009
    95:   141329.005   141402.009   141504.005   141543.009   141622.005
   100:   141637.009   141645.005   141686.009   141706.005   141770.009
   105:   141771.005   143049.009   143052.005   143073.009   144781.001
   110:   145903.003   146278.005   149061.009   149088.005   149110.009
   115:   149142.005   149188.009   149200.005   149212.009   149219.005
   120:   149236.009   149335.005   149370.009   149685.005   149692.009
   125:   149696.005   149704.009   150149.001   152559.003   154280.001
   130:   157383.003   160576.005   160584.009   175074.005   175144.009
   135:   175290.005   175311.009   176787.001   177657.003   179286.001
   140:   181280.003   192138.005   192291.009   294482.005   294499.009
   145:   294515.005   294528.009   294545.005   294571.009   294731.005
   150:   294737.009   295238.001   298279.003   298835.001   300153.003
   155:   306492.005   306500.009   306551.005   306559.009   306574.005
   160:   306592.009   306905.005   306912.009   306941.005   307430.009
   165:   307454.005   307492.009   307546.005   307551.009   307554.005
   170:   307596.009   307600.005   308178.009   388057.005   388076.009
   175:   418526.001   419260.003   421689.001   422345.003   428168.001
   180:   430170.003   813978.002   816651.004   816683.005   817228.009
   185:   817235.005   817257.009   817265.005   817278.009  1004505.002
   190:  1007747.004  1007883.005  1008309.009  1008316.005  1008323.009
   195:  1008327.005  1008335.009  1008355.005  1008364.009  1012325.001
   200:  1012549.003  1113455.005  1113464.009  1113859.005  1113872.009
   205:  1114048.005  1115129.009  1115132.005  1115148.009  1178189.002
   210:  1179070.004  1243732.005  1243740.009  1243836.005  1243843.009
   215:  1281671.005  1281708.009  1281725.005  1282103.009  1282120.005
   220:  1282368.009  1282556.005  1283455.009  1300331.001  1301701.003
   225:  1302730.001  1305212.003  1306376.005  1306462.009  1306467.005
   230:  1306789.009  1308813.001  1310124.003  1311405.001  1312477.003
   235:  1320720.001  1320842.003  1341643.002  1343120.004  1394490.005
   240:  1394505.009  1394536.005  1394550.009  1394571.005  1394584.009
   245:  1394640.005  1394664.009  1394713.005  1394733.009  1394775.005
   250:  1394828.009  1395150.005  1395155.009  1395203.005  1395265.009
   255:  1395291.005  1395298.009  1395339.005  1395345.009  1395366.005
   260:  1395381.009  1397741.001  1398320.003  1399093.001  1400057.003
   265:  1400274.001  1403640.003
B:
     0:        0.000       21.000        4.000       21.000        4.000
     5:      108.000        0.000        0.000        0.000      108.000
    10:        0.000        1.000        0.000        0.000        0.000
    15:        0.000        0.000        0.000        0.000        0.000
    20:        0.000        0.000        0.000        0.000        0.000
    25:        0.000        0.000        0.000        0.000        0.000
    30:        0.000
D:
     0:  1856846.000  1853481.000  1856847.000
E:
     0:     4000.000     4000.000
T:
     0:        0.000        0.000        0.000        0.000
W:
     0:        0.000        0.000        0.000
