File: C:\MED-PC IV\Data\ALFE\AU017.999


Start Date: 02/07/24
End Date: 02/07/24
Subject: 17
Experiment: AU
Group: LINEAR
Box: 3
Start Time: 13:40:11
End Time: 14:30:10
MSN: DRRD_500ms
C:       0.000
F:       2.000
G:       0.000
H:       0.000
I:       0.000
J:       0.000
K:     100.000
L:       0.000
M:       0.000
N:       0.000
O:       0.000
P:       0.000
Q:       0.000
R:       0.000
S:       0.000
U:  510505.000
V:       0.000
X:       0.000
Y:     704.000
Z:       0.000
A:
     0:     2988.001     3263.003     3424.001     3809.003    15000.011
     5:    15435.001    15909.003    17961.001    18487.003    20141.001
    10:    20241.003    20478.001    21762.003    24145.005    24234.009
    15:    24323.005    24748.009    29799.005    29867.009    31408.005
    20:    31422.009    31426.005    31544.009    41686.005    42179.009
    25:    43422.001    45582.003    45617.001    46651.003    47415.005
    30:    47512.009    57804.001    59920.003    60080.001    61202.003
    35:    62063.001    64458.003    64485.001    65671.003    66504.005
    40:    66517.009    66518.005    66790.009    70377.001    70465.003
    45:    70561.001    70715.003    71050.005    71204.009    78795.001
    50:    80067.003    80753.001    82829.003    82858.001    85091.003
    55:    86794.005    87056.009    87308.005    87488.009    87627.005
    60:    87637.009    88617.001    89018.003   102492.001   103399.003
    65:   103823.001   107714.003   109095.005   109116.009   109742.001
    70:   112774.003   112801.001   114268.003   115046.001   115581.003
    75:   116656.005   116742.009   117034.001   117459.003   117485.001
    80:   117917.003   118019.001   118418.003   118462.001   121330.003
    85:   121363.001   121919.003   127127.005   127150.009   127181.005
    90:   127216.009   127837.001   127924.003   128049.001   131181.003
    95:   131208.001   132938.003   133620.001   138297.003   139153.005
   100:   139260.009   139538.001   141876.003   141922.001   141976.003
   105:   142054.001   142388.003   142953.001   145713.003   145733.001
   110:   148041.003   148914.001   151751.003   151803.001   152102.003
   115:   152126.001   154131.003   154199.001   154262.003   154280.001
   120:   154782.003   166974.001   167291.003   167775.001   172775.018
   125:   172813.003   172819.016   172869.026   173032.005   173393.009
   130:   211211.001   216211.018   216286.003   216292.016   216342.026
   135:   216551.005   217164.009   217691.005   217711.009   217716.005
   140:   218289.009   218344.005   218361.009   218562.005   218569.009
   145:   218577.005   218594.009   219333.005   219622.009   219863.005
   150:   219883.009   219912.005   220313.009   220581.005   220657.009
   155:   221082.005   221127.009   221850.001   221910.003   250475.001
   160:   255411.003   260935.001   264359.003   264392.001   265795.003
   165:   267656.001   271762.003   273068.005   273382.009   273388.005
   170:   273799.009   274054.005   274234.009   286342.001   290146.003
   175:   290982.001   294864.003   296464.001   298536.003   298663.001
   180:   298933.003   299321.001   300450.003   301052.001   301947.003
   185:   303295.001   303984.003   306788.005   306916.009   306970.005
   190:   307374.009   308217.002   308363.004   308805.001   308881.003
   195:   308926.001   309398.003   310451.005   310546.009   312138.001
   200:   312199.003   312239.001   312894.003   313316.005   313628.009
   205:   317080.005   317098.009   317117.005   317243.009   317261.005
   210:   317290.009   317406.005   317439.009   317468.005   317482.009
   215:   345722.001   349986.003   354347.001   355211.003   355244.001
   220:   358981.003   372111.001   375127.003   375147.001   377108.003
   225:   378134.001   383134.018   383332.003   383338.016   383388.026
   230:   383753.005   384144.009   404266.005   404284.009   404308.005
   235:   404502.009   404509.005   404737.009   404740.005   404761.009
   240:   404970.005   404990.009   404996.005   405006.009   437587.005
   245:   437705.009   437800.005   437868.009   439346.001   442501.003
   250:   442528.001   444469.003   444997.005   445198.009   450806.001
   255:   455806.018   456828.003   456834.016   456884.026   457161.005
   260:   457684.009   477300.005   477447.009   490907.001   494560.003
   265:   494580.001   495411.003   496124.001   500737.003   501583.005
   270:   501788.009   502381.001   503011.003   503058.001   507897.003
   275:   508909.001   513675.003   514347.001   519347.018   519398.003
   280:   519404.016   519454.026   519730.005   520082.009   588255.005
   285:   588282.009   589602.001   593850.003   595487.001   598649.003
   290:   598658.001   600093.003   601264.001   606264.018   606366.003
   295:   606372.016   606422.026   606586.005   606831.009   666946.001
   300:   671216.003   672432.001   676881.003   677773.001   682491.003
   305:   683109.001   688109.018   688595.003   688601.016   688651.026
   310:   688882.005   689308.009   689328.005   689342.009   725022.005
   315:   725052.009   725095.005   725154.009   725170.005   725619.009
   320:   729551.001   732822.003   732840.001   733943.003   735020.001
   325:   739521.003   740471.001   745471.018   745602.003   745608.016
   330:   745658.026   745820.005   746403.009   746425.005   746437.009
   335:   746444.005   746467.009   746664.005   746849.009   747081.005
   340:   747154.009   747320.005   747356.009   747785.005   748027.009
   345:   748146.005   748831.009   748912.005   748923.009   748941.005
   350:   749238.009   749281.005   749292.009   749342.005   749849.009
   355:   749894.005   749902.009   750105.005   750236.009   750254.005
   360:   750467.009   750497.005   750500.009   750871.005   750883.009
   365:   750973.005   751199.009   751250.005   751266.009   751270.005
   370:   751392.009   752214.001   752265.003   752356.001   757356.018
   375:   757812.003   757818.016   757868.026   758068.005   758320.009
   380:   784942.001   785487.003   803751.001   808441.003   810383.001
   385:   815129.003   816664.001   819750.003   819791.001   819821.003
   390:   819960.001   821766.003   822534.001   826278.003   826321.001
   395:   828257.003   830110.001   832369.003   832467.001   834808.003
   400:   834878.001   835898.003   836531.005   836803.009   844056.005
   405:   844228.009   844243.005   844326.009   845027.005   845057.009
   410:   845716.005   845748.009   848008.001   850925.003   851663.001
   415:   855830.003   856841.001   861841.018   862294.003   862300.016
   420:   862350.026   862492.005   862953.009   896538.001   900818.003
   425:   901518.001   905408.003   906333.001   911193.003   911834.005
   430:   912215.009   912371.005   912430.009   913165.001   918036.003
   435:   934398.001   939398.018   939458.003   939464.016   939514.026
   440:   939702.005   940266.009   962326.001   967326.018   967675.003
   445:   967681.016   967731.026   967818.005   968083.009   991265.001
   450:   996265.018   996387.003   996393.016   996443.026   996612.005
   455:   996930.009   996934.005   996996.009  1015432.001  1019615.003
   460:  1021110.001  1025810.003  1026880.001  1031880.018  1031927.003
   465:  1031933.016  1031983.026  1032090.005  1032838.009  1032851.005
   470:  1032864.009  1032919.005  1032954.009  1034511.005  1034880.009
   475:  1036584.005  1036746.009  1036822.005  1037614.009  1037639.005
   480:  1038013.009  1038080.005  1038691.009  1040496.001  1044915.003
   485:  1045788.001  1050788.018  1050793.003  1050799.016  1050849.026
   490:  1051017.005  1051501.009  1079789.001  1083742.003  1084631.001
   495:  1088491.003  1089703.001  1092247.003  1098149.001  1099430.003
   500:  1102206.001  1105177.003  1106158.001  1110734.003  1111587.001
   505:  1115766.003  1116865.001  1118374.003  1120328.001  1120645.003
   510:  1126279.005  1126584.009  1126738.005  1126781.009  1126854.005
   515:  1126868.009  1128199.001  1129172.003  1131300.005  1131319.009
   520:  1132262.001  1136920.003  1137493.001  1142493.018  1142524.003
   525:  1142530.016  1142580.026  1142699.005  1142982.009  1187741.001
   530:  1191738.003  1192684.001  1195643.003  1195667.001  1197775.003
   535:  1198509.001  1203211.003  1203717.005  1204050.009  1207832.001
   540:  1207973.003  1208230.001  1208820.003  1220519.001  1223173.003
   545:  1223187.001  1224932.003  1225729.005  1226026.009  1226028.005
   550:  1226044.009  1235988.001  1240258.003  1241006.001  1246006.018
   555:  1246129.003  1246135.016  1246185.026  1246327.005  1246633.009
   560:  1249154.005  1249214.009  1260659.001  1265195.003  1267040.001
   565:  1272040.018  1272292.003  1272298.016  1272348.026  1272443.005
   570:  1272672.009  1277511.001  1277704.003  1280203.001  1280568.003
   575:  1280640.001  1285640.018  1285821.003  1285827.016  1285877.026
   580:  1285994.005  1286556.009  1286562.005  1286571.009  1286687.005
   585:  1286717.009  1286725.005  1286790.009  1286812.005  1286865.009
   590:  1287147.005  1287176.009  1288125.005  1288327.009  1289411.005
   595:  1289630.009  1289678.005  1290100.009  1307147.001  1312058.003
   600:  1314101.001  1319101.018  1319580.003  1319586.016  1319636.026
   605:  1319765.005  1320395.009  1335222.001  1339404.003  1340065.001
   610:  1345065.018  1345285.003  1345291.016  1345341.026  1345474.005
   615:  1345820.009  1347460.005  1347774.009  1370767.005  1370927.009
   620:  1370939.005  1370951.009  1370960.005  1371116.009  1371890.001
   625:  1376344.003  1377059.001  1380728.003  1380760.001  1382010.003
   630:  1382504.001  1387504.018  1387792.003  1387798.016  1387848.026
   635:  1387975.005  1388563.009  1388678.005  1388694.009  1388741.005
   640:  1388779.009  1388786.005  1388843.009  1388984.005  1389000.009
   645:  1389043.005  1389088.009  1389095.005  1389125.009  1390276.005
   650:  1390336.009  1390408.005  1390747.009  1390764.005  1390833.009
   655:  1390871.005  1391050.009  1391141.005  1391192.009  1391229.005
   660:  1391260.009  1391350.005  1391387.009  1391416.005  1391617.009
   665:  1400134.005  1400151.009  1400327.005  1400337.009  1400339.005
   670:  1400352.009  1407837.001  1412590.003  1413489.001  1418489.018
   675:  1418644.003  1418650.016  1418700.026  1418841.005  1419193.009
   680:  1420563.005  1421238.009  1421244.005  1421451.009  1422247.001
   685:  1422970.003  1424565.001  1429113.003  1430025.001  1435025.018
   690:  1435498.003  1435504.016  1435554.026  1435693.005  1436254.009
   695:  1437202.005  1437653.009  1479095.001  1484095.018  1484545.003
   700:  1484551.016  1484601.026  1484766.005  1485769.009
B:
     0:        0.000      158.000        1.000      158.000        1.000
     5:      155.000        0.000        0.000        0.000      155.000
    10:        0.000        1.000        0.000        0.000        0.000
    15:        0.000       25.000        0.000       25.000        0.000
    20:        0.000        0.000        0.000        0.000        0.000
    25:        0.000       25.000        0.000        0.000        0.000
    30:        0.000
D:
     0:  1995049.000  1989600.000  1995050.000
E:
     0:     5000.000     5000.000
T:
     0:        0.000        0.000        0.000        0.000
W:
     0:        0.000        0.000        0.000
