File: C:\MED-PC IV\Data\ALFE\AU022.999


Start Date: 02/13/24
End Date: 02/13/24
Subject: 22
Experiment: AU
Group: EXP40
Box: 2
Start Time: 14:13:01
End Time: 15:03:01
MSN: DRRD_general_exp
C:       0.000
F:       0.000
G:       0.000
H:       0.000
I:       0.000
J:       0.000
K:      80.000
L:       0.000
M:       0.000
N:       0.000
O:       0.000
P:       0.000
Q:       0.000
R:       0.000
S:       0.000
U: 2270735.000
V:       0.000
X:       0.000
Y:    1883.000
Z:       0.000
A:
     0:      232.005      305.009     4453.005     4553.009     4589.005
     5:     4597.009    15000.011    15426.001    15918.003    16094.005
    10:    17636.009    17709.005    17734.009    19312.001    19427.003
    15:    19578.005    19728.009    20148.001    20862.003    20967.005
    20:    20978.009    20999.005    21008.009    21264.001    23441.003
    25:    23469.001    24444.003    24491.001    24762.003    24882.001
    30:    25282.003    26006.001    26164.003    28697.001    28784.003
    35:    29324.001    29720.003    34116.001    34179.003    34311.001
    40:    35004.003    35100.001    35701.003    35726.001    37114.003
    45:    37653.005    37663.009    37698.005    37956.009    39061.001
    50:    41560.003    42348.001    42430.003    42464.001    45264.003
    55:    45996.001    48367.003    48369.001    48429.003    48487.001
    60:    49996.003    51193.001    55193.018    55362.003    55368.016
    65:    55418.026    55514.005    55946.009    56012.005    56027.009
    70:    59951.001    59970.003    60024.001    61805.003    61836.001
    75:    64066.003    64688.005    64783.009    64813.005    64824.009
    80:    64838.005    64890.009    65463.001    67849.003    67889.001
    85:    68738.003    69622.001    73622.018    74293.003    74299.016
    90:    74349.026    74440.005    75858.009    75860.005    75870.009
    95:    78458.001    81522.003    82528.005    82539.009    82623.005
   100:    82631.009    82669.005    82830.009    82833.005    82953.009
   105:    82962.005    82970.009    83525.001    87525.018    87622.003
   110:    87628.016    87678.026    87814.005    88512.009    88519.005
   115:    88540.009    91335.001    91948.003    91982.001    94372.003
   120:    95165.001    98441.003    98940.005    98946.009    99017.005
   125:    99162.009    99165.005   100411.009   100415.005   100420.009
   130:   100421.005   100435.009   101180.001   104351.003   106102.001
   135:   108417.003   108871.005   108955.009   109476.001   113476.018
   140:   113508.003   113514.016   113564.026   113661.005   114213.009
   145:   114219.005   114234.009   114262.005   114297.009   116280.001
   150:   116427.003   116464.001   119313.003   120809.001   121205.003
   155:   121250.001   121819.003   121866.001   123219.003   124172.001
   160:   124380.003   124418.001   126341.003   126824.005   126962.009
   165:   127409.001   127824.003   127884.001   129443.003   129473.001
   170:   130390.003   132158.001   132699.003   132720.001   132900.003
   175:   132935.001   133258.003   133333.001   135028.003   135487.005
   180:   135493.009   135530.005   135616.009   136537.001   139055.003
   185:   141586.005   141619.009   141620.005   141686.009   141694.005
   190:   141874.009   141879.005   141890.009   142322.001   145526.003
   195:   146069.005   146080.009   146110.005   146129.009   146638.001
   200:   150390.003   152060.001   155461.003   157126.001   159264.003
   205:   159297.001   160625.003   162241.001   163539.003   163575.001
   210:   165890.003   166476.005   166481.009   166533.005   166551.009
   215:   166552.005   166718.009   167260.001   169446.003   171888.001
   220:   174896.003   178824.005   178831.009   178861.005   178871.009
   225:   179827.001   183255.003   184253.001   188253.018   188497.003
   230:   188503.016   188553.026   188705.005   188710.009   188715.005
   235:   189175.009   189179.005   189224.009   192462.001   192770.003
   240:   192825.001   193723.003   193757.001   196190.003   196876.005
   245:   196917.009   197495.001   201495.018   201641.003   201647.016
   250:   201697.026   201831.005   201838.009   201839.005   202545.009
   255:   202551.005   202571.009   202583.005   202588.009   205434.001
   260:   205708.003   205752.001   207794.003   207860.001   208055.003
   265:   208094.001   209117.003   210166.001   210276.003   210499.001
   270:   213789.003   214358.005   214522.009   214557.005   214565.009
   275:   214566.005   214572.009   214599.005   214655.009   214690.005
   280:   214695.009   215183.001   218483.003   219079.005   219229.009
   285:   219734.001   220316.003   220373.001   220555.003   220611.001
   290:   223157.003   225127.001   228346.003   228935.005   228943.009
   295:   228947.005   229023.009   229645.001   230314.003   230350.001
   300:   230615.003   230653.001   233042.003   234248.001   235408.003
   305:   235437.001   236183.003   236218.001   236386.003   236417.001
   310:   237065.003   237660.005   237868.009   238602.001   242188.003
   315:   243213.005   243219.009   243254.005   243285.009   243314.005
   320:   243319.009   244229.001   246713.003   246729.001   246766.003
   325:   246800.001   247930.003   250350.001   254350.018   254906.003
   330:   254912.016   254962.026   255132.005   255484.009   255499.005
   335:   255507.009   257648.005   257682.009   257697.005   258167.009
   340:   258221.005   258227.009   258869.001   259672.003   259795.001
   345:   260186.003   260230.001   261126.003   261181.001   262657.003
   350:   263805.005   263808.009   264439.001   265282.003   265319.001
   355:   266654.003   268122.001   269444.003   269494.001   271744.003
   360:   272396.005   272409.009   274699.005   274746.009   274758.005
   365:   274770.009   275030.005   275054.009   275601.001   278232.003
   370:   278271.001   279233.003   279852.005   280074.009   280604.001
   375:   280794.003   280830.001   280899.003   280916.001   281177.003
   380:   281324.001   281600.003   281645.001   283485.003   286701.001
   385:   288558.003   288608.001   290181.003   291386.001   291519.003
   390:   291623.001   293929.003   293980.001   295131.003   295661.005
   395:   295925.009   296474.001   299952.003   300789.005   300925.009
   400:   300928.005   300936.009   301532.001   302765.003   302870.001
   405:   303056.003   303092.001   306329.003   309598.005   309605.009
   410:   309622.005   309631.009   312270.005   312725.009   313721.001
   415:   313786.003   313843.001   317068.003   318701.001   319946.003
   420:   319988.001   322065.003   322643.005   322649.009   322662.005
   425:   322675.009   322678.005   322974.009   324185.001   325572.003
   430:   325639.001   326009.003   326030.001   328052.003   328681.005
   435:   328841.009   328861.005   328873.009   336278.005   336283.009
   440:   337185.001   338283.003   338402.001   340797.003   341504.005
   445:   341516.009   342047.001   346047.018   346076.003   346082.016
   450:   346132.026   346247.005   347036.009   347054.005   347068.009
   455:   347090.005   347103.009   349379.005   349574.009   350317.001
   460:   351981.003   353194.001   355210.003   355254.001   356291.003
   465:   356898.005   356995.009   357446.001   361280.003   362059.005
   470:   362077.009   362662.001   366662.018   366861.003   366867.016
   475:   366917.026   367071.005   367435.009   367437.005   367457.009
   480:   367460.005   367573.009   367612.005   367642.009   373074.005
   485:   373082.009   373129.005   373145.009   373168.005   373174.009
   490:   373189.005   373202.009   373642.001   373696.003   373795.001
   495:   373840.003   373920.001   376163.003   376276.001   376311.003
   500:   376370.001   377813.003   378807.005   378829.009   378840.005
   505:   378891.009   379484.001   379989.003   380324.001   383008.003
   510:   383662.005   383942.009   384598.001   388211.003   389638.001
   515:   392721.003   393359.005   393364.009   393371.005   393381.009
   520:   393387.005   393439.009   393448.005   393458.009   393635.005
   525:   393641.009   393653.005   393704.009   394387.001   397413.003
   530:   398100.005   398106.009   398137.005   398145.009   398149.005
   535:   398160.009   398165.005   398390.009   400045.001   403223.003
   540:   404790.001   406391.003   406531.001   406563.003   406612.001
   545:   408471.003   409169.005   409182.009   409188.005   409193.009
   550:   409194.005   409317.009   409802.001   412336.003   412360.001
   555:   413705.003   415644.001   415677.003   415732.001   416669.003
   560:   416754.001   419534.003   426018.001   429124.003   430757.001
   565:   430794.003   430827.001   434125.003   434765.005   434771.009
   570:   434791.005   435099.009   435102.005   435112.009   436343.001
   575:   439222.003   439261.001   439492.003   439642.001   439878.003
   580:   440494.005   440662.009   441207.001   442021.003   442068.001
   585:   444721.003   446138.001   446241.003   446286.001   448530.003
   590:   448577.001   449946.003   497907.005   497911.009   498006.005
   595:   498027.009   498054.005   498066.009   498070.005   498094.009
   600:   498104.005   498139.009   498256.005   498267.009   498282.005
   605:   498313.009   498322.005   498330.009   498360.005   498368.009
   610:   498375.005   498398.009   498523.005   498541.009   498545.005
   615:   498551.009   498577.005   498605.009   498852.005   498876.009
   620:   498892.005   499576.009   500430.001   503141.003   503883.005
   625:   503888.009   503916.005   504355.009   504364.005   504406.009
   630:   504420.005   506182.009   506199.005   506231.009   508555.001
   635:   510845.003   521818.005   522405.009   525022.005   525186.009
   640:   525187.005   525193.009   525195.005   525201.009   526606.001
   645:   530507.003   537650.005   537656.009   537662.005   537966.009
   650:   537984.005   537995.009   539306.001   542985.003   543021.001
   655:   543653.003   543709.001   543891.003   543939.001   544890.003
   660:   551758.005   551765.009   551770.005   551781.009   551814.005
   665:   551825.009   551838.005   551850.009   552737.001   556737.018
   670:   556740.003   556746.016   556796.026   556819.001   556832.003
   675:   556886.005   557735.009   557753.005   557785.009   557802.005
   680:   557834.009   557847.005   557862.009   557891.005   557908.009
   685:   559307.005   559537.009   559539.005   559704.009   559733.005
   690:   559740.009   560468.001   561610.003   561646.001   565274.003
   695:   566193.005   566200.009   566217.005   566224.009   566726.001
   700:   568650.003   568675.001   570169.003   570241.001   571361.003
   705:   572677.001   572695.003   572759.001   576096.003   580706.001
   710:   584359.003   585634.001   589269.003   590453.005   590627.009
   715:   591270.001   595270.018   595372.003   595378.016   595428.026
   720:   595442.001   595574.003   595610.005   596105.009   596132.005
   725:   596164.009   596170.005   596197.009   596226.005   596250.009
   730:   596257.005   596265.009   596575.005   596607.009   598872.005
   735:   598891.009   598912.005   599012.009   599063.005   599075.009
   740:   599104.005   599111.009   599524.001   599604.003   599623.001
   745:   600534.003   600648.001   602895.003   604341.001   608137.003
   750:   609289.001   610902.003   610941.001   612962.003   613638.005
   755:   613826.009   617406.001   620107.003   620174.001   620712.003
   760:   621651.005   621657.009   621660.005   621672.009   621675.005
   765:   621733.009   625030.005   625231.009   626954.005   627155.009
   770:   627156.005   627164.009   627603.001   631418.003   632017.005
   775:   632027.009   632028.005   632457.009   634197.001   635041.003
   780:   635117.001   637250.003   637315.001   637991.003   638516.005
   785:   638669.009   638672.005   638679.009   638717.005   638722.009
   790:   643416.005   643811.009   644332.001   647681.003   647798.001
   795:   648487.003   654090.005   654094.009   654104.005   654211.009
   800:   654659.001   656190.003   656242.001   658279.003   658954.005
   805:   658957.009   658976.005   658986.009   658987.005   659335.009
   810:   660054.001   661487.003   661551.001   663606.003   674217.001
   815:   678217.018   678637.003   678643.016   678693.026   678784.005
   820:   679496.009   679538.005   679545.009   679546.005   679590.009
   825:   683247.001   683758.003   683800.001   684599.003   684641.001
   830:   685794.003   690396.005   690402.009   690416.005   690437.009
   835:   690438.005   690447.009   693840.001   694844.003   694919.001
   840:   695076.003   695095.001   698498.003   698524.001   699274.003
   845:   699809.005   699818.009   699823.005   699828.009   699834.005
   850:   699969.009   699993.005   699997.009   701043.005   701048.009
   855:   701053.005   701063.009   708708.005   708714.009   709682.001
   860:   709991.003   709999.001   712596.003   712696.001   712965.003
   865:   713012.001   713729.003   714228.005   714432.009   714433.005
   870:   714436.009   714438.005   714443.009   714445.005   714450.009
   875:   714461.005   714466.009   714487.005   714491.009   718847.001
   880:   720492.003   720536.001   722082.003   723040.005   723487.009
   885:   724637.001   726416.003   726432.001   726599.003   726634.001
   890:   727039.003   727094.001   728842.003   730150.005   730154.009
   895:   734483.005   734761.009   734770.005   734780.009   735714.001
   900:   736444.003   736498.001   739802.003   745145.005   745506.009
   905:   745508.005   745516.009   746514.001   750278.003   751064.005
   910:   751074.009   751080.005   751232.009   752332.001   752523.003
   915:   752573.001   752692.003   752985.001   755401.003   756022.005
   920:   756026.009   756043.005   756048.009   756058.005   756481.009
   925:   756483.005   756488.009   756563.005   756611.009   756616.005
   930:   756637.009   765760.005   765777.009   765780.005   766107.009
   935:   766109.005   766156.009   772080.005   772116.009   772127.005
   940:   772731.009   772746.005   772753.009   775691.005   775719.009
   945:   775727.005   776506.009   776514.005   776833.009   776858.005
   950:   776884.009   776926.005   776931.009   784169.005   784375.009
   955:   784380.005   784388.009   784527.005   784544.009   784553.005
   960:   784812.009   784819.005   784829.009   786131.001   788703.003
   965:   788750.001   790998.003   800655.005   800665.009   800682.005
   970:   800840.009   800844.005   800852.009   800858.005   800863.009
   975:   801497.001   801583.003   802017.001   802479.003   802528.001
   980:   806321.003   807226.005   807669.009   808582.001   812582.018
   985:   813331.003   813337.016   813387.026   813536.005   814062.009
   990:   814063.005   814092.009   814108.005   814110.009   814122.005
   995:   814140.009   815362.005   815368.009   820746.005   821167.009
  1000:   821183.005   821195.009   821770.001   822003.003   822060.001
  1005:   822161.003   822335.001   825886.003   828685.005   828842.009
  1010:   828898.005   829062.009   829767.001   833410.003   833448.001
  1015:   834131.003   834188.001   834726.003   839058.005   839466.009
  1020:   839467.005   839478.009   839479.005   839506.009   839509.005
  1025:   839517.009   840336.001   844336.018   844507.003   844513.016
  1030:   844563.026   844713.005   845285.009   845290.005   845342.009
  1035:   845355.005   845365.009   845369.005   845525.009   845541.005
  1040:   845547.009   845591.005   845612.009   853767.005   853772.009
  1045:   853799.005   854184.009   855154.001   857937.003   858387.005
  1050:   858630.009   859245.001   862298.003   863000.005   863561.009
  1055:   864127.001   864169.003   864227.001   866978.003   869126.005
  1060:   869289.009   870081.001   873548.003   874309.005   874443.009
  1065:   875073.001   878150.003   879158.005   879219.009   879924.001
  1070:   880067.003   880222.001   880364.003   880413.001   883248.003
  1075:   885969.001   886032.003   886201.001   889570.003   890534.005
  1080:   890821.009   892896.001   896578.003   904222.005   904625.009
  1085:   905734.001   909476.003   922729.005   922984.009   922999.005
  1090:   923002.009   924131.001   924990.003   925530.005   926111.009
  1095:   932296.005   932304.009   932306.005   932311.009   932317.005
  1100:   932326.009   932329.005   932340.009   932342.005   932351.009
  1105:   932357.005   932832.009   932839.005   932845.009   932853.005
  1110:   932858.009   934536.001   938120.003   938776.005   939099.009
  1115:   939719.001   943229.003   943914.005   944015.009   945802.001
  1120:   947573.003   947609.001   949405.003   950646.001   951360.003
  1125:   951415.001   951971.003   952030.001   954046.003   959828.005
  1130:   960481.009   960534.005   960543.009   960551.005   960569.009
  1135:   960662.005   960732.009   960794.005   960828.009   960879.005
  1140:   960895.009   960902.005   960915.009   961753.001   965549.003
  1145:   966749.005   966834.009   976076.001   980076.018   980522.003
  1150:   980528.016   980578.026   980761.005   981549.009   982037.005
  1155:   982042.009   982929.005   982949.009   984008.005   984015.009
  1160:   984019.005   984401.009   984417.005   984434.009   984446.005
  1165:   984456.009   984459.005   984460.009   984471.005   984476.009
  1170:   984932.001   987692.003   988391.005   988550.009   989044.001
  1175:   989469.003   989516.001   989532.003   989546.001   990147.003
  1180:   990177.001   991901.003   998055.005   998068.009   998071.005
  1185:   998077.009   998092.005   998268.009   999046.005   999053.009
  1190:   999092.005   999102.009   999122.005   999152.009   999164.005
  1195:   999261.009  1009054.005  1009071.009  1009084.005  1009090.009
  1200:  1009125.005  1009130.009  1009919.001  1010560.003  1010639.001
  1205:  1010741.003  1010795.001  1010821.003  1010909.001  1011466.003
  1210:  1011623.001  1014268.003  1015779.001  1018948.003  1020390.001
  1215:  1020580.003  1020598.001  1023328.003  1023955.005  1023970.009
  1220:  1024552.001  1025326.003  1025394.001  1028066.003  1029060.001
  1225:  1031843.003  1037595.005  1037613.009  1037621.005  1037966.009
  1230:  1038577.001  1038708.003  1038832.001  1039139.003  1039168.001
  1235:  1040180.003  1040212.001  1041639.003  1046002.005  1046014.009
  1240:  1046030.005  1046196.009  1046197.005  1046206.009  1046231.005
  1245:  1046236.009  1046270.005  1046285.009  1047244.001  1051244.018
  1250:  1052155.003  1052161.016  1052211.026  1052355.005  1053132.009
  1255:  1053139.005  1053149.009  1053169.005  1053180.009  1053201.005
  1260:  1053237.009  1053245.005  1053321.009  1053342.005  1053348.009
  1265:  1053349.005  1053357.009  1056931.005  1056946.009  1056991.005
  1270:  1056998.009  1056999.005  1057240.009  1057248.005  1057255.009
  1275:  1057269.005  1057275.009  1057954.001  1058955.003  1058970.001
  1280:  1061067.003  1062187.001  1066187.018  1066307.003  1066313.016
  1285:  1066363.026  1066633.005  1067191.009  1070510.005  1070523.009
  1290:  1070548.005  1070558.009  1071530.001  1072759.003  1072816.001
  1295:  1075179.003  1075915.005  1075923.009  1075948.005  1075957.009
  1300:  1075960.005  1075981.009  1075989.005  1076030.009  1076865.001
  1305:  1080532.003  1081893.001  1085414.003  1087235.001  1091235.018
  1310:  1091699.003  1091705.016  1091755.026  1091816.005  1092749.009
  1315:  1095785.001  1096528.003  1096597.001  1099026.003  1099803.005
  1320:  1100151.009  1100214.005  1100218.009  1100766.001  1104217.003
  1325:  1107942.005  1108586.009  1108596.005  1108610.009  1109078.001
  1330:  1111973.003  1112744.005  1112758.009  1113439.001  1117255.003
  1335:  1118666.001  1122404.003  1123635.001  1126784.003  1129511.001
  1340:  1133293.003  1134673.001  1134890.003  1135000.001  1138194.003
  1345:  1138904.005  1139026.009  1139036.005  1139047.009  1141044.001
  1350:  1144544.003  1145925.001  1146228.003  1146275.001  1149602.003
  1355:  1150868.001  1154188.003  1157859.005  1157884.009  1157896.005
  1360:  1157938.009  1157942.005  1158041.009  1158962.001  1161908.003
  1365:  1163123.001  1167123.018  1167665.003  1167671.016  1167721.026
  1370:  1167862.005  1168455.009  1168460.005  1168477.009  1168549.005
  1375:  1168566.009  1168583.005  1168595.009  1171141.005  1171322.009
  1380:  1171325.005  1171332.009  1171388.005  1171392.009  1171397.005
  1385:  1171401.009  1171423.005  1171583.009  1171585.005  1171594.009
  1390:  1172261.001  1176261.018  1176380.003  1176386.016  1176436.026
  1395:  1176593.005  1177031.009  1177033.005  1177570.009  1177642.005
  1400:  1177659.009  1177724.005  1177730.009  1183524.001  1186926.003
  1405:  1188158.001  1192158.018  1192931.003  1192937.016  1192987.026
  1410:  1193027.005  1193617.009  1193620.005  1193639.009  1193658.005
  1415:  1193668.009  1193673.005  1193684.009  1193712.005  1193719.009
  1420:  1193769.005  1193780.009  1193791.005  1193808.009  1197634.005
  1425:  1197636.009  1198685.001  1199071.003  1199177.001  1202421.003
  1430:  1203671.001  1207671.018  1207692.003  1207698.016  1207748.026
  1435:  1208831.005  1208836.009  1208926.005  1208942.009  1210163.001
  1440:  1213453.003  1213486.001  1214484.003  1214595.001  1214703.003
  1445:  1216620.001  1216856.003  1217125.001  1217551.003  1217574.001
  1450:  1220888.003  1221856.001  1221936.003  1222747.001  1223563.003
  1455:  1223630.001  1227615.003  1229472.001  1229791.003  1229963.001
  1460:  1233963.018  1234278.003  1234284.016  1234334.026  1234358.005
  1465:  1234364.009  1234365.005  1235160.009  1235190.005  1235209.009
  1470:  1235230.005  1235238.009  1235267.005  1235279.009  1235286.005
  1475:  1235306.009  1235313.005  1235322.009  1237500.005  1238301.009
  1480:  1238314.005  1238324.009  1238328.005  1238733.009  1238745.005
  1485:  1238801.009  1238866.005  1238882.009  1238908.005  1238933.009
  1490:  1238945.005  1238954.009  1238962.005  1238976.009  1238978.005
  1495:  1238987.009  1241777.005  1241789.009  1241966.005  1241979.009
  1500:  1241993.005  1241997.009  1242000.005  1242022.009  1242029.005
  1505:  1242040.009  1242052.005  1242083.009  1242096.005  1244690.009
  1510:  1244695.005  1244710.009  1244716.005  1244722.009  1244728.005
  1515:  1244784.009  1244827.005  1244838.009  1244843.005  1244865.009
  1520:  1244866.005  1244875.009  1244880.005  1244975.009  1245041.005
  1525:  1245093.009  1245096.005  1245099.009  1246012.001  1248039.003
  1530:  1248078.001  1249862.003  1250744.005  1250749.009  1250760.005
  1535:  1251605.009  1252275.001  1256275.018  1256860.003  1256866.016
  1540:  1256916.026  1257103.005  1257722.009  1257745.005  1257759.009
  1545:  1257760.005  1257773.009  1257782.005  1257787.009  1258961.005
  1550:  1258967.009  1260681.001  1261920.003  1261968.001  1263272.003
  1555:  1263308.001  1264007.003  1265206.001  1265543.003  1265640.001
  1560:  1269450.003  1270688.001  1274086.003  1275473.001  1276157.003
  1565:  1276178.001  1278343.003  1278375.001  1279383.003  1281036.001
  1570:  1283539.003  1283572.001  1284452.003  1284503.001  1285695.003
  1575:  1287171.001  1287262.003  1287296.001  1288899.003  1288943.001
  1580:  1290070.003  1290105.001  1290252.003  1290330.001  1290366.003
  1585:  1290385.001  1290749.003  1290899.001  1292429.003  1292821.005
  1590:  1293067.009  1297433.005  1297439.009  1298451.001  1298543.003
  1595:  1298614.001  1298757.003  1298788.001  1299073.003  1299090.001
  1600:  1299145.003  1299192.001  1303192.018  1303203.003  1303209.016
  1605:  1303259.026  1303414.005  1303946.009  1303996.005  1304011.009
  1610:  1305252.005  1305256.009  1310086.005  1310092.009  1310160.005
  1615:  1310170.009  1310171.005  1310179.009  1310262.005  1310276.009
  1620:  1310279.005  1310328.009  1310346.005  1310355.009  1310379.005
  1625:  1311025.009  1311075.005  1311079.009  1311716.001  1311786.003
  1630:  1311938.001  1312077.003  1312110.001  1315922.003  1319362.005
  1635:  1319626.009  1319639.005  1319650.009  1320859.001  1324859.018
  1640:  1325195.003  1325201.016  1325223.001  1325251.026  1325433.005
  1645:  1325435.003  1325444.009  1325463.005  1327403.009  1327412.005
  1650:  1327428.009  1327443.005  1327460.009  1327471.005  1327476.009
  1655:  1327480.005  1327494.009  1327505.005  1327512.009  1327518.005
  1660:  1327534.009  1327591.005  1327615.009  1327728.005  1327741.009
  1665:  1327784.005  1327794.009  1327798.005  1328007.009  1328027.005
  1670:  1328210.009  1328219.005  1328222.009  1329397.001  1333013.003
  1675:  1334736.001  1334995.003  1335087.001  1339087.018  1339530.003
  1680:  1339536.016  1339586.026  1339733.005  1339741.009  1339758.005
  1685:  1340506.009  1340561.005  1340578.009  1340902.005  1340924.009
  1690:  1341029.005  1341046.009  1341048.005  1341055.009  1341122.005
  1695:  1341138.009  1341158.005  1341166.009  1341178.005  1341185.009
  1700:  1341206.005  1341235.009  1341256.005  1341279.009  1342168.005
  1705:  1342186.009  1342241.005  1342278.009  1342307.005  1342315.009
  1710:  1342445.005  1342659.009  1344642.001  1348642.018  1348646.003
  1715:  1348652.016  1348702.026  1348853.005  1348855.009  1348859.005
  1720:  1349689.009  1349690.005  1349704.009  1349739.005  1349851.009
  1725:  1349884.005  1349898.009  1349904.005  1349911.009  1350713.005
  1730:  1350727.009  1351590.005  1352395.009  1352470.005  1352489.009
  1735:  1352522.005  1352537.009  1352541.005  1352552.009  1353330.001
  1740:  1357330.018  1357730.003  1357736.016  1357786.026  1357788.017
  1745:  1358017.005  1358023.009  1358028.005  1358796.009  1358797.005
  1750:  1358820.009  1358848.005  1358858.009  1358866.005  1358871.009
  1755:  1358912.005  1358919.009  1359820.005  1359837.009  1360173.005
  1760:  1361208.009  1361225.005  1361244.009  1362205.001  1364966.003
  1765:  1365005.001  1367380.003  1368715.005  1368744.009  1368749.005
  1770:  1368785.009  1369445.001  1369695.003  1369762.001  1373927.003
  1775:  1375228.001  1376011.003  1376076.001  1379416.003  1386371.005
  1780:  1386410.009  1386421.005  1386839.009  1386843.005  1386849.009
  1785:  1387882.001  1388792.003  1388841.001  1392651.003  1396596.005
  1790:  1396602.009  1396605.005  1396790.009  1396792.005  1396803.009
  1795:  1397941.001  1398002.003  1398786.005  1398945.009  1399388.001
  1800:  1404388.018  1405077.003  1405083.016  1405133.026  1405239.005
  1805:  1405244.009  1405251.005  1405934.009  1405994.005  1406002.009
  1810:  1410832.005  1410840.009  1410856.005  1411960.009  1418948.005
  1815:  1419760.009  1422062.005  1422067.009  1422093.005  1422111.009
  1820:  1423838.001  1427797.003  1428611.005  1428895.009  1430017.001
  1825:  1432104.003  1432197.001  1434175.003  1434204.001  1435374.003
  1830:  1438633.005  1438736.009  1438740.005  1438762.009  1440400.005
  1835:  1440408.009  1440984.005  1440996.009  1441002.005  1441011.009
  1840:  1441055.005  1441069.009  1442090.001  1446140.003  1446168.001
  1845:  1448296.003  1451940.005  1452106.009  1452138.005  1452147.009
  1850:  1452149.005  1452316.009  1453907.001  1458907.018  1459751.003
  1855:  1459757.016  1459807.026  1459943.005  1461034.009  1461057.005
  1860:  1461070.009  1463185.005  1463476.009  1463482.005  1463488.009
  1865:  1463492.005  1463503.009  1464360.001  1468001.003  1469279.001
  1870:  1473373.003  1474226.005  1474233.009  1474243.005  1474247.009
  1875:  1474748.001  1478928.003  1480471.001  1481038.003  1481574.001
  1880:  1484875.003  1485066.001  1485731.003
B:
     0:        0.000      377.000        0.000      377.000        0.000
     5:      517.000        0.000        0.000        0.000      517.000
    10:        0.000        1.000        0.000        0.000        0.000
    15:        0.000       31.000        1.000       31.000        0.000
    20:        0.000        0.000        0.000        0.000        0.000
    25:        0.000       31.000        0.000        0.000        0.000
    30:        0.000
D:
     0:  3756465.000  3755801.000  3756466.000
E:
     0:     4000.000     5000.000
T:
     0:        0.000        0.000        0.000        0.000
W:
     0:        0.000        0.000        0.000
