File: C:\MED-PC IV\Data\ALFE\AU020.999


Start Date: 01/30/24
End Date: 01/30/24
Subject: 20
Experiment: AU
Group: EXP40
Box: 6
Start Time: 15:12:18
End Time: 16:02:17
MSN: DRRD_general_exp
C:       0.000
F:       0.000
G:       0.000
H:       0.000
I:       0.000
J:       0.000
K:      29.000
L:       0.000
M:       0.000
N:       0.000
O:       0.000
P:       0.000
Q:       0.000
R:       0.000
S:       0.000
U:  379785.000
V:       0.000
X:       0.000
Y:    2045.000
Z:       0.000
A:
     0:     4469.001     4509.003     5268.005     5311.009     5339.005
     5:     5546.009     6251.001     6329.003     6385.001     6506.003
    10:     6684.001     6974.003    15000.011    15720.005    15755.009
    15:    15897.005    15967.009    16094.005    16690.009    18015.002
    20:    18095.004    18729.005    18869.009    19026.005    19048.009
    25:    19049.005    19086.009    22011.005    22213.009    22515.001
    30:    23491.003    23606.005    23616.009    23633.005    23675.009
    35:    23688.005    23813.009    24006.001    25456.018    25641.003
    40:    25647.016    25697.026    25849.005    26259.009    26274.005
    45:    26604.009    27424.001    27883.003    27900.001    28442.003
    50:    28758.001    28791.003    28838.001    30288.018    30443.003
    55:    30449.016    30499.026    31202.005    31278.009    31308.005
    60:    32200.009    32418.005    32725.009    32985.005    33013.009
    65:    33155.005    33215.009    33250.005    33258.009    33337.005
    70:    33345.009    33488.005    33817.009    34733.001    35824.003
    75:    35943.001    37375.003    37442.001    37576.003    37729.001
    80:    37834.003    38073.001    38127.003    38173.001    39484.003
    85:    39788.001    39852.003    39887.001    40282.003    40321.001
    90:    41219.003    41281.001    41738.003    41965.001    43328.003
    95:    44068.001    44106.003    44114.001    44255.003    44467.001
   100:    44664.003    44673.001    45271.003    45498.001    45569.003
   105:    45575.001    46854.003    47501.001    48938.003    49333.001
   110:    49883.003    50141.001    50282.003    50395.001    50551.003
   115:    50724.001    50785.003    50801.001    50863.003    50879.001
   120:    52329.018    52720.003    52726.016    52754.001    52776.026
   125:    52807.003    52896.005    53422.009    54170.001    54762.003
   130:    54845.001    55552.003    55562.001    57012.018    57635.003
   135:    57641.016    57668.001    57691.026    57733.003    57833.005
   140:    58865.009    59024.005    59125.009    59159.005    59354.009
   145:    59389.005    59469.009    59859.001    61309.018    61930.003
   150:    61936.016    61986.026    62100.005    62452.009    63694.001
   155:    65144.018    65586.003    65592.016    65642.026    65797.005
   160:    66492.009    66509.005    66520.009    66861.005    66880.009
   165:    68699.001    69256.003    69285.001    69988.003    70017.001
   170:    71358.003    71548.001    72959.003    73297.001    73427.003
   175:    73454.001    73518.003    73528.001    74804.003    75635.001
   180:    75664.003    75691.001    77107.003    77662.001    77716.003
   185:    77738.001    79188.018    79471.003    79477.016    79527.026
   190:    79684.005    80414.009    80418.005    80449.009    80466.005
   195:    80476.009    80523.005    80715.009    84576.001    84720.003
   200:    84777.001    85450.003    85749.001    85771.003    85811.001
   205:    86271.003    86409.001    87624.003    88106.001    88147.003
   210:    88363.001    88382.003    88435.001    88490.003    88500.001
   215:    89801.003    89954.001    90129.003    91014.001    91068.003
   220:    91082.001    92532.018    92857.003    92863.016    92913.026
   225:    93041.005    93943.009    93968.005    93983.009    95358.001
   230:    95447.003    95474.001    95640.003    95683.001    97133.018
   235:    97951.003    97957.016    98007.026    98119.005    98124.009
   240:    98132.005    98666.009    98880.005    98889.009   100057.001
   245:   100294.003   100313.001   101763.018   102029.003   102035.016
   250:   102051.001   102076.003   102085.026   102263.005   103446.009
   255:   103455.005   103799.009   103940.005   104000.009   104018.005
   260:   104097.009   104117.005   104381.009   104391.005   104401.009
   265:   104731.001   105013.003   105073.001   105778.003   105862.001
   270:   105911.003   106026.001   106766.003   106821.001   107202.003
   275:   107367.001   107399.003   107422.001   108579.003   108609.001
   280:   108728.003   108765.001   108977.003   109084.001   109255.003
   285:   109266.001   110716.018   110839.003   110845.016   110872.001
   290:   110895.003   110895.026   110986.005   111579.009   111668.005
   295:   111784.009   111811.005   111970.009   112825.001   113572.003
   300:   113650.001   113857.003   113888.001   115338.018   115541.003
   305:   115547.016   115563.001   115594.003   115597.026   115710.005
   310:   116074.009   116957.001   117225.003   117797.001   119233.003
   315:   119889.001   119956.003   119982.001   121417.003   121567.001
   320:   121634.003   121676.001   121742.003   121762.001   121825.003
   325:   122326.001   123316.003   123547.001   123576.003   123690.001
   330:   123752.003   123826.001   123938.003   123961.001   123996.003
   335:   124245.001   124721.003   124935.001   125129.003   125260.001
   340:   126328.003   126701.001   126851.003   126869.001   127285.003
   345:   127319.001   128696.003   128865.001   129049.003   129170.001
   350:   130620.018   131660.003   131666.016   131716.026   131830.005
   355:   132270.009   135625.005   135779.009   136544.001   136617.003
   360:   136662.001   136745.003   136797.001   136881.003   136913.001
   365:   137047.003   137196.001   137292.003   137347.001   137377.003
   370:   137435.001   137654.003   137686.001   139136.018   140114.003
   375:   140120.016   140170.026   140404.005   140970.009   142515.001
   380:   143108.003   143118.001   143208.003   143259.001   143716.003
   385:   143768.001   144235.003   144375.001   144458.003   144470.001
   390:   145920.018   146580.003   146586.016   146636.026   146802.005
   395:   147862.009   148143.005   148166.009   148177.005   148210.009
   400:   148225.005   148590.009   152618.001   152736.003   152758.001
   405:   153511.003   153544.001   153557.003   153614.001   154786.003
   410:   156449.001   156665.003   156690.001   156881.003   157137.001
   415:   158587.018   158615.003   158621.016   158671.026   158801.005
   420:   159191.009   159813.001   161263.018   162160.003   162166.016
   425:   162216.026   162331.005   163971.009   163979.005   163982.009
   430:   164229.005   164306.009   164339.005   164430.009   164438.005
   435:   164466.009   164890.001   165773.003   165951.001   166700.003
   440:   166809.001   167844.003   169180.001   169238.003   169477.001
   445:   170927.018   171006.003   171012.016   171062.026   171325.005
   450:   172272.009   172288.005   172298.009   172546.005   172628.009
   455:   173668.001   175118.018   175859.003   175865.016   175915.026
   460:   176151.005   177674.009   180063.001   180307.003   180328.001
   465:   180979.003   181291.001   182665.003   183947.001   184007.003
   470:   184049.001   184173.003   184270.001   184432.003   184449.001
   475:   185844.003   185876.001   186053.003   186149.001   186198.003
   480:   186279.001   186396.003   187560.001   187954.003   188790.001
   485:   188835.003   188869.001   190282.003   190959.001   191616.003
   490:   191895.001   191911.003   191946.001   193222.003   193487.001
   495:   193516.003   193727.001   195177.018   195381.003   195387.016
   500:   195437.026   195574.005   195955.009   200005.005   200010.009
   505:   200253.005   200329.009   200338.005   200370.009   200397.005
   510:   200844.009   200992.005   201479.009   201514.005   201552.009
   515:   202559.005   202571.009   202585.005   202594.009   202607.005
   520:   202623.009   203207.001   203474.003   203556.001   203668.003
   525:   203707.001   203911.003   203990.001   204392.003   204444.001
   530:   204494.003   204548.001   205493.003   205775.001   207225.018
   535:   207419.003   207425.016   207451.001   207475.026   207502.003
   540:   207582.005   208558.009   209462.001   210143.003   210187.001
   545:   210265.003   210881.001   211633.003   211844.001   213294.018
   550:   213354.003   213360.016   213410.026   213569.005   213998.009
   555:   215183.001   216633.018   216876.003   216882.016   216932.026
   560:   217028.005   217603.009   217638.005   217641.009   217700.005
   565:   218047.009   218072.005   218356.009   219135.001   220585.018
   570:   221751.003   221757.016   221807.026   221809.017   221959.005
   575:   222972.009   223851.001   224646.003   224698.001   226055.003
   580:   226637.001   226669.003   226696.001   228726.018   229064.003
   585:   229070.016   229120.026   229279.005   229711.009   231201.001
   590:   231605.003   231639.001   232415.003   232437.001   232485.003
   595:   232516.001   234214.003   234246.001   234841.003   235129.001
   600:   235254.003   235345.001   235901.003   236047.001   237784.003
   605:   238070.001   238382.003   238414.001   239537.003   239996.001
   610:   242026.018   242160.003   242166.016   242216.026   242358.005
   615:   243339.009   243350.005   243754.009   244660.001   245383.003
   620:   245438.001   245692.003   245762.001   245809.003   245905.001
   625:   247334.003   247662.001   249082.003   249787.001   250060.003
   630:   250503.001   250539.003   250578.001   251454.003   251653.001
   635:   253139.003   253489.001   253716.003   254352.001   254468.003
   640:   254901.001   256479.003   257292.001   258547.003   259176.001
   645:   259301.003   259725.001   261317.003   261355.001   261650.003
   650:   261727.001   261894.003   262069.001   262441.003   263028.001
   655:   263124.003   263325.001   264493.003   264733.001   266763.018
   660:   266941.003   266947.016   266997.026   267224.005   268288.009
   665:   268300.005   268595.009   269305.005   269335.009   269948.001
   670:   270164.003   270183.001   270789.003   271084.001   272133.003
   675:   272468.001   274062.003   274433.001   274453.003   274839.001
   680:   275115.003   275387.001   275486.003   275518.001   276981.003
   685:   277493.001   278730.003   279039.001   279724.003   280094.001
   690:   280127.003   280167.001   282197.018   282279.003   282285.016
   695:   282335.026   282417.005   282739.009   282764.005   282772.009
   700:   284750.001   285509.003   285587.001   285641.003   285676.001
   705:   287706.018   287889.003   287895.016   287945.026   288040.005
   710:   288771.009   288779.005   288819.009   289026.005   289055.009
   715:   289626.001   290872.003   291172.001   292423.003   292808.005
   720:   292828.009   292968.005   293090.009   293114.005   293493.009
   725:   293861.001   294026.003   294039.001   296069.018   296149.003
   730:   296155.016   296205.026   296354.005   296358.009   296362.005
   735:   296707.009   296731.005   296732.009   296765.005   296800.009
   740:   296818.005   296824.009   298385.001   299150.003   299163.001
   745:   299799.003   299837.001   301490.003   301920.001   302135.003
   750:   302150.001   303762.003   305698.005   305709.009   305733.005
   755:   305764.009   305804.005   306011.009   306542.001   307096.003
   760:   307119.001   307622.003   307783.001   307814.003   307846.001
   765:   309380.003   309741.001   310335.003   310474.001   310518.003
   770:   310559.001   312446.003   313163.001   314545.003   315280.001
   775:   315782.003   315912.001   315944.003   315986.001   317053.003
   780:   317216.001   317403.003   317438.001   318218.003   320446.001
   785:   321292.003   321313.001   321895.003   321914.001   323361.003
   790:   323963.001   325048.003   325314.001   325441.003   325573.001
   795:   325678.003   325767.001   327043.003   327270.001   329241.003
   800:   329609.005   329736.009   329780.005   329981.009   330492.001
   805:   331455.003   331559.001   331589.003   331624.001   332134.003
   810:   332544.001   332603.003   332689.001   333236.003   333253.001
   815:   333830.003   333937.001   333981.003   334014.001   335638.003
   820:   335646.001   337337.003   337368.001   337664.003   338015.001
   825:   338451.003   338509.001   339249.003   339406.001   339452.003
   830:   339489.001   340463.003   340593.001   340656.003   340698.001
   835:   342441.003   343396.001   343432.003   343478.001   343866.003
   840:   343982.001   345244.003   345754.001   345854.003   345885.001
   845:   346506.003   347176.001   348847.003   348864.001   350563.003
   850:   351085.001   352353.003   353377.001   353570.003   353837.001
   855:   354664.003   355361.001   356140.003   356459.001   356481.003
   860:   356518.001   357171.003   357511.001   358689.003   359458.001
   865:   361264.003   361587.001   362208.003   362635.001   363137.003
   870:   363808.001   364166.003   364284.001   364475.003   366277.001
   875:   368031.003   368752.001   369293.003   369844.001   370059.003
   880:   370139.001   370589.003   370637.001   370755.003   370790.001
   885:   371470.003   371516.001   371600.003   377381.001   377914.003
   890:   377939.001   378429.003   378716.001   378743.003   378785.001
   895:   378844.003   378858.001   379077.003   379092.001   379452.003
   900:   379519.001   379583.003   379626.001   381026.003   381162.001
   905:   381307.003   381633.001   381676.003   381887.001   383346.003
   910:   383567.001   383580.003   383612.001   385171.003   385192.001
   915:   385205.003   385423.001   385553.003   385564.001   385676.003
   920:   385850.001   385908.003   385927.001   386305.003   387146.001
   925:   387490.003   389857.001   389910.003   389963.001   390115.003
   930:   390875.001   391561.003   391775.001   391805.003   401891.005
   935:   401914.009   404407.005   404717.009   404733.005   404870.009
   940:   405328.002   405518.004   405626.005   406181.009   406204.005
   945:   406276.009   406382.005   407574.009   407886.005   408151.009
   950:   411150.005   411252.009   411255.005   411503.009   411776.005
   955:   411842.009   412562.001   413155.003   413178.001   413505.003
   960:   413538.001   413965.003   414003.001   415586.003   416328.001
   965:   416656.003   416892.001   418189.003   419101.001   420512.003
   970:   420780.001   420886.003   420907.001   421403.003   421789.001
   975:   421821.003   422010.001   422775.003   423066.001   423121.003
   980:   423156.001   423987.003   424205.001   424264.003   424294.001
   985:   426107.003   426525.001   426628.003   426656.001   426745.003
   990:   426826.001   428704.003   429679.001   431345.003   431473.001
   995:   431621.003   431658.001   431693.003   434367.001   434793.003
  1000:   438463.005   438475.009   438479.005   438735.009   438750.005
  1005:   438854.009   438855.005   438858.009   438891.005   438976.009
  1010:   439007.005   439080.009   439093.005   439278.009   439341.005
  1015:   441280.009   443110.005   443117.009   443126.005   444400.009
  1020:   444579.005   444900.009   455590.001   456872.003   462430.001
  1025:   463513.003   463561.001   463822.003   463834.001   464171.003
  1030:   464311.001   464361.003   464402.001   465173.003   465204.001
  1035:   465296.003   465332.001   465679.003   465749.001   466229.003
  1040:   466463.001   466918.003   467921.001   468896.003   468927.001
  1045:   469010.003   469019.001   469708.003   470309.001   471035.003
  1050:   472019.001   473353.003   473553.001   473584.003   474083.001
  1055:   474699.003   475027.001   475090.003   475116.001   475904.003
  1060:   476078.001   476246.003   476329.001   476767.003   477450.005
  1065:   477494.009   479464.001   480457.003   482306.001   483419.003
  1070:   483424.001   484832.003   485213.001   485383.003   485846.001
  1075:   486247.003   487756.001   488760.003   488785.001   489281.003
  1080:   489496.001   490196.003   496864.002   496888.004   497296.002
  1085:   498549.004   498815.002   498939.004   498979.002   499696.004
  1090:   500074.002   500165.004   500193.002   500619.004   501524.002
  1095:   502389.004   502655.002   502702.004   502762.002   502797.004
  1100:   502831.002   504001.004   504419.002   504459.004   504632.002
  1105:   504993.004   506872.002   508222.004   508893.002   508963.004
  1110:   508985.002   509397.004   509825.002   509860.004   512732.005
  1115:   513001.009   515098.005   515104.009   515131.005   515179.009
  1120:   515200.005   515300.009   516537.002   516736.004   518040.005
  1125:   518825.009   518942.005   519825.009   519952.005   520044.009
  1130:   522000.005   522137.009   522180.005   522342.009   523116.001
  1135:   523789.003   523825.001   523942.003   524011.001   524203.003
  1140:   524486.005   524504.009   524713.001   525200.003   525435.001
  1145:   525474.003   525607.001   525682.003   525758.001   525808.003
  1150:   525859.001   526109.003   526308.001   527432.003   527532.001
  1155:   527776.003   528982.001   529942.003   530140.001   530171.003
  1160:   530210.001   530326.003   530387.001   530548.003   531672.001
  1165:   533193.003   533210.001   533260.003   534478.001   535251.003
  1170:   535878.001   536140.003   537248.001   537439.003   539523.001
  1175:   540334.003   542031.001   543007.003   543840.005   543917.009
  1180:   546477.002   547257.004   547278.002   547594.004   549394.002
  1185:   549893.004   552520.002   552637.004   554523.001   556087.003
  1190:   556390.001   557810.003   558521.001   560139.003   561525.001
  1195:   561739.003   561788.001   562223.003   562304.001   562870.003
  1200:   562907.001   563195.003   563433.001   565126.003   575660.001
  1205:   576158.003   576218.001   576534.003   576627.001   576757.003
  1210:   576869.001   577562.003   577762.001   578102.003   578485.001
  1215:   578587.003   578678.001   578844.003   579127.001   579743.003
  1220:   579882.001   580742.003   581719.001   581762.003   581903.001
  1225:   583044.003   583270.001   584679.003   585381.001   585920.003
  1230:   585965.001   586060.003   586099.001   586643.003   586781.001
  1235:   586902.003   587024.001   587800.003   590945.001   592722.003
  1240:   593737.001   595767.018   596249.003   596255.016   596305.026
  1245:   596428.005   596721.009   596738.005   596750.009   596819.005
  1250:   596826.009   596836.005   597193.009   597206.005   597240.009
  1255:   597357.005   597387.009   600316.001   601246.003   601356.001
  1260:   601389.003   601419.001   603086.003   604482.001   604494.003
  1265:   604539.001   604693.003   604906.001   605665.003   605679.001
  1270:   607298.003   608310.001   610340.018   611408.003   611414.016
  1275:   611464.026   611603.005   612278.009   612553.005   612565.009
  1280:   613504.001   614160.003   614204.001   614853.003   614885.001
  1285:   616740.003   617783.001   617808.003   619418.001   619744.003
  1290:   619763.001   620169.003   620199.001   620835.003   621203.001
  1295:   622579.003   622834.001   622930.003   623995.001   624669.003
  1300:   624778.001   626797.003   627184.001   628844.003   630276.001
  1305:   632306.018   633132.003   633138.016   633188.026   633311.005
  1310:   633699.009   633727.005   634036.009   634059.005   634082.009
  1315:   637822.005   637999.009   638009.005   638312.009   639116.001
  1320:   639656.003   639821.001   641851.018   642410.003   642416.016
  1325:   642466.026   642577.005   642835.009   642850.005   642893.009
  1330:   642899.005   642943.009   642958.005   642989.009   647290.005
  1335:   647328.009   647413.005   647541.009   648158.001   648442.003
  1340:   648470.001   648551.003   648561.001   649075.003   649102.001
  1345:   649119.003   649278.001   650830.003   651059.001   651097.003
  1350:   651133.001   653030.003   653074.001   653258.003   653515.001
  1355:   653554.003   654319.001   655172.003   655210.001   657240.018
  1360:   657483.003   657489.016   657539.026   657644.005   657980.009
  1365:   659978.002   661167.004   661300.002   661421.004   661490.002
  1370:   662144.004   662441.002   662476.004   662508.002   662806.004
  1375:   663423.005   663510.009   663552.005   663652.009   663691.005
  1380:   663882.009   663949.005   663951.009   664760.005   664769.009
  1385:   664801.005   664819.009   665284.001   667314.018   667863.003
  1390:   667869.016   667919.026   668009.005   668419.009   668431.005
  1395:   668437.009   668461.005   668490.009   668570.005   668591.009
  1400:   668618.005   668709.009   669985.001   672015.018   672602.003
  1405:   672608.016   672658.026   672660.017   672790.005   673032.009
  1410:   673043.005   673071.009   675659.001   676924.003   677027.001
  1415:   678148.003   678211.001   678340.003   679043.001   679266.003
  1420:   679280.001   680511.003   680586.001   680680.003   681472.001
  1425:   681491.003   681590.001   682104.003   682117.001   683421.003
  1430:   684803.001   686613.003   687393.005   687480.009   687546.005
  1435:   687731.009   688202.001   691044.018   691445.003   691451.016
  1440:   691501.026   691595.005   692134.009   693093.001   693773.003
  1445:   693814.001   694345.003   694380.001   695978.003   696660.001
  1450:   698157.003   698188.001   698357.003   698782.001   698855.003
  1455:   698954.001   701223.003   701944.001   702029.003   702115.001
  1460:   703871.003   704624.001   706472.003   706531.001   706712.003
  1465:   707450.001   708394.003   708436.001   710232.003   711182.001
  1470:   711269.003   711315.001   712817.003   713025.001   713101.003
  1475:   713283.001   713380.003   713422.001   714799.003   715388.001
  1480:   716606.003   717059.001   717167.003   717450.001   718396.003
  1485:   718616.001   718758.003   718780.001   720329.003   720581.001
  1490:   720712.003   720906.001   722806.003   723732.001   724268.003
  1495:   724293.001   724334.003   724379.001   724821.003   724912.001
  1500:   724953.003   724983.001   726384.003   726473.001   726596.003
  1505:   727381.001   729613.003   729653.001   731282.003   731541.001
  1510:   731745.003   731773.001   732942.003   733384.001   733970.003
  1515:   734001.001   735406.003   736406.001   736880.003   736891.001
  1520:   738910.003   739138.001   740686.003   741568.005   741603.009
  1525:   742442.001   743465.003   743484.001   743547.003   743580.001
  1530:   743622.003   743632.001   744774.003   745554.001   745568.003
  1535:   745652.001   746231.003   746247.001   746644.003   746890.001
  1540:   747680.003   747853.001   748029.003   748089.001   748276.003
  1545:   748311.001   749341.003   749653.001   749748.003   749774.001
  1550:   750192.003   751122.001   751334.003   752362.001   753180.003
  1555:   753229.001   753453.003   753486.001   754661.003   755399.001
  1560:   755493.003   755600.001   755998.003   756885.001   757451.003
  1565:   757583.001   757654.003   757701.001   759583.003   760391.001
  1570:   760429.003   760882.001   761624.003   761638.001   762947.003
  1575:   763819.001   763988.003   765445.001   767781.003   767980.001
  1580:   768152.003   768187.001   769503.003   769723.001   769872.003
  1585:   770103.001   770210.003   770250.001   772152.003   774615.001
  1590:   775800.003   775976.001   776045.003   776076.001   777120.003
  1595:   777290.001   778815.003   779001.001   779335.003   780176.001
  1600:   781411.003   781667.001   781708.003   781740.001   783471.003
  1605:   788303.001   789382.003   789631.001   790938.003   796586.001
  1610:   797012.003   797549.001   799219.003   799276.001   799788.003
  1615:   800562.001   800985.003   801043.001   801105.003   801172.001
  1620:   801307.003   801396.001   802151.003   802267.001   802327.003
  1625:   802358.001   803444.003   804443.001   804968.003   805058.001
  1630:   805367.003   805532.001   806376.003   806404.001   807810.003
  1635:   808536.001   810502.003   811294.001   811450.003   813603.001
  1640:   813708.003   819962.005   819998.009   820939.002   821057.004
  1645:   821314.005   821791.009   821915.005   822526.009   822566.005
  1650:   822910.009   823058.005   823198.009   824305.002   824522.004
  1655:   824584.005   824944.009   825146.005   825150.009   825153.005
  1660:   825218.009   825890.005   826267.009   826312.005   826352.009
  1665:   826384.005   826825.009   826865.005   826877.009   826908.005
  1670:   827252.009   827352.005   828076.009   828341.005   828493.009
  1675:   828510.005   828521.009   829164.005   830008.009   830859.005
  1680:   831061.009   831102.005   831270.009   831477.005   832690.009
  1685:   832836.005   832879.009   832888.005   832918.009   832919.005
  1690:   832958.009   833029.005   833137.009   833191.005   833578.009
  1695:   833611.005   834167.009   834342.005   834454.009   834468.005
  1700:   834532.009   834555.005   834669.009   834677.005   834853.009
  1705:   835026.005   835137.009   835170.005   835180.009   835196.005
  1710:   835205.009   835214.005   835228.009   835393.005   835559.009
  1715:   836061.005   836910.009   837119.005   837779.009   837796.005
  1720:   838035.009   838469.005   838884.009   838893.005   838916.009
  1725:   839063.005   839862.009   840263.005   840273.009   840348.005
  1730:   840521.009   840528.005   841815.009   841818.005   841831.009
  1735:   841853.005   841954.009   841973.005   842561.009   843496.005
  1740:   843503.009   843506.005   843529.009   843646.005   843841.009
  1745:   845006.002   845205.004   845362.005   845498.009   849213.001
  1750:   849807.003   850158.001   850336.003   850575.001   851154.003
  1755:   851336.001   852309.003   852967.001   854442.003   855099.001
  1760:   855151.003   855201.001   856216.003   857223.001   857499.003
  1765:   857572.001   857691.003   857699.001   859047.003   860357.001
  1770:   860800.003   860835.001   862202.003   863227.001   863482.003
  1775:   863565.001   863703.003   863728.001   864466.003   864544.001
  1780:   864691.003   864919.001   865010.003   865037.001   865252.003
  1785:   865274.001   865461.003   877818.001   879668.003   879774.001
  1790:   880897.003   880922.001   881297.003   881907.001   882241.003
  1795:   882269.001   882313.003   882365.001   884379.003   886567.001
  1800:   887387.003   887465.001   888851.003   889415.001   890726.003
  1805:   891402.001   891426.003   891438.001   893566.003   893814.001
  1810:   893869.003   894104.001   894638.003   895170.001   896253.003
  1815:   896300.001   896375.003   896390.001   898709.003   900635.001
  1820:   902230.003   902491.001   902533.003   902566.001   904138.003
  1825:   904660.001   904677.003   905461.001   906291.003   906477.001
  1830:   906661.003   906673.001   907414.003   907470.001   909106.003
  1835:   913564.001   914383.003   914417.001   916214.003   923316.001
  1840:   923388.003   923516.001   923784.003   923831.001   924110.003
  1845:   924660.001   925289.003   925359.001   925459.003   925511.001
  1850:   927387.003   927461.001   927621.003   935366.001   935506.003
  1855:   935578.001   936679.003   936829.001   937243.003   938293.001
  1860:   938962.003   943192.001   943474.003   949862.001   949901.003
  1865:   950865.001   950901.003   950925.001   952346.003   952360.001
  1870:   953798.003   961177.001   961544.003   962041.001   962610.003
  1875:   962821.001   964046.003   965089.001   967215.003   968248.001
  1880:   970606.003   971613.001   972513.003   972837.001   972953.003
  1885:   984961.005   984963.009   984979.005   985280.009   985293.005
  1890:   985642.009   997735.005   997751.009   997772.005   997803.009
  1895:   997835.005   997957.009   998221.005   998262.009  1010536.001
  1900:  1010676.003  1052656.001  1052795.003  1087823.002  1088036.004
  1905:  1088054.002  1088545.004  1103634.002  1103656.004  1103776.002
  1910:  1104329.004  1117893.001  1118273.003  1118313.001  1118411.003
  1915:  1132046.001  1132068.003  1191988.001  1192946.003  1201040.002
  1920:  1201463.004  1202100.001  1202400.003  1203723.001  1205775.003
  1925:  1207212.001  1208376.003  1209656.001  1209710.003  1209756.001
  1930:  1210966.003  1211656.001  1211990.003  1212210.001  1212321.003
  1935:  1212334.001  1213057.003  1215029.001  1215190.003  1215255.001
  1940:  1217003.003  1217846.005  1218373.009  1219436.005  1219529.009
  1945:  1221298.005  1221377.009  1232303.001  1232887.003  1233131.001
  1950:  1233319.003  1252264.001  1253014.003  1265397.002  1265411.004
  1955:  1265472.002  1266042.004  1267196.001  1267262.003  1267329.001
  1960:  1267403.003  1267959.001  1268245.003  1268441.001  1268535.003
  1965:  1268967.005  1269259.009  1269337.005  1269511.009  1293981.001
  1970:  1294751.003  1294970.001  1295003.003  1295589.001  1295674.003
  1975:  1295717.001  1297187.003  1298231.001  1299506.003  1299837.001
  1980:  1301196.003  1324883.001  1325091.003  1325808.001  1327000.003
  1985:  1327833.001  1328039.003  1328072.001  1329027.003  1330069.001
  1990:  1330905.003  1331246.001  1332502.003  1333572.001  1334750.003
  1995:  1334782.001  1334826.003  1334836.001  1335906.003  1336419.001
  2000:  1336497.003  1336917.001  1337770.003  1337823.001  1337893.003
  2005:  1340343.001  1340430.003  1340969.001  1341516.003  1344743.001
  2010:  1345063.003  1345229.001  1345331.003  1345652.001  1346838.003
  2015:  1347246.001  1348746.003  1348773.001  1348846.003  1348930.001
  2020:  1349146.003  1349912.001  1349933.003  1350110.001  1351357.003
  2025:  1351632.001  1353030.003  1353540.001  1353567.003  1353680.001
  2030:  1353787.003  1353879.001  1353907.003  1353912.001  1355492.003
  2035:  1356433.005  1356592.009  1396802.001  1396994.003  1433813.001
  2040:  1434210.003  1436037.001  1436300.003  1436335.001  1436876.003
B:
     0:        0.000      684.000       38.000      684.000       38.000
     5:      242.000        0.000        0.000        0.000      242.000
    10:        0.000        1.000        0.000        0.000        0.000
    15:        0.000       38.000        2.000       38.000        0.000
    20:        0.000        0.000        0.000        0.000        0.000
    25:        0.000       38.000        0.000        0.000        0.000
    30:        0.000
D:
     0:  1816660.000  1816120.000  1816661.000
E:
     0:     1450.000     2842.000
T:
     0:        0.000        0.000        0.000        0.000
W:
     0:        0.000        0.000        0.000
