File: C:\MED-PC IV\Data\ALFE\AU023.999


Start Date: 02/08/24
End Date: 02/08/24
Subject: 23
Experiment: AU
Group: LINEAR
Box: 3
Start Time: 14:51:10
End Time: 15:41:10
MSN: DRRD_500ms
C:       0.000
F:       0.000
G:       0.000
H:       0.000
I:       0.000
J:       0.000
K:     100.000
L:       0.000
M:       0.000
N:       0.000
O:       0.000
P:       0.000
Q:       0.000
R:       0.000
S:       0.000
U: 2881616.000
V:       0.000
X:       0.000
Y:    1493.000
Z:       0.000
A:
     0:  2881556.001     4671.005     4682.003     4821.009     5007.001
     5:     5273.003     6747.005     6836.009     6858.005     7016.009
    10:     7048.005     7061.009     7136.005     7145.009    11549.005
    15:    11715.009    15000.011    15965.005    15995.009    16217.002
    20:    16280.004    16322.002    16561.004    16620.005    16829.009
    25:    16851.005    16918.009    17168.001    17753.003    17782.001
    30:    18538.003    18579.001    19466.003    19508.001    19542.003
    35:    19563.001    19649.003    19688.001    21016.003    21052.001
    40:    26052.018    26749.003    26755.016    26805.026    26901.001
    45:    27022.003    27024.005    27512.009    27785.001    30576.003
    50:    30588.001    33490.003    33527.005    33623.009    33909.001
    55:    34392.003    34513.001    39513.018    40834.003    40840.016
    60:    40845.005    40890.026    41576.009    41906.001    44173.003
    65:    44268.001    44568.003    44597.001    44636.003    44740.001
    70:    48255.003    48264.005    48547.009    48720.005    49315.009
    75:    49651.001    54651.018    57412.003    57418.016    57428.005
    80:    57468.026    57834.009    58107.001    63107.018    64489.005
    85:    64492.003    64498.016    64548.026    64969.009    65223.001
    90:    70223.018    72702.003    72708.016    72712.005    72758.026
    95:    73247.009    73467.001    78467.018    79572.003    79578.016
   100:    79582.005    79628.026    80028.009    80209.001    85209.018
   105:    89468.003    89468.005    89474.016    89524.026    89861.009
   110:    90130.001    95130.018    96864.003    96870.005    96870.016
   115:    96920.026    97382.009    97402.005    97467.009    98129.001
   120:   100408.003   100434.001   101340.003   101365.001   101514.003
   125:   101532.001   105750.003   105751.005   106613.009   107038.001
   130:   110051.003   110079.001   113741.003   113754.005   113925.009
   135:   114120.001   119120.018   120124.003   120128.005   120130.016
   140:   120180.026   120688.009   120878.001   125878.018   126802.003
   145:   126808.016   126814.005   126858.026   127229.009   127642.001
   150:   132509.003   132516.005   132740.009   132979.001   135693.005
   155:   135696.003   135867.009   136113.005   136229.009   136450.001
   160:   138285.003   138335.001   141004.005   141008.003   141180.009
   165:   141484.001   146386.003   146405.005   146835.009   148857.001
   170:   150393.003   150457.001   155457.018   157058.003   157064.016
   175:   157085.005   157114.026   157884.009   158167.001   160929.003
   180:   160947.001   163148.003   163151.005   163341.009   163534.001
   185:   167473.003   167493.005   167602.009   168330.001   172248.003
   190:   172312.005   172449.009   172711.001   176427.003   176435.005
   195:   176779.009   177967.001   179398.003   179408.001   179755.003
   200:   179758.001   183243.003   183251.005   183507.009   184922.001
   205:   189922.018   190792.003   190798.016   190808.001   190848.026
   210:   190996.003   191010.005   191581.009   191683.005   192024.009
   215:   192362.001   197362.018   198511.003   198517.016   198535.005
   220:   198567.026   199046.009   199264.001   203196.003   203218.005
   225:   203351.009   203757.001   207637.003   207648.005   207806.009
   230:   208035.001   212595.003   212609.005   212773.009   212977.001
   235:   217543.003   217563.005   217734.009   218054.001   221982.003
   240:   221999.005   222162.009   222444.001   223609.003   223634.001
   245:   223729.003   223758.001   226871.003   226880.005   227354.009
   250:   227744.001   227819.003   228297.001   228752.003   228776.001
   255:   232843.003   232863.005   233037.009   233614.001   237125.003
   260:   237137.005   237451.009   237790.001   237966.003   238329.001
   265:   240413.003   242850.001   242993.003   243095.001   243172.003
   270:   243225.001   243577.003   243590.005   243836.009   244047.001
   275:   248083.003   248084.005   248597.009   248915.001   252782.003
   280:   252807.005   253352.009   253566.001   253776.003   254039.001
   285:   258234.003   258255.005   258467.009   258712.001   263320.003
   290:   263355.001   264163.003   265023.001   265916.003   266620.001
   295:   268139.003   268179.005   268796.009   269878.001   271845.003
   300:   272057.001   272238.003   272246.005   272392.009   272775.001
   305:   272903.003   275937.001   280290.003   280300.005   280622.009
   310:   280831.005   280913.009   281225.001   285514.003   285520.005
   315:   285720.009   285902.001   289349.003   289365.005   289536.009
   320:   289832.001   290068.003   290145.001   290612.003   295740.005
   325:   296019.009   296336.001   296565.003   296598.001   296731.003
   330:   296887.001   297160.003   297484.001   298038.003   298182.001
   335:   303182.018   305177.003   305183.016   305187.005   305233.026
   340:   306054.009   306666.001   307364.003   307398.001   312202.003
   345:   312217.005   312391.009   312741.001   316744.003   316761.005
   350:   317065.009   317881.001   319115.003   319197.005   319269.009
   355:   321069.001   321626.003   323464.001   323903.003   324079.001
   360:   324216.003   325482.001   325564.003   329885.005   331467.009
   365:   332005.001   332031.003   332116.001   332608.003   332612.001
   370:   334910.005   334957.003   336943.009   336947.005   336962.009
   375:   337048.005   337079.009   337092.005   337171.009   337269.005
   380:   337680.009   338106.001   343106.018   344675.003   344681.005
   385:   344681.016   344731.026   345284.009   345698.001   350698.018
   390:   351631.003   351636.005   351637.016   351687.026   352066.009
   395:   352341.001   356848.003   356859.005   357045.009   357245.001
   400:   362245.018   363483.003   363489.016   363494.005   363539.026
   405:   364023.009   364126.005   364429.009   364691.001   369691.018
   410:   371756.003   371762.016   371777.005   371812.026   372164.009
   415:   372387.001   377387.018   379301.003   379307.016   379332.005
   420:   379357.026   379732.009   379974.001   384974.018   385399.003
   425:   385404.005   385405.016   385455.026   385971.009   386300.001
   430:   391300.018   393160.003   393166.016   393190.005   393216.026
   435:   393614.009   394001.001   399001.018   400634.003   400640.016
   440:   400641.005   400690.026   401308.009   401607.001   406600.003
   445:   406629.005   406940.009   407142.001   412142.018   414663.003
   450:   414669.016   414677.005   414719.026   415101.009   415368.001
   455:   420368.018   421964.003   421970.016   421981.005   422020.026
   460:   422408.009   422804.001   427804.018   428667.003   428673.016
   465:   428682.005   428723.026   429164.009   429492.001   433767.003
   470:   433785.005   434568.009   434571.005   434592.009   434881.005
   475:   435312.009   435575.001   440575.018   441479.003   441484.005
   480:   441485.016   441535.026   441925.009   442225.001   447225.018
   485:   447688.003   447694.016   447706.005   447744.026   448117.009
   490:   448339.001   453339.018   454806.003   454812.016   454827.005
   495:   454862.026   455190.009   455458.001   460458.018   462698.003
   500:   462704.016   462707.005   462754.026   463197.009   463556.001
   505:   468556.018   471030.003   471036.016   471053.005   471086.026
   510:   471622.009   471847.001   476847.018   479151.003   479157.016
   515:   479177.005   479207.026   479619.009   479967.001   484967.018
   520:   486994.003   487000.016   487011.005   487050.026   487372.009
   525:   487618.001   492618.018   493982.003   493988.016   494006.005
   530:   494038.026   494657.009   494896.001   499896.018   500750.003
   535:   500756.016   500784.005   500806.026   501221.009   501558.001
   540:   506558.018   506767.003   506773.016   506794.005   506823.026
   545:   507314.009   507676.001   512265.003   512295.005   512548.009
   550:   512748.001   517748.018   519261.003   519267.016   519305.005
   555:   519317.026   519627.009   519800.005   519906.009   519950.005
   560:   520799.009   521136.001   526136.018   528069.003   528075.016
   565:   528100.005   528125.026   528796.009   529278.001   534278.018
   570:   534820.003   534826.016   534836.005   534876.026   535320.009
   575:   535761.001   540761.018   541868.003   541874.016   541881.005
   580:   541924.026   542534.009   542896.001   547307.003   547339.005
   585:   547543.009   548181.001   553181.018   554008.003   554014.016
   590:   554025.005   554064.026   554457.009   554763.001   558430.003
   595:   558451.005   558782.009   559059.001   563004.003   563027.005
   600:   563269.009   563493.001   568493.018   568512.003   568518.016
   605:   568542.005   568568.026   569178.009   569419.001   573781.003
   610:   573799.001   574045.003   574054.005   574727.009   574959.001
   615:   579959.018   580416.003   580422.016   580434.005   580472.026
   620:   580909.009   581407.001   586407.018   587246.003   587252.016
   625:   587257.005   587302.026   587978.009   588310.001   593310.018
   630:   595148.003   595154.016   595172.005   595204.026   595601.009
   635:   596047.001   599566.005   599569.003   599780.009   600101.005
   640:   600401.009   600712.001   605712.018   607556.003   607562.016
   645:   607587.005   607612.026   608135.009   608623.001   613623.018
   650:   614176.003   614182.016   614192.005   614232.026   614587.009
   655:   615396.001   618612.003   618631.005   618795.009   618988.001
   660:   623988.018   626416.003   626422.005   626422.016   626472.026
   665:   626951.009   627355.001   632355.018   632461.003   632467.016
   670:   632473.005   632517.026   633003.009   634073.001   639073.018
   675:   639474.003   639480.016   639512.005   639530.026   639912.009
   680:   640345.001   645345.018   648168.003   648174.016   648183.005
   685:   648224.026   648638.009   648938.001   653938.018   657153.003
   690:   657156.005   657159.016   657209.026   657622.009   658101.001
   695:   663101.018   666364.003   666370.016   666376.005   666420.026
   700:   667087.009   667514.001   672514.018   678629.003   678635.016
   705:   678646.005   678685.026   679330.009   679768.001   684768.018
   710:   689525.003   689531.016   689553.005   689581.026   689959.009
   715:   690322.001   695322.018   698782.003   698788.016   698794.005
   720:   698838.026   699181.009   699715.001   704715.018   707154.003
   725:   707160.016   707186.005   707210.026   707540.009   708003.001
   730:   713003.018   715733.003   715739.016   715742.005   715789.026
   735:   716163.009   716608.001   721280.003   721317.005   721594.009
   740:   721877.001   726877.018   727828.003   727834.016   727848.005
   745:   727884.026   728357.009   728622.001   733622.018   733690.003
   750:   733696.016   733707.005   733746.026   734054.009   734485.001
   755:   738005.003   738008.001   738024.003   738025.001   743031.018
   760:   743177.003   743183.016   743209.005   743233.026   743578.009
   765:   744163.001   749163.018   752481.003   752487.016   752498.005
   770:   752537.026   753106.009   753544.001   758544.018   759516.003
   775:   759522.016   759549.005   759572.026   760075.009   760929.001
   780:   765929.018   766590.003   766596.016   766599.005   766646.026
   785:   767002.009   767266.001   772266.018   773372.003   773378.016
   790:   773395.005   773428.026   773783.009   774280.001   779280.018
   795:   781553.003   781559.016   781576.005   781609.026   782225.009
   800:   782911.001   787911.018   789688.003   789694.016   789726.005
   805:   789744.026   790133.009   790577.001   793328.003   793522.001
   810:   798522.018   799627.003   799633.016   799667.005   799683.026
   815:   800010.009   800551.001   805551.018   806208.003   806214.016
   820:   806238.005   806264.026   806830.009   806923.005   807762.009
   825:   808523.001   813203.003   813420.001   813548.003   813720.001
   830:   814254.003   814281.005   814571.009   814945.001   816490.003
   835:   816934.001   818280.003   818441.001   819234.003   819291.001
   840:   824291.018   824764.003   824770.016   824777.005   824820.026
   845:   825239.009   825562.001   826843.003   826885.001   831885.018
   850:   833831.003   833837.016   833887.026   834040.001   834114.003
   855:   834172.005   834959.009   834998.005   835288.009   835291.005
   860:   835368.009   835693.001   837700.003   838302.001   839279.003
   865:   839713.001   839956.003   841406.001   841487.003   841492.001
   870:   842102.003   842686.001   847686.018   848072.003   848078.016
   875:   848113.005   848128.026   848669.009   848965.001   853965.018
   880:   855799.003   855805.016   855814.005   855855.026   856291.009
   885:   856649.001   858795.003   858809.001   863809.018   864174.003
   890:   864180.016   864190.005   864230.026   864594.009   864996.001
   895:   869996.018   870518.003   870524.016   870526.005   870574.026
   900:   871105.009   871410.001   876410.018   878119.003   878125.016
   905:   878145.005   878175.026   878915.009   879310.001   884310.018
   910:   884977.003   884983.016   885002.005   885033.026   885513.009
   915:   885946.001   890946.018   894564.003   894570.016   894586.005
   920:   894620.026   894969.009   895373.001   900373.018   901969.003
   925:   901975.016   902007.005   902025.026   902472.009   902823.001
   930:   907823.018   910506.003   910512.016   910562.026   910691.001
   935:   910712.003   910744.005   911099.009   911537.001   916537.018
   940:   916842.003   916848.016   916858.005   916898.026   917261.009
   945:   917562.001   922562.018   925796.003   925802.016   925813.005
   950:   925852.026   926218.009   926554.001   931554.018   932967.003
   955:   932973.005   932973.016   933023.026   933686.009   934004.001
   960:   939004.018   939727.003   939733.016   939783.026   939827.001
   965:   940032.003   940040.005   940283.009   940606.001   945606.018
   970:   947825.003   947831.016   947846.005   947881.026   948262.009
   975:   948823.001   953011.003   953019.005   953272.009   953527.001
   980:   958501.003   958504.005   958675.009   958887.001   963887.018
   985:   964729.005   964730.003   964736.016   964786.026   965415.009
   990:   965758.001   970758.018   971023.003   971029.016   971035.005
   995:   971079.026   971610.009   971925.001   976925.018   977223.005
  1000:   977227.003   977233.016   977283.026   977715.009   978022.001
  1005:   983022.018   985537.003   985543.016   985551.005   985593.026
  1010:   985944.009   986296.001   987642.003   987649.001   991338.003
  1015:   991346.005   991540.009   991804.001   996804.018   996921.003
  1020:   996927.016   996928.005   996977.026   997459.009   997941.001
  1025:  1002941.018  1003110.005  1003115.003  1003121.016  1003171.026
  1030:  1003550.009  1003950.001  1008950.018  1009147.003  1009150.005
  1035:  1009153.016  1009203.026  1009842.009  1010071.001  1013853.005
  1040:  1013861.003  1014106.009  1014337.001  1019337.018  1019418.003
  1045:  1019424.016  1019431.005  1019474.026  1020024.009  1020493.001
  1050:  1025493.018  1026164.003  1026165.005  1026170.016  1026220.026
  1055:  1026599.009  1026829.001  1031829.018  1032069.003  1032075.005
  1060:  1032075.016  1032125.026  1032493.009  1032750.001  1037750.018
  1065:  1038509.003  1038515.016  1038517.005  1038565.026  1039025.009
  1070:  1039286.001  1044286.018  1045306.003  1045308.005  1045312.016
  1075:  1045362.026  1045864.009  1046083.001  1049329.003  1049347.001
  1080:  1053876.003  1053893.005  1054132.009  1054196.005  1054328.009
  1085:  1054345.005  1054538.009  1054898.001  1059898.018  1060329.003
  1090:  1060335.016  1060385.026  1060506.001  1060568.003  1060586.005
  1095:  1061066.009  1061144.005  1061255.009  1061651.001  1066651.018
  1100:  1067692.003  1067698.016  1067713.005  1067748.026  1068184.009
  1105:  1068207.005  1068815.009  1068969.005  1069046.009  1069100.005
  1110:  1069136.009  1069151.005  1069489.009  1071631.005  1072244.009
  1115:  1072476.005  1072706.009  1075341.001  1075569.003  1075602.001
  1120:  1075911.003  1075942.001  1076559.003  1085668.005  1085706.009
  1125:  1087395.005  1087434.009  1087438.005  1087476.009  1087585.005
  1130:  1087925.009  1088857.001  1091082.003  1091086.001  1091113.003
  1135:  1091347.001  1096347.018  1097082.005  1097091.003  1097097.016
  1140:  1097147.026  1097581.009  1098230.001  1103230.018  1105367.003
  1145:  1105373.016  1105377.005  1105423.026  1105746.009  1107076.001
  1150:  1112076.018  1114104.003  1114110.016  1114114.005  1114160.026
  1155:  1114544.009  1114749.001  1119749.018  1121326.003  1121332.016
  1160:  1121339.005  1121382.026  1121716.009  1122581.001  1127581.018
  1165:  1129089.003  1129095.016  1129096.005  1129145.026  1129979.009
  1170:  1129980.005  1129994.009  1130901.001  1135901.018  1138011.003
  1175:  1138017.005  1138017.016  1138067.026  1138408.009  1139309.001
  1180:  1144309.018  1146482.003  1146488.016  1146489.005  1146538.026
  1185:  1147018.009  1147215.001  1152215.018  1153519.003  1153521.005
  1190:  1153525.016  1153575.026  1153897.009  1154285.001  1159285.018
  1195:  1161904.003  1161910.005  1161910.016  1161960.026  1162364.009
  1200:  1162859.001  1167859.018  1169566.003  1169572.016  1169581.005
  1205:  1169622.026  1170121.009  1171243.001  1176243.018  1176444.005
  1210:  1176446.003  1176452.016  1176502.026  1176959.009  1177654.001
  1215:  1182654.018  1184454.005  1184455.003  1184461.016  1184511.026
  1220:  1184865.009  1185529.001  1190529.018  1190781.005  1190790.003
  1225:  1190796.016  1190846.026  1191308.009  1191826.001  1196826.018
  1230:  1197392.005  1197400.003  1197406.016  1197456.026  1197996.009
  1235:  1198695.001  1203695.018  1204256.003  1204262.016  1204263.005
  1240:  1204312.026  1204669.009  1205194.001  1210194.018  1210362.003
  1245:  1210363.005  1210368.016  1210418.026  1210896.009  1211386.001
  1250:  1216386.018  1218644.003  1218650.016  1218659.005  1218700.026
  1255:  1219047.009  1219402.001  1219511.003  1219725.001  1224725.018
  1260:  1225298.003  1225300.005  1225304.016  1225354.026  1225713.009
  1265:  1226644.001  1231198.005  1231204.003  1231562.009  1231616.005
  1270:  1231767.009  1232005.001  1237005.018  1239088.005  1239116.003
  1275:  1239122.016  1239172.026  1239622.009  1241180.001  1246180.018
  1280:  1248104.005  1248113.003  1248119.016  1248169.026  1248517.009
  1285:  1249762.001  1254762.018  1255541.003  1255542.005  1255547.016
  1290:  1255597.026  1255969.009  1257093.001  1262093.018  1264281.003
  1295:  1264283.005  1264287.016  1264337.026  1265228.009  1266019.001
  1300:  1271019.018  1273012.005  1273020.003  1273026.016  1273076.026
  1305:  1273444.009  1274081.001  1275941.003  1276012.001  1276117.003
  1310:  1276163.001  1279492.003  1279744.001  1280522.003  1280522.005
  1315:  1280762.009  1283124.001  1286600.005  1286634.003  1286890.009
  1320:  1287153.001  1292153.018  1293921.005  1293993.003  1293999.016
  1325:  1294049.026  1294483.009  1295343.001  1300343.018  1300744.005
  1330:  1300759.003  1300765.016  1300815.026  1301313.009  1302838.001
  1335:  1307838.018  1310192.005  1310197.003  1310203.016  1310253.026
  1340:  1310841.009  1312007.001  1317007.018  1317876.003  1317882.016
  1345:  1317900.005  1317932.026  1318880.009  1320407.001  1325407.018
  1350:  1326647.003  1326653.016  1326657.005  1326703.026  1327045.009
  1355:  1327687.001  1332687.018  1333213.005  1333223.003  1333229.016
  1360:  1333279.026  1333736.009  1334140.001  1339140.018  1339619.003
  1365:  1339625.016  1339630.005  1339675.026  1340067.009  1341577.001
  1370:  1345852.005  1345855.003  1346060.009  1346280.001  1348581.003
  1375:  1349167.001  1353207.005  1353209.003  1353492.009  1353704.001
  1380:  1358704.018  1359961.005  1359975.003  1359981.016  1360031.026
  1385:  1360502.009  1360543.005  1361140.009  1362175.005  1362277.009
  1390:  1383937.001  1386897.003  1387050.001  1387184.003  1387314.001
  1395:  1392314.018  1394474.003  1394480.016  1394510.005  1394530.026
  1400:  1395148.009  1395613.001  1396371.003  1396497.001  1401497.018
  1405:  1404353.003  1404354.005  1404359.016  1404409.026  1404716.009
  1410:  1405422.001  1410422.018  1412784.003  1412790.016  1412805.005
  1415:  1412840.026  1413280.009  1413882.001  1418882.018  1420066.003
  1420:  1420067.005  1420072.016  1420122.026  1420459.009  1420911.001
  1425:  1425911.018  1427156.003  1427162.016  1427179.005  1427212.026
  1430:  1427608.009  1428400.001  1433400.018  1433641.005  1433645.003
  1435:  1433651.016  1433701.026  1434092.009  1434802.001  1439802.018
  1440:  1441486.003  1441489.005  1441492.016  1441542.026  1441923.009
  1445:  1442829.001  1447829.018  1451006.003  1451012.016  1451016.005
  1450:  1451062.026  1451453.009  1452352.001  1457352.018  1459256.005
  1455:  1459270.003  1459276.016  1459326.026  1459934.009  1460715.001
  1460:  1465715.018  1466037.003  1466039.005  1466043.016  1466093.026
  1465:  1466642.009  1466986.001  1471919.003  1471940.005  1472292.009
  1470:  1472601.001  1477601.018  1478819.005  1478838.003  1478844.016
  1475:  1478894.026  1479233.009  1480208.001  1484777.005  1484779.003
  1480:  1485012.009  1485320.001  1490320.018  1491942.005  1491961.003
  1485:  1491967.016  1492017.026  1492588.009  1494418.001  1498770.003
  1490:  1498776.005  1499052.009  1499742.001
B:
     0:        0.000      287.000        2.000      286.000        2.000
     5:      246.000        0.000        0.000        0.000      246.000
    10:        0.000        1.000        0.000        0.000        0.000
    15:        0.000      141.000        0.000      141.000        0.000
    20:        0.000        0.000        0.000        0.000        0.000
    25:        0.000      141.000        0.000        0.000        0.000
    30:        0.000
D:
     0:  4381621.000  4381358.000  4380386.000
E:
     0:     5000.000     5000.000
T:
     0:        0.000        0.000        0.000        0.000
W:
     0:        2.000        0.000        0.000
