File: C:\MED-PC IV\Data\ALFE\AU024.999


Start Date: 01/30/24
End Date: 01/30/24
Subject: 24
Experiment: AU
Group: EXP40
Box: 4
Start Time: 16:14:45
End Time: 17:04:45
MSN: DRRD_general_exp
C:       0.000
F:       0.000
G:       0.000
H:       0.000
I:       0.000
J:       0.000
K:      41.000
L:       0.000
M:       0.000
N:       0.000
O:       0.000
P:       0.000
Q:       0.000
R:       0.000
S:       0.000
U: 2238902.000
V:       0.000
X:       0.000
Y:    1790.000
Z:       0.000
A:
     0:      678.005     1187.009    10962.005    11068.009    15000.011
     5:    15760.001    16384.003    16963.001    17471.003    17899.001
    10:    18323.003    18615.001    20603.003    20658.001    21130.003
    15:    21694.005    22482.009    22487.005    22529.009    22839.001
    20:    23808.003    23915.001    24396.003    25151.001    25356.003
    25:    28946.001    29303.003    29463.001    29757.003    29860.001
    30:    30489.003    42951.001    43091.003    43151.001    43672.003
    35:    43967.005    44311.009    44589.001    45463.003    45637.001
    40:    46184.003    47080.001    48685.003    49338.005    50004.009
    45:    55358.002    55401.004    56510.001    58413.003    59022.005
    50:    59240.009    59262.005    59420.009    64766.001    65917.003
    55:    67114.001    68943.003    69469.005    69581.009    76659.001
    60:    77338.003    77916.001    79559.003    80069.005    80471.009
    65:    81180.001    82716.003    83203.005    83281.009    90937.005
    70:    90974.009    93921.005    93991.009    94108.005    94181.009
    75:    94854.001    96059.003    96205.001    96314.003    96433.001
    80:    96932.003    97661.001    99634.003   100085.005   100700.009
    85:   102505.001   102613.003   103471.001   103723.003   103911.005
    90:   104024.009   104402.001   106129.003   111045.005   111066.009
    95:   111112.005   111246.009   111287.005   111419.009   111846.001
   100:   113795.003   114346.001   114755.003   115014.005   115389.009
   105:   120932.005   121047.009   123953.001   124794.003   131736.005
   110:   131819.009   131877.005   131884.009   131905.005   132038.009
   115:   132454.001   133064.003   133117.005   133186.009   133286.005
   120:   133320.009   134940.001   135811.003   135849.001   136468.003
   125:   137388.005   137693.009   137704.005   137747.009   139627.001
   130:   139988.003   140409.005   140504.009   147746.001   149796.018
   135:   150042.003   150048.016   150098.026   150105.001   150208.003
   140:   150273.005   151096.009   151130.005   151176.009   152446.001
   145:   154173.003   154195.001   154217.003   154264.001   154654.003
   150:   155270.005   155391.009   157368.005   157404.009   157533.005
   155:   157601.009   157871.001   159921.018   160295.003   160301.016
   160:   160351.026   160550.005   161201.009   162458.005   162696.009
   165:   164722.001   165132.003   165587.005   165721.009   166128.001
   170:   166195.003   166290.001   167348.003   167421.001   168053.003
   175:   168792.001   169063.003   169206.001   169313.003   169389.001
   180:   170276.003   170862.001   171593.003   172215.001   172968.003
   185:   174496.001   175180.003   175583.005   175831.009   176778.001
   190:   177967.003   183565.002   183684.004   184470.005   184480.009
   195:   184513.005   184525.009   184845.005   184970.009   185325.002
   200:   186354.004   187105.005   187320.009   187833.001   188619.003
   205:   189243.001   191293.018   191346.003   191352.016   191402.026
   210:   191702.005   192314.009   192413.005   192450.009   194292.001
   215:   195012.003   195369.001   197419.018   198110.003   198116.016
   220:   198166.026   198495.005   198923.009   198963.005   199403.009
   225:   200527.001   200822.003   200850.001   202835.003   203511.005
   230:   203818.009   205941.005   206043.009   206341.001   207393.003
   235:   207431.001   208629.003   209116.001   209651.003   210590.001
   240:   212417.003   213242.001   215207.003   215235.001   215398.003
   245:   215428.001   216042.003   218634.001   219384.003   219670.001
   250:   219768.003   219799.001   220514.003   223911.001   224985.003
   255:   225392.005   225451.009   225480.005   225612.009   226160.001
   260:   226643.003   226742.001   226982.003   227195.001   227228.003
   265:   227297.001   227835.003   228380.005   228529.009   235016.005
   270:   235244.009   235559.001   236296.005   236316.009   236334.005
   275:   236368.009   236428.003   236690.001   237335.003   237430.001
   280:   237797.003   238428.001   239861.003   240051.001   240800.003
   285:   241264.005   241389.009   241639.001   243689.018   244128.003
   290:   244134.016   244184.026   244520.005   245076.009   245420.005
   295:   245880.009   246593.001   246654.003   247186.001   248547.003
   300:   248660.005   248913.009   249634.001   251026.003   255123.005
   305:   255310.009   255562.001   256630.003   257357.001   259407.018
   310:   259498.003   259504.016   259540.001   259554.026   259564.003
   315:   259882.005   260624.009   260655.005   260745.009   263425.001
   320:   263601.003   264667.001   265765.003   270238.005   270481.009
   325:   271118.001   272840.003   273338.001   273852.003   274016.001
   330:   274097.003   274235.001   274306.003   274409.001   274860.003
   335:   275368.001   275610.003   275927.001   276828.003   277356.001
   340:   277732.003   278103.001   278942.003   279002.001   279039.003
   345:   279654.001   280008.003   280093.001   280185.003   281001.001
   350:   281185.003   281232.001   282021.003   282425.005   282632.009
   355:   284797.005   284820.009   288147.001   288436.003   288996.001
   360:   290635.003   291212.005   291425.009   291719.001   293703.003
   365:   294421.001   296014.003   296717.001   297354.003   297396.001
   370:   297412.003   297599.001   298253.003   298744.001   300188.003
   375:   300243.001   300893.003   301282.005   301551.009   305376.001
   380:   305753.003   305810.001   307327.003   308103.001   308920.003
   385:   309096.001   310066.003   310603.001   312516.003   313058.005
   390:   313146.009   313184.005   313223.009   315043.001   315519.003
   395:   316018.001   317736.003   318210.005   318429.009   322116.001
   400:   323410.003   323871.001   325921.018   326188.003   326194.016
   405:   326244.026   326466.005   326499.009   326621.005   327544.009
   410:   327706.005   327734.009   327749.005   327795.009   331337.005
   415:   331439.009   331598.001   332197.003   332251.001   333192.003
   420:   334076.001   335858.003   336359.005   336374.009   336400.005
   425:   336424.009   336599.001   338065.003   338076.001   338590.003
   430:   343030.001   343361.003   346396.005   346410.009   346423.005
   435:   346608.009   347032.001   348790.003   349255.005   349271.009
   440:   349301.005   349323.009   349338.005   349428.009   352988.005
   445:   353242.009   353310.005   353346.009   353928.001   355282.003
   450:   355686.005   355832.009   356397.002   356562.004   356983.002
   455:   357488.004   357492.005   357753.009   357925.005   358014.009
   460:   358164.005   358444.009   358681.005   359989.009   361029.001
   465:   361121.003   361935.005   362064.009   362792.001   363810.003
   470:   364483.001   366533.018   366615.003   366621.016   366671.026
   475:   366842.005   367326.009   367379.005   367787.009   368185.005
   480:   368189.009   368198.005   368248.009   373803.005   373807.009
   485:   373819.005   373823.009   373825.005   373854.009   373966.005
   490:   374039.009   374304.001   374692.003   374759.001   375508.003
   495:   375948.001   377387.003   377814.005   377826.009   377847.005
   500:   377992.009   378884.001   380001.003   383361.005   383556.009
   505:   383933.001   384019.003   384056.001   385565.003   386407.001
   510:   387530.003   387562.001   388063.003   388704.005   388852.009
   515:   389058.001   390680.003   390839.001   390853.003   391695.001
   520:   391939.003   394305.001   394741.003   394825.001   395635.003
   525:   396022.005   396285.009   399790.005   399805.009   399809.005
   530:   400049.009   400696.001   401683.003   402081.001   403790.003
   535:   404631.001   406503.003   406957.005   407140.009   407179.005
   540:   407230.009   407306.005   407326.009   407494.001   409229.003
   545:   411903.005   412182.009   412412.005   412565.009   412739.005
   550:   412818.009   412877.005   413041.009   413165.005   413200.009
   555:   413699.001   414442.003   414821.001   416728.003   417275.005
   560:   417419.009   418435.001   420159.003   420647.005   420779.009
   565:   421908.005   422051.009   422123.005   422230.009   423741.001
   570:   423756.003   423791.001   424241.003   424630.001   425797.003
   575:   425816.001   426329.003   427262.001   428036.003   428206.001
   580:   428835.003   429062.001   429113.003   429345.001   430465.003
   585:   430945.005   431075.009   434177.005   434316.009   434394.005
   590:   434534.009   434587.005   434749.009   434794.005   434804.009
   595:   435225.001   436333.003   436410.001   436770.003   437458.001
   600:   439256.003   439738.005   439906.009   440139.001   442047.003
   605:   442496.005   442789.009   443379.001   443623.003   446501.005
   610:   446540.009   447319.005   447517.009   447618.005   447800.009
   615:   448396.001   450049.003   450505.005   450645.009   453957.002
   620:   454274.004   455024.005   455052.009   455069.005   455104.009
   625:   455159.005   455215.009   455770.005   455782.009   455784.005
   630:   455995.009   456727.001   457629.003   457725.001   458411.003
   635:   458904.005   459107.009   459353.001   461403.018   461412.003
   640:   461418.016   461424.001   461451.003   461468.026   461660.005
   645:   462342.009   462347.005   462662.009   462727.005   462786.009
   650:   462795.005   462830.009   462839.005   462852.009   466359.001
   655:   467534.003   467564.001   467653.003   467680.001   468283.003
   660:   469333.001   470476.003   470926.005   471027.009   476250.005
   665:   476467.009   477104.001   478420.003   483636.005   483756.009
   670:   483954.001   484859.003   484881.001   485164.003   485265.001
   675:   485814.003   486407.005   486553.009   487037.001   487488.003
   680:   488118.001   488742.003   489557.001   491607.018   491793.003
   685:   491799.016   491849.026   492089.005   492928.009   495768.005
   690:   495775.009   495788.005   495827.009   496162.001   498212.018
   695:   498448.003   498454.016   498504.026   498785.005   499504.009
   700:   499510.005   499648.009   502776.005   502839.009   503294.001
   705:   504750.003   505502.001   505807.003   505979.001   507611.003
   710:   508385.001   510435.018   510525.003   510531.016   510581.026
   715:   510863.005   511610.009   511618.005   511816.009   513341.001
   720:   515389.003   515957.005   516236.009   516470.001   518495.003
   725:   520066.001   521294.003   521633.001   522720.003   523258.005
   730:   523265.009   523509.001   525047.003   527632.001   528200.003
   735:   528733.005   528857.009   530579.001   531450.003   531813.005
   740:   532150.009   532409.001   532608.003   532657.001   533825.003
   745:   534538.001   535245.003   535295.001   535989.003   536017.001
   750:   536503.003   536917.005   537088.009   537392.001   538767.003
   755:   539402.005   539509.009   543649.005   543753.009   543779.005
   760:   543915.009   545413.001   545989.003   546750.001   548212.003
   765:   548840.001   550341.003   550811.005   551086.009   553309.005
   770:   553393.009   554744.005   554754.009   554756.005   554798.009
   775:   555185.001   556567.003   557272.001   558601.003   558866.001
   780:   559383.003   559868.005   559893.009   560184.001   561796.003
   785:   562677.005   562845.009   563074.001   565102.003   565808.005
   790:   565917.009   566480.005   566611.009   567309.001   567531.003
   795:   567580.001   568587.003   569016.005   569093.009   575579.005
   800:   575759.009   576214.005   576392.009   576864.001   578364.003
   805:   578942.001   580992.018   581103.003   581109.016   581159.026
   810:   581383.005   582604.009   582760.005   582828.009   583262.001
   815:   583554.003   583973.001   585708.003   586528.001   586782.003
   820:   586831.001   587158.003   587695.001   587744.003   587816.001
   825:   588448.003   589351.001   591401.018   591422.003   591428.016
   830:   591478.026   591795.005   592742.009   594332.001   596061.003
   835:   596812.001   598576.003   599091.005   599196.009   599451.001
   840:   601501.018   601754.003   601760.016   601810.026   602155.005
   845:   602917.009   602966.005   603100.009   606981.001   607513.003
   850:   607594.001   607817.003   607838.001   609685.003   610438.001
   855:   612488.018   612827.003   612833.016   612883.026   613198.005
   860:   613754.009   613802.005   613880.009   613884.005   613921.009
   865:   613951.005   614241.009   616647.001   618404.003   619362.005
   870:   619438.009   620056.001   620545.003   620606.001   621798.003
   875:   621855.001   621881.003   622628.001   624514.003   625123.005
   880:   625218.009   625862.001   626680.003   627495.001   627905.003
   885:   628678.001   630221.003   630732.001   630960.003   631016.001
   890:   632181.003   632973.001   633306.003   633663.001   633691.003
   895:   633743.001   634372.003   635290.001   635724.003   636485.001
   900:   636575.003   636684.001   636972.003   637902.005   638009.009
   905:   645650.005   645713.009   645741.005   645897.009   645969.005
   910:   646000.009   646016.005   646074.009   646300.001   647580.003
   915:   647644.001   648005.003   649089.001   649453.003   649614.005
   920:   649775.009   650300.001   650668.003   651332.001   653280.003
   925:   653871.001   655921.018   656154.003   656160.016   656210.026
   930:   656451.005   657223.009   657291.005   657404.009   657449.005
   935:   657457.009   657464.005   657519.009   657567.005   657603.009
   940:   659606.001   661493.003   662322.005   662508.009   663283.001
   945:   664184.003   664266.001   664645.003   664795.001   665121.003
   950:   665159.001   665567.003   666210.001   667689.003   668390.005
   955:   668500.009   668622.005   668926.009   669178.001   670463.003
   960:   671117.001   672589.003   673479.001   674201.003   674516.001
   965:   675336.003   675919.005   676041.009   676311.001   676859.003
   970:   677276.001   677673.003   677755.001   678085.003   678363.001
   975:   678449.003   678516.001   678635.003   679652.001   680135.003
   980:   680705.005   680845.009   681127.001   681475.003   681573.001
   985:   682720.003   683769.001   685177.003   685850.001   686037.003
   990:   686708.001   687809.003   688558.001   688651.003   689351.001
   995:   690671.003   691152.005   691285.009   693570.005   693657.009
  1000:   693756.005   693760.009   693769.005   693787.009   693933.005
  1005:   693966.009   693970.005   693976.009   693984.005   694165.009
  1010:   694269.005   694323.009   694352.005   694744.009   695247.005
  1015:   695260.009   695271.005   695377.009   695513.005   695645.009
  1020:   696589.001   698429.003   699028.005   699241.009   700249.005
  1025:   700268.009   700289.005   700318.009   700603.001   702218.003
  1030:   705671.005   706000.009   706654.001   706799.003   707538.001
  1035:   709107.003   709895.001   710477.003   710555.001   711591.003
  1040:   712393.005   712405.009   712420.005   712528.009   712808.005
  1045:   713781.009   713991.005   714095.009   714120.005   714664.009
  1050:   715768.001   717006.003   717474.005   717716.009   718268.001
  1055:   719312.003   719345.001   719870.003   724927.002   724966.004
  1060:   725091.005   725148.009   725551.002   725708.004   725789.005
  1065:   725919.009   726709.001   727449.003   727906.005   728010.009
  1070:   728214.001   728664.003   728745.001   729279.003   729534.001
  1075:   730224.003   730260.001   730304.003   731145.001   731515.003
  1080:   732077.001   732290.003   736243.005   736271.009   736830.002
  1085:   736871.004   736964.005   737446.009   737680.005   737827.009
  1090:   738398.001   739464.003   739919.001   741127.003   741819.001
  1095:   742214.003   742239.001   742262.003   742352.001   743563.003
  1100:   744335.001   746254.003   747132.001   749182.018   749801.003
  1105:   749807.016   749857.026   749999.005   750687.009   750812.005
  1110:   751298.009   751398.005   751462.009   753338.001   754576.003
  1115:   754644.001   755471.003   758898.005   759035.009   759237.001
  1120:   760802.003   761543.001   763593.018   763765.003   763771.016
  1125:   763821.026   764006.005   764789.009   764846.005   765080.009
  1130:   765139.005   765149.009   768579.001   770618.003   771287.001
  1135:   773129.003   773862.001   775115.003   775409.001   776053.003
  1140:   776862.005   776882.009   776905.005   776919.009   776941.005
  1145:   776982.009   777338.001   779388.018   779531.003   779537.016
  1150:   779587.026   779777.005   780722.009   780772.005   780798.009
  1155:   783288.005   783309.009   783767.001   785236.003   785768.001
  1160:   787818.018   787831.003   787837.016   787887.026   788664.001
  1165:   790714.018   790717.003   790723.016   790773.026   790989.005
  1170:   791796.009   794557.001   795090.003   796015.001   796574.003
  1175:   797217.001   797957.003   798040.001   798721.003   799214.001
  1180:   801264.018   801390.003   801396.016   801446.026   801720.005
  1185:   802492.009   802517.005   802554.009   802586.005   802740.009
  1190:   808996.001   809925.003   809968.001   811083.003   811665.001
  1195:   813211.003   813376.001   813859.003   813940.001   814556.003
  1200:   815259.001   817309.018   817322.003   817328.016   817378.026
  1205:   817664.005   818672.009   818699.005   818783.009   823800.001
  1210:   825850.018   826155.003   826161.016   826211.026   826509.005
  1215:   827035.009   827943.001   829993.018   830023.003   830029.016
  1220:   830079.026   830081.017   830240.005   831202.009   832292.001
  1225:   832604.003   832651.001   833018.003   833059.001   833948.003
  1230:   834591.001   836238.003   837112.001   837708.003   838020.001
  1235:   838732.003   838796.001   838818.003   839568.001   841449.003
  1240:   842167.005   842210.009   843184.005   843213.009   843427.001
  1245:   844978.003   845614.001   847417.003   848014.001   849996.003
  1250:   850953.005   851184.009   851449.001   853093.003   853657.005
  1255:   853733.009   853913.001   854338.003   855623.001   856492.003
  1260:   857225.001   859309.003   859898.001   860891.003   861343.001
  1265:   862138.003   863408.001   864436.003   865219.001   865786.003
  1270:   866283.005   866300.009   867312.005   867477.009   867499.005
  1275:   867508.009   867768.001   868848.003   868859.001   869287.003
  1280:   869879.001   872172.003   872840.005   873001.009   873167.005
  1285:   873377.009   875282.001   875429.003   875723.001   876453.003
  1290:   877515.001   877923.003   878019.001   878975.003   879032.001
  1295:   879509.003   880339.001   880606.003   880715.001   881675.003
  1300:   881706.001   882453.003   883126.001   883365.003   883529.001
  1305:   884170.003   884387.001   884680.003   885025.001   885525.003
  1310:   886005.005   886299.009   893568.005   893578.009   893595.005
  1315:   893737.009   893753.005   893795.009   893840.005   893965.009
  1320:   894922.001   895170.003   895302.001   895739.003   896435.005
  1325:   896530.009   903291.005   903298.009   905774.005   905785.009
  1330:   905787.005   905908.009   906595.001   908553.003   909191.005
  1335:   909417.009   909658.001   911829.003   912534.001   913205.003
  1340:   913705.001   913837.003   913871.001   914565.003   915081.005
  1345:   915084.009   915091.005   915375.009   920789.005   920809.009
  1350:   920823.005   920885.009   921606.001   922956.003   924163.005
  1355:   924307.009   924754.001   924940.003   925054.001   926499.003
  1360:   927362.001   929743.003   930550.005   930693.009   931135.001
  1365:   933073.003   933393.005   933525.009   933742.001   934389.003
  1370:   934618.001   934883.003   934896.001   935788.003   936516.001
  1375:   936608.003   936728.005   936819.009   937401.001   937527.003
  1380:   937633.005   937703.009   938697.001   938731.003   938766.001
  1385:   938912.003   939138.001   939994.003   940718.001   940762.003
  1390:   941944.001   942502.003   943081.001   945274.003   946054.005
  1395:   946078.009   946147.005   946325.009   949783.005   949872.009
  1400:   950273.005   950368.009   950696.002   950897.004   950980.005
  1405:   951152.009   951627.001   953400.003   953824.001   955833.003
  1410:   956632.001   958881.003   959414.005   959511.009   964342.005
  1415:   964366.009   964388.005   964583.009   965429.001   966248.003
  1420:   966300.001   967091.003   968035.001   969595.003   973967.005
  1425:   974107.009   974593.001   975850.003   975916.001   976550.003
  1430:   976942.005   976987.009   977280.001   977693.003   978159.001
  1435:   978721.003   978819.001   979859.003   980968.005   981079.009
  1440:   981156.005   981270.009   990071.001   990303.003   990400.001
  1445:   992102.003   992748.001   994629.003   995397.005   995481.009
  1450:  1010000.001  1010232.003  1010521.001  1010804.003  1010846.001
  1455:  1011414.003  1011447.001  1011916.003  1012617.005  1012763.009
  1460:  1013029.001  1015319.003  1016375.001  1017046.003  1017127.001
  1465:  1017454.003  1017528.001  1018015.003  1018071.001  1018089.003
  1470:  1018855.001  1019474.003  1019881.001  1020634.003  1020655.001
  1475:  1020861.003  1020941.001  1021611.003  1022121.005  1022137.009
  1480:  1022151.005  1022452.009  1031516.005  1031546.009  1031583.005
  1485:  1031673.009  1031836.005  1031891.009  1032311.005  1032319.009
  1490:  1033701.001  1034217.003  1034299.001  1035695.003  1035728.001
  1495:  1035752.003  1036399.005  1036508.009  1036606.005  1036846.009
  1500:  1052254.001  1052454.003  1054149.005  1054219.009  1054469.005
  1505:  1054622.009  1054677.005  1054699.009  1057385.001  1058119.003
  1510:  1058158.001  1058644.003  1058678.001  1058697.003  1059325.005
  1515:  1059572.009  1063216.005  1063217.009  1063231.005  1063599.009
  1520:  1065113.001  1066030.003  1066088.001  1066423.003  1066586.001
  1525:  1067644.003  1068210.005  1068400.009  1077592.001  1079094.003
  1530:  1079177.001  1079727.003  1080327.005  1080451.009  1080512.005
  1535:  1080602.009  1090419.005  1090559.009  1091082.001  1091815.003
  1540:  1092077.001  1092989.003  1093356.001  1094126.003  1094218.001
  1545:  1094843.003  1096028.001  1098543.003  1099267.005  1099271.009
  1550:  1099287.005  1099580.009  1105292.005  1105601.009  1105615.005
  1555:  1105621.009  1106722.005  1106753.009  1121942.001  1124493.003
  1560:  1125043.005  1125254.009  1140050.005  1140258.009  1169352.001
  1565:  1170893.003  1171528.005  1171818.009  1171870.005  1171993.009
  1570:  1172333.001  1174448.003  1174968.005  1175052.009  1175824.001
  1575:  1177860.003  1178318.005  1178621.009  1194883.002  1196358.004
  1580:  1199158.005  1199305.009  1199945.001  1201851.003  1201914.001
  1585:  1202674.003  1203244.005  1204090.009  1205790.005  1205888.009
  1590:  1221931.005  1222109.009  1222569.001  1223153.003  1223226.001
  1595:  1224111.003  1224190.001  1224638.003  1225347.001  1227192.003
  1600:  1227803.005  1228225.009  1228349.005  1228391.009  1228751.001
  1605:  1230687.003  1231577.001  1233705.003  1234466.001  1236159.003
  1610:  1236598.005  1236855.009  1236902.005  1237314.009  1243966.001
  1615:  1244025.003  1244483.001  1245888.003  1246423.005  1246849.009
  1620:  1267297.001  1268756.003  1268783.001  1269253.003  1269816.005
  1625:  1269858.009  1270845.001  1272689.003  1273186.005  1273379.009
  1630:  1284115.005  1284125.009  1284193.005  1284249.009  1284688.001
  1635:  1286390.003  1286440.001  1287404.003  1288135.005  1289474.009
  1640:  1290046.001  1290596.003  1291301.001  1292002.003  1292132.001
  1645:  1293204.003  1298195.001  1300884.003  1301640.001  1302439.003
  1650:  1302555.001  1303386.003  1303422.001  1303447.003  1303474.001
  1655:  1303996.003  1304496.005  1305274.009  1307144.001  1309752.003
  1660:  1310569.005  1310768.009  1313802.001  1315734.003  1315771.001
  1665:  1316906.003  1317988.001  1318887.003  1319042.001  1319136.003
  1670:  1319162.001  1319301.003  1319506.001  1320742.003  1321295.005
  1675:  1321553.009  1333912.002  1334851.004  1334893.002  1334946.004
  1680:  1335050.002  1336316.004  1339155.005  1339193.009  1340051.001
  1685:  1342886.003  1344207.001  1346039.003  1346603.005  1346747.009
  1690:  1347133.005  1347156.009  1347446.001  1347889.003  1356229.005
  1695:  1356361.009  1356366.005  1356401.009  1356533.005  1356685.009
  1700:  1358842.005  1358854.009  1378540.005  1378582.009  1378629.005
  1705:  1378809.009  1383508.001  1383898.003  1404932.001  1406171.003
  1710:  1406467.001  1406950.003  1407864.001  1409925.003  1410850.001
  1715:  1411420.003  1411652.005  1411758.009  1426373.001  1426657.003
  1720:  1427752.001  1428069.003  1428640.001  1429001.003  1430017.001
  1725:  1430720.003  1431620.005  1431777.009  1440661.005  1440682.009
  1730:  1441823.001  1444693.018  1444826.003  1444832.016  1444882.026
  1735:  1445174.005  1446226.009  1446230.005  1446319.009  1448454.001
  1740:  1449774.003  1449820.001  1450471.003  1451325.005  1451451.009
  1745:  1451467.005  1451519.009  1452263.001  1454124.003  1454765.001
  1750:  1455140.003  1455867.001  1455902.003  1455932.001  1456254.003
  1755:  1456298.001  1456879.003  1457611.001  1460481.018  1460628.003
  1760:  1460634.016  1460684.026  1460898.005  1462158.009  1469078.001
  1765:  1469848.003  1469931.001  1470420.003  1470545.001  1471765.003
  1770:  1472399.001  1473463.003  1473536.001  1474620.003  1476403.001
  1775:  1478086.003  1482449.005  1482552.009  1483240.001  1483428.003
  1780:  1484079.001  1485925.003  1486618.005  1486701.009  1491899.001
  1785:  1493582.003  1494222.001  1495965.003  1497046.001  1499474.003
B:
     0:        0.000      485.000       14.000      485.000       14.000
     5:      353.000        0.000        0.000        0.000      353.000
    10:        0.000        1.000        0.000        0.000        0.000
    15:        0.000       28.000        1.000       28.000        0.000
    20:        0.000        0.000        0.000        0.000        0.000
    25:        0.000       28.000        0.000        0.000        0.000
    30:        0.000
D:
     0:  3738375.000  3735948.000  3738376.000
E:
     0:     2050.000     2870.000
T:
     0:        0.000        0.000        0.000        0.000
W:
     0:        0.000        0.000        0.000
