File: C:\MED-PC IV\Data\ALFE\AU023.999


Start Date: 02/05/24
End Date: 02/05/24
Subject: 23
Experiment: AU
Group: LINEAR
Box: 3
Start Time: 14:23:46
End Time: 15:13:46
MSN: DRRD_500ms
C:       0.000
F:       0.000
G:       0.000
H:       0.000
I:       0.000
J:       0.000
K:     100.000
L:       0.000
M:       0.000
N:       0.000
O:       0.000
P:       0.000
Q:       0.000
R:       0.000
S:       0.000
U:    2516.000
V:       0.000
X:       0.000
Y:    1388.000
Z:       0.000
A:
     0:     2456.001      688.003      839.001     1155.003     1282.001
     5:     1314.003     1350.001     1409.003     1423.001     1531.003
    10:     3506.001     3587.003     5203.001     5266.003     8073.005
    15:     8182.009     8194.005     8383.009     8410.005     8446.009
    20:    12259.005    12586.009    13973.001    14333.003    15000.011
    25:    15417.001    17856.003    17938.001    21297.003    21314.001
    30:    23944.003    24357.001    29357.018    34188.003    34194.016
    35:    34210.005    34244.026    34898.009    35698.001    40698.018
    40:    42809.003    42815.016    42832.005    42865.026    43234.009
    45:    43495.001    44303.003    44478.001    49478.018    51469.003
    50:    51475.016    51499.005    51525.026    52059.009    52350.001
    55:    57350.018    57577.003    57583.016    57605.005    57633.026
    60:    58159.009    58433.001    63433.018    63777.003    63783.016
    65:    63796.005    63833.026    64253.009    64679.001    68495.003
    70:    68517.005    68656.009    68770.005    69284.009    69549.001
    75:    74324.003    74328.005    74715.009    76445.001    77756.003
    80:    78041.001    81670.003    81685.005    81873.009    81907.005
    85:    82225.009    82663.001    83273.003    83486.001    88486.018
    90:    89681.003    89687.016    89723.005    89737.026    90067.009
    95:    90298.001    91253.003    91260.001    94339.003    94355.005
   100:    94633.009    95251.001    96695.003    96817.001    97549.003
   105:    97589.001    98178.003    98385.001    98902.003    98978.001
   110:   101656.003   101684.005   101957.009   102183.001   106880.003
   115:   108554.001   108573.003   108624.001   109207.003   109865.001
   120:   109932.003   110128.005   110720.009   112060.001   112854.003
   125:   112877.001   117877.018   119721.003   119727.016   119740.005
   130:   119777.026   120277.009   120629.001   123220.003   123573.001
   135:   123752.003   123763.001   125074.003   125124.005   125271.009
   140:   126272.001   131272.018   131791.003   131794.005   131797.016
   145:   131847.026   132123.009   132358.001   136868.003   136904.005
   150:   137031.009   137427.001   139047.003   139115.001   142492.003
   155:   142505.005   142892.009   143312.001   148312.018   148594.003
   160:   148597.005   148600.016   148650.026   149373.009   149738.001
   165:   154738.018   155129.003   155135.016   155164.005   155185.026
   170:   155896.009   156815.001   157690.003   157783.001   160974.003
   175:   161010.005   161114.009   162109.001   163588.003   163951.001
   180:   167443.003   167444.005   167607.009   167834.005   167974.009
   185:   168046.005   168062.009   168560.001   173560.018   174909.003
   190:   174915.016   174965.026   175064.001   175094.003   175235.001
   195:   175872.003   175912.005   176292.009   176750.001   181613.003
   200:   181623.005   181880.009   182383.001   185386.003   185697.001
   205:   187015.003   189056.001   189662.003   191061.005   191354.009
   210:   191836.001   196836.018   199143.003   199149.016   199199.026
   215:   199311.001   200256.003   200290.005   200641.009   201262.001
   220:   203949.003   203975.001   207708.003   208026.001   211921.003
   225:   211956.005   212351.009   212681.001   214276.003   214655.001
   230:   214933.003   215099.001   220099.018   221931.003   221937.016
   235:   221963.005   221987.026   222468.009   223156.001   224694.003
   240:   224699.001   226606.003   226609.001   227871.003   227905.005
   245:   228090.009   228552.001   233552.018   235090.003   235096.016
   250:   235117.005   235146.026   235663.009   236061.001   241061.018
   255:   243507.003   243513.016   243563.026   243764.005   244881.009
   260:   245424.001   250210.003   250214.001   250832.003   250884.005
   265:   251080.009   251366.001   255902.003   255911.005   256133.009
   270:   256182.005   256219.009   256596.001   261596.018   261619.003
   275:   261625.016   261635.005   261675.026   262150.009   262398.001
   280:   266300.003   266304.005   266473.009   266971.001   271971.018
   285:   273140.003   273146.016   273149.005   273196.026   273880.009
   290:   274325.001   279325.018   280954.003   280960.016   280980.005
   295:   281010.026   281350.009   281656.001   285398.003   285443.005
   300:   285598.009   286055.001   287498.003   287545.001   287595.003
   305:   287625.001   291583.005   291590.003   291772.009   293923.001
   310:   295401.003   295510.001   299657.003   299741.005   299941.009
   315:   302157.001   305479.003   305539.005   305773.009   306081.001
   320:   307389.003   308061.001   313061.018   314047.003   314053.016
   325:   314081.005   314103.026   314414.009   314462.005   314659.009
   330:   314917.001   319917.018   320404.003   320410.016   320453.005
   335:   320460.026   321014.009   321372.001   326372.018   326529.003
   340:   326535.016   326551.005   326585.026   327022.009   327273.001
   345:   331995.003   332037.005   332228.009   332530.001   334549.003
   350:   335177.001   339313.003   339336.005   339483.009   339709.005
   355:   339773.009   340009.001   345009.018   345018.003   345024.016
   360:   345054.005   345074.026   345647.009   346206.001   349919.003
   365:   349951.005   350152.009   350404.001   350522.003   350665.001
   370:   351279.003   351296.001   356296.018   358126.003   358132.016
   375:   358160.005   358182.026   358541.009   358839.001   363839.018
   380:   364953.003   364959.016   364999.005   365009.026   365471.009
   385:   365517.005   365684.009   365965.001   370234.003   370314.005
   390:   370429.009   370843.001   374323.003   374347.001   379021.003
   395:   379094.005   379205.009   379491.001   384491.018   385813.003
   400:   385819.016   385823.005   385869.026   386507.009   386839.001
   405:   391839.018   393222.003   393228.016   393249.005   393278.026
   410:   393960.009   394474.001   398106.003   398107.001   398986.003
   415:   399022.005   399200.009   399310.005   399586.009   400104.001
   420:   405104.018   406695.003   406701.016   406713.005   406751.026
   425:   407183.009   407408.001   412408.018   413951.003   413957.016
   430:   414007.026   414181.001   414204.003   414236.005   414566.009
   435:   414904.001   419904.018   420308.003   420314.016   420363.005
   440:   420364.026   421023.009   421319.001   426319.018   428103.003
   445:   428109.001   428109.016   428159.026   428392.003   428431.005
   450:   430244.009   430637.005   430742.009   431345.001   431401.003
   455:   431520.001   435153.003   435176.001   435565.003   435592.005
   460:   435857.009   436049.001   437973.003   438091.001   440341.003
   465:   440354.001   443702.003   443712.001   445210.003   445251.005
   470:   445714.009   445928.001   447783.003   447831.001   452831.018
   475:   453971.003   453977.016   453992.005   454027.026   454718.009
   480:   454819.005   454841.009   455201.001   460201.018   463062.003
   485:   463068.016   463080.005   463118.026   463742.009   464011.001
   490:   469011.018   469396.003   469402.016   469414.005   469452.026
   495:   469891.009   470096.001   475096.018   477936.003   477942.016
   500:   477947.001   477992.026   478023.003   478028.001   478213.003
   505:   478217.005   478585.009   479396.001   484396.018   485729.003
   510:   485735.016   485749.005   485785.026   486262.009   486452.001
   515:   491452.018   492010.003   492016.016   492031.005   492066.026
   520:   492458.009   492819.001   497819.018   500385.003   500391.016
   525:   500428.005   500441.026   500849.009   501096.001   506096.018
   530:   511072.003   511078.016   511095.005   511128.026   511427.009
   535:   511714.001   516714.018   520905.003   520911.016   520961.026
   540:   520963.005   521290.009   521718.001   526718.018   531169.003
   545:   531175.016   531195.005   531225.026   531647.009   531963.001
   550:   536280.003   536469.001   541469.018   544448.003   544454.016
   555:   544472.005   544504.026   544861.009   545156.001   550156.018
   560:   552166.003   552168.001   552172.016   552222.026   552395.003
   565:   552451.005   553019.009   553024.005   553268.009   553692.001
   570:   554806.003   554945.001   559945.018   563774.003   563780.016
   575:   563791.005   563830.026   564150.009   564593.001   569593.018
   580:   572264.003   572270.016   572273.001   572320.026   572503.003
   585:   572549.005   573276.009   573331.005   573469.009   573487.005
   590:   573695.009   574213.001   579213.018   582307.003   582308.005
   595:   582313.016   582363.026   582935.009   583302.001   588302.018
   600:   591232.003   591238.016   591262.005   591288.026   591791.009
   605:   592030.001   597030.018   597523.003   597528.001   597529.016
   610:   597579.026   597781.003   597831.005   598772.009   599160.001
   615:   604160.018   604252.003   604258.016   604273.001   604308.026
   620:   604712.003   604727.005   605302.009   605342.005   605352.009
   625:   605771.001   610771.018   614069.003   614075.016   614082.005
   630:   614125.026   614412.009   614590.001   618823.003   618843.005
   635:   619158.009   619628.001   619751.003   619922.001   624922.018
   640:   629689.005   629690.003   629696.016   629746.026   630568.009
   645:   630657.005   630665.009   630673.005   630752.009   631239.001
   650:   636239.018   638326.003   638332.016   638352.001   638382.026
   655:   638464.003   638493.001   639504.003   639505.001   640075.003
   660:   640112.005   640479.009   640735.001   642507.003   642522.001
   665:   647522.018   648591.003   648597.016   648601.005   648647.026
   670:   649048.009   649096.005   649492.009   649677.001   650188.003
   675:   650759.001   655759.018   657597.003   657603.016   657613.005
   680:   657653.026   658173.009   658659.001   661305.003   661336.001
   685:   664806.003   664838.005   665077.009   665085.005   665098.009
   690:   665103.005   665121.009   665775.001   666301.003   666495.001
   695:   667646.003   668605.005   668621.009   675440.005   675507.009
   700:   675522.005   675582.009   685175.001   685257.003   686352.001
   705:   686628.003   720240.001   720578.005   720844.003   720980.009
   710:   721032.005   721317.009   723076.001   724998.003   725210.001
   715:   730210.018   734240.003   734246.016   734277.001   734296.026
   720:   734515.003   734554.005   735131.009   735536.001   740536.018
   725:   745588.003   745594.016   745621.005   745644.026   745974.009
   730:   746309.001   751309.018   754803.005   754804.003   754810.016
   735:   754860.026   755229.009   755253.005   755327.009   755826.001
   740:   760826.018   763607.003   763610.005   763613.016   763663.026
   745:   764025.009   764366.001   768817.003   768889.001   768942.003
   750:   768981.001   773981.018   774125.003   774131.016   774135.005
   755:   774181.026   774537.009   774567.005   774612.009   775128.001
   760:   780128.018   783409.003   783415.016   783428.005   783465.026
   765:   784145.009   784954.001   785276.003   785642.001   790642.018
   770:   791138.003   791144.016   791194.026   791316.005   791697.009
   775:   792279.001   796053.003   796216.001   796413.003   796514.001
   780:   796569.003   796590.001   798785.003   798837.005   798963.009
   785:   799275.001   800731.003   801918.001   804045.003   804669.001
   790:   806028.003   806073.001   806132.003   806179.001   808566.003
   795:   808584.005   808906.009   809128.001   810204.003   810633.001
   800:   811545.003   811598.001   816598.018   818813.003   818819.016
   805:   818828.005   818869.026   819371.009   820402.001   822111.003
   810:   822134.005   822237.009   822386.005   823211.009   823236.005
   815:   823249.009   837517.005   838091.009   847113.005   847405.009
   820:   865589.001   866337.003   866748.001   871748.018   874481.003
   825:   874487.016   874537.026   874683.005   875704.009   875741.005
   830:   876388.009   877076.001   877518.003   877585.001   880383.003
   835:   880486.001   885203.005   885207.003   885590.009   885881.001
   840:   887309.003   887998.001   892998.018   895576.003   895582.016
   845:   895603.005   895632.026   896501.009   896514.005   896532.009
   850:   896555.005   896815.009   897119.001   897404.003   897749.001
   855:   902749.018   904485.005   904487.003   904493.016   904543.026
   860:   905064.009   905423.001   910423.018   914587.005   914589.003
   865:   914595.016   914645.026   914959.009   915856.001   920856.018
   870:   922071.003   922077.016   922127.026   922128.001   922310.003
   875:   922340.001   922805.003   922916.001   923501.005   923511.003
   880:   924376.009   924790.001   929790.018   932480.005   932485.003
   885:   932491.016   932541.026   932915.009   933284.001   938284.018
   890:   941795.005   941799.003   941805.016   941855.026   942624.009
   895:   942680.005   942765.009   943201.001   948201.018   950099.003
   900:   950105.016   950126.005   950155.026   950609.009   950979.001
   905:   955979.018   957642.003   957648.016   957650.005   957698.026
   910:   958466.009   959034.001   964034.018   964842.003   964844.005
   915:   964848.016   964898.026   965356.009   965375.005   965560.009
   920:   968044.005   968356.009   971226.005   971271.009   971292.005
   925:   972512.009   980041.005   980189.009   980208.005   980432.009
   930:   981383.001   981554.003  1003777.005  1003976.009  1003990.005
   935:  1004294.009  1004317.005  1004551.009  1005241.001  1006401.003
   940:  1006489.001  1008471.003  1008886.001  1013886.018  1015062.003
   945:  1015068.016  1015118.026  1015283.005  1015913.009  1016153.001
   950:  1016748.003  1016860.001  1021860.018  1023703.005  1023707.003
   955:  1023713.016  1023763.026  1024356.009  1025007.001  1029644.005
   960:  1029671.003  1029834.009  1030260.001  1035260.018  1036466.005
   965:  1036469.003  1036475.016  1036525.026  1037011.009  1037167.005
   970:  1037332.009  1037725.001  1042725.018  1045931.003  1045932.005
   975:  1045937.016  1045987.026  1046420.009  1047029.001  1052029.018
   980:  1057458.003  1057462.005  1057464.016  1057514.026  1058132.009
   985:  1058722.001  1063722.018  1065716.005  1065722.003  1065728.016
   990:  1065778.026  1066419.009  1067531.001  1072531.018  1074863.005
   995:  1074885.003  1074891.016  1074941.026  1075708.009  1076326.001
  1000:  1081326.018  1083505.003  1083508.005  1083511.016  1083561.026
  1005:  1084135.009  1084150.005  1084240.009  1084488.001  1089488.018
  1010:  1089968.003  1089968.005  1089974.016  1090024.026  1090752.009
  1015:  1091415.001  1096415.018  1097363.005  1097366.003  1097372.016
  1020:  1097422.026  1098152.009  1098208.005  1098349.009  1098767.001
  1025:  1103180.005  1103201.003  1103497.009  1103737.001  1108737.018
  1030:  1110819.005  1110833.003  1110839.016  1110889.026  1111381.009
  1035:  1112063.001  1115925.005  1115932.003  1116154.009  1116710.001
  1040:  1121710.018  1122051.005  1122075.003  1122081.016  1122131.026
  1045:  1122652.009  1123277.001  1123743.003  1123965.001  1128965.018
  1050:  1129295.005  1129313.003  1129319.016  1129369.026  1129916.009
  1055:  1130392.001  1134368.005  1134383.003  1134608.009  1134813.001
  1060:  1139813.018  1140030.003  1140036.016  1140037.005  1140086.026
  1065:  1140544.009  1141512.001  1146512.018  1146858.005  1146859.003
  1070:  1146865.016  1146915.026  1147302.009  1147357.005  1147527.009
  1075:  1147561.005  1147697.009  1148202.001  1150552.003  1150709.001
  1080:  1154271.005  1154280.003  1154451.009  1154636.001  1156407.003
  1085:  1157102.001  1162102.018  1162276.003  1162282.016  1162283.005
  1090:  1162332.026  1163148.009  1164194.001  1168928.005  1168957.003
  1095:  1169164.009  1169653.001  1174653.018  1178048.005  1178065.003
  1100:  1178071.016  1178121.026  1178678.009  1179677.001  1180154.003
  1105:  1180222.001  1185222.018  1187128.003  1187134.016  1187135.005
  1110:  1187184.026  1187911.009  1188605.001  1193605.018  1195097.003
  1115:  1195103.016  1195124.001  1195149.003  1195153.026  1195544.005
  1120:  1195890.009  1195955.005  1195974.009  1196458.001  1201458.018
  1125:  1204567.003  1204570.005  1204573.016  1204623.026  1205542.009
  1130:  1206177.001  1211177.018  1216170.005  1216171.003  1216177.016
  1135:  1216227.026  1216539.009  1217397.001  1222397.018  1225502.005
  1140:  1225549.003  1225555.016  1225605.026  1225985.009  1226341.001
  1145:  1231341.018  1234068.005  1234117.003  1234123.016  1234173.026
  1150:  1235128.009  1235140.005  1235213.009  1235281.005  1235453.009
  1155:  1237488.001  1242488.018  1248150.005  1248158.003  1248164.016
  1160:  1248214.026  1248552.009  1248995.001  1253995.018  1256065.005
  1165:  1256074.003  1256080.016  1256130.026  1256764.009  1257511.001
  1170:  1262511.018  1264952.005  1264968.003  1264974.016  1265024.026
  1175:  1265389.009  1265872.001  1270872.018  1271965.005  1271970.003
  1180:  1271976.016  1272026.026  1272583.009  1273058.001  1276029.003
  1185:  1276033.005  1276257.009  1276809.001  1281809.018  1284964.005
  1190:  1284973.003  1284979.016  1285029.026  1285506.009  1285966.001
  1195:  1290966.018  1294186.005  1294199.003  1294205.016  1294255.026
  1200:  1294650.009  1294934.001  1299934.018  1301351.003  1301355.001
  1205:  1301357.016  1301407.026  1301648.003  1301664.005  1302754.009
  1210:  1303366.001  1308366.018  1311196.005  1311203.003  1311209.016
  1215:  1311259.026  1311792.009  1312168.001  1317168.018  1321202.005
  1220:  1321220.003  1321226.016  1321276.026  1321902.009  1321967.005
  1225:  1322083.009  1322772.001  1327772.018  1331840.005  1331861.003
  1230:  1331867.016  1331917.026  1332384.009  1333064.001  1338064.018
  1235:  1338365.003  1338371.016  1338421.026  1338605.001  1338710.003
  1240:  1338714.005  1339536.009  1339569.005  1339732.009  1339734.005
  1245:  1339879.009  1340339.001  1345339.018  1347427.003  1347433.005
  1250:  1347433.016  1347483.026  1347870.009  1348240.001  1353240.018
  1255:  1355711.005  1355725.003  1355731.016  1355781.026  1356106.009
  1260:  1356352.001  1358114.003  1358367.001  1361166.003  1361611.001
  1265:  1362155.003  1362160.001  1364193.005  1364207.003  1364644.009
  1270:  1364850.001  1369478.003  1369525.001  1372169.003  1372189.001
  1275:  1373193.003  1373196.001  1373752.003  1373755.005  1374135.009
  1280:  1374581.001  1379581.018  1380402.003  1380407.001  1380408.016
  1285:  1380458.026  1380734.003  1380737.005  1381140.009  1381153.005
  1290:  1381269.009  1381575.001  1386575.018  1389468.005  1389484.003
  1295:  1389490.016  1389540.026  1390333.009  1390733.001  1395733.018
  1300:  1398456.005  1398481.003  1398487.016  1398537.026  1399019.009
  1305:  1399379.001  1404379.018  1409159.003  1409159.005  1409165.016
  1310:  1409215.026  1409649.009  1409650.005  1409728.009  1409822.005
  1315:  1409963.009  1410981.001  1415981.018  1419308.003  1419309.005
  1320:  1419314.016  1419364.026  1420023.009  1421122.001  1426122.018
  1325:  1429597.005  1429637.003  1429643.016  1429693.026  1430401.009
  1330:  1431450.001  1436450.018  1437682.005  1437709.003  1437715.016
  1335:  1437765.026  1438268.009  1438339.005  1438450.009  1438854.001
  1340:  1443854.018  1447374.005  1447405.003  1447411.016  1447461.026
  1345:  1447825.009  1448383.001  1453383.018  1455670.005  1455704.003
  1350:  1455710.016  1455760.026  1456213.009  1457200.001  1458027.003
  1355:  1458131.001  1463131.018  1464296.005  1464309.003  1464315.016
  1360:  1464365.026  1464740.009  1465279.001  1466457.003  1466889.001
  1365:  1471889.018  1472278.005  1472302.003  1472308.016  1472358.026
  1370:  1472810.009  1474261.001  1479261.018  1479589.005  1479607.003
  1375:  1479613.016  1479663.026  1480279.009  1480297.005  1480314.009
  1380:  1485433.005  1485549.009  1485594.005  1485751.009  1486025.001
  1385:  1486164.003  1486330.005  1486364.009
B:
     0:        0.000      284.000        0.000      284.000        0.000
     5:      231.000        0.000        0.000        0.000      231.000
    10:        0.000        1.000        0.000        0.000        0.000
    15:        0.000      119.000        0.000      119.000        0.000
    20:        0.000        0.000        0.000        0.000        0.000
    25:        0.000      119.000        0.000        0.000        0.000
    30:        0.000
D:
     0:  1488679.000  1488541.000  1488680.000
E:
     0:     5000.000     5000.000
T:
     0:        0.000        0.000        0.000        0.000
W:
     0:        0.000        0.000        0.000
