File: C:\MED-PC IV\Data\ALFE\AU022.999


Start Date: 02/12/24
End Date: 02/12/24
Subject: 22
Experiment: AU
Group: EXP40
Box: 2
Start Time: 14:40:46
End Time: 15:30:46
MSN: DRRD_general_exp
C:       0.000
F:       0.000
G:       0.000
H:       0.000
I:       0.000
J:       0.000
K:      80.000
L:       0.000
M:       0.000
N:       0.000
O:       0.000
P:       0.000
Q:       0.000
R:       0.000
S:       0.000
U: 1816615.000
V:       0.000
X:       0.000
Y:     797.000
Z:       0.000
A:
     0:     6978.005     6984.009    11999.005    12035.009    12097.005
     5:    12125.009    15000.011    15322.001    16192.003    16674.001
    10:    16754.003    16784.001    19040.003    19911.001    20092.003
    15:    20114.001    20893.003    21213.005    21462.009    21713.001
    20:    22579.003    22608.001    25219.003    26277.001    26753.003
    25:    26764.001    28058.003    28065.001    30322.003    31141.001
    30:    31459.003    31538.001    34285.003    35037.001    37443.003
    35:    37836.005    38188.009    38193.005    38196.009    38198.005
    40:    38205.009    38222.005    38232.009    38719.001    39129.003
    45:    39169.001    41472.003    41503.001    42313.003    42719.005
    50:    42792.009    42801.005    42807.009    44369.005    44375.009
    55:    44452.005    44458.009    44743.001    47633.003    47687.001
    60:    48444.003    49241.001    52127.003    52755.005    52759.009
    65:    52760.005    52825.009    54740.001    54874.003    55080.001
    70:    55415.003    56185.001    60028.003    60505.001    60633.003
    75:    60741.005    60913.009    61424.001    65143.003    66566.005
    80:    66575.009    67498.001    71498.018    71848.003    71854.016
    85:    71904.026    71992.005    71997.009    72001.005    72605.009
    90:    72607.005    72614.009    72629.005    72639.009    74701.005
    95:    74711.009    74901.005    74907.009    74911.005    75033.009
   100:    77333.001    77517.003    77537.001    81062.003    82397.001
   105:    83092.003    83133.001    85753.003    86886.001    88054.003
   110:    88082.001    90292.003    91309.001    93571.003    94241.001
   115:    94285.003    94436.005    94588.009    94918.001    97686.003
   120:    99614.001   101916.003   104418.001   106837.003   106864.001
   125:   107235.003   107674.005   107804.009   110934.005   110941.009
   130:   110965.005   110976.009   111011.005   111019.009   111430.001
   135:   111522.003   111669.001   113855.003   113870.001   113923.003
   140:   113947.001   114497.003   115940.001   116091.003   116138.001
   145:   118528.003   118907.005   118926.009   118929.005   119047.009
   150:   119514.001   121544.003   122067.005   122148.009   122394.001
   155:   122681.003   122786.001   123822.003   124870.001   125189.003
   160:   125996.001   126327.003   126636.005   126775.009   126776.005
   165:   126779.009   126780.005   126785.009   126810.005   126813.009
   170:   129405.005   129674.009   129996.001   130370.003   130503.005
   175:   130947.009   131376.001   131431.003   131473.001   133587.003
   180:   134267.005   134310.009   135179.001   136191.003   136237.001
   185:   137787.003   138655.001   138951.003   139004.001   140131.003
   190:   140562.005   140637.009   141638.005   141842.009   141881.005
   195:   141894.009   142495.001   142911.003   145189.005   145221.009
   200:   145254.005   145267.009   146378.005   146630.009   146633.005
   205:   146657.009   150175.001   150319.003   150342.001   152437.003
   210:   153374.005   153398.009   153994.001   157418.003   158258.005
   215:   158437.009   158821.001   161391.003   163565.001   163961.003
   220:   164039.001   166959.003   168556.005   168730.009   169164.001
   225:   171645.003   172097.005   172336.009   172346.005   172354.009
   230:   172367.005   172377.009   172470.005   172487.009   172488.005
   235:   172636.009   172637.005   172662.009   172689.005   172695.009
   240:   172705.005   172737.009   172759.005   172866.009   172875.005
   245:   172887.009   172898.005   172904.009   172905.005   172913.009
   250:   172989.005   173014.009   173097.005   173106.009   174830.005
   255:   174898.009   177271.001   178772.003   178823.001   180758.003
   260:   181548.005   181582.009   181965.001   182011.003   182061.001
   265:   182123.003   182165.001   182224.003   182265.001   183397.003
   270:   183446.001   184091.003   184122.001   184173.003   185494.001
   275:   188262.003   188806.001   189022.003   189135.005   189277.009
   280:   189278.005   189315.009   189943.001   191472.003   191529.001
   285:   192853.003   193397.005   193596.009   200697.005   200703.009
   290:   201842.001   204745.003   206167.001   206797.003   206818.001
   295:   207828.003   207946.001   208471.003   209296.001   209419.003
   300:   209516.001   209753.003   209800.001   210788.003   210927.001
   305:   211086.003   211891.005   211897.009   211898.005   211904.009
   310:   211907.005   212055.009   212803.001   216440.003   217230.005
   315:   217242.009   217253.005   217444.009   217484.005   217496.009
   320:   217497.005   217511.009   217558.005   217561.009   218088.001
   325:   218152.003   218258.001   220874.003   221849.001   221962.003
   330:   224863.005   224880.009   224885.005   225131.009   225133.005
   335:   225142.009   225668.001   228011.003   228034.001   228530.003
   340:   229408.001   230837.003   230890.001   231284.003   231319.001
   345:   231684.003   232231.005   232381.009   232784.001   236784.018
   350:   237224.003   237230.016   237280.026   237451.005   237917.009
   355:   242698.005   242703.009   242712.005   242733.009   242742.005
   360:   242763.009   242766.005   242769.009   242793.005   242935.009
   365:   242958.005   242961.009   243351.001   243394.003   243471.001
   370:   244316.003   244454.001   246337.003   247014.005   247025.009
   375:   247118.005   247156.009   247785.001   250704.003   251694.001
   380:   253385.003   253446.001   256253.003   258695.005   258764.009
   385:   258765.005   258767.009   259569.001   262778.003   262839.001
   390:   263201.003   265323.001   265498.003   265584.001   269492.003
   395:   271464.005   272050.009   272565.001   272621.003   272741.001
   400:   273653.003   273692.001   275743.003   277111.001   278846.003
   405:   278870.001   280608.003   281244.005   281536.009   282190.001
   410:   282632.003   282803.001   285090.003   285791.005   285799.009
   415:   285812.005   285913.009   286813.001   287956.003   288014.001
   420:   288580.003   288629.001   288670.003   288719.001   290677.003
   425:   291339.005   291437.009   291440.005   291446.009   292362.005
   430:   292378.009   292387.005   292391.009   292768.001   294784.003
   435:   295694.001   298838.003   314776.005   314781.009   314818.005
   440:   314846.009   314875.005   314937.009   318465.001   320231.003
   445:   320243.001   320812.003   323677.005   323701.009   324338.001
   450:   326553.003   327183.005   327198.009   327199.005   327455.009
   455:   327456.005   327469.009   327507.005   327537.009   329180.001
   460:   329753.003   330964.001   331196.003   335502.005   335941.009
   465:   335950.005   335961.009   336480.001   338623.003   339136.005
   470:   339142.009   339151.005   339288.009   340921.005   341048.009
   475:   341112.005   341156.009   342381.001   345638.003   355829.001
   480:   359103.003   359585.005   359743.009   359755.005   359760.009
   485:   359764.005   359779.009   359780.005   359801.009   360152.001
   490:   361178.003   361200.001   363137.003   364020.005   364057.009
   495:   364195.005   364279.009   364290.005   364299.009   364847.001
   500:   365384.003   365463.001   365712.003   365756.001   366369.003
   505:   366390.001   368120.003   368945.005   369055.009   369713.001
   510:   373169.003   378487.001   378705.003   378790.001   382752.003
   515:   385547.005   385553.009   387895.001   391087.003   391749.005
   520:   391886.009   392527.001   395432.003   399404.005   399590.009
   525:   399634.005   399639.009   400238.001   403691.003   405652.001
   530:   409603.003   410544.005   410550.009   410551.005   410558.009
   535:   410572.005   410601.009   410645.005   410740.009   410759.005
   540:   410918.009   411584.001   413045.003   413119.001   415350.003
   545:   418411.001   421029.003   421107.001   422050.003   424598.005
   550:   424604.009   424619.005   424844.009   424846.005   424930.009
   555:   425737.001   426496.003   426556.001   429268.003   430138.005
   560:   430385.009   431109.001   431997.003   432013.001   434798.003
   565:   438176.005   438181.009   438204.005   438248.009   439006.001
   570:   441469.003   441489.001   442898.003   444626.005   444688.009
   575:   447951.005   447973.009   449160.001   452247.003   478571.005
   580:   478577.009   478583.005   478591.009   501449.005   501801.009
   585:   502547.001   505659.003   538534.005   538540.009   538543.005
   590:   538775.009   539971.001   543087.003   591365.005   591379.009
   595:   591389.005   591870.009   594057.001   596035.003   621955.005
   600:   621968.009   621973.005   623504.009   647795.005   648199.009
   605:   649140.001   652658.003   653514.005   653688.009   654998.001
   610:   657987.003   663847.005   663877.009   663895.005   663954.009
   615:   754459.005   754966.009   776353.005   776358.009   777261.001
   620:   777426.003   777573.001   778441.003   778495.001   778844.003
   625:   778881.001   779290.003   779296.001   779811.003   911729.005
   630:   911741.009   911772.005   911826.009   911838.005   911888.009
   635:   911892.005   912085.009   912095.005   912099.009   913700.001
   640:   913730.003   914227.005   914446.009   914459.005   914461.009
   645:   914464.005   914520.009   914535.005   914538.009   914620.005
   650:   914625.009   914635.005   914654.009   914660.005   914688.009
   655:   914710.005   914722.009   915024.005   915029.009   929262.001
   660:   929592.003   941679.005   941936.009   943919.005   944413.009
   665:   944433.005   944455.009   945065.001   945322.003   945469.001
   670:   945505.003   945567.001   945652.003   945753.001   945878.003
   675:   946210.001   947041.003   969168.005   969194.009   969202.005
   680:   969208.009   969210.005   969216.009   969217.005   969222.009
   685:   969255.005   969502.009   969553.005   969578.009   969608.005
   690:   969638.009   970296.001   971084.003   971440.005   971726.009
   695:   980476.001   981419.003   981653.005   982037.009   982500.001
   700:   983087.003   983192.001   983592.003   983981.001   985085.003
   705:   988232.005   988337.009   988387.005   988412.009   988430.005
   710:   988441.009   988999.001   989139.003   990753.005   990841.009
   715:  1040586.005  1040629.009  1040636.005  1040669.009  1040677.005
   720:  1040686.009  1066312.005  1066489.009  1126171.005  1126179.009
   725:  1126228.005  1126239.009  1126621.001  1127469.003  1127920.005
   730:  1128096.009  1128116.005  1128120.009  1128845.005  1128855.009
   735:  1128860.005  1129180.009  1199660.005  1199693.009  1218111.005
   740:  1218205.009  1218208.005  1218217.009  1320191.005  1320203.009
   745:  1320246.005  1320283.009  1320319.005  1320382.009  1321731.001
   750:  1321794.003  1322856.005  1322870.009  1340268.005  1340275.009
   755:  1340290.005  1340309.009  1340735.001  1340797.003  1405547.005
   760:  1406122.009  1416728.005  1417581.009  1423073.005  1423272.009
   765:  1423280.005  1423289.009  1423914.001  1425186.003  1425566.005
   770:  1426219.009  1426247.005  1426264.009  1426273.005  1426291.009
   775:  1427015.001  1427298.003  1427338.001  1428945.003  1433688.005
   780:  1433907.009  1433922.005  1433934.009  1433948.005  1433990.009
   785:  1434118.005  1434125.009  1434132.005  1434137.009  1460104.005
   790:  1460110.009  1460185.005  1460317.009  1460328.005  1461151.009
   795:  1461155.005  1461158.009
B:
     0:        0.000      177.000        0.000      177.000        0.000
     5:      218.000        0.000        0.000        0.000      218.000
    10:        0.000        1.000        0.000        0.000        0.000
    15:        0.000        2.000        0.000        2.000        0.000
    20:        0.000        0.000        0.000        0.000        0.000
    25:        0.000        2.000        0.000        0.000        0.000
    30:        0.000
D:
     0:  3245559.000  3243953.000  3245560.000
E:
     0:     4000.000     4000.000
T:
     0:        0.000        0.000        0.000        0.000
W:
     0:        0.000        0.000        0.000
