File: C:\MED-PC IV\Data\ALFE\AU026.999


Start Date: 02/13/24
End Date: 02/13/24
Subject: 26
Experiment: AU
Group: EXP40
Box: 6
Start Time: 14:13:01
End Time: 15:03:01
MSN: DRRD_general_exp
C:       0.000
F:       0.000
G:       0.000
H:       0.000
I:       0.000
J:       0.000
K:      57.000
L:       0.000
M:       0.000
N:       0.000
O:       0.000
P:       0.000
Q:       0.000
R:       0.000
S:       0.000
U: 2270735.000
V:       0.000
X:       0.000
Y:     145.000
Z:       0.000
A:
     0:     7631.005     8450.009    15000.011    15512.001    16528.003
     5:    26340.005    26886.009    44717.005    44991.009    50184.005
    10:    50217.009    62845.005    62936.009    62969.005    62979.009
    15:    63310.005    63365.009    64165.005    64769.009    68168.005
    20:    68203.009    68210.005    68454.009    75380.001    75852.003
    25:    76202.001    78355.003    79994.005    80884.009    85575.005
    30:    85676.009    86366.001    87040.003    87152.001    88160.003
    35:    88299.001    88378.003    89460.001    91629.003    91788.001
    40:    92037.003    98175.005   101796.009   109092.005   109146.009
    45:   155493.001   155514.003   158399.005   158627.009   160428.005
    50:   161480.009   161535.005   162355.009   165784.001   167966.003
    55:   168806.005   168909.009   171908.001   173543.003   194903.002
    60:   196017.004   198219.005   198372.009   432891.005   432921.009
    65:   433119.005   433151.009   433166.005   433188.009   433239.005
    70:   433887.009   435961.005   438105.009   438655.005   438857.009
    75:   438913.005   441624.009   443615.005   444600.009   444623.005
    80:   444659.009   446921.005   447055.009   487029.005   487514.009
    85:   755450.005   755985.009   945518.005   946334.009   947356.005
    90:   950705.009   960627.005   960664.009   960735.005   965595.009
    95:   965738.005   965762.009   966123.005   966839.009   967526.005
   100:   967612.009  1226609.005  1227712.009  1239128.005  1239146.009
   105:  1239185.005  1239214.009  1310584.005  1310615.009  1310628.005
   110:  1310678.009  1311538.005  1311867.009  1312612.005  1315830.009
   115:  1327457.005  1327522.009  1327604.005  1327618.009  1328043.005
   120:  1328988.009  1330049.005  1331250.009  1336097.001  1336224.003
   125:  1338661.001  1340918.003  1341163.001  1342305.003  1342839.005
   130:  1343611.009  1378281.005  1378687.009  1379372.005  1379438.009
   135:  1379495.005  1384025.009  1396670.005  1396772.009  1396788.005
   140:  1396804.009  1397503.005  1398705.009  1398763.005  1399572.009
B:
     0:        0.000       14.000        1.000       14.000        1.000
     5:       57.000        0.000        0.000        0.000       57.000
    10:        0.000        1.000        0.000        0.000        0.000
    15:        0.000        0.000        0.000        0.000        0.000
    20:        0.000        0.000        0.000        0.000        0.000
    25:        0.000        0.000        0.000        0.000        0.000
    30:        0.000
D:
     0:  3613039.000  3611898.000  3613040.000
E:
     0:     2850.000     2850.000
T:
     0:        0.000        0.000        0.000        0.000
W:
     0:        0.000        0.000        0.000
