File: C:\MED-PC IV\Data\ALFE\AU025.999


Start Date: 02/03/24
End Date: 02/03/24
Subject: 25
Experiment: AU
Group: LINEAR
Box: 5
Start Time: 14:31:37
End Time: 15:21:37
MSN: DRRD_500ms
C:       0.000
F:       0.000
G:       0.000
H:       0.000
I:       0.000
J:       0.000
K:      65.000
L:       0.000
M:       0.000
N:       0.000
O:       0.000
P:       0.000
Q:       0.000
R:       0.000
S:       0.000
U: 2498461.000
V:       0.000
X:       0.000
Y:    1761.000
Z:       0.000
A:
     0:       45.001     2493.003     2702.005     2721.009     3715.001
     5:     7577.003     7605.001     7881.003     7916.001     8311.003
    10:     8828.001    11214.003    11242.001    12179.003    13089.001
    15:    15000.011    15665.003    15682.001    15782.003    15800.001
    20:    16042.003    16925.001    17128.003    17169.001    19983.003
    25:    20011.001    20301.003    21241.001    21797.003    21825.001
    30:    22370.003    22393.001    24207.003    24830.001    26899.003
    35:    26913.001    27700.003    27710.001    28320.003    29699.005
    40:    29786.009    30671.001    30737.003    30875.001    34125.018
    45:    34842.003    34848.016    34898.026    34930.005    35570.009
    50:    36631.001    39503.003    39962.005    39992.009    40460.001
    55:    40559.003    40624.001    41381.003    41446.001    44367.003
    60:    45034.001    48284.018    49130.003    49136.016    49186.005
    65:    49186.026    49808.009    49849.005    49868.009    49872.005
    70:    49878.009    52974.001    55696.003    55716.001    57025.003
    75:    57297.005    57319.009    57366.005    57375.009    57880.001
    80:    59653.003    59679.001    61674.003    62531.001    65781.018
    85:    65867.003    65873.016    65885.001    65923.026    66089.003
    90:    66192.005    67122.009    67889.001    68977.003    68998.001
    95:    70702.003    71207.001    71241.003    71264.001    73643.003
   100:    74060.005    74083.009    74616.001    77866.018    77900.003
   105:    77906.016    77956.026    78028.005    78373.009    78386.005
   110:    78445.009    78497.005    78537.009    79667.001    81386.003
   115:    81402.001    81515.003    81546.001    82070.003    82776.001
   120:    83224.003    83247.001    84003.003    84031.001    84125.003
   125:    84150.001    84957.003    85619.001    86706.003    86725.001
   130:    87097.003    87116.001    87499.003    87520.001    88433.003
   135:    88502.005    88751.009    88789.005    88809.009    89354.001
   140:    89378.003    89405.001    90188.003    90203.001    91770.003
   145:    92352.001    94867.003    95564.001    96703.003    96750.001
   150:    98693.003    98734.001    99075.003    99769.001   102021.003
   155:   102047.001   102230.003   102793.005   102830.009   102860.005
   160:   102870.009   104071.001   105661.003   105684.001   106313.003
   165:   106331.001   106503.003   106544.001   107018.003   107648.001
   170:   108319.003   108338.001   109737.003   109822.001   110009.003
   175:   115297.001   115950.003   115967.001   118105.003   118353.001
   180:   118419.003   118968.001   119093.003   119364.001   122032.003
   185:   122123.005   122288.009   122407.005   122486.009   123673.001
   190:   124085.003   125061.001   128311.018   128486.003   128492.016
   195:   128542.026   128563.005   128966.009   128995.005   129056.009
   200:   129089.005   129235.009   131308.001   133063.003   134481.001
   205:   134607.003   134648.001   136809.003   136839.001   137242.003
   210:   138620.001   139430.003   139458.001   140712.003   141021.005
   215:   141461.009   141512.005   141644.009   141874.005   141969.009
   220:   146494.001   148964.003   148990.001   149265.003   149762.001
   225:   152571.003   152967.005   152981.009   152984.005   153028.009
   230:   153586.001   155877.003   156729.001   158209.003   158237.001
   235:   159291.003   159745.005   159766.009   159781.005   159913.009
   240:   160946.001   163279.003   165211.001   165784.003   166010.005
   245:   166142.009   171401.001   171490.003   171545.001   173815.003
   250:   174299.001   177308.003   178059.001   178601.003   178618.001
   255:   180712.003   181596.001   181624.003   181652.001   184579.003
   260:   185416.001   186537.003   186566.001   187810.003   188568.001
   265:   188735.003   195236.001   197353.003   197409.001   198247.003
   270:   198935.001   199000.003   199018.001   202268.018   202351.003
   275:   202357.016   202407.026   202446.005   203346.009   203484.005
   280:   203560.009   204534.001   207301.003   207497.005   207611.009
   285:   209563.001   211848.003   212261.005   212489.009   212541.005
   290:   212670.009   212733.005   212742.009   212976.005   213022.009
   295:   213139.005   213849.009   214950.001   217386.003   223136.001
   300:   223316.003   223367.001   226598.003   226785.005   227095.009
   305:   227387.005   227440.009   227913.001   228317.003   228334.001
   310:   230785.003   231398.001   232775.003   232799.001   234417.003
   315:   234523.005   234542.009   240838.001   241000.003   241216.001
   320:   241285.003   241361.001   242076.003   242099.001   244167.003
   325:   244803.001   247787.003   247900.005   247930.009   252700.001
   330:   255588.003   255873.005   256021.009   261342.001   261466.003
   335:   261486.001   264736.018   264950.003   264956.016   265006.026
   340:   265105.005   265534.009   268086.005   268128.009   268557.001
   345:   271807.018   272202.003   272208.016   272258.026   272345.005
   350:   272695.009   273050.005   273086.009   273196.005   273414.009
   355:   275283.005   275319.009   275335.005   275365.009   278743.005
   360:   279010.009   280814.001   280891.003   280938.001   281953.003
   365:   281976.001   284261.003   285194.001   287979.003   287997.001
   370:   289394.003   289488.005   289625.009   290080.001   293330.018
   375:   294132.003   294138.016   294188.026   294271.005   295026.009
   380:   296048.001   296162.003   296260.001   299510.018   299590.003
   385:   299596.016   299646.001   299646.026   299732.003   299867.005
   390:   300565.009   301973.001   303457.003   303488.001   303865.003
   395:   303900.001   304051.003   304080.001   304306.003   304347.001
   400:   304906.003   305839.001   305868.003   305892.001   308263.003
   405:   309296.001   312412.003   313041.001   313076.003   313100.001
   410:   315814.003   317061.001   319782.003   320103.005   320131.009
   415:   320590.001   322789.003   323408.005   323447.009   324029.001
   420:   326315.003   326427.001   326843.003   327209.005   327476.009
   425:   327553.005   327900.009   327910.005   328043.009   328048.005
   430:   328171.009   328262.005   328272.009   328432.005   328572.009
   435:   328784.005   329363.009   329549.005   329558.009   329562.005
   440:   330464.009   331390.005   331449.009   332268.001   333489.003
   445:   333515.001   333747.003   333778.001   334428.003   334470.001
   450:   335232.003   335914.001   335963.003   336124.001   336236.003
   455:   336261.001   339511.018   339758.003   339764.016   339814.026
   460:   339818.005   341065.009   341188.005   341228.009   341393.005
   465:   341610.009   341631.005   341653.009   342207.005   342230.009
   470:   342357.005   342468.009   344287.005   344299.009   344332.005
   475:   344424.009   345499.005   345539.009   345996.001   346050.003
   480:   346090.001   349340.018   349543.003   349549.016   349599.026
   485:   349732.005   350125.009   352186.001   352450.003   352747.005
   490:   352773.009   352779.005   352878.009   354282.005   354439.009
   495:   354499.005   356021.009   356046.005   356065.009   356092.005
   500:   356105.009   356143.005   356175.009   356191.005   356555.009
   505:   356566.005   356604.009   356648.005   356658.009   356686.005
   510:   356727.009   356728.005   356735.009   356753.005   357121.009
   515:   357316.005   357703.009   357775.005   357781.009   357816.005
   520:   357852.009   357910.005   358020.009   358051.005   358070.009
   525:   358100.005   358168.009   358219.005   358281.009   358292.005
   530:   358663.009   358690.005   358719.009   358765.005   359216.009
   535:   359411.005   359415.009   359417.005   359424.009   359437.005
   540:   360184.009   360191.005   360194.009   360362.001   363612.018
   545:   364201.003   364207.016   364257.026   364381.005   365000.009
   550:   365011.005   365026.009   365081.005   365109.009   365133.005
   555:   366043.009   366089.005   366478.009   366555.005   366560.009
   560:   366603.005   367063.009   367122.005   367142.009   367168.005
   565:   367213.009   367228.005   368391.009   368417.005   369064.009
   570:   369098.005   369373.009   369523.005   369526.009   369576.005
   575:   370305.009   372413.005   372443.009   372919.001   375964.003
   580:   376863.001   379701.003   379917.005   380031.009   380443.001
   585:   381937.003   381967.001   382550.003   382576.001   382809.003
   590:   382838.001   383593.003   385144.001   388394.018   388427.003
   595:   388433.016   388483.026   388509.005   389366.009   389372.005
   600:   389422.009   399397.001   399458.003   399473.001   400745.003
   605:   400779.001   401949.003   401992.001   402510.003   403388.001
   610:   405544.003   415118.001   415154.003   416336.001   416480.003
   615:   416519.001   419661.003   419728.005   420169.009   422427.001
   620:   425009.003   425092.005   425252.009   425652.005   425664.009
   625:   425668.005   425864.009   426317.001   429290.003   431966.005
   630:   431995.009   432032.005   432046.009   432208.005   432342.009
   635:   432765.001   435610.003   436446.001   439082.003   439660.005
   640:   439762.009   439796.005   439804.009   439809.005   440000.009
   645:   440169.005   441626.009   441631.005   441635.009   441991.005
   650:   442047.009   442082.005   442317.009   442910.001   443669.003
   655:   443687.001   446005.003   446045.005   446249.009   449907.005
   660:   449913.009   450006.005   450036.009   450324.005   450379.009
   665:   450861.001   453346.003   454867.001   457834.003   458648.001
   670:   458687.003   458723.001   461393.003   461632.005   461702.009
   675:   461762.005   461801.009   463764.001   465539.003   467487.001
   680:   467531.003   467561.001   470267.003   475761.001   478570.003
   685:   479864.001   481191.003   481213.001   483568.003   483795.005
   690:   483934.009   483956.005   484036.009   484377.001   487627.018
   695:   487853.003   487859.016   487909.026   487968.005   488631.009
   700:   489121.005   489182.009   489186.005   489232.009   489876.001
   705:   492596.003   493299.001   496006.003   496640.005   496886.009
   710:   497300.001   500550.018   500839.003   500845.016   500895.026
   715:   500911.005   501421.009   501437.005   501503.009   501569.005
   720:   501663.009   501685.005   501737.009   502240.005   502357.009
   725:   502906.005   502917.009   503575.001   505526.003   505550.001
   730:   507125.003   507318.005   507439.009   507683.001   510555.003
   735:   511399.001   512427.003   512454.001   514403.003   515288.001
   740:   515433.003   515444.001   515481.003   515498.001   518036.003
   745:   518366.005   519159.009   519541.001   520227.003   520243.001
   750:   522591.003   523445.001   523472.003   523521.001   526723.003
   755:   527219.005   527274.009   528554.001   529953.003   529989.001
   760:   530544.003   530578.001   532489.003   532577.005   532601.009
   765:   532627.005   532677.009   536720.005   536806.009   538038.001
   770:   541288.018   541806.003   541812.016   541862.026   541957.005
   775:   542513.009   544684.001   545878.003   545901.001   546077.003
   780:   546105.001   546812.003   546831.001   546933.003   546947.001
   785:   547597.003   548694.001   548725.003   548751.001   552001.018
   790:   552341.003   552347.016   552397.026   552405.005   553109.009
   795:   553565.005   553636.009   556537.001   556625.003   556640.001
   800:   559890.018   560815.003   560821.016   560865.005   560871.026
   805:   561480.009   561494.005   561565.009   561711.005   561723.009
   810:   571342.001   571407.003   571440.001   573802.003   573828.001
   815:   574094.003   574106.001   574793.003   575426.005   575437.009
   820:   575759.001   579009.018   579058.003   579064.016   579114.026
   825:   579121.005   579728.009   581139.001   581183.003   582112.001
   830:   582701.003   582734.001   585556.003   585603.005   585905.009
   835:   585930.005   585951.009   586071.005   586179.009   586699.001
   840:   587828.003   587847.001   589375.003   589423.005   589446.009
   845:   590932.001   593633.003   593987.005   594017.009   594060.005
   850:   594070.009   594082.005   594224.009   599241.002   599689.004
   855:   599803.002   600750.004   601439.001   601488.003   601563.001
   860:   604482.003   604758.005   604882.009   605318.001   607587.003
   865:   608516.001   610762.003   610793.001   611235.003   611736.005
   870:   611883.009   622150.001   625400.018   625578.003   625584.016
   875:   625634.026   625705.005   626428.009   627325.005   627367.009
   880:   627372.005   627419.009   628211.001   631461.003   631467.016
   885:   631517.026   631614.005   632349.009   632486.005   632505.009
   890:   633800.001   635304.003   635345.001   636100.003   637116.001
   895:   637175.003   637199.001   639775.003   640098.005   640167.009
   900:   642530.001   642548.003   642595.001   645201.003   646135.001
   905:   649091.003   649554.005   649620.009   650152.001   650886.003
   910:   650911.001   653382.003   653562.005   653765.009   653920.005
   915:   654023.009   656636.001   659334.003   659674.005   659886.009
   920:   672680.005   672714.009   672731.005   672872.009   673209.001
   925:   673970.003   673998.001   674731.003   674749.001   675632.003
   930:   675866.005   676041.009   676126.005   676129.009   676139.005
   935:   676180.009   676557.001   679132.003   679688.005   679721.009
   940:   680341.001   682479.003   682498.001   683209.003   683571.005
   945:   683584.009   692839.002   692882.004   693074.005   693105.009
   950:   693983.005   693987.009   693999.005   694108.009   694601.001
   955:   697176.003   698104.001   698183.003   698239.001   698767.003
   960:   703051.005   703123.009   703805.001   706522.003   707069.001
   965:   709140.003   709155.001   709881.003   709972.005   710071.009
   970:   710128.005   710156.009   711135.001   711199.003   718850.001
   975:   719000.003   719024.001   721068.003   723882.001   723922.003
   980:   723980.001   726266.003   726467.005   726514.009   726601.005
   985:   726689.009   736116.001   739163.003   739361.005   739502.009
   990:   740193.001   742202.003   752728.005   752821.009   753310.001
   995:   755603.003   755891.005   755913.009   756030.005   756052.009
  1000:   756288.001   756400.003   756420.001   758551.003   759109.001
  1005:   759179.003   759238.001   759314.003   759335.001   759869.003
  1010:   760047.001   760170.003   760228.001   760579.003   760699.001
  1015:   761745.003   761777.001   761951.003   762749.001   764897.003
  1020:   765333.005   765415.009   765616.005   765639.009   765668.005
  1025:   765986.009   766578.001   767000.003   775774.005   775882.009
  1030:   776057.005   776305.009   776629.001   776697.003   776716.001
  1035:   779159.003   779619.005   779654.009   779664.005   779708.009
  1040:   779745.005   779887.009   779910.005   779946.009   779999.005
  1045:   780005.009   780594.001   780859.003   780880.001   781227.003
  1050:   781317.001   782423.003   782674.005   782703.009   782747.005
  1055:   782947.009   783043.005   783052.009   796255.005   796290.009
  1060:   799647.001   799824.003   804149.005   804176.009   808198.001
  1065:   810250.003   811308.001   813488.003   813506.001   814442.003
  1070:   814516.005   814710.009   815791.001   818609.003   818901.005
  1075:   819060.009   825394.005   825505.009   825519.005   825545.009
  1080:   825678.005   825837.009   827003.001   827119.003   827253.001
  1085:   829889.003   831371.001   831434.003   831471.001   834269.003
  1090:   834318.005   834588.009   834650.005   834695.009   836804.001
  1095:   840004.003   857615.005   857718.009   857826.005   857953.009
  1100:   858832.001   861735.003   861743.001   861831.003   862478.001
  1105:   865561.003   866287.001   869156.003   869626.005   869725.009
  1110:   869816.005   869848.009   869893.005   870030.009   883776.001
  1115:   887026.018   887040.003   887046.016   887091.005   887096.026
  1120:   887887.009   888022.005   888246.009   888429.005   888445.009
  1125:   888461.005   888509.009   888647.005   888657.009   889940.001
  1130:   892995.003   893162.005   893274.009   893703.001   893735.003
  1135:   893770.001   896715.003   897238.001   900488.018   900839.003
  1140:   900845.016   900878.005   900895.026   901735.009   901863.005
  1145:   901929.009   901942.005   901955.009   901972.005   901996.009
  1150:   902017.005   902174.009   902221.005   902313.009   905737.001
  1155:   906371.003   906421.001   908653.003   909107.005   909253.009
  1160:   909528.001   910290.003   910313.001   912496.003   915225.001
  1165:   917673.003   917960.005   917966.009   918021.005   918287.009
  1170:   918337.005   918424.009   923087.005   923179.009   923662.001
  1175:   926084.003   926283.005   926444.009   926507.005   926537.009
  1180:   926888.001   930138.018   930177.003   930183.016   930233.026
  1185:   930326.005   930995.009   931266.005   931336.009   931354.005
  1190:   931402.009   931963.001   934364.003   935290.001   935312.003
  1195:   935354.001   938604.018   938777.003   938783.016   938833.026
  1200:   938908.005   939665.009   942000.001   944947.003   945176.005
  1205:   945209.009   945516.001   948541.003   949419.001   951137.003
  1210:   951143.001   952272.003   952328.005   952713.009   953290.001
  1215:   956040.003   956976.001   957201.003   957227.001   958701.003
  1220:   958782.001   959966.003   960220.005   960277.009   962272.001
  1225:   962341.003   962364.001   962680.003   967827.005   967923.009
  1230:   968014.005   968058.009   969083.001   972047.003   972130.001
  1235:   972239.003   972772.005   972796.009   973101.001   975873.003
  1240:   976465.001   978779.003   978790.001   979559.003   979617.005
  1245:   979904.009   979978.005   979984.009   981282.001   983544.003
  1250:   983576.001   984380.003   985105.001   985180.003   992643.005
  1255:   992697.009   993202.001   993282.003   993307.001   996253.003
  1260:   996576.005   996595.009   997121.001   997202.003   997233.001
  1265:   999758.003  1000073.005  1000146.009  1011224.005  1011242.009
  1270:  1011653.001  1014903.018  1014923.003  1014929.016  1014979.026
  1275:  1015060.005  1015959.009  1015969.005  1016093.009  1016110.005
  1280:  1016137.009  1016333.005  1016355.009  1016375.005  1016377.009
  1285:  1016393.005  1016419.009  1019552.001  1022516.003  1022609.005
  1290:  1022649.009  1022684.005  1022696.009  1033677.001  1036758.003
  1295:  1044021.001  1047271.018  1048116.003  1048122.016  1048172.026
  1300:  1048231.005  1048654.009  1048656.005  1048720.009  1048725.005
  1305:  1048755.009  1050683.001  1051100.003  1052675.001  1052693.003
  1310:  1052772.001  1053129.003  1053162.001  1054747.003  1055135.005
  1315:  1055157.009  1055164.005  1055310.009  1062339.005  1062366.009
  1320:  1062415.005  1062552.009  1062989.001  1066239.018  1066360.003
  1325:  1066366.016  1066416.026  1066507.005  1066953.009  1078294.001
  1330:  1080703.003  1081276.001  1084291.003  1085089.001  1088339.018
  1335:  1088370.003  1088376.016  1088426.026  1088469.005  1088826.009
  1340:  1088849.005  1088866.009  1090044.005  1090103.009  1090185.005
  1345:  1090200.009  1090540.005  1090584.009  1090616.005  1090619.009
  1350:  1090642.005  1090671.009  1090778.005  1090815.009  1091925.001
  1355:  1094557.003  1095250.001  1098186.003  1098285.005  1098303.009
  1360:  1098607.001  1101529.003  1102010.001  1104645.003  1104831.005
  1365:  1104869.009  1105354.001  1107838.003  1108212.005  1108255.009
  1370:  1108505.005  1108591.009  1108881.005  1108899.009  1109204.005
  1375:  1109302.009  1109312.005  1109318.009  1109480.005  1109541.009
  1380:  1109732.005  1110011.009  1110708.001  1113865.003  1113941.005
  1385:  1114069.009  1128369.005  1128410.009  1128492.005  1128649.009
  1390:  1129169.001  1132087.003  1132529.001  1134636.003  1134669.001
  1395:  1135300.003  1135801.001  1136560.003  1136585.001  1139285.003
  1400:  1139414.005  1139478.009  1139884.001  1140163.003  1162831.005
  1405:  1162959.009  1163335.005  1163360.009  1163651.001  1163678.003
  1410:  1163704.001  1166439.003  1166982.001  1169377.003  1169964.001
  1415:  1172447.003  1173126.001  1175613.003  1176602.001  1179797.003
  1420:  1180147.005  1180188.009  1180204.005  1180228.009  1180236.005
  1425:  1180315.009  1180818.001  1184041.003  1184140.005  1184608.009
  1430:  1184675.005  1184682.009  1184731.005  1184775.009  1184788.005
  1435:  1184806.009  1191659.001  1193966.003  1194001.001  1194457.003
  1440:  1194695.001  1196907.003  1197511.001  1199878.003  1199954.001
  1445:  1200142.003  1200155.001  1201057.003  1201466.005  1201474.009
  1450:  1202133.001  1205149.003  1205182.001  1205507.003  1206130.001
  1455:  1209208.003  1209219.001  1209314.003  1209327.001  1209863.003
  1460:  1210291.005  1210336.009  1210371.005  1210393.009  1210425.005
  1465:  1210532.009  1211070.005  1211202.009  1211748.001  1211925.003
  1470:  1218129.005  1218147.009  1218662.001  1221867.003  1221931.005
  1475:  1222468.009  1235476.001  1238726.018  1239433.003  1239439.016
  1480:  1239489.026  1239572.005  1240256.009  1240596.005  1240773.009
  1485:  1240801.005  1240821.009  1244607.001  1247474.003  1249073.001
  1490:  1251790.003  1251989.005  1252211.009  1255408.001  1258658.018
  1495:  1259121.003  1259127.016  1259177.026  1259282.005  1259740.009
  1500:  1259991.005  1260070.009  1260111.005  1260212.009  1260245.005
  1505:  1260338.009  1260381.005  1260397.009  1262790.005  1262821.009
  1510:  1262838.005  1262920.009  1263359.001  1266609.018  1267017.003
  1515:  1267023.016  1267073.026  1267160.005  1267661.009  1268453.005
  1520:  1268592.009  1268654.005  1268700.009  1269613.001  1269722.003
  1525:  1269834.001  1272503.003  1272956.005  1272972.009  1273256.001
  1530:  1275746.003  1275965.005  1275989.009  1276427.001  1279407.003
  1535:  1279677.005  1279867.009  1280171.001  1281663.003  1282004.005
  1540:  1282341.009  1283002.005  1285155.009  1285320.005  1285334.009
  1545:  1285341.005  1286025.009  1286081.005  1286639.009  1286661.005
  1550:  1286742.009  1286806.005  1287251.009  1287870.005  1287969.009
  1555:  1288148.005  1288165.009  1288406.005  1288413.009  1288439.005
  1560:  1288459.009  1288508.005  1288516.009  1288573.005  1290008.009
  1565:  1290713.001  1293064.003  1293106.005  1293251.009  1293270.005
  1570:  1293575.009  1293592.005  1293744.009  1293922.005  1295559.009
  1575:  1295569.005  1295795.009  1296343.005  1296354.009  1296396.005
  1580:  1296407.009  1296425.005  1296839.009  1297315.005  1297370.009
  1585:  1298449.001  1298479.003  1298507.001  1299141.003  1299183.001
  1590:  1300106.003  1300127.001  1301476.003  1301995.001  1304812.003
  1595:  1305645.001  1306322.003  1306352.001  1308602.003  1308908.005
  1600:  1308914.009  1308928.005  1309001.009  1329450.002  1330271.004
  1605:  1335503.005  1335559.009  1335916.001  1339166.018  1339339.003
  1610:  1339345.016  1339395.026  1339463.005  1340198.009  1340292.005
  1615:  1340320.009  1341185.001  1343766.003  1343975.005  1344074.009
  1620:  1356241.001  1358671.003  1358919.005  1359006.009  1359327.001
  1625:  1362577.018  1363106.003  1363112.016  1363162.026  1363167.005
  1630:  1363933.009  1364095.005  1364099.009  1364120.005  1364135.009
  1635:  1364320.005  1364406.009  1384821.001  1387908.003  1388021.005
  1640:  1388223.009  1388633.001  1389601.003  1389622.001  1391682.003
  1645:  1391704.001  1392101.003  1392854.005  1392963.009  1395205.001
  1650:  1397673.003  1397688.001  1398155.003  1398170.001  1398722.003
  1655:  1411382.001  1414415.003  1415058.001  1417168.003  1417194.001
  1660:  1417320.003  1417339.001  1418189.003  1418391.005  1418634.009
  1665:  1419082.005  1419120.009  1419124.005  1419152.009  1423900.005
  1670:  1423946.009  1424641.001  1427891.018  1427986.003  1427992.016
  1675:  1428042.026  1428177.005  1428673.009  1428685.005  1428713.009
  1680:  1428742.005  1428750.009  1431051.001  1434301.018  1434405.003
  1685:  1434411.016  1434461.026  1434523.005  1434813.009  1434826.005
  1690:  1434855.009  1434884.005  1434893.009  1436430.001  1439675.003
  1695:  1439738.005  1440342.009  1460018.001  1462930.003  1463542.001
  1700:  1466165.003  1467097.001  1469643.003  1469672.001  1470422.003
  1705:  1470798.005  1470841.009  1471235.001  1474485.018  1474637.003
  1710:  1474643.016  1474693.026  1474768.005  1475253.009  1475262.005
  1715:  1475277.009  1475311.005  1475350.009  1477010.001  1479538.003
  1720:  1479550.001  1480181.003  1480883.001  1484133.018  1484497.003
  1725:  1484503.016  1484553.026  1484635.005  1485190.009  1485605.005
  1730:  1485613.009  1485634.005  1485657.009  1487076.001  1487100.003
  1735:  1487136.001  1487821.003  1487854.001  1490388.003  1491028.001
  1740:  1494278.018  1494502.003  1494508.016  1494558.026  1494677.005
  1745:  1495095.009  1495142.005  1495167.009  1495213.005  1495220.009
  1750:  1495387.005  1495432.009  1495460.005  1495502.009  1495522.005
  1755:  1495553.009  1496486.001  1499059.003  1499177.001  1499668.003
  1760:  1499916.005
B:
     0:        0.000      419.000        4.000      419.000        4.000
     5:      398.000        0.000        0.000        0.000      397.000
    10:        0.000        1.000        0.000        0.000        0.000
    15:        0.000       40.000        0.000       39.000        0.000
    20:        0.000        0.000        0.000        0.000        0.000
    25:        0.000       40.000        0.000        0.000        0.000
    30:        0.000
D:
     0:  3998128.000  3997638.000  3998129.000
E:
     0:     3250.000     3250.000
T:
     0:        0.000        0.000        0.000        0.000
W:
     0:        0.000        2.000        0.000
