File: C:\MED-PC IV\Data\ALFE\AU025.999


Start Date: 02/10/24
End Date: 02/10/24
Subject: 25
Experiment: AU
Group: LINEAR
Box: 5
Start Time: 14:33:52
End Time: 15:23:53
MSN: DRRD_500ms
C:       0.000
F:       1.000
G:       0.000
H:       0.000
I:       0.000
J:       0.000
K:      95.000
L:       0.000
M:       0.000
N:       0.000
O:       0.000
P:       0.000
Q:       0.000
R:       0.000
S:       0.000
U: 2510799.000
V:       0.000
X:       0.000
Y:    1460.000
Z:       0.000
A:
     0:    15000.011    37049.005    37206.009    37219.005    37676.009
     5:    38350.005    38582.009    50120.005    50171.009    51475.001
    10:    51767.003    52094.001    52144.003    52572.001    52871.003
    15:    61956.001    62090.003    62882.001    63948.003    64293.005
    20:    64331.009    64343.005    64513.009    66296.001    66323.003
    25:    68313.001    68686.003    68903.005    69071.009    69893.001
    30:    72776.003    73685.001    74200.003    74672.001    75298.003
    35:    75788.001    75846.003    75876.001    80589.003    81295.001
    40:    81342.003    81413.001    86163.018    86497.003    86503.016
    45:    86553.026    86629.005    87255.009    88528.001    88815.003
    50:    88870.001    93620.018    93939.003    93945.016    93995.026
    55:    94003.005    94413.009    94500.005    94521.009    94551.005
    60:    94596.009    94854.005    94872.009    95958.001    96009.003
    65:    96038.001   100785.003   100831.005   101222.009   101854.001
    70:   101936.003   102055.001   105424.003   105448.001   107811.003
    75:   107866.005   108026.009   108584.001   113123.003   113192.005
    80:   113363.009   114549.001   118929.003   119089.005   119256.009
    85:   120736.001   124977.003   125110.005   125275.009   125833.001
    90:   126271.003   126708.001   130854.003   130916.005   131144.009
    95:   131733.001   136483.018   136674.003   136680.016   136730.026
   100:   136735.005   137160.009   137168.005   137281.009   137361.005
   105:   137439.009   138450.001   138477.003   138643.001   138769.003
   110:   139470.001   144220.018   144264.003   144270.016   144315.005
   115:   144320.026   144860.009   144878.005   144901.009   144920.005
   120:   144944.009   147496.001   147575.003   147791.001   151356.003
   125:   151417.005   151593.009   152383.001   157133.018   157924.003
   130:   157930.016   157980.026   158047.005   158474.009   158493.005
   135:   158502.009   158505.005   158622.009   161139.001   161230.003
   140:   161303.001   165994.003   166193.005   166490.009   167059.001
   145:   171809.018   172152.003   172158.016   172208.026   172287.005
   150:   172702.009   172725.005   172733.009   172765.005   172767.009
   155:   174481.001   174701.003   174841.001   178109.003   178127.001
   160:   180601.003   180658.005   181078.009   181497.001   181722.003
   165:   181865.001   186615.018   187133.003   187139.016   187189.026
   170:   187203.005   188180.009   188398.005   188460.009   189279.001
   175:   189371.003   189472.001   193994.003   194063.005   194238.009
   180:   194853.001   198260.003   198281.001   200230.003   200280.005
   185:   200477.009   200996.001   201143.003   201454.001   205719.003
   190:   205783.005   205939.009   206447.001   211197.018   211527.003
   195:   211533.016   211583.026   211628.005   211956.009   212001.005
   200:   212068.009   213412.001   213655.003   214935.001   219446.003
   205:   219624.005   219683.009   220058.001   220231.003   220556.001
   210:   225306.018   225800.003   225806.016   225856.026   225922.005
   215:   226293.009   226348.005   226382.009   226550.005   226557.009
   220:   226802.005   226830.009   226880.005   227187.009   227595.005
   225:   227760.009   227779.005   227789.009   227805.005   227813.009
   230:   228699.001   232907.003   232932.001   234467.003   234713.005
   235:   234772.009   235512.001   240262.018   240415.003   240421.016
   240:   240469.005   240471.026   241115.009   243418.001   243477.003
   245:   243547.001   248297.018   249812.003   249818.016   249861.005
   250:   249868.026   250255.009   251516.001   256266.018   256552.003
   255:   256558.016   256606.005   256608.026   257121.009   257670.005
   260:   257715.009   258644.001   258801.003   258881.001   263631.018
   265:   264822.003   264828.016   264878.026   264949.005   265537.009
   270:   266470.001   266611.003   266674.001   271315.003   271472.005
   275:   271616.009   272081.001   272281.003   273108.001   277858.018
   280:   278022.003   278028.016   278078.026   278215.005   278565.009
   285:   278571.005   278614.009   280918.001   280969.003   281019.001
   290:   281093.003   281223.001   284751.003   284778.001   286696.003
   295:   286812.005   286937.009   287533.001   292283.018   292370.003
   300:   292376.016   292424.005   292426.026   292831.009   294529.001
   305:   294688.003   294760.001   294871.003   295316.001   300066.018
   310:   300883.003   300889.016   300939.026   300940.005   301439.009
   315:   301495.005   301540.009   301547.005   301656.009   302754.001
   320:   307288.003   307490.005   307545.009   308035.001   308132.003
   325:   308146.001   312700.003   312879.005   313110.009   313657.001
   330:   318388.003   318540.005   318735.009   319129.001   323879.018
   335:   324708.003   324714.016   324764.026   324777.005   325228.009
   340:   326720.001   326762.003   326812.001   331562.018   331649.003
   345:   331655.016   331705.026   331797.005   332116.009   334457.001
   350:   334511.003   335034.001   337506.003   337539.001   339019.003
   355:   339057.001   339634.003   339812.005   339915.009   340344.001
   360:   340428.003   340669.001   344693.003   345218.005   345237.009
   365:   346544.001   350880.003   351248.001   351326.003   351602.005
   370:   351835.009   352471.001   353358.003   353465.001   357428.003
   375:   357658.005   357832.009   358321.001   359824.003   359861.001
   380:   364422.003   364480.005   365016.009   365599.001   370182.003
   385:   370247.005   370397.009   371003.001   371123.003   371140.001
   390:   375890.018   376002.003   376008.016   376058.026   376121.005
   395:   376522.009   378465.001   382326.003   382366.001   382979.003
   400:   383015.001   383309.003   383363.001   383406.003   383449.001
   405:   383537.003   383564.001   383782.003   384244.005   384398.009
   410:   384943.001   384969.003   385041.001   389791.018   392445.003
   415:   392451.016   392501.026   392559.005   392971.009   393009.005
   420:   393069.009   393114.005   393136.009   394336.001   398423.003
   425:   398669.005   398839.009   399218.001   399293.003   399346.001
   430:   403714.003   403734.001   404331.003   404554.005   404567.009
   435:   405006.001   409276.003   409465.005   409714.009   410523.001
   440:   410616.003   410637.001   414846.003   415037.005   415039.009
   445:   415043.005   415419.009   416520.001   420880.003   421125.005
   450:   421340.009   422474.001   422724.003   422919.001   427669.018
   455:   428635.003   428641.016   428691.026   428697.005   429106.009
   460:   431450.001   431831.003   432877.001   433224.003   433267.001
   465:   436156.003   436300.001   437222.003   437351.001   437912.003
   470:   438183.005   438259.009   444098.001   448178.003   448205.001
   475:   448538.003   448578.001   450413.003   450497.005   450802.009
   480:   451279.001   451325.003   451452.001   456202.018   457267.003
   485:   457273.016   457323.026   457351.005   457684.009   457743.005
   490:   457789.009   459984.001   460466.003   461240.001   465966.003
   495:   466153.005   466259.009   466679.001   471429.018   473359.003
   500:   473365.016   473415.026   473511.005   473859.009   474754.005
   505:   474770.009   475324.001   475469.003   475508.001   475687.003
   510:   475751.001   480501.018   480912.003   480918.016   480968.026
   515:   481071.005   481371.009   482535.001   486277.003   486342.001
   520:   487967.003   488203.005   488342.009   488849.001   493599.018
   525:   494935.003   494941.016   494991.026   495058.005   495408.009
   530:   497223.001   499694.003   499727.001   502690.003   502751.005
   535:   503136.009   503762.001   503951.003   504089.001   508839.018
   540:   509796.003   509802.016   509844.005   509852.026   510362.009
   545:   510395.005   510410.009   510455.005   510469.009   510546.005
   550:   510553.009   510818.005   510858.009   510888.005   510941.009
   555:   511663.001   516413.018   517057.003   517063.016   517112.005
   560:   517113.026   518078.009   518752.005   519060.009   519074.005
   565:   519110.009   519135.005   519163.009   519169.005   519320.009
   570:   520196.001   523832.003   523948.001   525044.003   525125.005
   575:   525274.009   527803.001   532407.003   532476.005   532705.009
   580:   533248.001   537998.018   538558.003   538564.016   538611.005
   585:   538614.026   540246.009   557399.001   557478.003   557682.001
   590:   562432.018   562729.003   562735.016   562785.026   562870.005
   595:   563218.009   563379.005   563387.009   564548.001   564798.003
   600:   565128.001   565178.003   565254.001   569043.003   569542.005
   605:   569618.009   570321.001   570366.003   570413.001   570794.003
   610:   571009.001   575500.003   575646.005   575852.009   576653.001
   615:   576961.003   577949.001   581107.003   581185.005   581395.009
   620:   581745.001   586495.018   587102.003   587108.016   587153.005
   625:   587158.026   587668.009   587714.005   587762.009   588536.001
   630:   593004.003   593163.005   593437.009   593862.001   593912.003
   635:   594224.001   597893.003   597916.001   599162.003   599407.005
   640:   599431.009   599688.001   599773.003   599821.001   604571.018
   645:   605414.003   605420.016   605470.026   605481.005   606035.009
   650:   606057.005   606103.009   607260.001   612010.018   612584.003
   655:   612590.016   612640.026   612659.005   613091.009   614438.001
   660:   614531.003   614579.001   614689.003   614813.001   618432.003
   665:   618446.001   618643.003   618667.001   618795.003   618855.001
   670:   619840.003   619913.005   620051.009   620423.001   620491.003
   675:   620814.001   625564.018   625808.003   625814.016   625864.026
   680:   625942.005   626278.009   626307.005   626334.009   627157.001
   685:   627278.003   627475.001   631392.003   631488.001   632102.003
   690:   632342.005   632391.009   632592.005   632634.009   632653.005
   695:   632772.009   633426.001   638176.018   638712.003   638718.016
   700:   638768.026   638872.005   639331.009   639336.005   639372.009
   705:   640840.001   640904.003   641075.001   645825.018   646080.003
   710:   646086.016   646136.026   646180.005   647041.009   649110.001
   715:   649173.003   649202.001   651554.003   651581.001   654311.003
   720:   654375.005   654895.009   655208.001   655256.003   655357.001
   725:   657624.003   657646.001   659865.003   659914.001   660610.003
   730:   660659.001   660737.003   660868.001   664427.003   664506.001
   735:   664644.003   664646.001   665213.003   665490.005   665798.009
   740:   666148.001   666276.003   666315.001   666371.003   666655.001
   745:   671191.003   671223.001   671281.003   671355.001   672081.003
   750:   672273.005   672492.009   672815.001   677565.018   679418.003
   755:   679424.016   679470.005   679474.026   680087.009   680351.005
   760:   680577.009   681031.001   683366.003   683437.001   687103.003
   765:   687315.005   687367.009   687724.001   692474.018   693031.003
   770:   693037.016   693087.026   693161.005   693582.009   693607.005
   775:   693677.009   694712.001   694761.003   694806.001   699556.018
   780:   699632.003   699638.016   699688.026   699774.005   700621.009
   785:   701942.001   702022.003   702106.001   706856.018   708184.003
   790:   708190.016   708240.026   708332.005   708615.009   708640.005
   795:   708675.009   712281.001   712409.003   713567.001   716014.003
   800:   716028.001   718449.003   718471.001   718802.003   719004.005
   805:   719243.009   719642.001   724392.018   725526.003   725532.016
   810:   725582.026   725631.005   725959.009   727488.001   727617.003
   815:   727669.001   727783.003   728190.001   732940.018   733008.003
   820:   733014.016   733064.026   733169.005   733652.009   733864.005
   825:   733998.009   734148.005   734262.009   735132.001   735275.003
   830:   735430.001   739935.003   740003.005   740242.009   740551.001
   835:   740759.003   740780.001   745097.003   745125.001   746183.003
   840:   746400.005   746561.009   747001.001   751751.018   753212.003
   845:   753218.016   753268.026   753354.005   753710.009   753740.005
   850:   753751.009   753761.005   753765.009   754876.001   754985.003
   855:   755063.001   755706.003   755728.001   759642.003   759929.005
   860:   760129.009   761337.001   766087.018   766403.003   766409.016
   865:   766459.026   766546.005   766915.009   768724.001   769080.003
   870:   769557.001   771490.003   771531.001   776281.018   777412.003
   875:   777418.016   777468.026   777550.005   777975.009   777981.005
   880:   778015.009   779512.005   779528.009   779566.005   779579.009
   885:   780180.001   780328.003   780378.001   784912.003   784949.001
   890:   786224.003   786266.001   786582.003   786787.005   786913.009
   895:   787321.001   792071.018   792469.003   792475.016   792525.026
   900:   792609.005   793034.009   795636.001   795734.003   795884.001
   905:   800634.018   801560.003   801566.016   801616.026   801829.005
   910:   802565.009   802572.005   802584.009   803678.001   803984.003
   915:   804562.001   808736.003   808767.001   808937.003   808976.001
   920:   809797.003   810023.005   810172.009   810669.001   810804.003
   925:   810861.001   815611.018   816352.003   816358.016   816408.026
   930:   816472.005   816951.009   816981.005   817051.009   818723.001
   935:   818831.003   819073.001   823823.018   824091.003   824097.016
   940:   824113.001   824147.026   824327.003   824539.005   824796.009
   945:   825071.001   825108.003   825311.001   830061.018   830601.003
   950:   830607.016   830657.026   830758.005   831187.009   834069.001
   955:   834167.003   834240.001   834289.003   835587.001   840231.003
   960:   840298.005   840548.009   840883.001   840947.003   841133.001
   965:   845883.018   846012.003   846018.016   846068.026   846107.005
   970:   846562.009   847972.001   848021.003   848045.001   848318.003
   975:   848638.001   850703.003   850727.001   853459.003   853714.005
   980:   853771.009   854152.001   854267.003   854322.001   859072.018
   985:   859337.003   859343.016   859382.001   859393.026   859722.003
   990:   859824.005   860356.009   860394.005   860747.009   862960.001
   995:   867392.003   867655.005   867822.009   868168.001   872918.018
  1000:   874224.003   874230.016   874280.026   874288.005   874961.009
  1005:   875212.005   875218.009   875258.005   875286.009   876137.001
  1010:   880887.018   881070.003   881076.016   881126.026   881181.005
  1015:   881532.009   882797.001   883162.003   883310.001   883374.003
  1020:   884669.001   885109.003   885135.001   888990.003   889216.005
  1025:   889428.009   889887.001   889911.003   889966.001   894716.018
  1030:   896532.003   896538.016   896588.026   896656.005   897148.009
  1035:   899262.001   899352.003   899490.001   904240.018   906034.003
  1040:   906040.016   906090.026   906155.005   906501.009   908225.001
  1045:   908478.003   908501.001   912491.003   912518.001   913282.003
  1050:   913535.005   913677.009   914196.001   918946.018   920746.003
  1055:   920752.016   920802.026   920810.005   921304.009   921331.005
  1060:   921385.009   921490.005   921551.009   921615.005   921623.009
  1065:   921664.005   921688.009   922532.001   927282.018   927987.003
  1070:   927993.016   928043.026   928114.005   928467.009   953223.001
  1075:   953266.003   953982.001   954376.003   954432.001   958692.003
  1080:   959005.005   959010.009   959299.001   960125.003   961020.001
  1085:   963634.003   963654.001   963743.003   963768.001   964563.003
  1090:   964796.005   964826.009   965097.001   965337.003   966468.001
  1095:   970577.003   970867.005   971275.009   971586.001   971773.003
  1100:   972761.001   973416.003   973485.001   977804.003   977852.005
  1105:   978844.009   979375.001   984125.018   984515.003   984521.016
  1110:   984539.001   984571.026   984829.003   984924.005   985852.009
  1115:   985866.005   985910.009   987096.001   991846.018   992802.003
  1120:   992808.016   992858.026   992879.005   993479.009   993509.005
  1125:   993532.009   993658.005   993761.009   994710.001   994931.003
  1130:   994999.001   999123.003   999139.001   999304.003   999371.001
  1135:  1002402.003  1002469.005  1002761.009  1003092.001  1003128.003
  1140:  1004483.001  1009032.003  1009299.005  1009334.009  1009867.001
  1145:  1010973.003  1010994.001  1014470.003  1014495.001  1015133.003
  1150:  1015625.005  1015788.009  1016124.001  1016258.003  1017150.001
  1155:  1021591.003  1021655.005  1021884.009  1022268.001  1027018.018
  1160:  1028436.003  1028442.016  1028492.026  1028598.005  1029052.009
  1165:  1036442.001  1036643.003  1045552.001  1050302.018  1051558.003
  1170:  1051564.016  1051614.026  1051640.005  1052108.009  1052207.005
  1175:  1052407.009  1052624.005  1052851.009  1053539.001  1058289.018
  1180:  1059773.003  1059779.016  1059829.026  1059896.005  1060648.009
  1185:  1061506.001  1061865.003  1061958.001  1066476.003  1066682.005
  1190:  1066824.009  1067098.001  1067147.003  1067450.001  1067551.003
  1195:  1068704.001  1072731.003  1072923.005  1073153.009  1073856.001
  1200:  1074068.003  1081821.001  1086571.018  1087462.003  1087468.016
  1205:  1087518.026  1087578.005  1088087.009  1090878.001  1090930.003
  1210:  1091024.001  1095774.018  1096340.003  1096346.016  1096396.005
  1215:  1096396.026  1096893.009  1096928.005  1097035.009  1097630.001
  1220:  1102380.018  1102659.003  1102665.016  1102713.005  1102715.026
  1225:  1103077.009  1103169.005  1103236.009  1103247.005  1103355.009
  1230:  1103401.005  1103422.009  1104168.001  1108918.018  1109376.003
  1235:  1109382.016  1109430.005  1109432.026  1109434.017  1110187.009
  1240:  1111633.001  1114988.003  1115006.001  1118782.003  1118850.005
  1245:  1119213.009  1119816.001  1121133.003  1121170.001  1121829.003
  1250:  1121845.001  1125150.003  1125212.005  1125432.009  1125845.001
  1255:  1130340.003  1130376.001  1131069.003  1131239.005  1131328.009
  1260:  1135983.001  1136033.003  1137679.001  1137984.003  1138011.001
  1265:  1142027.003  1142193.005  1142405.009  1142692.001  1147692.018
  1270:  1147945.003  1147951.016  1148001.026  1148010.005  1148495.009
  1275:  1148531.005  1148544.009  1153123.001  1157761.003  1157914.005
  1280:  1158174.009  1158740.001  1163740.018  1165132.003  1165138.016
  1285:  1165183.005  1165188.026  1165726.009  1165754.005  1165774.009
  1290:  1165888.005  1165991.009  1166030.005  1166124.009  1167264.001
  1295:  1172264.018  1173923.003  1173929.016  1173979.026  1174042.005
  1300:  1174577.009  1175314.005  1175435.009  1180653.001  1185653.018
  1305:  1186637.003  1186643.016  1186693.026  1186767.005  1187569.009
  1310:  1247955.005  1248134.009  1249586.001  1249658.003  1268191.002
  1315:  1268277.004  1291399.005  1291440.009  1311708.005  1311741.009
  1320:  1311775.005  1312277.009  1362245.005  1362424.009  1367316.005
  1325:  1367604.009  1370368.001  1370624.003  1371029.005  1371100.009
  1330:  1385296.001  1385953.003  1387284.001  1387408.003  1387629.001
  1335:  1387709.003  1387981.005  1388650.009  1401968.002  1401981.004
  1340:  1403866.001  1404386.003  1405254.001  1410222.003  1411162.001
  1345:  1416013.003  1416037.001  1417536.003  1417825.005  1417975.009
  1350:  1418004.005  1418129.009  1418660.001  1423504.003  1424026.005
  1355:  1424069.009  1424591.001  1426030.003  1426055.001  1430284.003
  1360:  1430311.001  1431066.003  1431269.005  1431516.009  1431899.001
  1365:  1431970.003  1432036.001  1437036.018  1438509.003  1438515.016
  1370:  1438564.005  1438565.026  1439056.009  1439140.005  1439194.009
  1375:  1439564.005  1439665.009  1440661.001  1440941.003  1441416.001
  1380:  1446416.018  1446974.003  1446980.016  1447030.026  1447063.005
  1385:  1447570.009  1448928.001  1453928.018  1453973.003  1453979.016
  1390:  1454029.026  1454036.005  1454607.009  1454911.005  1454924.009
  1395:  1455021.005  1455083.009  1455178.005  1455259.009  1455358.005
  1400:  1455376.009  1455386.005  1455419.009  1455967.001  1456004.003
  1405:  1456049.001  1456158.003  1456201.001  1456495.003  1456561.001
  1410:  1461561.018  1463588.003  1463594.016  1463644.026  1463648.005
  1415:  1464039.009  1464314.005  1464356.009  1464566.005  1464583.009
  1420:  1465663.001  1465735.003  1465784.001  1466131.003  1466321.001
  1425:  1471321.018  1472153.003  1472159.016  1472208.005  1472209.026
  1430:  1472596.009  1472694.005  1472744.009  1474037.001  1479037.018
  1435:  1479606.003  1479612.016  1479640.001  1479662.026  1479922.003
  1440:  1480004.005  1480765.009  1480772.005  1481184.009  1482440.001
  1445:  1482659.003  1482792.001  1487332.003  1487375.005  1487888.009
  1450:  1488250.001  1492604.003  1492664.005  1492880.009  1493199.001
  1455:  1498199.018  1499646.003  1499652.016  1499702.026  1499752.005
B:
     0:        0.000      350.000        2.000      350.000        2.000
     5:      262.000        0.000        0.000        0.000      261.000
    10:        0.000        1.000        0.000        0.000        0.000
    15:        0.000       77.000        1.000       77.000        0.000
    20:        0.000        0.000        0.000        0.000        0.000
    25:        0.000       77.000        0.000        0.000        0.000
    30:        0.000
D:
     0:  4010444.000  4003998.000  4010445.000
E:
     0:     4750.000     5000.000
T:
     0:        0.000        0.000        0.000        0.000
W:
     0:        0.000        2.000        0.000
