File: C:\MED-PC IV\Data\ALFE\AU023.999


Start Date: 01/25/24
End Date: 01/25/24
Subject: 23
Experiment: AU
Group: LINEAR
Box: 3
Start Time: 15:36:36
End Time: 16:26:36
MSN: DRRD_500ms
C:       0.000
F:       0.000
G:       0.000
H:       0.000
I:       0.000
J:       0.000
K:      15.000
L:       0.000
M:       0.000
N:       0.000
O:       0.000
P:       0.000
Q:       0.000
R:       0.000
S:       0.000
U: 2224922.000
V:       0.000
X:       0.000
Y:    4422.000
Z:       0.000
A:
     0:    13385.005    13492.009    13526.005    13546.009    13595.005
     5:    13612.009    13613.005    13622.009    13641.005    13650.009
    10:    15000.011    15462.002    15571.004    15679.005    16021.009
    15:    16150.005    16604.009    16943.002    17110.004    17209.005
    20:    17840.009    18150.002    18416.004    18943.002    19159.004
    25:    19256.002    19414.004    19825.002    20011.004    20080.005
    30:    20558.009    20953.002    21238.004    21332.005    21407.009
    35:    21767.002    22293.004    22570.001    22691.003    23369.001
    40:    23665.003    24312.001    24648.003    24705.001    25058.003
    45:    25198.002    25375.004    25510.005    25581.009    25884.001
    50:    26036.003    26413.001    26672.003    26907.001    27657.018
    55:    28094.003    28100.016    28150.026    28413.002    28482.004
    60:    28540.005    29268.009    29893.002    30216.004    30266.005
    65:    30832.009    31184.001    31934.018    32036.003    32042.016
    70:    32092.026    32095.001    32341.003    32360.005    32958.009
    75:    33207.001    33854.003    33866.005    34638.009    34925.001
    80:    35405.003    35426.001    35675.003    35691.005    35996.009
    85:    36225.001    36975.018    37448.003    37454.016    37504.026
    90:    37512.005    38290.009    38597.001    39191.003    39201.005
    95:    39814.009    40170.002    40219.004    40410.001    41160.018
   100:    41248.003    41254.016    41304.026    41345.005    41901.009
   105:    42518.001    42970.003    43008.005    43650.009    44016.001
   110:    44275.003    44307.005    44792.009    44806.005    44815.009
   115:    44817.005    44821.009    44832.005    44847.009    44850.005
   120:    44923.009    45055.001    45805.018    46014.003    46020.016
   125:    46045.005    46070.026    46519.009    46806.001    46946.003
   130:    47014.005    47636.009    47863.001    48070.003    48103.005
   135:    48532.009    48720.001    49352.003    49370.005    49730.009
   140:    49979.001    50386.003    50417.005    50654.009    50910.001
   145:    51660.018    52289.003    52295.016    52345.026    52635.005
   150:    53092.009    53540.001    53728.003    53903.002    54105.004
   155:    54184.005    54377.009    54665.001    55056.003    55441.001
   160:    56191.018    56346.003    56352.016    56402.026    56463.005
   165:    56867.009    57693.001    57867.003    57901.005    58118.009
   170:    58318.001    58569.003    58614.001    58882.003    59054.002
   175:    59283.004    59388.005    59562.009    59755.001    59939.003
   180:    60561.001    60942.003    61029.005    61312.009    61606.001
   185:    61839.003    63676.001    63928.003    64467.001    64784.003
   190:    64843.001    65157.003    67180.001    67210.003    67370.001
   195:    67584.003    67741.005    67853.009    68479.001    68644.003
   200:    70284.001    70426.003    70632.005    70765.009    70946.001
   205:    71696.018    71821.003    71827.016    71870.001    71877.026
   210:    72038.003    72057.005    72412.009    72826.001    73079.003
   215:    73099.001    73225.003    73261.005    73702.009    74522.001
   220:    74809.003    74838.001    74977.003    75047.005    75087.009
   225:    75312.001    75719.003    75771.001    76085.003    76159.005
   230:    76249.009    76500.001    77250.018    77519.003    77525.016
   235:    77575.026    77605.005    78139.009    79792.001    79930.003
   240:    80020.005    80397.009    80571.001    81061.003    81762.001
   245:    82017.003    84337.001    85087.018    85421.005    85456.003
   250:    85462.016    85464.009    85512.026    85749.005    86058.009
   255:    87715.001    88198.003    88991.005    89001.009    89025.005
   260:    89113.009    89311.001    89498.003    89620.001    89791.003
   265:    90076.005    90170.009    92103.001    92774.003    93030.001
   270:    93207.003    93295.001    93452.003    93521.001    93696.005
   275:    93744.003    93807.009    95735.002    95979.004    96128.001
   280:    96252.003    96896.001    97096.003    97151.005    97610.009
   285:    98720.001    99076.003   101076.001   101483.003   101933.001
   290:   102460.003   102509.005   102623.009   103160.001   103910.018
   295:   104535.003   104541.016   104591.026   104673.005   104995.009
   300:   105659.001   105997.003   106243.001   106454.003   106572.005
   305:   106846.009   107014.001   107764.018   110298.003   110304.016
   310:   110333.005   110354.026   110997.009   113045.001   113467.003
   315:   113775.001   114378.003   114804.001   114888.003   114941.005
   320:   115433.009   115773.001   116394.003   116651.001   117028.003
   325:   119368.001   119621.003   119719.001   119777.003   121802.001
   330:   122173.003   124269.001   124704.003   125456.001   125718.003
   335:   126682.001   126890.003   126951.005   127250.009   128716.001
   340:   128937.003   129094.005   129184.009   133125.001   133641.003
   345:   133727.001   133859.003   134009.005   134082.009   134980.005
   350:   135006.009   135431.005   135453.009   137320.001   137501.003
   355:   137556.005   138028.009   138724.001   138807.003   138948.005
   360:   139014.009   139355.001   139648.003   139734.001   140225.003
   365:   144702.001   144826.003   144869.005   145052.009   147005.001
   370:   147256.003   152223.001   152334.003   152382.001   152538.003
   375:   152606.005   152909.009   153195.001   153945.018   154816.003
   380:   154822.016   154843.005   154872.026   155333.009   156371.001
   385:   156582.003   156661.005   157148.009   158200.001   158723.003
   390:   160010.005   160095.009   160400.001   160665.003   160740.001
   395:   160961.003   161212.001   161231.003   161298.001   161448.003
   400:   161509.005   161698.009   163434.001   163587.003   163647.001
   405:   163699.003   168554.001   169304.018   169345.003   169351.016
   410:   169401.026   169595.005   170185.009   170686.005   170724.009
   415:   171452.005   171610.009   172006.001   172644.003   172649.005
   420:   172854.009   173055.001   173671.003   173788.001   174074.003
   425:   174126.005   174280.009   174443.001   175193.018   177913.003
   430:   177915.005   177919.016   177969.026   179048.009   179389.001
   435:   179647.003   179699.005   180048.009   180090.005   180103.009
   440:   180127.005   180138.009   180385.001   181135.018   181522.005
   445:   181548.003   181554.016   181604.026   182456.009   182764.005
   450:   183206.009   183435.001   183471.003   183495.001   184014.003
   455:   184230.005   184416.009   184680.001   185430.018   185476.003
   460:   185482.016   185530.005   185532.026   186268.009   186576.001
   465:   187000.003   187029.005   187381.009   187386.005   187389.009
   470:   187401.005   187409.009   187421.005   187425.009   187443.005
   475:   187456.009   188330.005   188448.009   188644.001   188918.003
   480:   189456.001   189979.003   190039.001   190121.003   190285.005
   485:   190544.009   190664.005   191182.009   191526.001   192276.018
   490:   192341.003   192345.005   192347.016   192397.026   192985.009
   495:   194260.001   194730.003   195052.001   195268.005   195293.003
   500:   195782.009   196018.001   196115.003   196178.001   196710.003
   505:   196744.005   197096.009   197294.001   197577.003   197686.001
   510:   198186.003   198190.005   198771.009   199285.001   200035.018
   515:   200277.003   200283.016   200311.005   200333.026   200908.009
   520:   201603.001   202353.018   202480.003   202486.016   202520.005
   525:   202536.026   202939.009   203943.001   204046.003   204165.001
   530:   204610.003   204697.005   205394.009   205594.001   205740.003
   535:   205787.005   206522.009   206731.001   207481.018   207633.003
   540:   207639.016   207650.005   207689.026   208041.009   208537.001
   545:   208680.003   208778.001   209208.003   209265.005   210032.009
   550:   210294.001   211044.018   211568.003   211574.016   211599.005
   555:   211624.026   212113.009   212888.001   212991.003   213099.001
   560:   213162.003   213178.001   213270.003   213308.005   213857.009
   565:   214030.001   214780.018   214861.003   214867.016   214872.005
   570:   214917.026   215512.009   216017.001   216097.003   216434.001
   575:   216839.003   216882.005   217534.009   217797.001   217945.003
   580:   218016.005   218375.009   218568.001   219318.018   219392.003
   585:   219398.016   219441.005   219448.026   219860.009   220038.001
   590:   220237.003   220271.005   220929.009   221157.001   221567.003
   595:   221638.001   221900.003   221960.005   222374.009   222566.001
   600:   222805.003   222990.001   223131.003   223260.005   223562.009
   605:   223753.001   223984.003   224023.005   224195.009   224354.001
   610:   225104.018   225208.003   225214.016   225241.005   225264.026
   615:   225634.009   225809.001   225966.003   226017.005   226594.009
   620:   226786.001   227391.003   227427.005   227632.009   227796.001
   625:   227957.003   227975.001   228204.003   228282.005   228511.009
   630:   228678.001   229428.018   229434.003   229440.016   229443.005
   635:   229490.026   229882.009   230524.001   230591.003   230847.001
   640:   230981.003   231087.005   231567.009   231752.001   232099.003
   645:   232118.001   232446.003   232478.005   232964.009   232973.005
   650:   232982.009   233229.001   233505.003   233536.001   233679.003
   655:   233693.001   233806.003   233892.005   234158.009   234362.001
   660:   234775.003   234824.005   234939.009   235126.001   235271.003
   665:   235305.001   235379.003   235502.001   235875.003   235895.001
   670:   236535.003   236634.001   236756.003   236855.005   236991.009
   675:   237139.001   237227.003   237783.005   237976.009   238138.001
   680:   238399.003   238496.001   238705.003   238730.005   238895.009
   685:   238928.005   238936.009   239004.005   239026.009   239034.005
   690:   239044.009   239082.005   239093.009   239098.005   239105.009
   695:   239323.001   239406.003   239535.001   239589.003   239669.001
   700:   239896.003   240405.001   240442.003   240675.005   240685.009
   705:   240690.005   241105.009   241813.005   241946.009   241952.005
   710:   241985.009   241987.005   241989.009   241990.005   242076.009
   715:   242085.005   242096.009   242105.005   242125.009   242131.005
   720:   242140.009   242191.005   242213.009   242226.005   242233.009
   725:   242240.005   242247.009   242269.005   242277.009   243557.005
   730:   243666.009   243984.001   244028.003   244929.005   245066.009
   735:   245073.005   245083.009   245123.005   245138.009   245854.001
   740:   246032.003   246097.005   246234.009   247542.001   247610.003
   745:   247824.001   248421.003   248553.001   248621.003   248652.005
   750:   248733.009   250071.001   250438.003   250447.005   250639.009
   755:   250851.001   251601.018   251816.003   251822.016   251841.005
   760:   251872.026   252385.009   252904.001   253051.003   253101.001
   765:   253636.003   253648.005   253852.009   254027.001   254522.003
   770:   254608.001   254733.003   254795.001   255010.003   255027.005
   775:   255278.009   255447.001   256197.018   256469.003   256475.016
   780:   256496.001   256525.026   256734.003   256794.005   257480.009
   785:   260021.005   260072.009   260253.001   260285.003   260297.001
   790:   260515.003   260536.001   261286.018   261669.003   261675.016
   795:   261725.026   261748.005   262112.009   263039.001   263150.003
   800:   263260.005   263507.009   263687.001   263909.003   264109.005
   805:   264215.009   264381.001   264562.003   264740.005   264866.009
   810:   265062.001   265664.003   265687.005   265817.009   266041.001
   815:   266791.018   267155.005   267197.003   267203.016   267253.026
   820:   267630.009   268799.001   268975.003   269011.005   269329.009
   825:   269513.001   270263.018   270516.003   270522.016   270569.005
   830:   270572.026   271068.009   272125.005   272158.009   272417.001
   835:   272454.003   272526.001   272794.003   272849.001   273300.003
   840:   273351.001   273370.005   273374.003   273991.009   274233.001
   845:   274591.003   274725.005   274902.009   274906.005   274916.009
   850:   274936.005   274943.009   275165.001   275247.003   275342.001
   855:   275592.003   275909.001   276333.003   276395.005   276561.009
   860:   277019.001   277234.003   277367.001   277711.003   277753.005
   865:   278155.009   278691.001   278737.003   278977.001   279227.003
   870:   279278.005   279438.009   279516.005   279521.009   279541.005
   875:   279549.009   280143.001   280319.003   280567.005   280698.009
   880:   282829.001   283223.003   283308.005   283408.009   288725.005
   885:   288768.009   289311.001   289664.003   289720.005   290002.009
   890:   290217.001   290767.003   290783.005   290939.009   291141.001
   895:   291756.003   291786.005   292249.009   292350.005   292374.009
   900:   292857.001   293414.003   293438.001   293787.003   293794.005
   905:   293930.009   294107.001   294686.003   294811.005   295061.009
   910:   295234.001   295703.003   295730.001   296480.018   296686.003
   915:   296692.016   296742.026   296800.005   297104.009   297627.001
   920:   297745.003   297834.001   298163.003   298187.005   298302.009
   925:   298480.001   299040.003   299150.005   299341.009   299851.001
   930:   299958.003   300199.005   300330.009   301436.005   301669.009
   935:   301699.005   301747.009   301753.005   301790.009   301821.005
   940:   301832.009   302012.001   302177.003   302229.001   302440.003
   945:   302562.001   303232.003   303251.005   303349.009   304111.001
   950:   304442.003   304526.005   304681.009   305538.001   306288.018
   955:   306843.003   306849.016   306899.026   306919.005   307578.009
   960:   308616.005   308991.009   309216.001   309966.018   310037.003
   965:   310043.016   310093.026   310116.005   310653.009   312479.005
   970:   312498.009   312753.001   313007.003   313077.005   313125.009
   975:   313353.001   313584.003   313683.005   313805.009   314014.001
   980:   314669.003   314759.005   314887.009   315046.001   315465.003
   985:   315528.001   316278.018   316376.005   316405.003   316411.016
   990:   316461.026   316930.009   317634.001   318244.003   318424.005
   995:   318524.009   318743.001   319135.003   319272.005   319515.009
  1000:   319753.001   320503.018   320534.003   320540.016   320566.005
  1005:   320590.026   321299.009   321747.005   322836.009   322851.005
  1010:   322861.009   322935.005   322942.009   322962.005   322995.009
  1015:   323031.005   323037.009   323073.005   323133.009   323357.005
  1020:   323589.009   323787.001   324053.003   324106.005   324408.009
  1025:   324648.001   325398.018   325446.003   325452.016   325493.005
  1030:   325502.026   326359.009   326844.001   327176.003   327186.001
  1035:   327472.003   327500.005   327649.009   327816.001   328007.003
  1040:   328091.005   328218.009   328451.001   329201.018   329415.003
  1045:   329419.005   329421.016   329471.026   329865.009   330505.001
  1050:   330689.003   330758.005   331407.009   331409.005   331417.009
  1055:   331604.001   331642.003   331671.001   331852.003   331893.005
  1060:   332123.009   332317.001   332448.003   332489.001   333239.018
  1065:   333245.003   333251.016   333264.005   333301.026   333815.009
  1070:   334491.001   334607.003   334634.001   334873.003   335003.005
  1075:   335245.009   335257.005   335263.009   335562.001   336064.003
  1080:   336127.005   336608.009   336786.001   337131.003   337184.005
  1085:   337480.009   337705.001   337873.003   337936.001   338207.003
  1090:   338231.001   338681.003   338718.005   338967.009   339214.005
  1095:   339800.009   340031.001   340395.003   340545.001   340972.003
  1100:   341041.005   341143.009   341390.001   342020.003   342056.005
  1105:   342156.009   343141.001   343320.003   343370.001   343828.003
  1110:   343832.005   343950.009   344425.001   344970.003   345052.005
  1115:   345433.009   345658.001   345695.003   345723.001   345956.003
  1120:   345998.005   346290.009   346842.001   347349.003   347370.005
  1125:   347630.009   347785.001   348438.005   348448.003   348714.009
  1130:   348869.001   348995.003   349016.001   349486.003   349507.005
  1135:   349943.009   350466.001   351216.018   351231.003   351237.016
  1140:   351254.005   351287.026   351769.009   352505.001   353255.018
  1145:   353711.003   353717.016   353767.026   353876.005   355305.009
  1150:   355641.001   356107.003   356156.005   356313.009   356465.001
  1155:   357215.018   357476.003   357482.016   357508.005   357532.026
  1160:   358233.009   358961.001   359024.003   359135.001   359599.003
  1165:   359630.001   360217.003   360270.005   360603.009   360766.001
  1170:   360832.003   360890.001   361439.003   361486.005   361794.009
  1175:   361948.001   362293.003   362310.005   362430.009   362436.005
  1180:   362446.009   362518.005   362523.009   362703.001   363215.003
  1185:   363236.005   363381.009   363534.001   364284.018   364412.003
  1190:   364418.016   364432.005   364468.026   365104.009   366112.001
  1195:   366336.003   366398.005   366720.009   366911.005   366975.009
  1200:   367133.001   367628.003   367669.005   367792.009   367798.005
  1205:   367907.009   368070.001   368820.018   368870.003   368876.016
  1210:   368911.005   368926.026   369857.009   370595.001   371345.018
  1215:   371357.003   371359.005   371363.016   371413.026   371872.009
  1220:   374247.001   374617.003   374687.005   375217.009   375593.001
  1225:   376021.003   376097.005   376357.009   376542.001   377292.018
  1230:   377760.003   377766.016   377791.005   377816.026   378394.009
  1235:   379532.001   379696.003   379764.005   379928.009   380082.001
  1240:   380313.003   380364.001   381114.018   381218.003   381224.016
  1245:   381274.026   381309.005   381635.009   382889.001   382993.003
  1250:   383065.005   383201.009   383372.001   383703.003   384242.005
  1255:   384574.009   385355.001   385415.003   385454.001   385514.003
  1260:   386081.005   386378.009   387135.001   387438.003   387524.005
  1265:   387793.009   388604.001   388729.003   389377.005   389527.009
  1270:   390062.001   390588.003   390665.005   390818.009   390833.005
  1275:   390839.009   390863.005   390871.009   390930.005   390948.009
  1280:   391699.005   391947.009   392310.001   392422.003   393030.005
  1285:   393103.009   393107.005   393147.009   393167.005   393175.009
  1290:   393180.005   393188.009   393597.001   393867.003   393913.005
  1295:   394160.009   394523.001   394684.003   394803.001   394914.003
  1300:   394981.001   395307.003   395495.001   395565.003   395710.005
  1305:   395938.009   396242.001   396434.003   396548.001   396624.003
  1310:   396846.001   397596.018   397758.003   397764.016   397797.005
  1315:   397814.026   398395.009   399297.001   399572.003   399687.005
  1320:   399810.009   400022.001   400147.003   400168.001   400597.003
  1325:   400626.001   400954.003   401086.001   401136.003   401299.005
  1330:   401639.009   401801.001   401946.003   401983.001   402733.018
  1335:   403072.005   403080.003   403086.016   403136.026   403647.009
  1340:   404667.001   404771.003   405038.001   405627.003   405712.005
  1345:   406017.009   406041.005   406213.009   406426.001   406866.003
  1350:   406909.005   407160.009   407328.001   407942.003   407993.001
  1355:   408072.003   408118.001   408304.003   408328.001   408479.003
  1360:   408614.005   408851.009   409061.001   409178.003   409248.001
  1365:   409963.003   410202.005   410386.009   410923.001   411137.003
  1370:   411216.001   411342.003   411452.001   411604.003   411852.005
  1375:   411927.009   411966.005   411977.009   411987.005   411994.009
  1380:   412297.001   412407.003   412572.001   412767.003   413020.005
  1385:   413133.009   413582.001   413733.003   414423.001   414658.003
  1390:   414756.005   414849.009   415181.001   415334.003   415978.001
  1395:   416076.003   416171.005   416315.009   417059.001   417539.003
  1400:   417696.005   417828.009   418536.001   418760.003   418797.005
  1405:   418995.009   419138.005   419319.009   419568.001   419867.003
  1410:   420008.005   420121.009   420272.001   421022.018   421230.003
  1415:   421236.016   421253.005   421286.026   421786.009   421791.005
  1420:   421802.009   422407.001   422517.003   422669.005   422796.009
  1425:   423025.001   423698.005   423713.003   423957.009   424112.001
  1430:   424650.005   424728.003   424880.009   425135.001   425686.003
  1435:   425809.005   425949.009   426205.001   426745.003   426777.005
  1440:   426921.009   427833.001   427921.003   428049.005   428139.009
  1445:   429776.001   430199.003   430356.001   431106.018   431236.003
  1450:   431242.016   431292.026   431422.005   431816.009   433383.001
  1455:   433548.003   433644.005   433732.009   433897.001   434396.003
  1460:   435313.001   435400.003   435462.001   435601.003   436305.002
  1465:   436429.004   436475.002   436546.004   436635.005   436967.009
  1470:   437333.001   437698.003   439792.001   439946.003   440016.005
  1475:   440189.009   440428.001   440628.003   441124.001   441394.003
  1480:   441451.005   441543.009   441800.001   442550.018   442643.003
  1485:   442649.016   442699.026   442814.005   443246.009   443914.001
  1490:   444362.003   444469.005   444540.009   444777.001   445217.003
  1495:   445682.001   446432.018   446541.005   446551.003   446557.016
  1500:   446607.026   447124.009   448466.001   449020.003   449025.005
  1505:   449210.009   449641.001   450247.003   450249.005   450424.009
  1510:   450634.001   451320.003   451326.005   451590.009   451862.001
  1515:   452460.003   452572.005   452658.009   452661.005   452671.009
  1520:   452689.005   452696.009   452962.001   453116.003   453277.001
  1525:   453898.003   453906.005   454024.009   455226.001   455661.003
  1530:   455959.005   456029.009   456320.001   456735.003   456770.001
  1535:   457349.003   457417.001   457584.003   457825.001   458468.003
  1540:   458483.005   458746.009   459766.001   460330.003   460337.005
  1545:   460453.009   462589.001   462706.003   462767.005   462885.009
  1550:   473743.001   473896.003   474010.005   474132.009   474354.001
  1555:   475018.003   475156.005   475184.009   476297.001   476431.003
  1560:   476508.005   476620.009   481266.001   481456.003   481552.001
  1565:   481629.003   481690.005   481781.009   481987.001   482737.018
  1570:   483239.003   483245.016   483295.026   483296.005   483767.009
  1575:   484506.001   485161.003   485163.005   485466.009   485627.001
  1580:   485882.003   485971.005   486142.009   486310.001   486715.003
  1585:   486739.005   486879.009   487044.001   487595.003   487653.005
  1590:   487748.009   488237.001   488987.018   489780.005   489830.003
  1595:   489836.016   489880.009   489886.026   489887.005   489894.009
  1600:   489903.005   490580.009   491884.001   492050.003   492129.005
  1605:   492498.009   492679.001   492995.003   493112.001   493760.003
  1610:   493792.005   493963.009   494136.001   494377.003   494424.005
  1615:   494513.009   494655.001   495340.003   495437.005   495515.009
  1620:   495531.005   495544.009   495694.005   495934.009   495949.005
  1625:   495959.009   496353.001   497060.003   497067.005   497258.009
  1630:   497282.005   497297.009   497357.005   497365.009   497388.005
  1635:   497398.009   497407.005   497419.009   497428.005   497454.009
  1640:   497796.001   498169.003   498233.005   498468.009   499316.001
  1645:   499862.003   499875.005   500079.009   500373.001   501123.018
  1650:   501628.003   501634.016   501643.005   501684.026   502928.009
  1655:   503383.005   503703.009   503982.001   504732.018   504863.003
  1660:   504869.016   504919.026   504941.005   505265.009   505641.005
  1665:   505960.009   507152.001   507370.003   507434.005   507662.009
  1670:   507818.001   508316.003   508319.005   508415.009   508735.001
  1675:   509184.003   509222.005   509288.009   510133.001   510460.003
  1680:   510532.005   510601.009   511407.001   511938.003   511983.001
  1685:   512182.003   512873.001   513235.003   513286.005   513390.009
  1690:   513402.005   513410.009   513838.001   514478.003   514503.005
  1695:   514598.009   514614.005   514621.009   514660.005   514685.009
  1700:   514688.005   514695.009   514710.005   514714.009   515687.001
  1705:   516150.005   516279.009   516319.003   516584.001   517334.018
  1710:   517810.005   517817.003   517823.016   517873.026   518289.009
  1715:   518988.001   519268.003   519309.001   519758.003   519766.005
  1720:   520032.009   520237.001   520732.005   520773.003   520962.009
  1725:   521180.001   521930.018   521960.003   521966.016   522008.005
  1730:   522016.026   522574.009   523343.001   524093.018   524116.003
  1735:   524122.016   524136.005   524172.026   524588.009   526656.005
  1740:   526813.009   527007.001   527665.003   527736.005   528281.009
  1745:   528474.001   529039.003   529115.005   529247.009   529250.005
  1750:   529263.009   529269.005   529288.009   529476.001   529692.003
  1755:   529731.001   530219.003   530282.005   530688.009   530904.001
  1760:   531268.003   531399.001   531867.003   532002.005   532152.009
  1765:   532162.005   532174.009   532176.005   532363.009   532538.001
  1770:   532788.003   532853.005   533134.009   533332.001   534082.018
  1775:   534094.003   534100.016   534129.005   534150.026   534602.009
  1780:   535853.001   536421.003   536535.005   536669.009   536681.005
  1785:   536693.009   536696.005   536700.009   537390.001   537933.003
  1790:   537975.005   538138.009   538325.001   538626.003   538831.001
  1795:   539165.003   539327.005   539586.009   539822.001   540191.003
  1800:   540461.001   540798.003   540846.001   541313.003   541386.005
  1805:   541661.009   541890.001   542640.003   542646.016   542696.026
  1810:   542732.005   543630.009   544529.001   544975.003   545020.005
  1815:   545218.009   545368.001   545589.003   545647.001   546204.003
  1820:   546298.005   546395.009   546422.005   546642.009   546816.001
  1825:   547566.018   547577.003   547583.016   547591.005   547633.026
  1830:   548081.009   548914.001   549126.003   549287.001   550037.018
  1835:   550180.003   550186.016   550208.005   550236.026   550877.009
  1840:   551624.001   552040.003   552084.005   552366.009   552475.005
  1845:   552604.009   552766.001   553415.003   553435.005   553661.009
  1850:   553747.005   553755.009   553774.005   553948.009   554149.001
  1855:   554478.003   554498.005   554674.009   554863.001   555613.018
  1860:   555665.005   555684.003   555690.016   555740.026   556128.009
  1865:   556608.001   556994.003   557039.001   557250.003   557952.001
  1870:   558023.003   558352.001   558486.003   558529.005   559140.009
  1875:   559445.005   559573.009   559903.001   560204.003   560777.005
  1880:   561097.009   561870.001   562367.003   562407.005   562926.009
  1885:   563596.001   563828.003   563968.001   564467.003   564527.001
  1890:   564624.003   565138.005   565725.009   566047.005   566050.009
  1895:   566079.005   566216.009   566448.001   566804.003   566826.001
  1900:   567109.003   567151.005   567376.009   567670.001   568301.003
  1905:   568366.005   568521.009   568528.005   568536.009   568655.005
  1910:   568685.009   568694.005   568745.009   568760.005   568775.009
  1915:   569038.001   569366.003   569416.001   569505.003   569621.001
  1920:   569678.003   569973.001   570046.003   570095.005   570270.009
  1925:   571024.005   571147.009   571148.005   571178.009   571224.005
  1930:   571232.009   571512.001   571611.003   572157.001   572899.003
  1935:   572962.001   573249.003   573828.001   573898.003   574077.005
  1940:   574374.009   575714.005   575964.009   576959.001   577589.005
  1945:   577709.018   577738.009   577742.003   577748.016   577798.026
  1950:   577896.005   578258.009   578880.001   579022.003   579093.005
  1955:   579403.009   579584.001   580236.003   580255.005   580588.009
  1960:   580789.001   581358.003   581368.005   581757.009   581996.005
  1965:   582233.009   582449.001   582951.003   582956.005   583233.009
  1970:   583458.001   584208.018   584210.005   584230.003   584236.016
  1975:   584286.026   584938.009   585648.001   585874.003   585891.005
  1980:   586238.009   586424.001   586738.003   586741.005   587016.009
  1985:   587194.001   587944.018   588029.005   588033.003   588039.016
  1990:   588089.026   588740.009   590569.001   590696.003   590765.005
  1995:   591019.009   592758.005   592841.009   593233.001   593622.003
  2000:   593725.005   593940.009   594109.001   594310.003   594439.005
  2005:   594738.009   594919.001   595292.003   595331.005   595602.009
  2010:   595867.001   596436.005   596455.003   596657.009   596938.001
  2015:   597401.003   597420.005   597825.009   598050.001   598318.003
  2020:   598334.001   598548.003   598591.005   598738.009   598759.005
  2025:   598768.009   598802.005   598817.009   599129.001   599224.003
  2030:   599672.001   599876.003   600081.005   600186.009   600191.005
  2035:   600202.009   600217.005   600222.009   600223.005   600234.009
  2040:   600304.005   600310.009   600336.005   600350.009   601001.001
  2045:   601411.003   601634.005   602149.009   602582.001   603332.018
  2050:   603397.003   603403.016   603405.005   603453.026   603856.009
  2055:   604619.001   604844.003   605015.005   605277.009   605300.005
  2060:   605317.009   605318.005   605326.009   605669.001   606020.003
  2065:   606032.005   606365.009   607016.005   607199.009   607202.005
  2070:   607236.009   607238.005   607272.009   607277.005   607307.009
  2075:   607317.005   607329.009   607341.005   607348.009   607772.001
  2080:   608453.003   608463.005   608635.009   608853.001   609243.003
  2085:   609278.005   609427.009   609607.001   610357.018   610528.003
  2090:   610534.016   610557.005   610584.026   611367.009   611696.001
  2095:   611937.005   611943.003   612181.009   612351.001   612487.003
  2100:   612530.001   613113.005   613126.003   613369.009   613380.005
  2105:   613387.009   613761.001   614511.018   614795.005   614798.003
  2110:   614804.016   614854.026   615344.009   616451.001   617201.018
  2115:   617393.003   617399.016   617420.005   617449.026   617972.009
  2120:   619347.005   619501.009   619951.001   620701.018   620859.003
  2125:   620865.016   620915.026   620917.005   620917.017   621587.009
  2130:   622591.001   622741.003   622775.001   622837.003   622962.001
  2135:   623265.003   623313.005   624327.009   624719.001   625450.003
  2140:   625506.005   625792.009   626097.001   626610.003   626647.005
  2145:   626805.009   626820.005   626835.009   627337.001   627820.003
  2150:   627839.005   628362.009   628378.005   628387.009   628501.005
  2155:   628511.009   628516.005   628523.009   628524.005   628710.009
  2160:   629305.001   630163.003   630246.005   630461.009   630685.001
  2165:   631685.018   632129.003   632135.016   632163.005   632185.026
  2170:   632632.009   633224.001   634224.018   634507.003   634513.016
  2175:   634546.001   634563.026   634772.003   634839.005   635344.009
  2180:   637446.005   637621.009   637827.001   638827.018   638842.003
  2185:   638848.016   638898.026   638920.005   639337.009   641491.001
  2190:   641894.003   641947.005   643456.009   643662.001   644099.003
  2195:   644170.005   644377.009   644688.001   645152.003   645234.001
  2200:   645442.003   645514.005   645740.009   645990.001   646316.003
  2205:   646361.005   647097.009   647167.005   647483.009   647746.001
  2210:   648128.003   648210.001   648550.003   648586.001   649214.003
  2215:   649252.005   649564.009   649843.001   650077.003   650209.001
  2220:   650533.003   650598.005   651282.009   651736.001   652177.003
  2225:   652219.005   652510.009   652814.001   653224.003   653357.001
  2230:   653433.003   653518.005   653719.009   654002.001   654198.003
  2235:   654271.001   654828.003   655001.005   655241.009   655536.001
  2240:   655660.003   655732.001   656405.003   656454.005   656630.009
  2245:   656631.005   656706.009   656755.005   656768.009   656955.001
  2250:   657955.018   658130.003   658136.016   658186.026   658448.005
  2255:   659033.009   659704.001   660037.003   660116.005   660355.009
  2260:   660841.001   660990.003   661030.001   661322.003   661592.001
  2265:   661625.003   661941.001   662069.003   662127.001   662439.003
  2270:   662516.001   663391.003   663471.005   663851.009   663858.005
  2275:   663869.009   663871.005   663983.009   664519.001   664601.003
  2280:   664750.001   664846.003   665059.001   665200.003   665296.005
  2285:   665451.009   665464.005   665472.009   665486.005   665491.009
  2290:   665810.001   665983.003   666246.001   666588.003   666793.005
  2295:   667060.009   667366.001   667543.003   668332.001   668544.003
  2300:   668580.001   668729.003   668799.005   668969.009   668997.005
  2305:   669004.009   669040.005   669052.009   669059.005   669070.009
  2310:   669074.005   669081.009   669098.005   669121.009   669131.005
  2315:   669138.009   669140.005   669161.009   669845.001   670528.003
  2320:   670558.005   670680.009   670977.001   671350.003   671405.001
  2325:   671891.005   671895.003   672185.009   672411.001   673233.005
  2330:   673243.003   673394.009   673580.001   673750.003   673985.001
  2335:   674091.003   674311.005   674430.009   674437.005   674449.009
  2340:   674748.001   674974.003   675029.001   675199.003   675343.005
  2345:   675507.009   675783.001   676265.003   676434.005   676581.009
  2350:   677764.001   677803.003   677993.001   678193.003   678567.005
  2355:   678632.009   678806.001   679806.018   679928.003   679934.016
  2360:   679984.026   680014.005   680619.009   683103.001   683433.003
  2365:   683498.005   683633.009   683801.001   684154.003   684208.005
  2370:   684293.009   684300.005   684315.009   684318.005   684333.009
  2375:   684340.005   684527.009   684756.001   684840.003   684924.001
  2380:   685038.003   685574.005   685712.009   686180.001   686422.003
  2385:   686871.001   687192.003   687331.005   687457.009   687961.001
  2390:   688270.003   688397.001   688582.003   688690.005   688820.009
  2395:   689068.001   690004.003   690032.005   690287.009   690596.001
  2400:   690902.003   691123.005   691260.009   691512.001   691735.003
  2405:   691783.001   692050.003   692966.005   693073.009   699405.001
  2410:   699555.003   699607.005   699745.009   699943.001   700616.003
  2415:   700767.005   700877.009   701171.001   701593.005   701722.009
  2420:   701766.003   702106.001   702323.003   702366.001   702710.003
  2425:   702912.005   703022.009   703679.001   703843.003   703922.001
  2430:   704096.003   706595.001   706883.003   707053.005   707303.009
  2435:   708504.001   708790.003   709791.001   710791.018   710905.003
  2440:   710911.016   710922.005   710961.026   711425.009   714854.005
  2445:   715001.009   715386.001   716075.003   716152.005   716600.009
  2450:   716771.001   717321.003   717386.005   717614.009   717777.001
  2455:   718777.018   719197.003   719203.016   719253.026   719284.005
  2460:   719648.009   720828.001   720995.003   721071.005   721202.009
  2465:   721385.001   722261.003   722271.005   722424.009   722579.001
  2470:   722857.003   723066.001   723514.003   723581.001   724033.003
  2475:   724103.005   724255.009   724732.001   725280.003   725319.001
  2480:   725411.003   725467.001   725792.003   725822.005   725960.009
  2485:   727698.005   727785.009   727986.001   728986.018   729013.003
  2490:   729019.016   729066.001   729069.026   729237.003   729271.005
  2495:   729718.009   729720.005   729729.009   731021.001   731158.003
  2500:   731239.005   731476.009   731855.001   732399.003   732415.005
  2505:   732583.009   732729.001   733262.003   733267.005   733461.009
  2510:   733629.001   734629.018   734791.003   734797.016   734847.026
  2515:   734861.005   735245.009   738084.001   739084.018   739281.003
  2520:   739287.016   739299.005   739337.026   739962.009   741883.001
  2525:   742415.003   742472.005   742722.009   742872.001   743199.003
  2530:   743234.005   743344.009   743492.001   744492.018   744625.003
  2535:   744631.016   744668.005   744681.026   745319.009   747011.001
  2540:   747147.003   747223.005   747590.009   747789.001   747969.003
  2545:   748021.001   748361.003   748443.005   748684.009   748880.001
  2550:   749067.003   749124.005   749367.009   749593.001   749827.003
  2555:   749876.001   750624.003   750632.005   750819.009   751021.001
  2560:   751774.003   751779.005   751962.009   752202.001   752920.003
  2565:   752950.005   753288.009   754342.001   755233.003   755403.005
  2570:   755652.009   755675.005   755684.009   755698.005   755709.009
  2575:   755712.005   755729.009   756306.001   756652.003   756883.005
  2580:   757067.009   757275.001   757564.003   757812.001   758173.003
  2585:   758218.005   758539.009   758543.005   758547.009   758811.001
  2590:   758968.003   759551.001   759667.003   759733.005   759858.009
  2595:   759860.005   759880.009   760267.001   760514.003   760676.005
  2600:   760819.009   761041.001   761179.003   761411.001   761968.003
  2605:   762043.005   762204.009   762371.001   762483.003   762603.001
  2610:   762726.003   763150.005   763161.009   763164.005   763233.009
  2615:   763235.005   763252.009   763267.005   763540.009   764257.001
  2620:   765247.003   765332.005   765806.009   766436.001   766638.003
  2625:   766715.001   766749.003   766785.001   767019.003   767071.005
  2630:   767244.009   767900.001   768228.003   768265.001   768652.003
  2635:   768656.005   768873.009   768874.005   768925.009   771719.005
  2640:   771859.009   772413.001   772706.003   772786.001   773198.003
  2645:   773295.001   773631.003   773650.005   773821.009   773903.005
  2650:   773985.009   774190.001   774639.003   774641.005   774818.009
  2655:   775453.001   776007.005   776011.003   776245.009   776436.001
  2660:   776811.003   776854.005   776947.009   777086.005   777370.009
  2665:   777588.001   778394.005   778419.003   778635.009   778884.001
  2670:   779306.003   779326.005   779417.009   779436.005   779445.009
  2675:   779813.001   780126.003   780242.001   780568.003   780655.001
  2680:   780743.005   780792.003   781086.009   781783.001   782098.003
  2685:   782294.005   782384.009   782386.005   782459.009   783098.001
  2690:   783642.003   783711.001   783849.003   783910.005   784085.009
  2695:   784440.001   784674.003   784805.005   784910.009   784980.005
  2700:   785082.009   785392.001   786036.003   786036.005   786166.009
  2705:   787233.001   787582.003   787624.005   787805.009   789390.001
  2710:   789459.003   789564.005   789725.009   790595.001   791002.003
  2715:   791020.005   791157.009   792461.001   792732.003   792745.005
  2720:   792872.009   793741.001   794258.003   794328.005   794507.009
  2725:   794667.001   795158.003   795231.005   795411.009   795760.001
  2730:   796279.003   796289.005   796472.009   797665.001   797845.003
  2735:   797997.005   798212.009   798809.001   799220.005   799339.009
  2740:   799364.003   799715.001   800584.003   800594.005   800905.009
  2745:   801438.001   801749.003   801886.005   802118.009   802604.001
  2750:   803021.003   803172.005   803535.009   804661.001   805418.005
  2755:   805420.003   805621.009   815571.005   815598.009   815613.005
  2760:   815662.009   816086.001   816135.003   816263.001   817249.003
  2765:   817352.005   817505.009   822439.001   823110.003   823195.005
  2770:   823398.009   823686.001   823910.003   824068.005   824082.009
  2775:   824086.005   824183.009   824496.001   825122.003   825260.005
  2780:   825397.009   825811.001   826214.003   826358.005   826453.009
  2785:   826955.001   827003.003   827064.001   827441.003   835350.001
  2790:   836294.003   836361.005   837044.009   837046.005   837065.009
  2795:   837068.005   837108.009   837129.005   837137.009   837138.005
  2800:   837247.009   839980.002   840443.004   840468.002   840645.004
  2805:   841022.005   841443.009   842239.001   843036.003   844354.005
  2810:   844393.009   844418.005   844438.009   844710.001   845332.003
  2815:   845426.005   845526.009   845814.001   846407.003   846481.005
  2820:   846628.009   846945.001   847325.003   847752.005   847811.009
  2825:   849489.001   849720.003   851256.001   851414.003   851544.005
  2830:   851856.009   852616.001   853616.018   853775.003   853781.016
  2835:   853831.026   853868.005   854430.009   857059.001   857286.003
  2840:   857370.005   857736.009   859864.001   860234.003   860470.001
  2845:   860871.003   860911.005   861048.009   861395.001   861775.005
  2850:   861792.003   861901.009   862580.001   863568.005   863580.018
  2855:   863695.009   863741.003   863747.016   863797.026   864020.005
  2860:   864705.009   866220.001   866816.003   866852.005   867051.009
  2865:   867265.001   867663.005   867812.009   867841.003   867960.001
  2870:   868279.003   868291.005   868375.009   868385.005   868396.009
  2875:   868419.005   868427.009   868836.001   869779.005   869822.003
  2880:   870068.009   870564.001   871564.018   871654.003   871660.016
  2885:   871699.005   871710.026   872184.009   873937.001   874009.003
  2890:   874074.005   874469.009   874735.001   875341.003   875345.005
  2895:   875353.009   875358.005   875505.009   875757.001   876161.003
  2900:   876175.005   876345.009   876914.001   877577.003   877598.005
  2905:   877718.009   877985.001   878746.003   878769.005   878904.009
  2910:   880110.005   880240.009   881172.001   881423.003   881767.001
  2915:   881929.003   881993.005   882138.009   882697.001   883328.003
  2920:   883377.005   883549.009   885689.001   886154.003   886219.001
  2925:   886527.003   886532.005   886798.009   887347.001   887596.003
  2930:   888090.001   888316.003   888376.005   888513.009   888807.001
  2935:   889474.003   889487.005   889792.009   890401.001   890773.003
  2940:   890794.005   891092.009   891960.001   892539.003   892556.005
  2945:   892702.009   893740.001   894018.003   894304.001   894378.005
  2950:   894448.003   894645.009   896052.005   896332.009   896869.001
  2955:   897375.003   897437.005   897690.009   897881.001   898881.018
  2960:   898885.003   898891.016   898941.026   898954.005   900116.009
  2965:   901113.001   901313.003   901380.001   902259.003   902368.005
  2970:   902561.009   903948.005   903961.009   903978.005   904015.009
  2975:   905094.001   905661.003   905723.005   906108.009   906111.005
  2980:   906125.009   906340.005   906358.009   906367.005   906375.009
  2985:   907073.001   907685.003   907739.005   907986.009   908012.005
  2990:   908032.009   908039.005   908060.009   908062.005   908071.009
  2995:   908082.005   908098.009   908106.005   908134.009   908135.005
  3000:   908143.009   908390.001   908861.003   908931.001   909790.003
  3005:   909892.005   910027.009   910300.001   910882.003   910936.005
  3010:   911067.009   911394.001   911855.003   912016.001   912225.003
  3015:   912324.005   912558.009   912754.001   913274.003   913957.005
  3020:   914120.009   915235.005   915513.009   916466.001   917061.003
  3025:   917144.001   917596.003   918696.005   918808.009   919155.001
  3030:   919849.003   919851.005   920177.009   921401.005   921439.009
  3035:   921461.005   921478.009   921850.001   922482.003   922545.005
  3040:   922787.009   923003.001   924003.018   924016.005   924333.003
  3045:   924339.016   924389.026   925246.009   925461.005   926269.009
  3050:   926286.005   926293.009   926565.001   927470.003   927513.005
  3055:   927864.009   928073.001   928480.003   928513.005   929077.009
  3060:   929124.005   929131.009   929152.005   929155.009   929253.005
  3065:   929262.009   929794.001   929847.003   929954.001   930223.003
  3070:   930279.005   930887.009   931268.001   931954.003   931972.001
  3075:   932517.003   932536.005   932691.009   932883.001   932985.003
  3080:   933074.001   933209.003   933343.005   933476.009   933513.005
  3085:   933749.009   934095.001   934123.003   934163.001   934321.003
  3090:   935187.001   935438.003   935524.005   936006.009   936318.001
  3095:   936403.003   936990.001   937028.003   937144.001   937457.003
  3100:   937606.005   937965.009   938746.001   939152.003   939253.005
  3105:   939470.009   940116.001   940203.005   940232.003   940340.009
  3110:   940384.005   940757.009   941679.001   941920.003   941976.005
  3115:   942130.009   951941.001   952250.003   952344.005   953116.009
  3120:   953431.005   953664.009   954403.001   954679.003   954761.005
  3125:   955078.009   955301.001   956029.003   956054.005   956248.009
  3130:   956506.001   957027.003   957050.005   957149.009   957395.001
  3135:   957934.003   957952.005   958130.009   958484.001   958844.003
  3140:   958952.005   959071.009   959088.005   959127.009   959133.005
  3145:   959454.009   960444.005   961097.009   961464.001   962423.003
  3150:   962444.005   962682.009   962920.001   963379.005   963407.003
  3155:   963641.009   963818.001   964171.003   964289.001   964597.003
  3160:   964661.001   965292.003   965338.005   965754.009   966465.001
  3165:   966691.003   966771.001   966948.005   966995.003   967178.009
  3170:   968021.001   968431.003   968747.001   968977.003   969152.001
  3175:   969488.003   969564.005   970200.009   971297.001   971797.003
  3180:   971814.005   972200.009   972402.001   972738.003   972786.001
  3185:   973064.003   973173.005   973446.009   973698.001   974240.003
  3190:   974332.005   974625.009   975778.005   976105.009   976398.001
  3195:   976694.003   976801.001   976906.003   976950.001   977401.003
  3200:   977441.005   977629.009   977676.005   977705.009   977721.005
  3205:   977726.009   977744.005   977754.009   977820.005   978045.009
  3210:   980546.005   980701.009   980706.005   980713.009   981067.005
  3215:   981075.009   981091.005   981444.009   982709.002   982808.004
  3220:   982977.001   983637.003   983680.005   984079.009   984081.005
  3225:   984110.009   984355.001   984654.003   984803.005   985032.009
  3230:   985034.005   985265.009   985968.001   986968.018   987331.003
  3235:   987337.016   987361.005   987387.026   988074.009   990128.005
  3240:   990245.009   990708.001   991076.003   991133.005   991366.009
  3245:   991367.005   991391.009   991601.001   991955.003   992051.001
  3250:   992585.003   992726.005   992847.009   992848.005   992868.009
  3255:   992879.005   992906.009   992911.005   992917.009   992923.005
  3260:   992935.009   992939.005   992956.009   992966.005   993152.009
  3265:   993346.001   993531.003   993683.001   993968.003   994694.005
  3270:   994880.009   995078.001   995191.003   995304.001   995359.003
  3275:   995575.005   995646.009   996623.001   997234.003   997277.005
  3280:   997720.009   997834.005   997982.009   998183.001   998330.003
  3285:   998489.001   998846.003   999037.005   999111.009   999145.005
  3290:   999154.009   999842.001  1000106.003  1000471.001  1001072.003
  3295:  1001737.001  1002182.003  1002330.001  1002585.003  1002922.001
  3300:  1003092.003  1003252.005  1003356.009  1005207.001  1005481.003
  3305:  1005535.005  1005753.009  1005988.001  1006738.005  1006901.009
  3310:  1006932.003  1007369.001  1007628.003  1008792.001  1009105.005
  3315:  1009220.003  1009432.009  1010040.001  1010218.003  1010384.005
  3320:  1010555.009  1010564.005  1010569.009  1010938.001  1011139.003
  3325:  1012654.001  1013270.003  1013277.005  1013561.009  1013962.001
  3330:  1014400.003  1014468.005  1014649.009  1015132.005  1015326.009
  3335:  1015557.001  1015912.003  1016032.005  1016140.009  1016141.005
  3340:  1016171.009  1016439.001  1016963.003  1016964.005  1017124.009
  3345:  1017583.001  1018381.003  1018392.005  1018771.009  1019059.001
  3350:  1019386.003  1020296.001  1020502.003  1020668.005  1020900.009
  3355:  1026788.001  1027352.003  1027481.005  1028105.009  1028293.001
  3360:  1029293.018  1030333.003  1030339.016  1030389.026  1030399.005
  3365:  1030869.009  1031828.001  1032828.018  1032967.003  1032973.016
  3370:  1033023.026  1033113.005  1033526.009  1033965.005  1034279.009
  3375:  1034589.001  1034879.003  1034932.005  1035077.009  1035258.001
  3380:  1036095.003  1036124.005  1036532.009  1036534.005  1036545.009
  3385:  1036728.001  1037087.003  1037143.001  1037905.003  1037915.005
  3390:  1038526.009  1038736.001  1039193.005  1039289.003  1039634.009
  3395:  1039876.001  1040372.005  1040453.003  1040470.009  1040476.005
  3400:  1040494.009  1040503.005  1040691.009  1040938.001  1041883.003
  3405:  1041944.005  1042303.009  1042510.001  1043090.005  1043157.009
  3410:  1043164.005  1043181.009  1043185.005  1043198.009  1043259.003
  3415:  1043392.001  1044392.018  1044942.003  1044948.016  1044979.005
  3420:  1044998.026  1045687.009  1047914.005  1048060.009  1048236.001
  3425:  1049236.018  1049432.003  1049438.016  1049488.026  1049503.005
  3430:  1050219.009  1051459.001  1052459.018  1053272.003  1053278.016
  3435:  1053328.026  1053330.017  1053360.005  1053763.009  1055958.001
  3440:  1056540.003  1056618.005  1057081.009  1057083.005  1057123.009
  3445:  1057319.001  1057729.003  1057760.001  1058170.003  1058180.005
  3450:  1058335.009  1058551.001  1059801.018  1060554.003  1060560.016
  3455:  1060596.005  1060610.026  1061357.009  1063803.001  1065053.018
  3460:  1065435.003  1065441.016  1065489.005  1065491.026  1066447.009
  3465:  1066646.005  1067071.009  1067334.001  1067688.003  1067726.001
  3470:  1068699.003  1068712.005  1069040.009  1069202.001  1070195.003
  3475:  1070220.005  1070572.009  1070741.001  1071496.003  1071556.005
  3480:  1071656.009  1071675.005  1071682.009  1071686.005  1071694.009
  3485:  1071881.001  1072560.003  1073437.005  1073715.009  1073837.005
  3490:  1073851.009  1073858.005  1074166.009  1074414.001  1075546.003
  3495:  1075555.005  1075696.009  1075886.001  1076160.003  1076221.001
  3500:  1076705.003  1077254.001  1077660.003  1077709.005  1078406.009
  3505:  1078590.001  1078841.003  1079419.001  1079601.003  1079910.001
  3510:  1080787.003  1081041.005  1081220.009  1081221.005  1081261.009
  3515:  1081263.005  1081473.009  1081658.001  1081911.003  1081956.001
  3520:  1082695.003  1082763.005  1083060.009  1083231.001  1084381.003
  3525:  1084390.005  1084728.009  1084894.001  1085305.003  1085347.001
  3530:  1086405.003  1086489.005  1086649.009  1086861.001  1087530.003
  3535:  1087566.005  1087816.009  1089429.005  1089641.009  1089976.001
  3540:  1090046.003  1090099.001  1090369.003  1090468.005  1090809.009
  3545:  1091284.001  1091340.003  1091439.001  1091796.003  1091979.001
  3550:  1092182.003  1092515.005  1092975.009  1093207.001  1093460.003
  3555:  1093858.005  1094316.009  1094317.005  1094326.009  1094333.005
  3560:  1094343.009  1094344.005  1094350.009  1094358.005  1094366.009
  3565:  1094400.005  1094407.009  1095104.005  1095333.009  1096435.001
  3570:  1096866.003  1097030.005  1097226.009  1097230.005  1097284.009
  3575:  1097340.005  1097362.009  1097363.005  1098681.009  1099242.001
  3580:  1099951.003  1100090.005  1100343.009  1101576.001  1101772.003
  3585:  1101925.001  1102358.003  1102446.005  1102677.009  1114795.005
  3590:  1115093.009  1116714.005  1116970.009  1122774.001  1123550.003
  3595:  1123596.005  1124078.009  1124354.001  1124543.003  1124603.001
  3600:  1125093.003  1125156.005  1125390.009  1125595.001  1126289.003
  3605:  1126313.005  1126414.009  1126628.001  1127072.003  1127314.001
  3610:  1127585.003  1127714.005  1127928.009  1128074.005  1128320.009
  3615:  1128853.001  1130060.003  1130345.005  1130432.009  1131427.001
  3620:  1132095.003  1132171.001  1132769.005  1132924.009  1132967.003
  3625:  1134544.005  1134845.009  1135050.001  1136068.003  1136138.001
  3630:  1136247.003  1136318.005  1136629.009  1137213.001  1138463.018
  3635:  1138512.003  1138518.016  1138568.026  1138724.005  1139617.009
  3640:  1140532.001  1141330.003  1141361.005  1141530.009  1141748.001
  3645:  1142905.003  1142981.005  1143258.009  1143643.001  1144299.003
  3650:  1144390.005  1144439.009  1144440.005  1144526.009  1145164.001
  3655:  1145511.003  1145553.005  1145720.009  1146457.001  1147010.003
  3660:  1147066.001  1147459.005  1147469.003  1147633.009  1148385.001
  3665:  1148797.005  1148803.003  1149071.009  1150673.005  1150791.009
  3670:  1152432.001  1152564.003  1152700.005  1152845.009  1154232.001
  3675:  1154346.003  1155020.001  1155201.003  1160230.001  1161442.005
  3680:  1161463.003  1161655.009  1161657.005  1161678.009  1161681.005
  3685:  1161714.009  1162179.001  1162576.003  1163275.001  1163591.003
  3690:  1163656.005  1163819.009  1168923.001  1169221.003  1169622.001
  3695:  1170098.003  1170284.005  1170613.009  1174207.001  1175066.003
  3700:  1175186.005  1175377.009  1196557.005  1197051.009  1197458.005
  3705:  1198237.009  1198560.001  1199359.003  1199418.005  1199945.009
  3710:  1200199.001  1201449.018  1201497.003  1201503.016  1201553.026
  3715:  1201598.005  1202228.009  1204225.005  1204255.009  1204470.001
  3720:  1204992.003  1205075.005  1205387.009  1205557.001  1205893.003
  3725:  1205945.005  1206030.009  1206290.001  1206467.003  1206662.001
  3730:  1207044.003  1207275.001  1207446.003  1207581.005  1207852.009
  3735:  1214531.005  1214633.009  1214807.001  1215926.003  1216011.005
  3740:  1216129.009  1216133.005  1216151.009  1216160.005  1216333.009
  3745:  1216516.001  1216810.003  1216885.005  1216963.009  1220448.005
  3750:  1220469.009  1225598.005  1225821.009  1225834.005  1225844.009
  3755:  1225862.005  1225869.009  1225952.005  1225962.009  1226379.001
  3760:  1227259.003  1227368.005  1227831.009  1228046.001  1228377.003
  3765:  1229069.001  1229326.003  1229485.005  1229774.009  1238341.001
  3770:  1238649.003  1238758.005  1239238.009  1239451.001  1240089.003
  3775:  1240117.005  1240382.009  1240599.001  1241361.005  1241369.003
  3780:  1241545.009  1241739.001  1242756.003  1242761.005  1242990.009
  3785:  1243240.001  1243844.003  1243940.001  1244219.003  1244221.005
  3790:  1244547.009  1245209.005  1245585.009  1245791.001  1246235.003
  3795:  1246297.005  1246622.009  1246789.001  1248025.005  1248039.018
  3800:  1248075.003  1248081.016  1248131.026  1248850.009  1250275.001
  3805:  1250566.003  1250642.005  1250911.009  1251123.001  1251533.003
  3810:  1251757.001  1252019.003  1252034.005  1252256.009  1252463.001
  3815:  1252890.003  1253096.001  1253758.003  1253818.005  1254289.009
  3820:  1255456.001  1255974.003  1256000.001  1256683.003  1256727.005
  3825:  1256870.009  1257066.001  1258004.003  1258022.005  1258343.009
  3830:  1258686.001  1259936.018  1259948.003  1259954.016  1260004.026
  3835:  1260059.005  1260547.009  1261781.001  1262783.003  1262869.005
  3840:  1263802.009  1264052.001  1265189.003  1265201.005  1265446.009
  3845:  1265705.001  1266262.003  1266591.005  1266753.009  1267066.001
  3850:  1267383.003  1267495.001  1267800.003  1267853.001  1268134.003
  3855:  1268218.005  1268446.009  1269009.001  1269246.003  1269299.005
  3860:  1269493.009  1269499.005  1269562.009  1269574.005  1269583.009
  3865:  1269634.005  1269653.009  1269661.005  1269690.009  1269891.001
  3870:  1270297.003  1270431.001  1270524.003  1270843.005  1271204.009
  3875:  1271366.001  1271663.003  1271725.001  1271972.003  1272070.005
  3880:  1272201.009  1272565.001  1272896.003  1273024.001  1273774.003
  3885:  1273802.005  1274219.009  1274610.001  1275860.018  1276196.003
  3890:  1276202.016  1276252.026  1276263.005  1277343.009  1277706.001
  3895:  1278686.003  1278688.005  1279225.009  1279433.001  1280535.003
  3900:  1280556.005  1281167.009  1281523.001  1282513.003  1282547.005
  3905:  1282719.009  1282750.005  1282757.009  1282933.001  1283596.003
  3910:  1283600.005  1283828.009  1283983.001  1284571.003  1284808.005
  3915:  1285082.009  1285348.001  1286152.003  1286178.005  1286497.009
  3920:  1286520.005  1286748.009  1287240.001  1287935.003  1288028.005
  3925:  1288148.009  1288770.001  1288859.003  1288905.001  1289349.003
  3930:  1289377.005  1289717.009  1290332.001  1290389.003  1290487.001
  3935:  1290923.003  1290956.005  1291103.009  1291659.001  1291992.003
  3940:  1292181.005  1292499.009  1293199.001  1293375.003  1293665.001
  3945:  1294092.003  1294151.001  1294301.003  1294351.005  1294566.009
  3950:  1294818.001  1294932.003  1295598.001  1296448.003  1296934.005
  3955:  1297213.009  1297493.001  1297883.003  1298587.001  1298726.003
  3960:  1299245.005  1299732.009  1300718.001  1301251.003  1301314.001
  3965:  1301883.003  1301923.005  1302310.009  1305202.005  1305302.009
  3970:  1305304.005  1305311.009  1305569.001  1306268.005  1306273.003
  3975:  1306499.009  1306737.001  1307083.003  1307133.005  1307491.009
  3980:  1307761.001  1308208.005  1308209.003  1308525.009  1308725.001
  3985:  1309062.003  1309210.005  1309334.009  1309335.005  1309351.009
  3990:  1310399.001  1310963.003  1310999.005  1311242.009  1311602.001
  3995:  1311911.003  1312013.001  1312361.003  1312398.005  1312598.009
  4000:  1312625.005  1313025.009  1314031.001  1314393.003  1314450.001
  4005:  1314778.003  1314830.005  1315230.009  1315688.001  1316077.003
  4010:  1316173.001  1316745.003  1316936.001  1317042.003  1317122.005
  4015:  1317319.009  1317761.001  1317837.003  1317893.001  1318325.003
  4020:  1318367.001  1318684.003  1318758.005  1318882.009  1318884.005
  4025:  1319706.009  1319919.001  1320280.003  1320306.005  1320452.009
  4030:  1320652.001  1320856.003  1320948.001  1321222.003  1321612.001
  4035:  1321764.003  1322046.001  1322096.003  1322115.005  1322353.009
  4040:  1327681.001  1328368.003  1329469.005  1329681.009  1329799.005
  4045:  1329916.009  1330212.001  1330751.003  1330806.001  1331154.003
  4050:  1331235.001  1331426.003  1331487.005  1331745.009  1337401.005
  4055:  1337413.009  1337422.005  1337528.009  1337529.005  1337532.009
  4060:  1338213.001  1338848.003  1338929.005  1339115.009  1339245.005
  4065:  1339402.009  1339609.001  1340053.003  1340093.001  1340341.003
  4070:  1340360.005  1340509.009  1340681.001  1341040.003  1341140.005
  4075:  1341297.009  1343288.001  1343360.003  1343433.005  1343768.009
  4080:  1344223.001  1345473.018  1345650.003  1345656.016  1345667.005
  4085:  1345706.026  1346390.009  1347623.001  1348165.003  1348233.005
  4090:  1348741.009  1348903.005  1349286.009  1350194.005  1350560.009
  4095:  1351255.001  1351699.003  1351781.001  1352509.003  1352574.001
  4100:  1352967.003  1353052.005  1353351.009  1353977.001  1354316.003
  4105:  1355005.005  1355176.009  1355641.001  1355866.003  1356398.001
  4110:  1356489.003  1356610.001  1357127.003  1357416.001  1357772.003
  4115:  1357916.005  1358122.009  1358322.001  1358721.003  1359085.001
  4120:  1359208.003  1359249.001  1359510.003  1359649.005  1359831.009
  4125:  1360073.001  1360202.003  1360669.001  1361515.003  1361523.005
  4130:  1361682.009  1361899.001  1362198.003  1362305.001  1362708.003
  4135:  1362786.005  1363003.009  1363181.001  1363317.003  1363538.001
  4140:  1363676.003  1363860.005  1364071.009  1365911.001  1366128.003
  4145:  1366218.005  1366447.009  1366622.001  1366874.003  1367059.001
  4150:  1367163.003  1368913.005  1369217.009  1370331.001  1370652.003
  4155:  1370713.001  1371118.003  1371202.005  1371482.009  1377298.001
  4160:  1377446.003  1377798.001  1378531.003  1378591.005  1379096.009
  4165:  1379283.001  1379983.003  1380046.005  1380320.009  1380486.001
  4170:  1380822.003  1380898.001  1381618.003  1381730.005  1382097.009
  4175:  1382296.001  1383091.003  1383243.005  1383486.009  1384337.001
  4180:  1384521.003  1384953.005  1385156.009  1386244.001  1386475.003
  4185:  1387301.005  1387520.009  1388123.001  1388223.003  1390958.001
  4190:  1391091.003  1391190.005  1391563.009  1392477.001  1393066.003
  4195:  1393097.005  1393365.009  1395288.001  1395597.003  1395743.005
  4200:  1395772.009  1395785.005  1395830.009  1396102.001  1397352.018
  4205:  1397358.005  1397582.003  1397588.016  1397638.026  1398367.009
  4210:  1398371.005  1398494.009  1398506.005  1398531.009  1398534.005
  4215:  1398546.009  1398561.005  1398574.009  1398602.005  1398971.009
  4220:  1398972.005  1398992.009  1399330.001  1399780.005  1399798.003
  4225:  1400491.009  1400915.001  1401837.003  1401847.005  1402136.009
  4230:  1402377.001  1403052.003  1403103.001  1403649.003  1403790.005
  4235:  1404317.009  1404322.005  1404337.009  1404612.001  1404758.003
  4240:  1404860.001  1404983.003  1406211.001  1406226.003  1406494.005
  4245:  1406661.009  1406854.005  1407141.009  1407624.001  1407849.003
  4250:  1408042.001  1408212.003  1408235.001  1408501.003  1408850.005
  4255:  1408994.009  1414102.005  1414113.009  1414192.005  1415765.009
  4260:  1415768.005  1415783.009  1416628.001  1417740.005  1417743.003
  4265:  1418008.009  1418200.001  1418597.003  1418716.005  1418907.009
  4270:  1419127.001  1419878.003  1419890.005  1420980.009  1420993.005
  4275:  1421035.009  1421047.005  1421080.009  1421089.005  1421115.009
  4280:  1421192.005  1421200.009  1421241.005  1421255.009  1421784.001
  4285:  1422008.003  1422037.001  1422472.003  1422486.005  1422741.009
  4290:  1422915.001  1423229.003  1423561.001  1423774.003  1423958.001
  4295:  1424727.005  1424731.003  1425061.009  1425062.005  1425072.009
  4300:  1425074.005  1425078.009  1425138.005  1425145.009  1425189.005
  4305:  1425200.009  1433102.001  1433187.003  1433527.001  1433718.003
  4310:  1433969.001  1435044.003  1435089.005  1435575.009  1436087.001
  4315:  1437061.003  1437154.005  1437555.009  1437746.001  1438968.003
  4320:  1439014.005  1439357.009  1439704.001  1440010.003  1440058.001
  4325:  1440150.003  1440247.001  1441401.003  1441459.005  1441759.009
  4330:  1455083.001  1455322.003  1455450.001  1455788.003  1455871.005
  4335:  1456249.009  1457119.001  1457674.003  1457691.001  1457872.005
  4340:  1457878.003  1458159.009  1469108.005  1469591.009  1470080.001
  4345:  1470344.003  1470431.005  1471286.009  1471831.001  1472243.003
  4350:  1472296.001  1472635.003  1472694.005  1472911.009  1476709.001
  4355:  1477893.003  1478120.005  1478203.009  1478228.005  1478507.009
  4360:  1478711.001  1479202.003  1479250.005  1479574.009  1484687.002
  4365:  1484810.004  1484836.002  1485189.004  1485362.005  1485393.009
  4370:  1485514.005  1485783.009  1485805.005  1485809.009  1486155.001
  4375:  1486460.003  1486486.001  1486587.003  1486604.005  1487809.009
  4380:  1487929.005  1487937.009  1488056.005  1488076.009  1488091.005
  4385:  1488111.009  1488114.005  1488226.009  1488622.001  1489490.005
  4390:  1489491.003  1489966.009  1489994.005  1490004.009  1490193.005
  4395:  1490200.009  1490207.005  1490411.009  1490647.001  1491690.003
  4400:  1491710.005  1492864.009  1492877.005  1492894.009  1493106.001
  4405:  1493242.003  1493248.001  1494500.018  1495405.003  1495411.016
  4410:  1495417.005  1495461.026  1496291.009  1496591.005  1497007.009
  4415:  1497032.005  1497041.009  1497844.001  1498810.003  1498842.005
  4420:  1499427.009  1499617.001
B:
     0:        0.000     1009.000       22.000     1008.000       22.000
     5:     1022.000        0.000        0.000        0.000     1022.000
    10:        0.000        1.000        0.000        0.000        0.000
    15:        0.000      105.000        2.000      104.000        0.000
    20:        0.000        0.000        0.000        0.000        0.000
    25:        0.000      105.000        0.000        0.000        0.000
    30:        0.000
D:
     0:  3724927.000  3724539.000  3723732.000
E:
     0:      750.000     1250.000
T:
     0:        0.000        0.000        0.000        0.000
W:
     0:        2.000        0.000        0.000
