File: C:\MED-PC IV\Data\ALFE\AU023.999


Start Date: 02/03/24
End Date: 02/03/24
Subject: 23
Experiment: AU
Group: LINEAR
Box: 3
Start Time: 14:31:37
End Time: 15:21:37
MSN: DRRD_500ms
C:       0.000
F:       0.000
G:       0.000
H:       0.000
I:       0.000
J:       0.000
K:      95.000
L:       0.000
M:       0.000
N:       0.000
O:       0.000
P:       0.000
Q:       0.000
R:       0.000
S:       0.000
U: 2498461.000
V:       0.000
X:       0.000
Y:    1560.000
Z:       0.000
A:
     0:  2498399.001  2498410.003  2498449.001      370.003      371.005
     5:      577.009     1402.001     1767.003     1870.001     5809.003
    10:     5813.001     8182.005     8211.003     8423.009     8654.002
    15:     8787.004     9365.001     9822.003     9830.001    11182.003
    20:    13139.005    13159.009    13169.005    13360.009    15000.011
    25:    15624.002    15681.004    15788.005    15873.009    16148.002
    30:    16433.004    16470.002    17965.004    18150.005    18280.009
    35:    18558.002    19016.004    22556.001    22856.003    27638.001
    40:    27966.003    28018.001    28060.003    33405.005    33564.009
    45:    34157.001    34254.003    34280.001    37002.003    37379.001
    50:    37463.003    37725.001    37947.003    37984.001    41792.003
    55:    41816.001    44439.003    44440.005    44745.009    44962.001
    60:    45384.003    45584.005    45676.009    48519.001    49161.003
    65:    52381.002    52731.004    53838.001    54028.003    54055.001
    70:    58805.018    59723.003    59729.016    59779.026    59924.001
    75:    60016.003    60063.005    60557.009    61375.001    61446.003
    80:    61563.001    65676.003    65681.005    65831.009    67001.001
    85:    71751.018    74950.005    74956.003    74962.016    75012.026
    90:    75571.009    76291.001    76706.003    77377.001    82127.018
    95:    83486.003    83492.016    83493.005    83542.026    84106.009
   100:    84128.005    84316.009    84903.001    89280.005    89281.003
   105:    89501.009    89527.005    89628.009    90013.001    94763.018
   110:    98239.005    98255.003    98261.016    98311.026    99443.009
   115:   100335.001   101469.003   101472.001   104616.003   104634.005
   120:   104820.009   105073.001   109823.018   113444.005   113470.003
   125:   113476.016   113526.026   114048.009   114507.001   118112.005
   130:   118123.003   118297.009   118490.001   119961.003   120337.001
   135:   120385.003   120543.001   120768.003   120892.001   122100.003
   140:   122223.001   124304.005   124330.003   124548.009   124734.001
   145:   129467.005   129484.018   129501.003   129507.016   129557.026
   150:   130147.009   131603.001   133896.005   133929.003   134233.009
   155:   134379.001   135365.003   135373.001   138593.003   138598.001
   160:   139371.005   139381.003   139552.009   139818.001   144367.005
   165:   144400.003   144640.009   144834.001   147985.005   147995.003
   170:   148185.009   148422.001   151227.005   151251.003   151422.009
   175:   151663.001   156217.005   156260.003   156732.009   157027.001
   180:   159639.005   159642.003   159900.009   160551.001   165301.018
   185:   165651.003   165657.016   165659.005   165707.026   166249.009
   190:   166566.001   168227.003   168230.005   168386.009   168585.001
   195:   172292.005   172296.003   172528.009   172749.001   176203.005
   200:   176240.003   176424.009   176661.001   177482.003   177694.005
   205:   177850.009   178064.001   178197.003   178252.001   179310.003
   210:   179338.001   181761.005   181763.003   181901.009   182079.001
   215:   186829.018   187031.005   187066.003   187072.016   187122.026
   220:   187934.009   188296.001   191945.005   191969.003   192205.009
   225:   192455.001   195996.005   196020.003   196446.009   196662.001
   230:   201412.018   203090.005   203149.003   203155.016   203205.026
   235:   203645.009   203660.005   203668.009   203799.005   203914.009
   240:   204292.001   208105.005   208121.003   208314.009   208510.001
   245:   210288.003   210416.001   210726.003   211168.001   212200.005
   250:   212210.003   212444.009   212520.005   212574.009   213219.001
   255:   217521.003   217521.005   217875.009   218154.001   222904.018
   260:   223335.005   223351.003   223357.016   223407.026   224036.009
   265:   224500.001   227576.005   227587.003   227787.009   227952.001
   270:   230704.003   230782.001   231697.003   231717.005   231871.009
   275:   232049.001   232938.003   233017.001   236532.005   236535.003
   280:   236732.009   237027.005   237164.009   237166.005   237396.009
   285:   237681.001   241856.005   241883.003   242112.009   242354.001
   290:   245132.005   245153.003   245323.009   245514.001   249165.005
   295:   249166.003   249367.009   250133.001   250517.003   252772.001
   300:   253024.003   253176.005   253202.009   254643.001   255280.003
   305:   255340.001   255740.003   255762.001   257765.005   257820.003
   310:   258049.009   258182.001   258588.003   259031.001   261617.005
   315:   261626.003   261769.009   262151.005   262234.009   262391.001
   320:   263792.003   264198.001   268948.018   269002.005   269074.003
   325:   269080.016   269130.026   269723.009   270286.001   273715.003
   330:   273719.001   274225.005   274228.003   274434.009   275224.001
   335:   276209.003   276220.001   277860.003   277876.005   278133.009
   340:   278605.001   278859.003   279322.001   279409.003   279468.001
   345:   279827.003   279964.001   280046.003   280261.005   281790.009
   350:   281800.005   281969.009   283807.005   283872.009   284450.001
   355:   288537.003   288543.001   289356.005   289357.003   289711.009
   360:   289873.005   290079.009   290239.001   291834.003   292028.001
   365:   294406.005   294411.003   294630.009   294824.001   295003.003
   370:   295051.001   299090.005   299231.003   299423.009   299698.001
   375:   302470.003   302479.001   302631.003   302879.001   303474.003
   380:   304311.001   305941.003   306223.001   306328.003   311619.005
   385:   311640.009   311654.005   311914.009   312298.001   313663.005
   390:   313729.003   313850.009   314049.001   317216.005   317257.003
   395:   317518.009   317726.001   321508.005   321510.003   321722.009
   400:   321909.001   324606.003   324622.005   324823.009   324836.005
   405:   325012.009   325239.001   325460.003   325693.002   325906.004
   410:   327622.001   327746.003   327780.001   328012.003   332249.002
   415:   333001.004   333207.005   333296.009   333298.005   333376.009
   420:   333808.001   337663.005   337862.003   338005.009   338154.001
   425:   342904.018   344429.005   344431.003   344437.016   344487.026
   430:   346122.009   346486.001   349020.005   349026.003   349446.009
   435:   349506.005   349701.009   349890.001   352581.003   352638.001
   440:   354222.005   354228.003   354405.009   354733.005   354742.009
   445:   354970.001   359537.005   359540.003   359753.009   359799.005
   450:   359871.009   360028.001   362490.003   362635.001   364227.005
   455:   364240.003   364509.009   364700.001   367723.005   367772.003
   460:   368014.009   368217.005   368318.009   368518.001   372652.005
   465:   372667.003   372856.009   372865.005   372905.009   373170.001
   470:   373391.003   374848.001   375122.003   376494.002   376580.004
   475:   376726.005   376986.009   377066.005   377745.009   378280.005
   480:   378498.009   379198.001   383813.005   383847.003   384072.009
   485:   384205.001   388277.005   388303.003   388665.009   388730.005
   490:   388738.009   388740.005   388753.009   389005.001   392361.005
   495:   392406.003   392572.009   392734.001   393792.003   394258.002
   500:   394355.004   395776.001   396088.003   398182.001   398482.003
   505:   404694.005   405010.009   408016.005   408216.009   408221.005
   510:   408239.009   408249.005   408325.009   408751.001   409018.003
   515:   409844.001   409976.003   414769.005   414783.009   414786.005
   520:   414881.009   417908.001   419357.003   419409.001   421880.005
   525:   421892.003   422205.009   422649.001   424020.003   424096.001
   530:   425414.003   425422.001   425825.003   425828.005   425980.009
   535:   426110.005   426134.009   426136.005   426714.009   426719.005
   540:   427208.009   427225.005   427666.009   427814.005   428127.009
   545:   429402.001   429901.003   429950.001   430080.003   432168.005
   550:   432403.009   435332.005   435732.009   436035.002   436161.004
   555:   439698.001   440367.003   444269.001   444345.003   444443.001
   560:   444530.003   456401.001   456438.003   457703.005   457826.009
   565:   464173.001   466619.003   466669.001   466690.003   466757.001
   570:   466881.003   467480.001   468024.003   468120.001   468380.003
   575:   468424.001   471276.003   471287.005   471541.009   471580.005
   580:   471886.009   471936.005   472257.009   472623.001   477373.018
   585:   477451.005   477480.003   477486.016   477536.026   478604.009
   590:   478695.005   478765.009   479122.005   479144.009   479212.005
   595:   479469.009   479563.005   480028.009   480058.005   480275.009
   600:   480871.001   484634.003   484638.005   485529.009   485788.005
   605:   485979.009   486288.001   490837.003   490842.005   491412.009
   610:   491752.001   496502.018   496923.003   496928.005   496929.016
   615:   496979.026   497602.009   498024.001   502382.003   502382.005
   620:   502574.009   502938.001   504405.003   504558.001   506165.003
   625:   506172.001   507539.003   507602.001   509736.005   509744.003
   630:   510177.009   510474.001   515224.018   515808.005   515835.003
   635:   515841.016   515891.026   516435.009   516859.001   519438.003
   640:   519447.001   521263.003   521271.005   521472.009   521663.001
   645:   526295.003   526296.005   526476.009   526793.001   531543.018
   650:   532890.003   532896.016   532901.005   532946.026   533402.009
   655:   533852.001   537229.005   537271.003   537656.009   538013.001
   660:   542153.003   542158.005   542359.009   542561.001   547296.005
   665:   547311.018   547331.003   547337.016   547387.026   547904.009
   670:   548293.001   552981.005   552998.003   553220.009   553654.001
   675:   557037.005   557041.003   557270.009   557776.001   562293.003
   680:   562298.005   562474.009   562900.001   567650.018   568361.005
   685:   568370.003   568376.016   568426.026   569032.009   569392.001
   690:   572039.003   572062.001   573985.005   574009.003   574464.009
   695:   574901.005   575034.009   575604.001   580354.018   580526.005
   700:   580529.003   580535.016   580585.026   581110.009   581644.001
   705:   585628.005   585637.003   585875.009   586263.001   590214.005
   710:   590238.003   590577.009   590890.001   594935.005   594999.003
   715:   595265.009   595614.001   598662.005   598719.003   598889.009
   720:   599172.001   603187.005   603194.003   603563.009   603760.001
   725:   607187.003   607201.005   607466.009   607681.001   610654.003
   730:   610705.001   611758.005   611800.003   611958.009   612183.001
   735:   613896.003   614340.005   614499.009   614675.001   619230.005
   740:   619247.003   619445.009   619757.005   619853.009   620043.001
   745:   624482.005   624523.003   624751.009   625060.001   629333.005
   750:   629347.003   629651.009   629799.001   631400.003   631518.001
   755:   634079.005   634089.003   635701.009   636549.001   641299.018
   760:   641924.005   641939.003   641945.016   641995.026   642754.009
   765:   643148.005   643290.009   643400.005   643779.009   643848.005
   770:   644010.009   646079.001   649295.005   649301.003   649510.009
   775:   649656.001   653781.005   653815.003   654038.009   654238.001
   780:   658572.005   658590.003   658836.009   659016.001   662214.005
   785:   662223.003   662387.009   662637.001   664114.003   664117.005
   790:   664648.009   665130.002   665182.004   665455.005   665594.009
   795:   666112.002   666221.004   666682.005   666937.009   667197.001
   800:   671947.018   672028.003   672034.016   672068.005   672084.026
   805:   672773.009   673030.001   674367.003   674431.001   677161.005
   810:   677175.003   677563.009   678179.001   679718.003   679738.001
   815:   682908.003   682929.005   683236.009   684013.001   685128.003
   820:   686660.005   687239.009   687445.005   687594.009   689277.001
   825:   689410.003   689526.005   689896.009   690360.005   690479.009
   830:   690589.005   690734.009   690744.005   690770.009   690794.005
   835:   691002.009   694280.005   694357.009   697557.001   697887.003
   840:   704348.005   704495.009   704791.001   708621.003   708713.001
   845:   709656.005   709662.003   709837.009   710051.001   711319.003
   850:   711402.001   716152.018   716208.003   716209.005   716214.016
   855:   716264.026   716920.009   717580.001   720677.005   720681.003
   860:   720899.009   721157.001   725619.005   725644.003   725918.009
   865:   726107.001   730237.005   730299.003   730497.009   730750.001
   870:   735500.018   736039.005   736063.003   736069.016   736119.026
   875:   736831.009   737325.001   741764.005   741778.003   742004.009
   880:   742184.001   746506.005   746533.003   746799.009   747322.001
   885:   752048.005   752072.018   752098.003   752104.016   752154.026
   890:   752646.009   753395.001   757635.005   757665.003   758030.009
   895:   758239.001   762989.018   763798.005   763832.003   763838.016
   900:   763888.026   764605.009   765098.001   769848.018   770697.005
   905:   770714.003   770720.016   770770.026   771294.009   771765.001
   910:   776515.018   777563.005   777574.003   777580.016   777630.026
   915:   777632.017   778163.009   778839.001   783839.018   784116.005
   920:   784120.003   784126.016   784176.026   784654.009   785392.001
   925:   789814.005   789839.003   790067.009   790235.001   795235.018
   930:   795588.005   795615.003   795621.016   795671.026   796604.009
   935:   796859.005   797090.009   797572.001   801662.005   801672.003
   940:   801839.009   802138.001   807113.005   807138.018   807142.003
   945:   807148.016   807198.026   807712.009   808176.001   813176.018
   950:   813602.005   813615.003   813621.016   813671.026   814282.009
   955:   814957.001   819957.018   819982.005   820000.003   820006.016
   960:   820056.026   820684.009   821227.001   825960.005   825976.003
   965:   826155.009   826544.001   831349.005   831363.003   831631.009
   970:   832120.001   837120.018   837232.005   837301.003   837307.016
   975:   837357.026   837771.009   838181.001   843181.018   844550.003
   980:   844553.005   844556.016   844606.026   845185.009   845911.001
   985:   850911.018   851270.005   851276.003   851282.016   851332.026
   990:   851837.009   852406.001   856053.005   856072.003   856238.009
   995:   856571.001   861571.018   862246.003   862251.005   862252.016
  1000:   862302.026   862763.009   863076.001   868076.018   868536.005
  1005:   868545.003   868551.016   868601.026   868974.009   869193.001
  1010:   874193.018   874769.005   874783.003   874789.016   874839.026
  1015:   875173.009   875808.001   880808.018   881947.005   881951.003
  1020:   881957.016   882007.026   882459.009   883018.001   888018.018
  1025:   889766.005   889779.003   889785.016   889835.026   890226.009
  1030:   890687.001   894845.003   894845.005   895053.009   895305.001
  1035:   900305.018   901809.005   901836.003   901842.016   901892.026
  1040:   902367.009   902751.001   903825.003   904038.001   906366.005
  1045:   906396.003   906640.009   906809.001   911809.018   912523.003
  1050:   912527.005   912529.016   912579.026   912997.009   913293.001
  1055:   918120.005   918129.003   918390.009   918952.001   923952.018
  1060:   924669.005   924687.003   924693.016   924743.026   925126.009
  1065:   925479.001   930316.003   930317.005   930565.009   931075.001
  1070:   935331.005   935340.003   935667.009   935853.001   940228.005
  1075:   940252.003   940568.009   941145.001   946111.005   946138.003
  1080:   946463.009   946884.001   950957.005   950975.003   951295.009
  1085:   953250.001   956984.005   956992.003   957235.009   957914.001
  1090:   962914.018   963935.005   963953.003   963959.016   964009.026
  1095:   964729.009   965204.001   969542.005   969549.003   969845.009
  1100:   970036.001   975033.005   975036.018   975093.003   975099.016
  1105:   975149.026   975653.009   976247.001   979936.005   979952.003
  1110:   980161.009   980345.001   985345.018   987660.005   987670.003
  1115:   987676.016   987726.026   988307.009   988462.005   988653.009
  1120:   988933.005   988942.009   992234.005   992289.009   992636.001
  1125:   992862.003   993140.001   993342.003   993496.001   993608.003
  1130:   993861.001   994140.003   994161.005   994304.009  1012116.005
  1135:  1012301.009  1018121.001  1019319.003  1019347.005  1019514.009
  1140:  1023236.001  1024384.003  1024421.001  1026628.003  1026637.001
  1145:  1029975.003  1029997.001  1030979.003  1031021.001  1031222.003
  1150:  1031310.001  1033365.003  1033412.005  1033945.009  1034283.001
  1155:  1039283.018  1039993.003  1039999.016  1040013.005  1040049.026
  1160:  1040582.009  1041033.001  1046033.018  1046537.003  1046543.016
  1165:  1046553.005  1046593.026  1046885.009  1047753.001  1052753.018
  1170:  1053057.003  1053062.005  1053063.016  1053113.026  1053628.009
  1175:  1053870.001  1058870.018  1058924.003  1058930.016  1058980.026
  1180:  1059098.001  1059183.003  1059226.005  1059966.009  1060679.001
  1185:  1065105.003  1065117.005  1065258.009  1065603.001  1068865.003
  1190:  1068867.001  1070678.003  1070696.005  1071298.009  1071563.001
  1195:  1076563.018  1076567.005  1076587.003  1076593.016  1076643.026
  1200:  1077180.009  1077530.001  1082530.018  1084036.003  1084042.016
  1205:  1084059.005  1084092.026  1084640.009  1085303.001  1090303.018
  1210:  1090827.003  1090833.016  1090858.005  1090883.026  1091429.009
  1215:  1091911.001  1096911.018  1096986.005  1096989.003  1096995.016
  1220:  1097045.026  1097569.009  1097808.001  1102688.003  1102712.005
  1225:  1102885.009  1103489.001  1108103.003  1108114.005  1108271.009
  1230:  1108671.001  1113413.005  1113442.003  1113801.009  1114363.001
  1235:  1119363.018  1120802.005  1120803.003  1120809.016  1120859.026
  1240:  1121224.009  1121577.001  1126577.018  1128008.003  1128010.005
  1245:  1128014.016  1128064.026  1128625.009  1128738.005  1128956.009
  1250:  1129329.001  1134329.018  1135779.003  1135785.016  1135786.005
  1255:  1135835.026  1136132.009  1136507.001  1137173.003  1137176.005
  1260:  1137425.009  1137802.001  1141619.003  1141724.001  1146724.018
  1265:  1148331.003  1148335.005  1148337.016  1148387.026  1148781.009
  1270:  1149216.001  1154216.018  1155171.003  1155177.016  1155180.005
  1275:  1155227.026  1155855.009  1156198.001  1161198.018  1161865.003
  1280:  1161871.016  1161883.005  1161921.026  1162471.009  1163237.001
  1285:  1167550.005  1167555.003  1167745.009  1168970.001  1173970.018
  1290:  1174225.005  1174231.003  1174237.016  1174287.026  1174712.009
  1295:  1175936.001  1176354.003  1176676.001  1180769.003  1180773.005
  1300:  1180995.009  1183635.001  1186218.003  1186224.005  1186560.009
  1305:  1187798.001  1192798.018  1193321.005  1193329.003  1193335.016
  1310:  1193385.026  1193832.009  1194492.001  1195020.003  1195460.001
  1315:  1198848.005  1198876.003  1199054.009  1199272.001  1204272.018
  1320:  1205264.005  1205284.003  1205290.016  1205340.026  1206038.009
  1325:  1206267.005  1206390.009  1206811.001  1211275.005  1211279.003
  1330:  1211458.009  1212151.001  1217151.018  1217250.005  1217267.003
  1335:  1217273.016  1217323.026  1217845.009  1218202.001  1223202.018
  1340:  1223802.003  1223808.016  1223816.005  1223858.026  1224257.009
  1345:  1224950.001  1229950.018  1230037.003  1230043.016  1230046.005
  1350:  1230093.026  1230510.009  1231273.001  1236273.018  1237787.003
  1355:  1237791.005  1237793.016  1237843.026  1238201.009  1239276.001
  1360:  1244276.018  1246194.005  1246203.003  1246209.016  1246259.026
  1365:  1246697.009  1247834.001  1251127.003  1251214.001  1252159.003
  1370:  1252159.005  1252390.009  1252510.005  1252692.009  1255410.001
  1375:  1256956.003  1257079.001  1261210.005  1261234.003  1261366.009
  1380:  1262136.001  1267136.018  1268347.005  1268348.003  1268354.016
  1385:  1268404.026  1268872.009  1269816.001  1274816.018  1274867.005
  1390:  1274874.003  1274880.016  1274930.026  1275406.009  1275919.001
  1395:  1280919.018  1281800.003  1281806.016  1281809.005  1281856.026
  1400:  1282312.009  1282343.005  1282451.009  1283230.001  1288230.018
  1405:  1289113.003  1289119.016  1289169.026  1289285.001  1289356.003
  1410:  1289400.005  1289974.009  1290567.001  1295567.018  1298449.005
  1415:  1298457.003  1298463.016  1298513.026  1298870.009  1299705.001
  1420:  1303904.005  1303939.003  1304197.009  1307511.001  1311964.003
  1425:  1311965.005  1312202.009  1314839.001  1319839.018  1320992.003
  1430:  1320998.016  1321048.026  1321052.005  1322132.009  1323280.001
  1435:  1328084.005  1328109.003  1328529.009  1331353.001  1335578.003
  1440:  1335711.001  1340012.005  1340018.003  1340191.009  1340421.001
  1445:  1345421.018  1346678.003  1346682.005  1346684.016  1346734.026
  1450:  1347366.009  1347616.005  1347737.009  1348100.001  1351193.003
  1455:  1351213.001  1353724.005  1353746.003  1353884.009  1354312.001
  1460:  1359233.005  1359262.003  1359648.009  1365436.001  1366473.003
  1465:  1366599.005  1366997.009  1367456.001  1367592.003  1402160.005
  1470:  1402860.009  1403855.001  1408855.018  1409409.003  1409415.016
  1475:  1409465.026  1409811.001  1409838.003  1409841.005  1410155.009
  1480:  1410169.005  1410256.009  1410917.001  1415734.003  1415755.001
  1485:  1417527.003  1417862.001  1419782.003  1419795.005  1420019.009
  1490:  1420168.005  1420177.009  1420991.001  1425991.018  1429176.005
  1495:  1429181.003  1429187.016  1429237.026  1429723.009  1430198.001
  1500:  1435198.018  1436362.003  1436368.016  1436402.005  1436418.026
  1505:  1436800.009  1437435.001  1440931.003  1441038.001  1445098.003
  1510:  1445111.005  1445290.009  1446481.001  1451386.005  1451387.003
  1515:  1451607.009  1452842.001  1457728.003  1457730.005  1457971.009
  1520:  1458894.001  1462846.005  1462852.003  1463290.009  1463604.001
  1525:  1464742.003  1465329.001  1469693.005  1469715.003  1470108.009
  1530:  1472402.001  1474548.003  1474657.001  1476608.005  1476621.003
  1535:  1476794.009  1478840.001  1482222.005  1482236.003  1482570.009
  1540:  1483029.001  1487820.005  1487828.003  1488047.009  1488355.001
  1545:  1493355.018  1493473.005  1493501.003  1493507.016  1493557.026
  1550:  1494319.009  1494394.005  1494575.009  1494985.001  1498778.003
  1555:  1498793.005  1499087.009  1499132.005  1499224.009  1499402.001
B:
     0:        0.000      340.000       13.000      339.000       13.000
     5:      308.000        0.000        0.000        0.000      308.000
    10:        0.000        1.000        0.000        0.000        0.000
    15:        0.000       79.000        1.000       79.000        0.000
    20:        0.000        0.000        0.000        0.000        0.000
    25:        0.000       79.000        0.000        0.000        0.000
    30:        0.000
D:
     0:  3998466.000  3997863.000  3997239.000
E:
     0:     4750.000     5000.000
T:
     0:        0.000        0.000        0.000        0.000
W:
     0:        2.000        0.000        0.000
