File: C:\MED-PC IV\Data\ALFE\AU022.999


Start Date: 02/03/24
End Date: 02/03/24
Subject: 22
Experiment: AU
Group: EXP40
Box: 2
Start Time: 14:31:37
End Time: 15:21:37
MSN: DRRD_general_exp
C:       0.000
F:       0.000
G:       0.000
H:       0.000
I:       0.000
J:       0.000
K:      80.000
L:       0.000
M:       0.000
N:       0.000
O:       0.000
P:       0.000
Q:       0.000
R:       0.000
S:       0.000
U: 2498461.000
V:       0.000
X:       0.000
Y:    1312.000
Z:       0.000
A:
     0:      612.001      973.003     1004.001     2552.003     2566.001
     5:     2753.003     2798.001     3294.003     3704.005     3773.009
    10:     4091.001     4606.003     4633.001     5620.003     5642.001
    15:     7439.003    13703.001    14662.003    14696.001    15000.011
    20:    16483.003    17199.001    18989.003    19299.005    19327.009
    25:    19571.001    21174.003    21854.001    24417.003    25225.001
    30:    25343.003    25376.001    25419.003    25450.001    25630.003
    35:    25875.005    25923.009    25934.005    26207.009    26453.001
    40:    26723.003    26785.001    28580.003    29121.001    29157.003
    45:    29181.001    29368.003    29431.005    29684.009    30202.001
    50:    32711.003    33546.001    35147.003    35745.001    36320.003
    55:    36349.001    37919.003    37923.001    38517.003    39345.001
    60:    39575.003    39679.005    39817.009    40254.001    44086.003
    65:    45025.001    46676.003    46713.001    48397.003    51349.001
    70:    52461.003    52485.001    54318.003    54847.001    57421.003
    75:    57994.001    60147.003    60742.001    61052.003    61110.001
    80:    61215.003    61235.001    61370.003    61390.001    62790.003
    85:    66151.001    66762.003    66793.001    67047.003    67107.001
    90:    68838.003    69772.001    72118.003    73179.001    73488.003
    95:    73526.001    75323.003    77500.005    77631.009    78183.001
   100:    78557.003    78696.005    78878.009    79613.001    83014.003
   105:    83046.001    83188.003    85347.001    86453.003    86473.001
   110:    86817.003    87491.001    88992.003    89099.001    89191.003
   115:    91134.005    91161.009    92783.001    95313.003    96322.001
   120:    97737.003    97781.001    98994.003   100414.001   101468.003
   125:   101496.001   101549.003   102002.005   102010.009   102842.001
   130:   103685.003   103983.005   104316.009   104341.005   104603.009
   135:   104607.005   104768.009   113088.002   114825.004   115743.002
   140:   116149.004   116194.002   116528.004   117860.005   117936.009
   145:   118525.001   120690.003   121169.005   121184.009   121190.005
   150:   121235.009   121455.001   121688.003   121708.001   124585.003
   155:   128964.001   131736.003   133284.001   135737.003   141697.001
   160:   141932.003   141982.001   144426.003   145636.001   146787.003
   165:   147268.001   147376.003   147423.001   147872.003   147940.001
   170:   149610.003   150762.001   153444.003   157341.001   161117.003
   175:   162069.001   165230.003   166036.005   166213.009   166658.001
   180:   166686.003   166708.001   169335.003   170496.005   174164.009
   185:   174758.005   174793.009   174798.005   174819.009   174831.005
   190:   174902.009   174939.005   175102.009   175852.001   178394.003
   195:   179273.001   182043.003   183246.005   183430.009   184043.001
   200:   186998.003   188427.005   188442.009   188461.005   188487.009
   205:   188517.005   188531.009   189156.001   189459.003   189484.001
   210:   192046.003   196274.001   199119.003   200405.001   203655.003
   215:   205478.005   205503.009   206416.001   206757.003   207602.001
   220:   210256.003   212647.001   212689.003   212732.001   216022.003
   225:   216807.005   216920.009   216980.005   216989.009   216990.005
   230:   217112.009   217128.005   217139.009   217154.005   217160.009
   235:   217275.005   217299.009   217346.005   217351.009   217437.005
   240:   217441.009   217493.005   217502.009   217529.005   217538.009
   245:   217547.005   217553.009   217566.005   217573.009   217613.005
   250:   217656.009   217713.005   217766.009   217768.005   217784.009
   255:   217797.005   217804.009   217806.005   217856.009   217858.005
   260:   217954.009   218133.005   218147.009   218250.005   218414.009
   265:   218457.005   218472.009   218513.005   218534.009   218537.005
   270:   221135.009   221162.005   221181.009   221200.005   221209.009
   275:   221256.005   221327.009   221332.005   221414.009   221453.005
   280:   221555.009   221602.005   221626.009   221627.005   221662.009
   285:   221706.005   221711.009   221716.005   221719.009   221736.005
   290:   221739.009   221757.005   221768.009   221775.005   221789.009
   295:   221809.005   221846.009   221851.005   223204.009   223911.005
   300:   223960.009   224033.005   224096.009   224103.005   224976.009
   305:   225006.005   225282.009   225290.005   225722.009   225798.005
   310:   225832.009   225837.005   225856.009   225865.005   225963.009
   315:   225970.005   225982.009   225999.005   226046.009   226055.005
   320:   226716.009   226718.005   226727.009   226734.005   227591.009
   325:   227594.005   227599.009   227603.005   227613.009   227618.005
   330:   227691.009   228328.005   228565.009   228573.005   228578.009
   335:   228670.005   228681.009   228724.005   228736.009   228744.005
   340:   229042.009   229374.005   229383.009   229418.005   229434.009
   345:   229435.005   229440.009   229446.005   229638.009   233656.005
   350:   233787.009   234767.001   237531.003   238003.005   238174.009
   355:   238202.005   238509.009   239448.005   239582.009   239588.005
   360:   239594.009   239669.005   240027.009   242476.001   242593.003
   365:   242651.001   243358.003   244415.001   247506.003   248010.005
   370:   248029.009   248509.001   249249.003   249299.001   251670.003
   375:   262920.005   262935.009   262938.005   262943.009   262949.005
   380:   263039.009   263769.001   267571.003   269336.001   272121.003
   385:   272224.001   272350.003   277704.005   277789.009   295520.001
   390:   298631.003   299828.001   301747.003   303423.005   303439.009
   395:   303503.005   303509.009   303511.005   303519.009   303535.005
   400:   303633.009   303655.005   303662.009   312522.005   312543.009
   405:   313267.001   313651.003   314230.001   315356.003   324699.005
   410:   325032.009   328597.001   328931.003   336058.005   336102.009
   415:   336129.005   336142.009   336225.005   336488.009   336493.005
   420:   336557.009   337013.001   337813.005   337971.003   339481.009
   425:   339497.005   339552.009   339553.005   340457.009   340498.005
   430:   340503.009   340539.005   340549.009   340558.005   341827.009
   435:   345748.001   346098.003   346165.001   349177.003   352399.005
   440:   352688.009   353015.001   353166.003   353187.001   356414.003
   445:   359826.001   360224.003   374886.001   374967.003   375001.001
   450:   378689.003   393692.005   393829.009   395127.001   398173.003
   455:   422728.005   422815.009   422850.005   422875.009   422876.005
   460:   423033.009   424865.002   425998.004   431001.002   431082.004
   465:   431126.002   432027.004   433525.001   434212.003   434238.001
   470:   436331.003   438312.001   439616.003   439640.001   439939.003
   475:   440528.005   440745.009   450686.005   450948.009   451154.005
   480:   451413.009   452379.001   452593.003   452632.001   455515.003
   485:   456811.001   460232.003   464763.005   464768.009   464783.005
   490:   465056.009   465076.005   465090.009   466506.001   469650.003
   495:   470586.005   470741.009   471828.001   475084.003   491271.005
   500:   491413.009   491944.001   494919.003   496002.001   499084.003
   505:   503369.005   503417.009   503856.001   507856.018   508030.003
   510:   508036.016   508086.026   508166.005   508616.009   514392.005
   515:   514394.009   514575.005   514584.009   514585.005   514752.009
   520:   515410.001   515494.003   515593.001   518485.003   523949.005
   525:   524176.009   524178.005   524182.009   524191.005   524201.009
   530:   524219.005   524296.009   524298.005   524302.009   524320.005
   535:   524326.009   524337.005   524341.009   524343.005   524346.009
   540:   524876.001   527789.003   528302.005   528651.009   528673.005
   545:   528679.009   528685.005   528689.009   528861.005   528870.009
   550:   533066.001   533558.003   533568.001   536111.003   537321.001
   555:   540352.003   541641.001   544638.003   545917.001   548568.003
   560:   552428.001   556069.003   556775.005   556814.009   556838.005
   565:   556889.009   557482.001   557556.003   557588.001   560837.003
   570:   560982.005   561132.009   563021.005   563034.009   563080.005
   575:   563440.009   569859.005   569954.009   570626.001   574027.003
   580:   577103.001   577479.003   577504.001   580663.003   581920.005
   585:   582072.009   583388.001   587026.003   588030.001   589065.003
   590:   589082.001   591425.003   595139.005   595171.009   595194.005
   595:   595352.009   596023.001   600023.018   600131.003   600137.016
   600:   600187.026   600246.005   600811.009   600821.005   600876.009
   605:   600938.005   601058.009   602832.005   602857.009   602868.005
   610:   602963.009   603720.001   606109.003   607409.001   607909.003
   615:   607940.001   611013.003   612130.001   614098.003   614135.001
   620:   615174.003   616437.001   619141.003   620508.001   623182.003
   625:   626840.005   626891.009   626896.005   626953.009   627001.005
   630:   627007.009   627038.005   627048.009   627727.001   631564.003
   635:   633594.005   633658.009   634212.001   634335.003   634372.001
   640:   634786.003   634879.001   635053.003   635089.001   638270.003
   645:   639358.001   642458.003   647161.005   647265.009   647267.005
   650:   647276.009   647862.001   650832.003   652120.001   652434.003
   655:   652477.001   655161.003   658417.005   658543.009   659251.001
   660:   662906.003   666197.005   666239.009   667266.001   671266.018
   665:   671588.003   671594.016   671644.026   671728.005   672288.009
   670:   672293.005   672314.009   672319.005   672359.009   672365.005
   675:   672376.009   676381.005   676387.009   676432.005   676438.009
   680:   677176.001   680176.003   683780.005   684194.009   684197.005
   685:   684205.009   684212.005   684215.009   684669.001   688260.003
   690:   689826.001   692433.003   692472.001   692810.003   695224.005
   695:   695240.009   695271.005   695359.009   695892.001   699664.003
   700:   700354.005   700724.009   701514.001   701572.003   701606.001
   705:   702842.003   702865.001   704943.003   705518.005   705526.009
   710:   705532.005   705689.009   711085.001   714519.003   716094.005
   715:   716312.009   716336.005   716419.009   716425.005   716434.009
   720:   716436.005   716755.009   717572.001   721068.003   722311.005
   725:   722465.009   722477.005   722677.009   723388.001   723482.003
   730:   723557.001   726319.003   728818.005   728938.009   728994.005
   735:   729001.009   729074.005   729085.009   730276.001   730489.003
   740:   730556.001   733270.003   734185.005   734391.009   734722.001
   745:   734905.003   735034.005   735259.009   735785.001   736562.003
   750:   737787.001   740637.003   742552.001   744760.003   745563.001
   755:   746651.003   746660.001   747523.003   748005.005   748010.009
   760:   748011.005   748299.009   748839.005   749168.009   751974.001
   765:   752068.003   752130.001   752693.003   753119.001   755537.003
   770:   755638.005   755785.009   755818.005   755860.009   755910.005
   775:   756257.009   756755.001   756843.003   756854.001   757002.003
   780:   757029.001   758128.003   758189.001   758965.003   759467.005
   785:   759503.009   759505.005   759508.009   764757.005   764768.009
   790:   764775.005   764793.009   765592.001   769018.003   779338.005
   795:   779365.009   779381.005   779400.009   782741.001   785906.003
   800:   787264.001   787542.003   787575.001   787794.003   787860.001
   805:   787880.003   787888.001   790637.003   794334.001   794618.003
   810:   794808.001   798596.003   799596.001   802955.003   805680.001
   815:   808714.003   829043.001   829243.003   829278.001   833278.018
   820:   833382.003   833388.016   833438.026   833559.005   833929.009
   825:   833938.005   834020.009   837612.005   837744.009   837760.005
   830:   837768.009   838393.001   841421.003   843841.001   845068.003
   835:   845076.001   847077.003   848512.001   852175.003   853439.001
   840:   854791.003   854795.001   856518.003   859918.005   859936.009
   845:   859941.005   860018.009   861019.001   864401.003   865633.001
   850:   868842.003   873582.001   876555.003   878217.005   878407.009
   855:   879119.001   881905.003   883413.001   885513.003   886154.005
   860:   886172.009   886176.005   886430.009   886921.001   889743.003
   865:   890864.005   891304.009   892221.001   892338.003   892382.001
   870:   892794.003   892832.001   894535.003   895054.005   895301.009
   875:   900592.005   900616.009   900625.005   900659.009   901462.001
   880:   901644.003   901653.001   904674.003   905553.005   905572.009
   885:   905573.005   905757.009   905768.005   905772.009   905793.005
   890:   905935.009   906411.001   909213.003   910095.005   910558.009
   895:   911166.001   914268.003   915586.001   916822.003   917287.005
   900:   917305.009   924213.005   924316.009   925919.001   926219.003
   905:   926733.005   926884.009   928221.001   928363.003   929533.001
   910:   932676.003   934158.005   934370.009   934418.005   934424.009
   915:   934458.005   934912.009   937033.001   937175.003   937472.005
   920:   937609.009   941375.005   941490.009   941537.005   941547.009
   925:   941553.005   941606.009   941615.005   941620.009   941636.005
   930:   941648.009   941970.005   941975.009   941977.005   941982.009
   935:   941989.005   942066.009   942853.001   944304.003   945546.001
   940:   948242.003   981906.001   985906.018   986090.003   986096.016
   945:   986146.026   986218.005   986692.009   986694.005   986720.009
   950:   986724.005   986785.009   991813.001   991900.003   991958.001
   955:   994431.003  1000440.001  1004220.003  1008791.005  1009016.009
   960:  1009032.005  1009090.009  1009741.001  1012892.003  1014163.001
   965:  1017880.003  1019244.001  1020885.003  1020930.001  1022998.003
   970:  1026504.005  1026537.009  1026574.005  1026666.009  1027350.001
   975:  1027444.003  1027489.001  1031336.003  1033814.001  1034395.003
   980:  1034424.001  1037227.003  1039292.001  1039721.003  1039782.001
   985:  1042036.003  1050714.001  1053698.003  1054865.001  1056414.003
   990:  1056482.001  1056585.003  1056681.001  1058240.003  1058983.005
   995:  1058992.009  1062992.002  1063434.004  1063450.002  1064478.004
  1000:  1067650.005  1067662.009  1067668.005  1067718.009  1068071.002
  1005:  1072051.004  1072060.002  1072744.004  1073736.005  1073740.009
  1010:  1073763.005  1073798.009  1073807.005  1073812.009  1074292.001
  1015:  1074484.003  1074663.001  1077292.003  1077309.001  1078330.003
  1020:  1079423.005  1079642.009  1081684.001  1083941.003  1084015.001
  1025:  1084921.003  1088891.005  1088966.009  1089952.001  1093451.003
  1030:  1094640.005  1094999.009  1099750.002  1099900.004  1099954.002
  1035:  1101670.005  1101757.009  1102045.004  1102103.002  1102685.004
  1040:  1103856.005  1103858.009  1103869.005  1103908.009  1103909.005
  1045:  1103916.009  1104213.001  1107950.003  1108800.005  1108815.009
  1050:  1116974.005  1117171.009  1118330.001  1119775.003  1119800.001
  1055:  1122179.003  1123618.001  1127548.003  1128667.005  1129223.009
  1060:  1129308.005  1129373.009  1129397.005  1129404.009  1129837.005
  1065:  1129982.009  1129992.005  1129997.009  1130028.005  1130037.009
  1070:  1130053.005  1130068.009  1130097.005  1130196.009  1130198.005
  1075:  1130212.009  1130227.005  1130999.009  1131012.005  1131017.009
  1080:  1131025.005  1131027.009  1131033.005  1131057.009  1138848.005
  1085:  1138928.009  1140795.001  1144795.018  1145596.003  1145602.016
  1090:  1145652.026  1145703.005  1146537.009  1146619.005  1147309.009
  1095:  1148999.005  1149012.009  1149033.005  1149846.009  1150886.005
  1100:  1150890.009  1150941.005  1150957.009  1151362.001  1151428.003
  1105:  1151525.001  1153895.003  1153903.001  1154102.003  1154125.001
  1110:  1154813.003  1158447.005  1158523.009  1158524.005  1158532.009
  1115:  1158598.005  1158603.009  1165705.001  1165922.003  1166090.001
  1120:  1168194.003  1168210.001  1169951.003  1171561.001  1171985.003
  1125:  1172035.001  1174859.003  1176063.005  1176290.009  1176293.005
  1130:  1176298.009  1187497.001  1189435.003  1189478.001  1190159.003
  1135:  1190998.005  1191206.009  1191227.005  1191291.009  1192354.001
  1140:  1196354.018  1196480.003  1196486.016  1196536.026  1196625.005
  1145:  1197058.009  1197082.005  1197094.009  1197137.005  1197153.009
  1150:  1202183.005  1202188.009  1203146.001  1206584.003  1207624.001
  1155:  1207750.003  1207778.001  1211161.003  1213050.001  1216494.003
  1160:  1216528.001  1216714.003  1218084.005  1218100.009  1218114.005
  1165:  1218243.009  1220167.001  1224102.003  1228528.001  1232214.003
  1170:  1235867.001  1238162.003  1238177.001  1239650.003  1241111.001
  1175:  1241159.003  1241264.001  1241859.003  1241882.001  1245382.003
  1180:  1245970.005  1245974.009  1245977.005  1245984.009  1245989.005
  1185:  1246096.009  1252761.001  1255875.003  1255914.001  1256153.003
  1190:  1257949.001  1258627.003  1258637.001  1261866.003  1263309.005
  1195:  1263577.009  1264237.001  1266043.003  1266060.001  1267210.003
  1200:  1267240.001  1267707.003  1267726.001  1267738.003  1268461.005
  1205:  1268589.009  1268597.005  1268604.009  1268617.005  1268623.009
  1210:  1268639.005  1268647.009  1268652.005  1268661.009  1269350.001
  1215:  1271553.003  1272673.001  1272783.003  1272941.001  1272990.003
  1220:  1273246.001  1277034.003  1287700.005  1287705.009  1290877.001
  1225:  1293951.003  1306032.005  1306046.009  1373215.001  1375768.003
  1230:  1378124.001  1378737.003  1378754.001  1381795.003  1382729.005
  1235:  1382868.009  1383912.001  1384594.003  1384630.001  1387622.003
  1240:  1387678.001  1388224.003  1392510.005  1392621.009  1393858.001
  1245:  1394383.003  1394402.001  1397297.003  1406326.001  1409411.003
  1250:  1410772.001  1414772.018  1415067.003  1415073.016  1415123.026
  1255:  1415229.005  1415872.009  1415873.005  1415955.009  1415978.005
  1260:  1415982.009  1415987.005  1415991.009  1415997.005  1416017.009
  1265:  1419762.001  1423052.003  1426829.005  1426984.009  1427840.001
  1270:  1430743.003  1430836.001  1432296.003  1432963.005  1433137.009
  1275:  1433157.005  1433165.009  1449166.001  1452561.003  1454029.005
  1280:  1454335.009  1454355.005  1454695.009  1455127.001  1459088.003
  1285:  1462167.005  1462331.009  1462336.005  1462339.009  1470645.005
  1290:  1470653.009  1470673.005  1470807.009  1471338.001  1471460.003
  1295:  1471569.001  1475154.003  1476626.001  1480219.003  1481356.005
  1300:  1481772.009  1481788.005  1481794.009  1486444.005  1486696.009
  1305:  1488092.001  1491914.003  1497146.005  1497272.009  1498631.001
  1310:  1498759.003  1498978.001
B:
     0:        0.000      305.000       13.000      304.000       13.000
     5:      326.000        0.000        0.000        0.000      326.000
    10:        0.000        1.000        0.000        0.000        0.000
    15:        0.000        8.000        0.000        8.000        0.000
    20:        0.000        0.000        0.000        0.000        0.000
    25:        0.000        8.000        0.000        0.000        0.000
    30:        0.000
D:
     0:  3998466.000  3997439.000  3997220.000
E:
     0:     4000.000     4000.000
T:
     0:        0.000        0.000        0.000        0.000
W:
     0:        2.000        0.000        0.000
