File: C:\MED-PC IV\Data\ALFE\AU020.999


Start Date: 02/06/24
End Date: 02/06/24
Subject: 20
Experiment: AU
Group: EXP40
Box: 6
Start Time: 13:27:03
End Time: 14:17:03
MSN: DRRD_general_exp
C:       0.000
F:       0.000
G:       0.000
H:       0.000
I:       0.000
J:       0.000
K:      57.000
L:       0.000
M:       0.000
N:       0.000
O:       0.000
P:       0.000
Q:       0.000
R:       0.000
S:       0.000
U:  603474.000
V:       0.000
X:       0.000
Y:     837.000
Z:       0.000
A:
     0:      360.002      671.004     3026.005     3109.009     4274.001
     5:     4414.003    11583.005    11604.009    11621.005    11653.009
    10:    11674.005    11704.009    11770.005    11863.009    11888.005
    15:    12268.009    12308.005    12613.009    12709.005    12742.009
    20:    12752.005    12876.009    14564.005    14771.009    15000.011
    25:    15985.005    16082.009    16153.005    16322.009    16671.002
    30:    16786.004    17574.005    17703.009    17987.005    18255.009
    35:    18390.005    18424.009    18439.005    18467.009    18645.005
    40:    18846.009    19668.005    19826.009    22128.005    22227.009
    45:    22230.005    22243.009    22381.005    22390.009    24958.005
    50:    24971.009    25239.005    25365.009    25716.005    25798.009
    55:    25888.005    26034.009    29259.005    29611.009    29744.005
    60:    29839.009    29865.005    30244.009    30295.005    30623.009
    65:    30960.005    31037.009    33206.005    33297.009    35073.001
    70:    35316.003    35410.001    35428.003    35517.001    35601.003
    75:    35975.001    36514.003    37008.005    37128.009    37588.001
    80:    37916.003    38571.001    38953.003    39057.005    39077.009
    85:    39083.005    39178.009    39260.005    39269.009    39374.005
    90:    39428.009    39600.005    39780.009    40249.001    40812.003
    95:    40885.005    40907.009    40916.005    40966.009    41440.001
   100:    41464.003    41807.005    41836.009    42008.005    42027.009
   105:    42473.001    43230.003    43593.001    43637.003    43679.001
   110:    43708.003    44464.001    45811.003    46307.001    46364.003
   115:    46519.005    46607.009    50155.005    50185.009    50350.005
   120:    50547.009    51209.005    51279.009    52445.001    52709.003
   125:    53071.001    53448.003    53601.005    53676.009    53728.005
   130:    53879.009    54445.001    55337.003    57336.005    57365.009
   135:    57368.005    57460.009    57472.005    57502.009    57839.002
   140:    57996.004    58282.001    58430.003    58480.001    58506.003
   145:    58597.001    58622.003    58718.001    58759.003    58850.001
   150:    58903.003    63498.005    63809.009    63935.005    64092.009
   155:    65081.001    65156.003    65282.001    65319.003    65665.005
   160:    65701.009    72577.005    72596.009    72602.005    72645.009
   165:    72732.005    73066.009    73384.005    73476.009    74897.005
   170:    75024.009    76849.005    76866.009    77627.001    78346.003
   175:    79393.001    79406.003    88849.005    88862.009    89070.005
   180:    89113.009    89121.005    89161.009    89175.005    89207.009
   185:    89881.001    89956.003    89979.001    89993.003    90093.001
   190:    90402.003    91434.005    91459.009    91580.005    91606.009
   195:    91619.005    91662.009    95218.005    95242.009    95291.005
   200:    95297.009    95310.005    95443.009   106026.005   106129.009
   205:   106175.005   106305.009   106996.001   107254.003   107299.001
   210:   107432.003   107468.001   107503.003   107615.005   107694.009
   215:   107709.005   107739.009   107804.005   107836.009   107902.005
   220:   108097.009   118746.005   118892.009   119639.005   119647.009
   225:   119896.005   119915.009   119926.005   120230.009   123860.005
   230:   124211.009   127910.005   128002.009   128051.005   128082.009
   235:   128580.005   128872.009   129146.005   129160.009   129548.005
   240:   129660.009   133147.005   133338.009   134432.005   134467.009
   245:   135982.005   136030.009   137830.002   138028.004   138189.005
   250:   138524.009   143721.005   143829.009   144081.001   144333.003
   255:   145161.005   145239.009   145346.005   145370.009   145387.005
   260:   145413.009   145677.001   145996.003   146083.001   146252.003
   265:   146323.001   146477.003   146767.005   146903.009   147377.001
   270:   147464.003   147602.001   147844.003   147896.001   147956.003
   275:   149263.005   149280.009   149555.005   149571.009   149582.005
   280:   150178.009   150183.005   150432.009   150602.005   151440.009
   285:   155738.001   155864.003   155924.001   155956.003   156020.001
   290:   156132.003   161966.005   162115.009   162716.005   162769.009
   295:   163480.001   163657.003   163690.001   163752.003   163803.001
   300:   164260.003   164605.005   164647.009   164796.005   164816.009
   305:   165646.001   165909.003   165969.001   166160.003   167004.005
   310:   167028.009   167281.001   167368.003   167462.001   168526.003
   315:   168863.005   168909.009   169031.005   169720.009   176354.005
   320:   176492.009   176611.005   176627.009   177977.005   178610.009
   325:   178685.005   178709.009   179065.005   179220.009   179265.005
   330:   179411.009   180233.002   180278.004   187803.005   187887.009
   335:   199106.005   199289.009   199361.005   199366.009   199375.005
   340:   199444.009   199571.005   199578.009   199891.005   200070.009
   345:   200467.005   200586.009   202188.001   202449.003   202811.005
   350:   202914.009   203314.005   203375.009   203426.005   203434.009
   355:   203705.005   203710.009   203721.005   204056.009   215375.005
   360:   215452.009   215468.005   215496.009   226421.005   226555.009
   365:   229343.005   229355.009   229376.005   229465.009   229472.005
   370:   229511.009   229529.005   229553.009   229576.005   229704.009
   375:   229773.005   229843.009   230281.005   230303.009   234751.005
   380:   234823.009   241852.002   241889.004   242034.002   242060.004
   385:   242147.002   242217.004   245497.005   245645.009   246740.001
   390:   247358.003   255152.005   255273.009   255340.005   255354.009
   395:   255365.005   255521.009   256354.001   256532.003   260654.005
   400:   260735.009   260887.005   260925.009   263267.005   263513.009
   405:   265516.005   265657.009   265739.005   265749.009   266552.001
   410:   266924.003   267053.001   267195.003   267619.005   267822.009
   415:   267848.005   267853.009   267898.005   268272.009   278414.005
   420:   278446.009   278487.005   278498.009   278516.005   278605.009
   425:   278878.001   279777.003   280233.005   280331.009   280651.001
   430:   281948.003   282664.001   282918.003   282936.001   283568.003
   435:   284462.005   284483.009   284563.005   284656.009   284660.005
   440:   284680.009   289718.005   289773.009   290267.005   290312.009
   445:   290899.001   291133.003   291935.001   292064.003   292085.001
   450:   292753.003   292854.001   292943.003   293061.001   293199.003
   455:   293720.001   294110.003   294801.002   295478.004   296907.005
   460:   297031.009   300399.001   300439.003   308884.001   309430.003
   465:   309627.005   309635.009   309724.005   309742.009   309768.005
   470:   309794.009   335404.005   335449.009   336538.001   336543.003
   475:   367908.005   368064.009   371152.005   371163.009   371382.005
   480:   371469.009   386049.005   386082.009   386155.005   386304.009
   485:   386336.005   386796.009   398429.005   398441.009   399582.005
   490:   399620.009   400158.001   400226.003   402344.005   402487.009
   495:   402543.005   402550.009   402563.005   402579.009   403547.005
   500:   403845.009   419795.001   419868.003   420321.005   420365.009
   505:   420404.005   420452.009   424009.002   424341.004   437643.005
   510:   437687.009   442020.005   442087.009   442258.005   442329.009
   515:   442447.005   442612.009   443429.002   443535.004   468290.005
   520:   468491.009   483283.002   483971.004   484086.002   484842.004
   525:   508528.002   508545.004   511673.005   511745.009   511793.005
   530:   511796.009   512194.005   512292.009   512383.005   512551.009
   535:   514674.005   514691.009   530575.005   530615.009   530661.005
   540:   530728.009   560367.002   560561.004   564478.005   564504.009
   545:   564595.005   564623.009   564748.005   564799.009   565132.005
   550:   565242.009   565675.005   565756.009   571508.002   572057.004
   555:   572344.005   572372.009   572390.005   572419.009   572726.005
   560:   572759.009   572766.005   572867.009   572934.005   573106.009
   565:   605424.005   605510.009   605885.005   605972.009   607509.005
   570:   607624.009   607653.005   607730.009   612627.005   612928.009
   575:   612995.005   613139.009   616248.005   616320.009   616427.005
   580:   616466.009   616489.005   616581.009   632509.005   632548.009
   585:   634544.005   634570.009   634717.005   634797.009   634803.005
   590:   634822.009   665306.005   665332.009   665353.005   665435.009
   595:   680183.005   680206.009   680335.005   680369.009   680930.001
   600:   681192.003   684487.005   684592.009   706389.005   706426.009
   605:   706705.005   706739.009   706791.005   706914.009   711777.002
   610:   712455.004   712675.002   712888.004   729418.005   729464.009
   615:   729566.005   729647.009   729855.005   729946.009   729976.005
   620:   729985.009   730257.005   730344.009   731944.005   732272.009
   625:   733151.005   733304.009   742287.005   742319.009   744318.001
   630:   745474.003   747343.001   747463.003   747861.001   748415.003
   635:   756622.005   756629.009   756742.005   756868.009   762344.005
   640:   762478.009   762556.005   762672.009   762759.005   762949.009
   645:   763166.005   763322.009   763693.005   764589.009   788466.002
   650:   788795.004   791975.005   792148.009   792210.005   792370.009
   655:   794259.005   794274.009   819690.005   819760.009   825801.005
   660:   825831.009   852982.005   853015.009   853030.005   853117.009
   665:   879018.005   879071.009   879337.005   879372.009   879688.005
   670:   879743.009   880281.005   880352.009   899902.005   899926.009
   675:   900017.005   900021.009   900063.005   900089.009   900769.001
   680:   901748.003   912529.005   912616.009   912729.005   912768.009
   685:   912779.005   912825.009   913753.001   913914.003   915835.005
   690:   915893.009   917391.002   917852.004   938573.005   938592.009
   695:   938608.005   938662.009   941476.001   941554.003   941641.001
   700:   941870.003   956194.002   956266.004   966896.005   966907.009
   705:   966947.005   966954.009   985551.005   985605.009  1013878.005
   710:  1013909.009  1034806.005  1034839.009  1034964.005  1034992.009
   715:  1088363.005  1088395.009  1088415.005  1088437.009  1088479.005
   720:  1088484.009  1089133.005  1089159.009  1089287.005  1089316.009
   725:  1089350.005  1089360.009  1089375.005  1089690.009  1089797.005
   730:  1090477.009  1090698.005  1091704.009  1092052.005  1092096.009
   735:  1092735.005  1092768.009  1092774.005  1092945.009  1094356.005
   740:  1094398.009  1094416.005  1094447.009  1095632.005  1096154.009
   745:  1097970.005  1098064.009  1128543.005  1128563.009  1128593.005
   750:  1128631.009  1128636.005  1128694.009  1131827.001  1131920.003
   755:  1144021.005  1144056.009  1144168.005  1144199.009  1144349.005
   760:  1144366.009  1144601.005  1144974.009  1145052.005  1145586.009
   765:  1146810.001  1147022.003  1147533.005  1147699.009  1147812.005
   770:  1147823.009  1147841.005  1148160.009  1213093.005  1213104.009
   775:  1213460.005  1213484.009  1219005.005  1219106.009  1219331.005
   780:  1219972.009  1271876.005  1271889.009  1272285.005  1272355.009
   785:  1272810.005  1272821.009  1272891.005  1272970.009  1274274.005
   790:  1274306.009  1275410.005  1275471.009  1275525.005  1275607.009
   795:  1280886.005  1281172.009  1281290.005  1281325.009  1281337.005
   800:  1281865.009  1282054.005  1282642.009  1293644.005  1293763.009
   805:  1296570.001  1296743.003  1297156.001  1297435.003  1297493.001
   810:  1298210.003  1298734.001  1298931.003  1303291.005  1303313.009
   815:  1304881.005  1305049.009  1305148.005  1305175.009  1305877.005
   820:  1306044.009  1404543.001  1404784.003  1418857.005  1418870.009
   825:  1418882.005  1419057.009  1419197.005  1419219.009  1419238.005
   830:  1419457.009  1489535.005  1489557.009  1493625.005  1493644.009
   835:  1493673.005  1493689.009
B:
     0:        0.000       84.000       21.000       84.000       21.000
     5:      313.000        0.000        0.000        0.000      313.000
    10:        0.000        1.000        0.000        0.000        0.000
    15:        0.000        0.000        0.000        0.000        0.000
    20:        0.000        0.000        0.000        0.000        0.000
    25:        0.000        0.000        0.000        0.000        0.000
    30:        0.000
D:
     0:  2008257.000  2008017.000  2008258.000
E:
     0:     2850.000     2850.000
T:
     0:        0.000        0.000        0.000        0.000
W:
     0:        0.000        0.000        0.000
