File: C:\MED-PC IV\Data\ALFE\AU020.999


Start Date: 02/10/24
End Date: 02/10/24
Subject: 20
Experiment: AU
Group: EXP40
Box: 6
Start Time: 13:27:29
End Time: 14:17:29
MSN: DRRD_general_exp
C:       0.000
F:       0.000
G:       0.000
H:       0.000
I:       0.000
J:       0.000
K:      57.000
L:       0.000
M:       0.000
N:       0.000
O:       0.000
P:       0.000
Q:       0.000
R:       0.000
S:       0.000
U:  519692.000
V:       0.000
X:       0.000
Y:     237.000
Z:       0.000
A:
     0:    11969.005    13124.009    13156.005    13742.009    13768.005
     5:    14127.009    14215.005    14650.009    14910.005    15000.011
    10:    15581.009    15600.005    15915.009    17558.005    17813.009
    15:    17841.005    18730.009    18733.005    19486.009    19555.005
    20:    19589.009    28394.005    28595.009    28874.005    29046.009
    25:    29087.005    29865.009    29879.005    30266.009    45903.002
    30:    45947.004    51673.005    51838.009    51928.005    52317.009
    35:    54593.001    54690.003    54993.001    55048.003    55537.005
    40:    55827.009    58433.005    58689.009    59915.005    60627.009
    45:    60670.005    60736.009    60784.005    61183.009    70570.005
    50:    70593.009    73944.005    74221.009    74302.005    74442.009
    55:    74463.005    74709.009    74836.005    74844.009    86741.001
    60:    88083.003    88451.001    88970.003    89003.001    89052.003
    65:    89386.001    89525.003    89744.001    89906.003    90036.001
    70:    90922.003    91034.001    91125.003    91170.001    91449.003
    75:    92749.005    93686.009    93691.005    93705.009    93875.005
    80:    93933.009    93940.005    93969.009   121484.005   121922.009
    85:   121933.005   122553.009   122671.005   122830.009   124288.001
    90:   124362.003   137596.005   137608.009   137621.005   137673.009
    95:   140685.001   140772.003   140793.001   141774.003   155389.005
   100:   155431.009   155962.005   155995.009   159576.001   160264.003
   105:   163373.001   163930.003   202741.005   202817.009   202888.005
   110:   203045.009   203056.005   203716.009   203722.005   203893.009
   115:   204028.005   204066.009   204097.005   204134.009   210313.002
   120:   210429.004   210645.002   210974.004   235942.005   235995.009
   125:   236125.005   236259.009   328498.005   328651.009   360963.005
   130:   361372.009   361824.005   361839.009   423732.005   423751.009
   135:   423778.005   423805.009   437120.002   437361.004   437551.002
   140:   438032.004   445991.005   446042.009   446154.005   446166.009
   145:   446192.005   446287.009   446579.005   446604.009   447104.005
   150:   448645.009   507252.005   507905.009   534292.005   534307.009
   155:   538600.005   538637.009   538664.005   538704.009   538710.005
   160:   538756.009   538807.005   538975.009   650917.005   650944.009
   165:   705200.001   705261.003   727575.005   727594.009   773464.001
   170:   773881.003   837787.005   837832.009   837852.005   837901.009
   175:   837967.005   838851.009   960987.005   960998.009   961012.005
   180:   961374.009   962037.005   962275.009   962288.005   962313.009
   185:   962349.005   962526.009   962717.005   962835.009   962901.005
   190:   963233.009  1008588.005  1008603.009  1011131.005  1011156.009
   195:  1011224.005  1011337.009  1011350.005  1011549.009  1027856.005
   200:  1027866.009  1027891.005  1028178.009  1160407.005  1160442.009
   205:  1160718.005  1161004.009  1161017.005  1161096.009  1161961.005
   210:  1162032.009  1162713.001  1163054.003  1163981.001  1164336.003
   215:  1166278.005  1166338.009  1217601.005  1217625.009  1218127.001
   220:  1218326.003  1240896.005  1241056.009  1241189.005  1241472.009
   225:  1241491.005  1241501.009  1241536.005  1241573.009  1241598.005
   230:  1241666.009  1371037.005  1371046.009  1443512.005  1443603.009
   235:  1489897.005  1489899.009
B:
     0:        0.000       20.000        5.000       20.000        5.000
     5:       93.000        0.000        0.000        0.000       93.000
    10:        0.000        1.000        0.000        0.000        0.000
    15:        0.000        0.000        0.000        0.000        0.000
    20:        0.000        0.000        0.000        0.000        0.000
    25:        0.000        0.000        0.000        0.000        0.000
    30:        0.000
D:
     0:  1738017.000  1737819.000  1738018.000
E:
     0:     2850.000     2850.000
T:
     0:        0.000        0.000        0.000        0.000
W:
     0:        0.000        0.000        0.000
