File: C:\MED-PC IV\Data\ALFE\AU024.999


Start Date: 02/06/24
End Date: 02/06/24
Subject: 24
Experiment: AU
Group: EXP40
Box: 4
Start Time: 14:39:48
End Time: 15:29:48
MSN: DRRD_general_exp
C:       0.000
F:       0.000
G:       0.000
H:       0.000
I:       0.000
J:       0.000
K:      57.000
L:       0.000
M:       0.000
N:       0.000
O:       0.000
P:       0.000
Q:       0.000
R:       0.000
S:       0.000
U: 2780471.000
V:       0.000
X:       0.000
Y:    1273.000
Z:       0.000
A:
     0:    11464.005    11494.009    11523.005    11544.009    11552.005
     5:    11674.009    11750.005    12024.009    15000.011    16348.001
    10:    16408.003    16511.005    16832.009    17087.001    17725.005
    15:    18023.009    19111.003    19137.005    19350.009    19874.001
    20:    21093.003    21319.001    22777.003    23174.005    23290.009
    25:    23331.005    23474.009    25707.005    25773.009    25801.005
    30:    25884.009    25926.005    26269.009    27305.001    28960.003
    35:    29091.001    29570.003    30546.005    30802.009    38205.005
    40:    38218.009    39590.001    42380.003    42599.001    42935.003
    45:    43017.005    43120.009    44043.001    46893.018    47394.003
    50:    47400.016    47450.026    47582.005    48681.009    48687.005
    55:    48694.009    48769.005    48821.009    48829.005    48841.009
    60:    49949.005    50020.009    51923.001    52985.003    53324.001
    65:    54815.003    55521.001    57508.003    57908.005    58087.009
    70:    58603.001    58813.003    58850.001    59613.003    59650.001
    75:    61604.003    61803.005    62131.009    62217.005    62318.009
    80:    63282.001    63489.003    63991.001    64139.003    64192.001
    85:    66288.003    67802.001    68526.003    68585.001    70411.003
    90:    71203.005    71388.009    74849.001    75717.003    76078.005
    95:    76206.009    76616.001    77322.003    77794.001    79322.003
   100:    79432.001    80126.003    80805.005    80997.009    81413.001
   105:    81675.003    82189.001    82329.003    82457.001    83668.003
   110:    84014.001    84454.003    84503.001    85915.003    86355.005
   115:    86743.009    88093.001    88869.003    88917.001    90077.003
   120:    90144.001    91706.003    93267.005    93360.009    99643.001
   125:    99741.003    99843.005    99967.009   100288.001   100610.003
   130:   101126.001   102408.003   102596.001   103178.003   103649.005
   135:   103737.009   103754.005   103774.009   105034.005   105460.009
   140:   106565.002   106610.004   106636.002   106975.004   108005.005
   145:   109136.009   120024.005   120031.009   120054.005   120093.009
   150:   120119.005   120705.009   123490.001   124285.003   124806.005
   155:   124850.009   125211.001   125328.003   125514.001   128364.018
   160:   128921.003   128927.016   128977.026   128995.001   129140.003
   165:   129166.005   130350.009   134844.005   134961.009   135419.001
   170:   135696.003   136176.001   138663.003   138730.001   138995.003
   175:   139069.005   139123.009   139497.001   140039.003   140538.001
   180:   140588.003   140628.001   143310.003   143433.001   144008.003
   185:   144764.005   144893.009   145689.001   146725.003   146802.001
   190:   149652.018   150056.003   150062.016   150112.026   150291.005
   195:   151208.009   153454.001   153736.003   154268.001   154456.003
   200:   154534.001   155335.003   155367.001   157216.003   157840.005
   205:   157921.009   158306.001   159882.003   159959.001   162130.003
   210:   162734.005   162836.009   163988.001   164592.003   164661.001
   215:   167015.003   167365.001   167822.003   168452.005   168838.009
   220:   175322.005   175754.009   175767.005   175808.009   176204.001
   225:   176777.003   177737.001   179553.003   179617.001   179949.003
   230:   180196.005   180362.009   180783.001   180960.003   181298.001
   235:   182385.003   182489.001   183011.003   183060.001   185041.003
   240:   185699.005   185832.009   186159.001   187362.003   187482.001
   245:   187540.003   187573.001   189689.003   189737.001   189794.003
   250:   189827.001   191019.003   191711.005   191840.009   192772.001
   255:   193269.003   193697.005   194427.009   194478.005   194507.009
   260:   194570.005   194579.009   201433.001   201550.003   201629.001
   265:   201699.005   201716.009   201825.003   201959.001   202124.003
   270:   202250.001   202420.003   202861.001   204637.003   204682.001
   275:   204695.003   204728.001   205873.003   207882.005   208065.009
   280:   208482.001   209496.003   209542.001   211373.003   212530.001
   285:   213648.003   214426.001   215424.003   215465.001   215481.003
   290:   215513.001   217163.003   217864.005   217891.009   218385.001
   295:   219505.003   219628.001   221957.003   222002.001   222634.003
   300:   223102.005   223213.009   223632.001   225594.003   225615.001
   305:   227200.003   228142.005   228323.009   230833.001   231155.003
   310:   231629.001   233537.003   233578.001   233922.003   234085.001
   315:   234223.003   234449.001   235911.003   236499.005   236542.009
   320:   237124.001   238616.003   238823.005   238869.009   245123.005
   325:   245268.009   246018.005   246040.009   246574.002   247153.004
   330:   253052.005   254390.009   255259.002   255584.004   255941.005
   335:   256044.009   256310.005   256663.009   257328.001   257594.003
   340:   257959.001   258735.003   258793.001   259773.003   259810.001
   345:   260495.003   261283.001   262143.003   262215.001   264124.003
   350:   264839.001   266678.003   266707.001   267406.003   267427.001
   355:   269099.003   269682.005   270279.009   277353.005   277390.009
   360:   277401.005   277462.009   277472.005   277485.009   277492.005
   365:   277693.009   278020.005   278269.009   278727.001   280576.003
   370:   280694.001   282220.003   282955.001   283509.003   283689.001
   375:   284366.003   284393.001   286199.003   287178.001   288409.003
   380:   288693.005   288911.009   290345.005   290393.009   290767.001
   385:   291783.003   291900.001   291962.003   292007.001   292082.003
   390:   292140.001   292305.003   292363.001   293066.003   293330.001
   395:   293999.003   294731.001   297175.003   297222.001   298893.003
   400:   300020.001   301934.003   301987.001   303131.003   304587.005
   405:   304664.009   305200.001   306760.003   306827.001   309677.018
   410:   309976.003   309982.016   310032.026   310176.005   310724.009
   415:   310746.005   311392.009   312345.005   312492.009   312604.005
   420:   312623.009   312648.005   312673.009   314437.001   315761.003
   425:   315796.001   316447.003   316581.001   318036.003   323555.001
   430:   324111.003   324213.001   324362.003   324454.005   324591.009
   435:   329461.005   329511.009   329923.001   330131.003   332205.001
   440:   332511.003   332542.001   332862.003   332976.001   333046.003
   445:   333078.001   333671.003   333699.001   334370.003   335666.005
   450:   335895.009   344498.001   344596.003   344693.005   344794.009
   455:   346106.001   346454.003   346939.005   347538.009   356054.005
   460:   356242.009   356477.001   357675.003   358458.001   359543.003
   465:   359590.001   361320.003   362087.005   362095.009   362337.001
   470:   363124.003   363324.001   364718.003   364752.001   366155.003
   475:   367463.001   368733.003   368976.001   369445.003   369506.001
   480:   370854.003   371618.005   371831.009   371927.005   372140.009
   485:   377212.001   378245.003   378361.001   378808.003   378944.001
   490:   378953.003   379034.001   380853.003   381531.005   381719.009
   495:   388314.002   389265.004   389365.005   389458.009   390383.001
   500:   390502.003   390557.001   392037.003   392097.001   394165.003
   505:   394196.001   394760.003   395671.001   396148.003   396367.001
   510:   396500.003   396546.001   396587.003   396620.001   399470.018
   515:   400057.003   400063.016   400113.026   400402.005   401059.009
   520:   403923.001   403971.003   404106.001   406789.003   407446.005
   525:   407533.009   407803.001   408660.003   409045.001   409051.003
   530:   409071.001   411024.003   411916.005   411945.009   411975.005
   535:   412146.009   412623.001   413866.003   413895.001   415874.003
   540:   416464.005   416606.009   419217.001   419786.003   420002.001
   545:   420210.003   420259.001   420484.003   421354.001   421981.003
   550:   422344.001   422473.003   423078.001   423138.003   423151.001
   555:   424280.003   425161.005   425237.009   425791.001   426472.003
   560:   426680.001   427810.003   427827.001   429606.003   430130.005
   565:   430301.009   436854.001   436942.003   438601.001   438857.003
   570:   438904.001   440751.003   441567.005   442030.009   448751.002
   575:   448795.004   449110.002   449564.004   450168.005   450350.009
   580:   450680.001   450989.003   451177.001   452367.003   452407.001
   585:   452661.003   452708.001   452968.003   452978.001   454172.003
   590:   458507.005   458836.009   458858.005   458934.009   465851.005
   595:   465891.009   465944.005   465975.009   466015.005   466020.009
   600:   466089.005   466345.009   467018.001   468093.003   468148.001
   605:   470435.003   471369.001   472497.003   472576.001   474353.003
   610:   475287.001   476904.003   476944.001   478884.003   479867.001
   615:   481187.003   481242.001   482805.003   483511.005   483521.009
   620:   483566.005   483579.009   484076.001   485225.003   485347.001
   625:   485761.003   485801.001   485935.003   485952.001   487072.003
   630:   488011.001   488723.003   490314.001   490374.003   490467.001
   635:   490908.003   491542.001   492015.003   492724.005   492742.009
   640:   492748.005   492853.009   503416.001   503779.003   503851.001
   645:   505565.003   505605.001   505678.003   505709.001   506030.003
   650:   506231.001   506827.003   507749.005   507776.009   507793.005
   655:   507814.009   508097.001   509099.003   509149.001   509729.003
   660:   509763.001   511708.003   512795.005   512817.009   513355.001
   665:   514307.003   514404.005   514440.009   514464.005   514496.009
   670:   530069.005   530374.009   531016.001   532102.003   532207.001
   675:   532648.003   533055.001   533627.003   534481.001   535320.003
   680:   535387.001   536923.003   536960.001   537869.003   540740.001
   685:   541579.003   541944.001   542940.003   542965.001   543248.003
   690:   543475.001   544027.003   544617.005   544666.009   545136.001
   695:   546465.003   546515.001   546732.003   546756.001   547918.003
   700:   547935.001   549557.003   550379.005   550392.009   550419.005
   705:   550523.009   555211.005   555241.009   555249.005   555276.009
   710:   555285.005   555749.009   557238.001   557882.003   558155.001
   715:   559301.003   560158.001   560634.003   561489.001   562633.003
   720:   563165.005   563269.009   563507.005   563564.009   563741.005
   725:   564039.009   569194.002   569561.004   570652.005   570709.009
   730:   570728.005   570991.009   572558.001   573062.003   573098.001
   735:   573272.003   573371.001   573610.003   574226.001   574729.003
   740:   575612.001   576193.003   576256.001   576278.003   576330.005
   745:   576828.009   576842.005   577468.009   579068.001   579170.003
   750:   579241.001   581563.003   582188.005   582233.009   582254.005
   755:   582345.009   584658.001   585980.003   586028.001   586072.003
   760:   586150.001   586212.003   586341.005   586536.009   587066.001
   765:   589417.003   589706.005   590215.009   591790.001   592122.003
   770:   592838.001   593843.003   593874.001   594048.003   594429.001
   775:   594763.003   595307.005   595351.009   603055.005   603403.009
   780:   604396.001   606017.003   606807.001   607381.003   607962.001
   785:   608466.003   608667.001   610400.003   611368.001   612957.003
   790:   613121.001   613929.003   614700.001   615935.003   616536.001
   795:   617187.003   618181.005   618560.009   638142.001   638974.003
   800:   639558.005   639931.009   655367.005   655399.009   655455.005
   805:   655876.009   656482.001   657703.003   658491.001   659006.003
   810:   660240.001   661226.003   661670.001   661740.003   661817.001
   815:   662045.003   662076.001   662123.003   662408.001   663017.003
   820:   663639.005   663653.009   663676.005   663718.009   663726.005
   825:   663906.009   664255.001   666797.003   668554.001   669955.003
   830:   669992.001   670134.003   670393.001   671009.003   671770.005
   835:   672056.009   675972.005   675981.009   678023.001   679827.003
   840:   679861.001   680695.003   680850.001   681416.003   682411.001
   845:   683300.003   683359.001   683534.003   684832.001   685096.003
   850:   685127.001   686030.003   687748.001   688671.003   689579.001
   855:   690073.003   691018.005   691079.009   691708.001   692344.003
   860:   709451.001   710649.003   711058.001   711244.003   711299.001
   865:   712087.003   712122.001   712872.003   713789.001   714315.003
   870:   714579.001   714797.003   714863.001   714969.003   716227.001
   875:   716432.003   716463.001   717766.003   719130.001   721889.003
   880:   722534.005   722745.009   733142.005   734025.009   734306.005
   885:   735208.009   759720.002   760216.004   760599.005   761193.009
   890:   764832.005   764931.009   765334.005   767399.009   769012.005
   895:   769106.009   794901.001   796050.003   796374.001   796702.003
   900:   797299.001   797849.003   798451.005   799222.009   815411.001
   905:   815982.003   816363.001   816508.003   816537.001   817693.003
   910:   817781.001   818222.003   818727.005   819040.009   819467.001
   915:   820210.003   820275.001   820350.003   820884.001   821046.003
   920:   821128.001   821222.003   821255.001   823154.003   823835.005
   925:   823856.009   901486.001   902413.003   903146.001   903397.003
   930:   903439.001   903818.003   904624.001   904760.003   904788.001
   935:   906420.003   907018.005   907043.009   907065.005   907086.009
   940:   907138.005   907384.009   922001.002   922041.004   922422.001
   945:   923594.003   923768.001   923959.003   924000.001   924468.003
   950:   925815.001   926717.003   926801.001   927335.003   927992.005
   955:   928311.009   935738.005   935752.009   935776.005   935811.009
   960:   935978.005   936419.009   937137.001   938472.003   938542.001
   965:   939358.003   940826.001   941525.003   941558.001   942065.003
   970:   942524.005   942634.009   966055.001   967321.003   967413.001
   975:   967919.003   968140.001   968209.003   969151.001   969602.003
   980:   969638.001   969934.003   969977.001   970667.003   971309.005
   985:   971532.009   971802.001   972105.003   972487.001   972607.003
   990:   972671.001   974963.003   976061.001   977605.003   977633.001
   995:   978658.003   979363.005   979479.009  1003929.005  1003981.009
  1000:  1004082.005  1004455.009  1022429.001  1023567.003  1023807.001
  1005:  1024389.003  1024455.001  1025545.003  1025721.001  1025909.003
  1010:  1025929.001  1026787.003  1028758.001  1028931.003  1028965.001
  1015:  1031403.003  1032068.005  1032345.009  1054262.002  1054905.004
  1020:  1055713.005  1056046.009  1056052.005  1056108.009  1056195.005
  1025:  1056657.009  1082019.001  1083046.003  1091235.001  1091498.003
  1030:  1092054.001  1092493.003  1092567.001  1093066.003  1093223.001
  1035:  1094583.003  1095342.005  1095359.009  1095664.001  1098514.018
  1040:  1099282.003  1099288.016  1099338.026  1099570.005  1100045.009
  1045:  1101019.005  1101369.009  1105316.005  1105439.009  1105459.005
  1050:  1105473.009  1105505.005  1105959.009  1110695.001  1111698.003
  1055:  1111873.005  1111907.009  1112493.001  1112840.003  1112915.001
  1060:  1113623.003  1113657.001  1114934.003  1115326.005  1115371.009
  1065:  1115575.001  1115951.003  1116082.001  1116392.003  1116434.001
  1070:  1116502.003  1116536.001  1118240.003  1118972.005  1118983.009
  1075:  1119309.001  1121497.003  1121531.001  1123141.003  1123837.005
  1080:  1123859.009  1123882.005  1123907.009  1124141.001  1125267.003
  1085:  1130599.005  1131604.009  1133759.001  1133827.003  1133900.001
  1090:  1134250.003  1134581.005  1134658.009  1135223.001  1136177.003
  1095:  1136989.001  1137026.003  1137070.001  1137447.003  1138035.005
  1100:  1138208.009  1138609.001  1140526.003  1141492.001  1142141.003
  1105:  1142722.005  1142927.009  1150344.005  1150363.009  1194529.002
  1110:  1194905.004  1197076.001  1197787.003  1197936.001  1198269.003
  1115:  1198573.001  1198729.003  1198840.001  1200142.003  1200694.005
  1120:  1200830.009  1201311.001  1203436.003  1203494.001  1203556.003
  1125:  1204489.001  1204544.003  1204576.001  1205702.003  1206344.005
  1130:  1206766.009  1215741.002  1217957.004  1227436.002  1227565.004
  1135:  1229001.005  1229019.009  1229029.005  1229229.009  1229727.001
  1140:  1230452.003  1230532.005  1230685.009  1231598.001  1232503.003
  1145:  1232688.001  1232854.003  1232881.001  1234127.003  1235224.001
  1150:  1235754.003  1235782.001  1236538.003  1237096.001  1238910.003
  1155:  1238930.001  1240209.003  1240878.005  1241246.009  1250257.005
  1160:  1250369.009  1250596.001  1251927.003  1252288.001  1254246.003
  1165:  1254870.005  1255032.009  1255684.001  1257149.003  1257959.001
  1170:  1258546.003  1259028.005  1259525.009  1259751.005  1259753.009
  1175:  1349800.005  1349824.009  1390939.002  1391107.004  1392163.002
  1180:  1392557.004  1392815.002  1392825.004  1393869.005  1394399.009
  1185:  1394405.005  1394417.009  1394840.005  1394984.009  1396093.001
  1190:  1396563.003  1396625.005  1397134.009  1397791.001  1398760.003
  1195:  1399128.005  1399300.009  1399343.005  1399501.009  1417920.001
  1200:  1418147.003  1419461.001  1419906.003  1420283.001  1421321.003
  1205:  1421354.001  1422985.003  1423609.005  1423815.009  1424415.001
  1210:  1425835.003  1425900.001  1426254.003  1426280.001  1426769.003
  1215:  1426802.001  1426964.003  1426996.001  1427116.003  1427147.001
  1220:  1427964.003  1428809.005  1428969.009  1429387.001  1430181.003
  1225:  1430307.001  1430584.003  1430623.001  1431996.003  1432018.001
  1230:  1432737.003  1433316.005  1433526.009  1433931.001  1435073.003
  1235:  1435130.001  1436807.003  1436837.001  1438042.003  1438849.005
  1240:  1439070.009  1474016.001  1474580.003  1474747.001  1475264.003
  1245:  1475600.001  1475661.003  1475739.001  1477600.003  1478365.005
  1250:  1478478.009  1482902.005  1482909.009  1483328.005  1483390.009
  1255:  1485197.001  1485291.003  1485590.001  1485813.003  1486761.001
  1260:  1487468.003  1488273.001  1488626.003  1489475.001  1489845.003
  1265:  1490105.001  1492807.003  1492834.001  1493820.003  1496341.001
  1270:  1497243.003  1498961.005  1499497.009
B:
     0:        0.000      399.000       17.000      399.000       17.000
     5:      211.000        0.000        0.000        0.000      211.000
    10:        0.000        1.000        0.000        0.000        0.000
    15:        0.000        6.000        0.000        6.000        0.000
    20:        0.000        0.000        0.000        0.000        0.000
    25:        0.000        6.000        0.000        0.000        0.000
    30:        0.000
D:
     0:  4277713.000  4276812.000  4277714.000
E:
     0:     2850.000     2850.000
T:
     0:        0.000        0.000        0.000        0.000
W:
     0:        0.000        0.000        0.000
