File: C:\MED-PC IV\Data\ALFE\AU026.999


Start Date: 02/07/24
End Date: 02/07/24
Subject: 26
Experiment: AU
Group: EXP40
Box: 6
Start Time: 14:49:19
End Time: 15:39:18
MSN: DRRD_general_exp
C:       0.000
F:       0.000
G:       0.000
H:       0.000
I:       0.000
J:       0.000
K:      57.000
L:       0.000
M:       0.000
N:       0.000
O:       0.000
P:       0.000
Q:       0.000
R:       0.000
S:       0.000
U: 2514898.000
V:       0.000
X:       0.000
Y:     159.000
Z:       0.000
A:
     0:    15000.011    19253.005    20257.009    32848.005    32974.009
     5:    33022.005    33052.009    33068.005    33089.009    33173.005
    10:    33174.009    36888.005    36918.009    36935.005    37036.009
    15:    40261.001    41038.003    41757.005    41770.009    41861.005
    20:    41923.009   123705.005   123711.009   124656.005   125359.009
    25:   135941.001   136905.003   140515.005   141477.009   141507.005
    30:   141674.009   142124.005   142145.009   142174.005   142205.009
    35:   142217.005   142283.009   142291.005   142301.009   142314.005
    40:   142360.009   142396.005   142400.009   142582.005   142628.009
    45:   142843.005   142859.009   142900.005   143705.009   143800.005
    50:   143931.009   156898.005   157005.009   171755.005   171777.009
    55:   172001.005   172595.009   172650.005   172686.009   172711.005
    60:   172748.009   254122.005   254242.009   274971.005   274995.009
    65:   275056.005   275165.009   308321.005   308808.009   308898.005
    70:   309499.009   309609.005   309635.009   309640.005   309652.009
    75:   313361.001   313935.003   314309.001   314343.003   314403.001
    80:   314708.003   314753.001   314889.003   480595.005   480624.009
    85:   480672.005   481491.009   481824.005   481835.009   481978.005
    90:   482965.009   484261.005   484976.009   487056.005   487933.009
    95:   596629.005   596650.009   613590.005   613635.009   619179.005
   100:   619223.009   619280.005   619578.009   625273.001   625932.003
   105:   626017.001   626538.003   626593.001   626639.003   626879.005
   110:   626905.009   665767.001   667542.003   681304.005   681330.009
   115:   681357.005   686453.009   734040.001   736577.003  1040638.005
   120:  1040684.009  1040833.005  1040851.009  1041140.005  1042071.009
   125:  1078377.005  1078413.009  1085779.005  1085788.009  1085839.005
   130:  1086518.009  1087756.005  1087768.009  1344904.001  1345390.003
   135:  1345838.001  1346286.003  1346551.001  1346646.003  1347368.005
   140:  1347379.009  1348078.005  1348200.009  1348383.005  1349127.009
   145:  1350526.005  1350536.009  1350559.005  1351031.009  1352087.005
   150:  1352100.009  1352155.005  1352164.009  1352221.005  1352722.009
   155:  1353239.005  1353271.009  1493822.005  1494011.009
B:
     0:        0.000       14.000        0.000       14.000        0.000
     5:       65.000        0.000        0.000        0.000       65.000
    10:        0.000        1.000        0.000        0.000        0.000
    15:        0.000        0.000        0.000        0.000        0.000
    20:        0.000        0.000        0.000        0.000        0.000
    25:        0.000        0.000        0.000        0.000        0.000
    30:        0.000
D:
     0:  3861543.000  3861449.000  3861544.000
E:
     0:     2850.000     2850.000
T:
     0:        0.000        0.000        0.000        0.000
W:
     0:        0.000        0.000        0.000
