File: C:\MED-PC IV\Data\ALFE\AU025.999


Start Date: 02/01/24
End Date: 02/01/24
Subject: 25
Experiment: AU
Group: LINEAR
Box: 5
Start Time: 14:21:32
End Time: 15:11:31
MSN: DRRD_500ms
C:       0.000
F:       0.000
G:       0.000
H:       0.000
I:       0.000
J:       0.000
K:      55.000
L:       0.000
M:       0.000
N:       0.000
O:       0.000
P:       0.000
Q:       0.000
R:       0.000
S:       0.000
U: 2156085.000
V:       0.000
X:       0.000
Y:    1782.000
Z:       0.000
A:
     0:     5473.001     8710.003     9127.001     9156.003     9191.001
     5:     9208.003     9630.001    11995.003    12731.001    12749.003
    10:    12768.001    15000.011    15681.003    16057.005    16080.009
    15:    16094.005    16126.009    16703.001    17529.003    17553.001
    20:    17596.003    18915.001    19533.003    21086.005    21110.009
    25:    23117.005    23170.009    23183.005    23219.009    23430.005
    30:    23454.009    23506.005    23666.009    30213.001    30266.003
    35:    30363.001    30521.003    30545.001    31650.003    31758.001
    40:    32187.003    32592.001    33606.003    33666.001    33699.003
    45:    33724.001    34023.003    34080.001    34833.003    35418.005
    50:    35560.009    36092.001    37342.003    37753.005    37855.009
    55:    37919.005    37927.009    37929.005    38307.009    49677.002
    60:    50035.004    50549.001    50644.003    50704.001    51335.003
    65:    52028.001    52193.003    52254.001    52294.003    52316.001
    70:    55066.018    55242.003    55248.016    55298.026    55384.005
    75:    56031.009    56039.005    56061.009    56113.005    56123.009
    80:    56154.005    56228.009    56230.005    56334.009    56359.005
    85:    56374.009    58616.001    58743.003    58789.001    60736.003
    90:    61477.001    64227.018    64376.003    64382.016    64432.026
    95:    64502.005    65102.009    65176.005    65213.009    65241.005
   100:    65270.009    68109.001    70629.003    71471.001    71521.003
   105:    71530.001    74244.003    75208.001    76980.003    77020.001
   110:    77684.003    78685.001    80816.003    80849.001    81656.003
   115:    82511.001    85261.018    85982.003    85988.016    86038.026
   120:    86143.005    86452.009    86463.005    86524.009    86611.005
   125:    86649.009    88393.001    88569.003    88623.001    88713.003
   130:    88740.001    91227.003    92208.001    92256.003    92297.001
   135:    94779.003    95271.005    95283.009    96382.001    97091.003
   140:    97116.001    98082.003    98106.001    98179.003    98230.001
   145:    98699.003    98737.001    99259.003    99968.001   102718.018
   150:   103056.003   103062.016   103112.026   103153.005   103570.009
   155:   103607.005   103708.009   106348.001   106429.003   106467.001
   160:   108022.003   108061.001   108622.003   109104.001   111710.003
   165:   112181.005   112256.009   113579.001   113650.003   113680.001
   170:   115286.003   115308.001   116176.003   117253.005   117285.009
   175:   117724.001   120474.018   120988.003   120994.016   121044.026
   180:   121163.005   121757.009   122935.001   125179.003   125782.001
   185:   127466.003   127510.001   128782.003   128803.001   128998.003
   190:   129544.005   129569.009   130122.001   132872.018   133646.003
   195:   133652.016   133702.026   133793.005   134276.009   134296.005
   200:   134329.009   137101.001   139144.003   139201.001   139855.003
   205:   139913.001   140080.003   140741.001   140785.003   140912.001
   210:   143510.003   143790.005   144094.009   145492.001   145691.003
   215:   145711.001   148427.003   149635.001   152063.003   153338.001
   220:   153393.003   153421.001   153464.003   153477.001   155094.003
   225:   155107.001   155191.003   155227.001   156622.003   157251.001
   230:   157586.003   157614.001   160364.018   160505.003   160511.016
   235:   160561.026   160607.005   161329.009   161361.005   161410.009
   240:   163634.001   166085.003   167140.001   167416.003   167434.001
   245:   169717.003   170112.001   170349.003   170860.001   171725.003
   250:   171818.005   172094.009   172608.001   172697.003   172719.001
   255:   173942.003   173959.001   175404.003   176635.001   178494.003
   260:   180155.001   180520.003   180552.001   182911.003   183396.005
   265:   183405.009   183872.001   186413.003   187410.005   187492.009
   270:   188689.001   188729.003   188790.001   190801.003   191548.001
   275:   191621.003   192578.001   192860.003   192928.001   194728.003
   280:   195430.001   197530.003   198290.001   198579.003   198694.001
   285:   198834.003   200130.001   200302.003   200336.001   202437.003
   290:   204401.001   204689.003   212550.001   212719.003   221142.001
   295:   223605.003   223698.005   224019.009   224348.001   226614.003
   300:   227086.005   227098.009   227937.001   230336.003   231831.001
   305:   233005.003   233652.001   233689.003   233710.001   235813.003
   310:   236265.001   238482.003   239794.001   242430.003   250195.001
   315:   250603.003   251542.001   253585.003   271202.001   271418.003
   320:   272072.001   274387.003   275089.001   275682.003   275703.001
   325:   277538.003   277938.005   277946.009   277952.005   278061.009
   330:   278607.001   278655.003   278805.001   279279.003   287292.001
   335:   287320.003   287398.001   289911.003   291279.001   293631.003
   340:   294193.001   294235.003   294252.001   296022.003   296532.001
   345:   297749.003   298019.005   298070.009   298121.005   298183.009
   350:   298295.005   298643.009   298681.005   298698.009   298733.005
   355:   298994.009   299892.001   299965.003   300203.001   300526.003
   360:   307253.001   308177.003   308259.001   309344.003   309779.005
   365:   309917.009   313570.005   313616.009   313796.005   313978.009
   370:   315749.001   316018.003   316065.001   316280.003   316378.001
   375:   316550.003   316570.001   316770.003   321047.005   321121.009
   380:   321154.005   321171.009   321969.001   324094.003   325312.001
   385:   328062.018   328079.003   328085.016   328135.026   328177.005
   390:   329082.009   329380.005   329507.009   329515.005   329576.009
   395:   329765.005   329775.009   329915.005   330120.009   330230.005
   400:   330434.009   331207.005   332484.009   332575.005   332639.009
   405:   333328.005   333606.009   333972.005   334015.009   334041.005
   410:   334074.009   334326.005   334354.009   334370.005   334397.009
   415:   334454.005   334486.009   335676.001   335748.003   335771.001
   420:   337551.003   337589.001   337920.003   339009.001   340174.003
   425:   340256.001   341334.003   342742.001   345492.018   345838.003
   430:   345844.016   345894.026   345904.005   346731.009   346732.005
   435:   346812.009   347037.005   347061.009   347070.005   347310.009
   440:   347315.005   347338.009   347361.005   347535.009   347562.005
   445:   347682.009   347705.005   347728.009   347750.005   347928.009
   450:   348323.005   348506.009   349496.001   351475.003   351527.001
   455:   352341.003   352573.005   352668.009   353375.001   356125.018
   460:   356218.003   356224.016   356274.026   356397.005   356758.009
   465:   359630.001   361807.003   361840.001   361897.003   361921.001
   470:   362348.003   363336.001   363505.003   363530.001   366035.003
   475:   366062.001   366338.003   367123.005   367170.009   368844.001
   480:   368932.003   369024.001   369194.003   369399.001   369745.003
   485:   369766.001   370598.003   383552.001   383653.003   383940.001
   490:   384592.003   385504.001   387275.003   387768.001   387805.003
   495:   387831.001   390022.003   395766.001   395914.003   395938.001
   500:   398044.003   398365.005   398454.009   398607.005   398682.009
   505:   399561.001   399853.003   399899.001   402642.003   402730.005
   510:   402755.009   402826.005   402839.009   402944.005   403165.009
   515:   403207.005   403219.009   414226.001   416976.018   417145.003
   520:   417151.016   417201.026   417269.005   418022.009   418099.005
   525:   418109.009   419499.001   419988.003   420011.001   422671.003
   530:   423426.001   423456.003   423496.001   425904.003   427025.001
   535:   429222.003   430109.005   430144.009   430222.005   430266.009
   540:   431029.001   433779.018   434067.003   434073.016   434123.026
   545:   434215.005   434768.009   435950.001   438247.003   438760.005
   550:   438776.009   440699.001   442968.003   443438.005   443479.009
   555:   443514.005   443561.009   443658.005   443750.009   443785.005
   560:   443799.009   443821.005   443831.009   444112.005   444175.009
   565:   444178.005   444193.009   444280.005   444406.009   444434.005
   570:   444622.009   445259.001   447941.003   448669.001   451010.003
   575:   451753.001   452480.003   452501.001   453400.003   454578.001
   580:   454688.003   454711.001   457180.003   457428.005   457462.009
   585:   457518.005   457559.009   458709.001   460743.003   461576.001
   590:   464095.003   464394.005   464419.009   464459.005   464555.009
   595:   464841.001   466783.003   466836.001   467553.003   468846.001
   600:   469695.003   469704.001   470369.003   471167.001   471759.003
   605:   471870.001   473171.003   473812.001   475839.003   476413.005
   610:   476446.009   476578.005   476727.009   476741.005   476800.009
   615:   476919.005   476977.009   477441.001   478312.003   487188.001
   620:   489938.018   490044.003   490050.016   490100.026   490163.005
   625:   490898.009   497847.001   500597.018   501689.003   501695.016
   630:   501745.026   501798.005   502243.009   503915.001   506096.003
   635:   507816.001   508067.003   514678.001   514755.003   514780.001
   640:   515598.003   515679.001   516117.003   516168.001   517367.003
   645:   518305.001   520394.003   521217.001   523330.003   523372.001
   650:   523856.003   525026.001   525515.003   525651.001   526184.003
   655:   526210.001   528396.003   528842.005   528928.009   529425.001
   660:   531544.003   532058.005   532077.009   532103.005   532134.009
   665:   532319.005   532361.009   532398.005   532486.009   532515.005
   670:   532537.009   532623.005   532651.009   542846.001   544791.003
   675:   545721.001   547937.003   548760.001   551161.003   552086.001
   680:   553363.003   553386.001   553537.003   553557.001   554542.003
   685:   554675.005   554734.009   556034.001   557818.003   557959.001
   690:   557989.003   558265.005   558292.009   558316.005   558343.009
   695:   558420.005   558454.009   558593.005   558610.009   558677.005
   700:   558753.009   558757.005   558960.009   559794.001   561950.003
   705:   566558.005   566575.009   566656.005   566910.009   572204.001
   710:   572290.003   572343.001   572549.003   572594.001   574540.003
   715:   574998.005   575006.009   575018.005   575061.009   575256.005
   720:   575429.009   575663.001   577724.003   578699.005   579168.009
   725:   580171.005   580190.009   597970.005   597991.009   598551.001
   730:   600760.003   601282.005   601320.009   602116.001   602946.003
   735:   606679.002   607755.004   618805.001   618856.003   618998.001
   740:   621018.003   621062.001   621497.003   621981.005   622103.009
   745:   622458.001   624992.003   625476.005   625505.009   625835.001
   750:   628585.018   628619.003   628625.016   628675.026   628772.005
   755:   629517.009   631426.001   634176.018   634232.003   634238.016
   760:   634288.026   634323.005   634785.009   637608.001   638161.003
   765:   638192.001   639788.003   640239.005   640282.009   641280.001
   770:   643555.003   643945.005   643979.009   644003.005   644241.009
   775:   644354.005   644573.009   644777.005   644786.009   645204.005
   780:   645226.009   646090.001   647058.003   647082.001   648810.003
   785:   649859.001   651620.003   652181.005   652205.009   652640.001
   790:   655290.003   656063.001   658786.003   659083.005   659250.009
   795:   660596.001   663346.018   663436.003   663442.016   663492.026
   800:   663633.005   664156.009   664264.005   664318.009   669201.001
   805:   671763.003   672100.005   672102.009   672128.005   672263.009
   810:   672296.005   672462.009   672974.001   673164.003   673197.001
   815:   675914.003   677311.001   677740.003   677773.001   680523.018
   820:   680903.003   680909.016   680959.026   681043.005   681406.009
   825:   683307.001   683561.003   683595.001   683672.003   683746.001
   830:   683782.003   683826.001   683927.003   684245.001   684388.003
   835:   684425.001   685010.003   685647.001   685660.003   686939.001
   840:   687043.003   687052.001   688139.003   688166.001   689672.003
   845:   690157.005   690258.009   690284.005   690488.009   690835.001
   850:   690883.003   690904.001   693654.018   693918.003   693924.016
   855:   693974.026   694053.005   694847.009   695141.005   695165.009
   860:   696584.005   696617.009   698388.001   700179.003   700690.001
   865:   703095.003   703853.001   705961.003   706005.001   706432.003
   870:   707356.001   707712.003   707729.001   708230.003   708281.001
   875:   709133.003   709816.001   712508.003   712781.005   712802.009
   880:   713384.001   715305.003   715620.005   715640.009   715693.005
   885:   715829.009   715873.005   715992.009   716435.005   716447.009
   890:   716497.005   716530.009   716566.005   716569.009   717096.001
   895:   717201.003   717477.001   718237.003   718557.001   718961.003
   900:   722987.002   723534.004   724687.001   727057.003   727612.001
   905:   729643.003   739829.001   741054.003   741102.001   741714.003
   910:   742770.001   742791.003   742813.001   744971.003   745085.005
   915:   745096.009   745133.005   745147.009   745219.005   745249.009
   920:   745335.005   745338.009   746502.001   746617.003   746635.001
   925:   746860.003   746931.001   747513.003   747538.001   748583.003
   930:   748964.005   749031.009   754285.001   755972.003   756030.001
   935:   756452.003   757088.005   757162.009   757216.005   757270.009
   940:   758600.001   760472.003   760487.001   761346.003   761721.005
   945:   761899.009   767025.001   767052.003   767138.001   769344.003
   950:   770700.001   772915.003   773127.005   773475.009   781718.001
   955:   781929.003   781982.001   783559.003   784390.001   786533.003
   960:   787189.001   789229.003   789509.005   789609.009   789909.005
   965:   789949.009   790363.001   792506.003   792945.005   793012.009
   970:   794125.001   796137.003   796556.005   796613.009   796881.001
   975:   797059.003   797081.001   799473.003   800067.001   802149.003
   980:   802414.005   802978.009   803797.005   803816.009   803922.005
   985:   803945.009   804640.001   805871.003   805890.001   807028.003
   990:   807109.001   807125.003   807230.005   807263.009   807388.005
   995:   807401.009   807465.005   807571.009   839474.001   841375.003
  1000:   860830.001   861222.003   861252.001   864002.018   864469.003
  1005:   864475.016   864525.026   864589.005   865023.009   865035.005
  1010:   865048.009   865078.005   865186.009   865277.005   865472.009
  1015:   867000.001   867196.003   867239.001   869985.003   870797.001
  1020:   873547.018   875490.003   875496.016   875546.026   875647.005
  1025:   876171.009   876282.005   876389.009   879149.001   880555.003
  1030:   880614.001   880784.003   881383.001   884045.003   885125.001
  1035:   887875.018   888290.003   888296.016   888346.026   888510.005
  1040:   889159.009   889316.005   889333.009   895588.001   895625.003
  1045:   895638.001   897835.003   898093.005   898131.009   898674.001
  1050:   901424.018   902805.003   902811.016   902861.026   902944.005
  1055:   903505.009   903914.005   903934.009   903939.005   903993.009
  1060:   905299.001   907735.003   909050.001   911800.018   912004.003
  1065:   912010.016   912060.026   912155.005   912586.009   912616.005
  1070:   912663.009   922333.001   924867.003   925345.005   925416.009
  1075:   925857.001   928607.018   928700.003   928706.016   928756.026
  1080:   928863.005   929249.009   929260.005   929402.009   929652.005
  1085:   929701.009   930570.001   930983.003   931026.001   933470.003
  1090:   934189.001   934267.003   934349.001   936510.003   936562.001
  1095:   937251.003   938534.001   939384.003   939420.001   941092.003
  1100:   941505.005   941681.009   943555.001   946214.003   947143.001
  1105:   949423.003   950296.001   951110.003   951141.001   952709.003
  1110:   953873.001   955857.003   956661.001   958915.003   960877.001
  1115:   962228.003   962274.001   963087.003   963361.005   963618.009
  1120:   975843.001   977597.003   977862.005   977876.009   977886.005
  1125:   977945.009   978509.001   978550.003   978580.001   980259.003
  1130:   980425.005   980557.009   980912.001   981879.003   981905.001
  1135:   983395.003   984181.001   984204.003   984232.001   986001.003
  1140:   986522.001   988974.003   989841.001   992591.018   992697.003
  1145:   992703.016   992753.026   992836.005   993440.009   993505.005
  1150:   993577.009   993603.005   993695.009   995366.001   995411.003
  1155:   995449.001   997042.003   997738.001   997875.003   997917.001
  1160:   999051.003   999143.001   999985.003  1000371.005  1000383.009
  1165:  1000720.001  1002944.003  1004318.001  1006469.003  1007175.001
  1170:  1007220.003  1007249.001  1009999.018  1010273.003  1010279.016
  1175:  1010329.026  1010395.005  1010964.009  1012688.001  1012716.003
  1180:  1012735.001  1012931.003  1012980.001  1015479.003  1016267.001
  1185:  1018735.003  1019348.001  1021856.003  1022525.001  1024515.003
  1190:  1024536.001  1025271.003  1025286.001  1025831.003  1026972.001
  1195:  1029722.018  1029841.003  1029847.016  1029897.026  1029949.005
  1200:  1030567.009  1030740.005  1030808.009  1036273.001  1036402.003
  1205:  1036431.001  1038981.003  1039538.001  1042288.018  1042515.003
  1210:  1042521.016  1042571.026  1042640.005  1043799.009  1043813.005
  1215:  1043846.009  1045626.001  1045675.003  1045691.001  1047984.003
  1220:  1048572.001  1051322.018  1051721.003  1051727.016  1051777.026
  1225:  1051805.005  1052606.009  1053102.005  1053252.009  1054367.001
  1230:  1054388.003  1054439.001  1055594.003  1055681.001  1057112.003
  1235:  1057364.005  1057410.009  1057440.005  1057547.009  1057956.001
  1240:  1057995.003  1058020.001  1060378.003  1060674.005  1060682.009
  1245:  1061176.001  1061246.003  1061281.001  1063217.003  1063488.005
  1250:  1063510.009  1064160.001  1066910.018  1067001.003  1067007.016
  1255:  1067057.026  1067138.005  1067617.009  1068014.005  1068042.009
  1260:  1069049.001  1070365.003  1070388.001  1071212.003  1072159.001
  1265:  1072191.003  1072236.001  1074150.003  1074861.001  1074953.003
  1270:  1075131.001  1077705.003  1077781.005  1077889.009  1078294.001
  1275:  1079029.003  1079042.001  1079914.003  1080251.005  1080288.009
  1280:  1080294.005  1080314.009  1080706.001  1083375.003  1083752.005
  1285:  1083784.009  1084512.001  1086864.003  1087632.001  1089892.003
  1290:  1090850.001  1091045.003  1091076.001  1093826.018  1093896.003
  1295:  1093902.016  1093952.026  1094040.005  1094375.009  1094398.005
  1300:  1094466.009  1095776.001  1096138.003  1096151.001  1097140.003
  1305:  1097799.001  1097822.003  1097859.001  1100161.003  1102781.001
  1310:  1103046.003  1103104.001  1105601.003  1105823.005  1105841.009
  1315:  1106287.001  1108492.003  1109305.001  1110343.003  1110562.001
  1320:  1111786.003  1111825.005  1112312.009  1112781.001  1114099.003
  1325:  1114125.001  1115370.003  1115412.005  1115608.009  1116229.001
  1330:  1118547.003  1118600.001  1119189.003  1119264.005  1119323.009
  1335:  1119334.005  1119387.009  1119805.001  1122555.018  1123121.003
  1340:  1123127.016  1123177.026  1123232.005  1123654.009  1123673.005
  1345:  1123715.009  1125366.001  1126350.003  1126387.001  1128176.003
  1350:  1129314.001  1129360.003  1129459.001  1129527.003  1129557.001
  1355:  1131965.003  1132434.005  1132523.009  1132904.001  1133043.003
  1360:  1133104.001  1133127.003  1133172.001  1135922.018  1135940.003
  1365:  1135946.016  1135996.026  1136079.005  1136555.009  1138456.001
  1370:  1138542.003  1138596.001  1138692.003  1138725.001  1141400.003
  1375:  1142139.001  1144844.003  1145544.001  1148076.003  1148129.005
  1380:  1148322.009  1148692.001  1151442.018  1151517.003  1151523.016
  1385:  1151573.026  1151849.005  1152534.009  1154176.001  1155139.003
  1390:  1155169.001  1156712.003  1157212.005  1157303.009  1157322.005
  1395:  1157361.009  1157389.005  1157915.009  1158000.005  1158020.009
  1400:  1159045.001  1159073.003  1159152.001  1161809.003  1163622.001
  1405:  1166372.018  1166375.003  1166381.016  1166431.026  1166511.005
  1410:  1167028.009  1167136.005  1167267.009  1167284.005  1167308.009
  1415:  1168332.001  1168349.003  1168392.001  1169220.003  1169329.001
  1420:  1170775.003  1171616.001  1173791.003  1173934.001  1174144.003
  1425:  1174801.001  1176067.003  1176095.001  1177335.003  1177808.001
  1430:  1179662.003  1180577.001  1183317.003  1183401.005  1183569.009
  1435:  1185249.001  1187096.003  1189983.001  1191562.003  1191640.001
  1440:  1192738.003  1193404.001  1195503.003  1196576.001  1198961.003
  1445:  1199979.001  1202729.018  1202978.003  1202984.016  1203018.005
  1450:  1203034.026  1203957.009  1203979.005  1204025.009  1204230.005
  1455:  1204269.009  1204444.005  1204557.009  1205449.001  1206478.003
  1460:  1206520.001  1207438.003  1207485.001  1208194.003  1209006.001
  1465:  1210814.003  1211371.001  1211542.003  1211549.001  1213726.003
  1470:  1214852.001  1217077.003  1217284.005  1217500.009  1218052.001
  1475:  1219962.003  1219986.001  1220526.003  1220791.005  1220905.009
  1480:  1222072.001  1224518.003  1224677.001  1224839.003  1225590.001
  1485:  1226993.003  1227018.001  1227815.003  1228056.005  1228172.009
  1490:  1228892.001  1231394.003  1232357.001  1234584.003  1236293.001
  1495:  1237836.003  1237850.001  1238807.003  1239307.005  1239383.009
  1500:  1240158.001  1240370.003  1240405.001  1241509.003  1241531.001
  1505:  1243265.003  1243306.005  1243426.009  1257370.001  1258334.003
  1510:  1258433.001  1259852.003  1260206.005  1260221.009  1260842.001
  1515:  1263111.003  1263839.001  1266258.003  1266538.005  1266601.009
  1520:  1266613.005  1266635.009  1267014.001  1267944.003  1267999.001
  1525:  1268966.003  1270117.001  1272867.018  1272940.003  1272946.016
  1530:  1272996.026  1273150.005  1273583.009  1275706.001  1277245.003
  1535:  1277264.001  1277479.003  1278138.001  1278250.003  1278314.001
  1540:  1279169.003  1279209.001  1280946.003  1281248.005  1281533.009
  1545:  1281958.001  1282236.003  1282281.001  1283554.003  1283581.001
  1550:  1284850.003  1285556.001  1288306.018  1288383.003  1288389.016
  1555:  1288439.026  1288470.005  1289256.009  1289531.005  1289626.009
  1560:  1292004.001  1292333.003  1292516.001  1293546.003  1293568.001
  1565:  1294721.003  1295639.001  1298389.018  1298903.003  1298909.016
  1570:  1298959.026  1299140.005  1299781.009  1300062.005  1300107.009
  1575:  1306597.001  1307969.003  1307998.001  1309049.003  1309588.001
  1580:  1309632.003  1309651.001  1310367.003  1310393.001  1311667.003
  1585:  1311941.005  1311953.009  1312119.005  1312287.009  1313677.001
  1590:  1316271.003  1317280.001  1318846.003  1318865.001  1319827.003
  1595:  1319851.001  1320241.003  1321693.001  1321740.003  1321781.001
  1600:  1323857.003  1323963.005  1324143.009  1326117.005  1326136.009
  1605:  1337122.001  1339836.003  1340540.001  1342341.003  1344690.001
  1610:  1346540.003  1346647.001  1347658.003  1347920.005  1347930.009
  1615:  1347958.005  1348048.009  1348064.005  1348091.009  1348988.001
  1620:  1351446.003  1351505.005  1351701.009  1352655.001  1352797.003
  1625:  1352941.005  1352949.009  1352954.005  1353147.009  1353239.005
  1630:  1353281.009  1353317.005  1353344.009  1359402.001  1359499.003
  1635:  1359521.001  1361487.003  1361973.001  1362439.003  1363077.001
  1640:  1365827.018  1365938.003  1365944.016  1365994.026  1366045.005
  1645:  1366665.009  1366783.005  1366793.009  1367847.001  1367887.003
  1650:  1367931.001  1369199.003  1369318.001  1370679.003  1371254.001
  1655:  1371302.003  1371333.001  1373246.003  1374193.001  1374273.003
  1660:  1374318.001  1375931.003  1376972.001  1379264.003  1379911.001
  1665:  1382351.003  1382369.001  1382407.003  1383333.001  1384195.003
  1670:  1384226.001  1385660.003  1385717.001  1386185.003  1387180.001
  1675:  1389038.003  1389065.001  1389621.003  1390102.005  1390136.009
  1680:  1391199.001  1392692.003  1403731.001  1406372.003  1406582.005
  1685:  1406915.009  1407492.001  1409415.003  1410181.001  1412877.003
  1690:  1413732.001  1413749.003  1413775.001  1416525.018  1416758.003
  1695:  1416764.016  1416814.026  1416925.005  1417555.009  1417681.005
  1700:  1417726.009  1423463.001  1425344.003  1425376.001  1425699.003
  1705:  1426565.001  1429008.003  1429908.001  1431048.003  1431193.001
  1710:  1432283.003  1433061.001  1435325.003  1435637.005  1435832.009
  1715:  1436297.001  1438666.003  1439563.005  1439660.009  1440498.001
  1720:  1441938.003  1442170.005  1442205.009  1442247.005  1442353.009
  1725:  1442384.005  1442494.009  1445592.001  1447955.003  1447984.001
  1730:  1449201.003  1449633.005  1449643.009  1449660.005  1449774.009
  1735:  1463102.005  1463120.009  1469001.001  1471751.018  1471760.003
  1740:  1471766.016  1471816.026  1471894.005  1472305.009  1473760.001
  1745:  1474594.003  1474615.001  1475679.003  1476892.001  1476975.003
  1750:  1476999.001  1479357.003  1479434.005  1479623.009  1480324.001
  1755:  1482608.003  1483392.001  1486142.018  1486946.003  1486952.016
  1760:  1487002.026  1487082.005  1487834.009  1487899.005  1487939.009
  1765:  1488199.005  1488230.009  1489145.001  1489746.003  1489780.001
  1770:  1490843.003  1491606.001  1491631.003  1491680.001  1492980.003
  1775:  1493009.001  1494355.003  1495114.001  1495185.003  1495263.001
  1780:  1497856.003  1498944.001
B:
     0:        0.000      526.000        3.000      525.000        3.000
     5:      296.000        0.000        0.000        0.000      296.000
    10:        0.000        1.000        0.000        0.000        0.000
    15:        0.000       44.000        0.000       44.000        0.000
    20:        0.000        0.000        0.000        0.000        0.000
    25:        0.000       44.000        0.000        0.000        0.000
    30:        0.000
D:
     0:  3656090.000  3655029.000  3653941.000
E:
     0:     2750.000     2750.000
T:
     0:        0.000        0.000        0.000        0.000
W:
     0:        2.000        0.000        0.000
