File: C:\MED-PC IV\Data\ALFE\AU024.999


Start Date: 02/13/24
End Date: 02/13/24
Subject: 24
Experiment: AU
Group: EXP40
Box: 4
Start Time: 14:13:01
End Time: 15:03:01
MSN: DRRD_general_exp
C:       0.000
F:       0.000
G:       0.000
H:       0.000
I:       0.000
J:       0.000
K:      80.000
L:       0.000
M:       0.000
N:       0.000
O:       0.000
P:       0.000
Q:       0.000
R:       0.000
S:       0.000
U: 2270735.000
V:       0.000
X:       0.000
Y:    1196.000
Z:       0.000
A:
     0:      615.001     2290.003     2352.001     2404.003     3327.001
     5:     3921.003     4034.001     7033.003     7624.005     7890.009
    10:    15000.011    15200.001    15447.003    15522.001    19522.018
    15:    21630.003    21636.016    21686.026    21851.005    23094.009
    20:    25438.001    26220.003    26608.001    26693.003    26790.001
    25:    28690.003    28748.001    30304.003    30834.005    30931.009
    30:    31613.001    33085.003    33190.001    36280.003    37197.001
    35:    39610.003    39659.001    41840.003    42816.001    44263.003
    40:    44335.001    47853.003    48173.005    49069.009    51031.005
    45:    52916.009    55055.001    55393.003    55527.001    55714.003
    50:    56075.001    56702.003    56763.001    60075.003    60556.005
    55:    60596.009    60989.001    61855.003    61920.001    65355.003
    60:    66061.001    67525.003    67633.001    70920.003    71507.005
    65:    71728.009    72126.001    72988.003    73075.001    77075.018
    70:    78222.003    78228.016    78278.026    78397.005    80142.009
    75:    81545.001    81960.003    82062.001    84904.003    85848.001
    80:    86939.003    87008.001    90090.003    90557.005    90816.009
    85:    91143.001    91362.003    98544.001    98731.003    99148.001
    90:   100180.003   100229.001   103773.003   103816.001   104569.003
    95:   105921.005   105935.009   105949.005   106154.009   106489.001
   100:   107610.003   107666.001   111485.003   112286.001   115595.003
   105:   115710.001   116924.003   118474.001   121064.003   121160.001
   110:   121438.003   121722.005   122156.009   122930.001   123157.003
   115:   123275.001   126657.003   127128.005   127295.009   128428.001
   120:   130300.003   130673.005   130769.009   138322.005   138346.009
   125:   138355.005   139144.009   143893.001   144005.003   144082.001
   130:   144179.003   144407.005   144595.009   144620.005   144661.009
   135:   154309.005   154506.009   154733.005   154942.009   155231.005
   140:   155236.009   159305.005   159314.009   159337.005   159727.009
   145:   169451.001   170523.003   170947.001   172969.003   172996.001
   150:   174792.003   174840.001   176192.003   176642.005   176802.009
   155:   177415.001   178081.003   178120.001   180638.003   181479.001
   160:   185479.018   186011.003   186017.016   186067.026   186231.005
   165:   187785.009   189617.001   191841.003   191897.001   194700.003
   170:   195778.001   196358.003   196394.001   198477.003   198523.001
   175:   199507.003   200610.001   202232.003   202288.001   205417.003
   180:   206022.005   206152.009   206691.001   209366.003   209451.001
   185:   210927.003   211483.005   211792.009   221011.005   221400.009
   190:   227983.001   230683.003   230721.001   234721.018   235321.003
   195:   235327.016   235377.026   235544.005   236100.009   239233.001
   200:   240219.003   240281.001   243889.003   244484.005   244575.009
   205:   245026.001   245821.003   245884.001   247556.003   247607.001
   210:   249416.003   250643.001   251259.003   251375.001   255375.018
   215:   255492.003   255498.016   255548.026   255681.005   259103.009
   220:   259756.005   260879.009   260958.005   261411.009   261925.005
   225:   262004.009   262775.001   263048.003   263288.001   264043.003
   230:   264567.001   268567.018   270140.003   270146.016   270196.026
   235:   270358.005   272860.009   273186.005   273753.009   273766.005
   240:   274556.009   275607.005   275703.009   277623.005   277781.009
   245:   277819.005   278297.009   279326.001   282271.003   282314.001
   250:   283642.003   284846.001   286145.003   286210.001   289231.003
   255:   290352.001   292112.003   292527.005   293021.009   301930.005
   260:   301974.009   302694.001   302731.003   303528.001   304262.003
   265:   304628.001   304808.003   304902.001   306405.003   306467.001
   270:   307242.003   307784.001   309439.003   310176.005   310199.009
   275:   310204.005   310274.009   310950.001   312830.003   312886.001
   280:   312900.003   312933.001   315229.003   316585.001   317965.003
   285:   318036.001   321047.003   322046.005   322757.009   325195.001
   290:   327110.003   327162.001   329321.003   329933.005   330324.009
   295:   330884.001   332231.003   332314.001   336314.018   336766.003
   300:   336772.016   336822.026   336964.005   337841.009   338041.005
   305:   338810.009   338819.005   338859.009   340672.001   341715.003
   310:   341764.001   343548.003   343806.001   345815.003   346495.005
   315:   346609.009   347200.001   348238.003   348304.001   351609.003
   320:   353356.001   357356.018   357450.003   357456.016   357506.001
   325:   357506.026   357658.003   357690.005   358387.009   358612.005
   330:   359506.009   359691.005   359768.009   361279.001   365194.003
   335:   366727.001   367442.003   367514.001   371514.018   372021.003
   340:   372027.016   372077.026   372242.005   373833.009   376539.001
   345:   379356.003   379412.001   380584.003   382445.001   383837.003
   350:   384003.001   387203.003   388772.001   389541.003   389627.001
   355:   392932.003   394144.001   397486.003   397545.001   399211.003
   360:   401304.001   401976.003   402031.001   404847.003   405823.005
   365:   405854.009   405864.005   406148.009   415431.001   416900.003
   370:   417021.001   417219.003   417534.001   417906.003   417937.001
   375:   420190.003   420207.001   420616.003   421482.001   422272.003
   380:   422315.001   423818.003   423858.001   425329.003   426324.001
   385:   426882.003   426930.001   428978.003   430057.001   430611.003
   390:   430640.001   431951.003   432005.001   434262.003   435508.001
   395:   439508.018   440646.003   440652.016   440702.026   440837.005
   400:   441659.009   441725.005   442931.009   442947.005   442958.009
   405:   442991.005   443568.009   444741.001   445728.003   445778.001
   410:   449220.003   450337.001   454186.003   454893.005   455305.009
   415:   455729.001   456828.003   456889.001   458499.003   474191.005
   420:   474596.009   485133.005   485545.009   485595.005   485809.009
   425:   486873.001   488017.003   488096.001   488418.003   490196.001
   430:   490900.003   490963.001   493934.003   494447.005   494581.009
   435:   494610.005   494649.009   495083.001   497305.003   497427.001
   440:   500871.003   502052.001   503555.003   504407.005   504578.009
   445:   504613.005   504621.009   504975.001   505530.003   506663.001
   450:   510663.018   511680.003   511686.016   511736.026   511922.005
   455:   512783.009   519019.001   522310.003   522359.001   522787.003
   460:   522850.001   526186.003   527052.001   528125.003   528163.001
   465:   531579.003   532609.001   534495.003   534535.001   536501.003
   470:   537639.001   540324.003   540380.001   543361.003   544290.005
   475:   544626.009   545905.001   548505.003   548563.001   550756.003
   480:   552038.001   554932.003   554986.001   556767.003   558016.001
   485:   560391.003   560631.001   561184.003   561506.005   561898.009
   490:   570755.002   570910.004   571113.005   571671.009   572404.002
   495:   572469.004   573709.002   573940.004   574870.005   575391.009
   500:   575626.005   575819.009   578514.001   578721.003   578771.001
   505:   580173.003   580234.001   583639.003   584286.005   584327.009
   510:   584888.001   585543.003   585608.001   589608.018   589681.003
   515:   589687.016   589737.026   589877.005   591980.009   594453.005
   520:   594486.009   596178.001   597782.003   597877.001   599931.003
   525:   601130.001   603510.003   604531.001   606270.003   606339.001
   530:   609728.003   610898.001   612586.003   612635.001   613540.003
   535:   613602.001   616412.003   616900.005   618616.009   618640.005
   540:   618895.009   618920.005   619303.009   619313.005   619524.009
   545:   619983.005   621359.009   622425.005   624003.009   624305.005
   550:   625979.009   627521.005   631048.009   631083.005   631225.009
   555:   632961.005   633557.009   634891.001   636154.003   637768.005
   560:   638104.009   650326.001   651731.003   651769.001   653986.003
   565:   654016.001   655569.003   656534.001   658096.003   658153.001
   570:   658167.003   658184.001   658626.003   659012.005   660243.009
   575:   660322.005   660747.009   660953.005   662764.009   663431.005
   580:   663774.009   664224.001   664277.003   666237.005   666269.009
   585:   667375.005   667504.009   685432.005   685446.009   685478.005
   590:   686490.009   686510.005   686537.009   688941.001   690585.003
   595:   690609.001   692402.003   692922.005   692934.009   692946.005
   600:   692991.009   692995.005   693976.009   695804.001   696739.003
   605:   697056.001   698684.003   698740.001   702740.018   703432.003
   610:   703438.016   703488.026   703610.005   707884.009   716092.001
   615:   717873.003   718004.001   718403.003   718609.001   719402.003
   620:   719460.001   722491.003   723616.005   724283.009   728079.005
   625:   728402.009   740945.001   742759.003   743654.001   744888.003
   630:   744941.001   748274.003   748318.001   750542.003   751808.001
   635:   752540.003   752584.001   755765.003   757113.001   760072.003
   640:   760117.001   760887.003   760975.001   761430.003   761488.001
   645:   763226.003   764869.001   768869.018   769836.003   769842.016
   650:   769892.026   770082.005   772424.009   772747.005   775256.009
   655:   775277.005   775626.009   775727.005   776296.009   777569.001
   660:   778887.003   778935.001   779203.003   779247.001   780645.003
   665:   780666.001   784666.018   784689.003   784695.016   784745.026
   670:   784958.005   787987.009   789963.001   792766.003   792814.001
   675:   795516.003   796389.001   798347.003   798392.001   800175.003
   680:   800217.001   801813.003   803110.001   804629.003   804668.001
   685:   805723.003   805763.001   807978.003   809043.001   813043.018
   690:   813119.003   813125.016   813175.026   813358.005   815345.009
   695:   815357.005   816222.009   816243.005   816257.009   816272.005
   700:   816855.009   821357.001   825357.018   826776.003   826782.016
   705:   826832.026   827006.005   833504.009   833515.005   833529.009
   710:   834540.001   835232.003   835292.001   838839.003   839507.001
   715:   839882.003   840001.001   840284.003   840350.001   843799.003
   720:   844837.001   846856.003   846879.001   848232.003   848774.005
   725:   849938.009   851106.001   852529.003   852572.001   855878.003
   730:   857082.001   858222.003   858283.001   861500.003   862231.005
   735:   862240.009   862628.001   863930.003   864008.001   867998.003
   740:   869317.001   873317.018   874968.003   874974.016   875024.026
   745:   875197.005   876585.009   878773.001   879984.003   880054.001
   750:   883703.003   884422.001   888422.018   888805.003   888811.016
   755:   888861.026   889053.005   891730.009   893629.001   894253.003
   760:   894328.001   898328.018   898563.003   898569.016   898619.026
   765:   898800.005   900275.009   903291.005   903365.009   922914.001
   770:   924240.003   924430.001   927442.003   927487.001   928804.003
   775:   929560.001   933560.018   934004.003   934010.016   934060.026
   780:   934235.005   935836.009   936651.001   937180.003   937249.001
   785:   941249.018   941386.003   941392.016   941442.026   941682.005
   790:   943427.009   943462.005   943474.009   944223.001   946435.003
   795:   946478.001   948655.003   949478.005   949583.009   950022.001
   800:   953620.003   959151.001   960645.003   960725.001   964725.018
   805:   965618.003   965624.016   965674.026   965878.005   966838.009
   810:   969526.001   970250.003   970286.001   973187.003   973859.001
   815:   977546.003   978646.001   982646.018   983160.003   983166.016
   820:   983216.026   983438.005   984965.009   986496.001   989324.003
   825:   989353.001   991976.003   992867.001   996130.003   997580.001
   830:  1000816.003  1000858.001  1002237.003  1003467.001  1007467.018
   835:  1007514.003  1007520.016  1007570.026  1007736.005  1008622.009
   840:  1014846.001  1016575.003  1016680.001  1017826.003  1017879.001
   845:  1019954.003  1020761.001  1022185.003  1022233.001  1025502.003
   850:  1026191.001  1027292.003  1027326.001  1028529.003  1028625.001
   855:  1029767.003  1031310.001  1033060.003  1033102.001  1034475.003
   860:  1034492.001  1036161.003  1037200.001  1040694.003  1041701.001
   865:  1045701.018  1047127.003  1047133.016  1047183.026  1047362.005
   870:  1049766.009  1050891.001  1051929.003  1053049.001  1053460.003
   875:  1053479.001  1054771.003  1076787.005  1076822.009  1093083.001
   880:  1094866.003  1094995.001  1095020.003  1095078.001  1095907.003
   885:  1095970.001  1099970.018  1100420.003  1100426.016  1100476.026
   890:  1100665.005  1101390.009  1103013.001  1104292.003  1104362.001
   895:  1108362.018  1108591.003  1108597.016  1108647.026  1108838.005
   900:  1110597.009  1112395.001  1113039.003  1113204.005  1113560.009
   905:  1113869.001  1115388.003  1115441.001  1119296.003  1120063.001
   910:  1122125.003  1122177.001  1123968.003  1124897.001  1127527.003
   915:  1127577.001  1130225.003  1131684.001  1133887.003  1133943.001
   920:  1136817.003  1138072.001  1140694.003  1140751.001  1144751.018
   925:  1144910.003  1144916.016  1144966.026  1145137.005  1146159.009
   930:  1147768.001  1151768.018  1152589.003  1152595.016  1152645.026
   935:  1152832.005  1154240.009  1156656.001  1159104.003  1159164.001
   940:  1162277.003  1163096.001  1167096.018  1168776.003  1168782.016
   945:  1168832.026  1169035.005  1170756.009  1173514.001  1176364.003
   950:  1176459.001  1179558.003  1180603.001  1184603.018  1185357.003
   955:  1185363.016  1185413.026  1185649.005  1186286.009  1186311.005
   960:  1187136.009  1187161.005  1187177.009  1187970.001  1191970.018
   965:  1192346.003  1192352.016  1192377.001  1192402.026  1192515.003
   970:  1192598.005  1193657.009  1195665.001  1199665.018  1200331.003
   975:  1200337.016  1200387.026  1200549.005  1202905.009  1202921.005
   980:  1202964.009  1204109.001  1206228.003  1206282.001  1208283.003
   985:  1209340.001  1210888.003  1210946.001  1212824.003  1213735.001
   990:  1214317.003  1214394.001  1217646.003  1218695.001  1222695.018
   995:  1223098.003  1223104.016  1223154.026  1223374.005  1223862.009
  1000:  1232581.001  1233316.003  1233347.001  1234520.003  1234569.001
  1005:  1237893.003  1238709.001  1242709.018  1243006.003  1243012.016
  1010:  1243062.026  1243313.005  1245009.009  1246177.001  1247299.003
  1015:  1247424.001  1247488.003  1247555.001  1247638.003  1247670.001
  1020:  1248982.003  1249021.001  1250272.003  1251298.001  1255298.018
  1025:  1255519.003  1255525.016  1255575.026  1255757.005  1256443.009
  1030:  1260903.005  1260949.009  1262258.001  1263976.003  1263999.001
  1035:  1267045.003  1267076.001  1267529.003  1268167.001  1272135.003
  1040:  1273248.001  1276370.003  1276473.001  1278983.003  1280101.001
  1045:  1282946.003  1283009.001  1284285.003  1286980.001  1288147.003
  1050:  1288523.001  1289568.003  1289601.001  1290244.003  1290264.001
  1055:  1291103.003  1292042.005  1292109.009  1292124.005  1293961.009
  1060:  1294938.001  1296710.003  1296765.001  1300076.003  1300712.005
  1065:  1300741.009  1300755.005  1301521.009  1301888.001  1305888.018
  1070:  1309091.003  1309097.016  1309147.026  1309305.005  1310057.009
  1075:  1311669.001  1315669.018  1316167.003  1316173.016  1316223.026
  1080:  1316388.005  1317359.009  1318357.001  1320191.003  1320225.001
  1085:  1320940.003  1320984.001  1322175.003  1322255.001  1323447.003
  1090:  1324522.001  1328522.018  1329108.003  1329114.016  1329164.026
  1095:  1329450.005  1332042.009  1332807.001  1335773.003  1335893.001
  1100:  1338656.003  1339540.001  1343217.003  1344265.001  1346696.003
  1105:  1346782.001  1349824.003  1350838.001  1354838.018  1355332.003
  1110:  1355338.016  1355388.026  1355608.005  1356415.009  1358428.001
  1115:  1358938.003  1359028.001  1363028.018  1363084.003  1363090.016
  1120:  1363140.026  1363300.005  1365216.009  1366292.001  1368100.003
  1125:  1368293.001  1371676.003  1372928.001  1374744.003  1374891.001
  1130:  1377574.003  1377619.001  1378770.003  1379952.001  1383952.018
  1135:  1384023.003  1384029.016  1384079.026  1384107.001  1384237.003
  1140:  1384334.005  1386099.009  1413935.005  1413993.009  1446682.001
  1145:  1447141.003  1447550.001  1447890.003  1447960.001  1450743.003
  1150:  1451343.005  1451651.009  1452075.001  1453971.003  1454013.001
  1155:  1456093.003  1456142.001  1456995.003  1458138.001  1460749.003
  1160:  1460792.001  1464792.018  1465005.003  1465011.016  1465061.026
  1165:  1465220.005  1465683.009  1465704.005  1466326.009  1466400.005
  1170:  1466422.009  1475967.001  1477063.003  1477103.001  1481103.018
  1175:  1482092.003  1482098.016  1482148.026  1482283.005  1483415.009
  1180:  1484438.001  1486467.003  1486525.001  1489156.003  1489890.001
  1185:  1493437.003  1494402.001  1497831.003  1497903.001  1497929.003
  1190:  1497962.001  1499108.003  1499153.001  1499684.003  1499694.001
  1195:  1499802.003
B:
     0:        0.000      366.000        3.000      366.000        3.000
     5:      161.000        0.000        0.000        0.000      161.000
    10:        0.000        1.000        0.000        0.000        0.000
    15:        0.000       45.000        0.000       45.000        0.000
    20:        0.000        0.000        0.000        0.000        0.000
    25:        0.000       45.000        0.000        0.000        0.000
    30:        0.000
D:
     0:  3770536.000  3770429.000  3770537.000
E:
     0:     4000.000     4000.000
T:
     0:        0.000        0.000        0.000        0.000
W:
     0:        0.000        0.000        0.000
