File: C:\MED-PC IV\Data\ALFE\AU021.999


Start Date: 01/30/24
End Date: 01/30/24
Subject: 21
Experiment: AU
Group: LINEAR
Box: 1
Start Time: 16:14:45
End Time: 17:04:45
MSN: DRRD_500ms
C:       0.000
F:       0.000
G:       0.000
H:       0.000
I:       0.000
J:       0.000
K:      40.000
L:       0.000
M:       0.000
N:       0.000
O:       0.000
P:       0.000
Q:       0.000
R:       0.000
S:       0.000
U: 2238902.000
V:       0.000
X:       0.000
Y:    1898.000
Z:       0.000
A:
     0:     2704.005     2749.009     2750.005     2794.009     2814.005
     5:     3181.009     9647.001    10996.003    13164.005    13616.009
    10:    15000.011    18044.001    18984.003    19162.005    19270.009
    15:    19455.001    21179.003    21186.005    21275.009    21608.001
    20:    23608.018    23648.005    23651.003    23657.016    23707.026
    25:    24184.009    24442.001    25131.003    25658.001    26905.003
    30:    28195.005    28213.009    28224.005    28435.009    30407.005
    35:    30454.009    30504.005    30532.009    32781.005    32958.009
    40:    34191.001    34357.003    35307.005    35617.009    35859.001
    45:    36081.003    51124.005    51139.009    51169.005    51215.009
    50:    52931.005    52960.009    52972.005    53093.009    53413.001
    55:    54153.003    60188.005    60398.009    60416.005    60532.009
    60:    67796.005    67997.009    78974.005    79561.009    80332.005
    65:    80457.009    80971.001    82211.003    82227.005    82604.009
    70:    82949.001    84325.003    84372.005    84474.009    84984.001
    75:    85505.005    85510.003    85729.009    85792.005    85824.009
    80:    86071.001    87841.003    87905.005    88083.009    88985.001
    85:    89475.003    90670.001    90727.003    92651.005    92682.009
    90:    92707.005    92740.009    92752.005    92804.009    96982.005
    95:    97017.009    97057.005    97112.009    97446.002    97522.004
   100:    98344.002    98599.004    98828.005    98842.009    98853.005
   105:    99379.009   100784.005   100847.009   101051.001   101756.003
   110:   101831.001   102514.003   102526.005   102542.009   102543.005
   115:   102755.009   102779.005   102980.009   103220.001   104521.003
   120:   104617.001   104874.003   105014.005   105091.009   106444.001
   125:   108106.003   108129.005   108416.009   108814.001   110317.003
   130:   110344.005   110674.009   110893.001   111761.003   112844.001
   135:   114412.003   114553.005   114701.009   114897.001   116897.018
   140:   117153.003   117159.016   117209.026   117280.005   118044.009
   145:   119182.001   119339.003   119383.001   119895.003   119897.005
   150:   120055.009   120216.001   122055.003   122064.005   122405.009
   155:   122596.001   124050.005   124186.003   124378.009   124734.001
   160:   126323.003   126332.005   126464.009   127539.005   127637.009
   165:   127797.001   127952.003   128030.001   129502.003   129506.005
   170:   129771.009   134027.001   135362.003   135381.005   135874.009
   175:   136940.001   138840.003   139097.005   139320.009   139929.001
   180:   140324.003   140390.001   140427.003   140479.001   141189.003
   185:   141195.001   141752.003   141802.005   142041.009   142838.001
   190:   144455.003   144508.005   144695.009   145013.001   146446.003
   195:   146487.005   146669.009   147418.001   147491.003   147544.001
   200:   147633.003   149266.001   149307.003   149845.005   149915.009
   205:   152761.005   153133.009   153324.005   153376.009   153899.001
   210:   155237.005   155239.003   155272.009   155511.005   155682.009
   215:   155902.001   157775.003   157831.005   157938.009   158673.001
   220:   159335.003   159383.005   159495.009   159540.005   159814.009
   225:   160215.001   162020.005   162036.003   162206.009   163131.005
   230:   163162.009   164093.005   164134.009   164208.005   164600.009
   235:   165261.002   165563.004   165672.005   166093.009   168699.005
   240:   168731.009   168735.005   168797.009   170473.005   170683.009
   245:   173894.001   174186.003   174303.001   174707.003   174772.005
   250:   174847.009   178974.005   179031.009   179051.005   179293.009
   255:   179641.001   181247.003   181521.005   181558.009   181565.005
   260:   181970.009   182411.001   183736.003   184649.005   184683.009
   265:   184715.005   184724.009   184750.005   184777.009   184992.001
   270:   186781.003   186795.005   187179.009   187545.001   188801.005
   275:   188810.003   189098.009   189316.001   190480.003   190508.005
   280:   190636.009   190912.001   191076.003   191180.001   191969.003
   285:   191974.005   192116.009   192150.005   192290.009   192574.001
   290:   192630.003   192684.001   192744.003   194587.001   194751.003
   295:   194948.005   195056.009   199564.005   199605.009   218744.001
   300:   220023.003   220054.005   220236.009   220500.001   220704.003
   305:   221165.001   222222.005   222282.009   222367.003   222865.001
   310:   224865.018   224924.003   224930.016   224936.005   224980.026
   315:   225786.009   228153.005   228306.009   231606.005   231611.009
   320:   231627.005   231675.009   235302.005   235319.009   235328.005
   325:   235497.009   235914.001   235986.003   240878.005   241121.009
   330:   241174.005   241197.009   242116.001   243304.005   243348.003
   335:   243518.009   244092.001   245822.003   245831.005   246143.009
   340:   246356.001   248158.005   248176.003   248261.009   248930.001
   345:   250425.005   250509.003   250759.009   251608.005   251684.009
   350:   252041.001   252523.003   253007.005   253471.009   253771.001
   355:   255436.003   255866.005   255910.009   256765.001   258273.005
   360:   258276.003   258583.009   258865.001   260632.003   260658.005
   365:   260885.009   260947.005   261008.009   261253.001   263047.003
   370:   263089.005   263180.009   263626.001   265290.003   265307.005
   375:   265710.009   270592.005   270604.009   270616.005   270901.009
   380:   275006.002   275065.004   275146.005   275790.009   277375.005
   385:   277567.009   277941.001   278181.003   279538.005   280248.009
   390:   281378.001   281499.003   281762.005   281967.009   286048.002
   395:   286363.004   286614.005   286875.009   288696.005   289028.009
   400:   293630.005   293769.009   301972.005   302015.009   302030.005
   405:   302116.009   304253.005   304617.009   305470.001   306267.005
   410:   306271.003   306589.009   306829.001   308351.005   308369.003
   415:   308557.009   309916.001   311221.003   311462.005   311593.009
   420:   311701.005   311753.009   313235.005   313409.009   314604.001
   425:   316399.003   316418.005   316647.009   316755.005   316870.009
   430:   317446.001   319446.018   319737.003   319743.016   319793.026
   435:   319840.005   320290.009   322329.001   324176.003   324226.005
   440:   324325.009   325891.001   326597.005   326689.009   326797.003
   445:   327150.005   327281.009   327603.001   329263.003   330003.001
   450:   331797.003   332116.005   332316.009   332513.001   334513.018
   455:   334582.003   334588.016   334589.005   334638.026   335991.009
   460:   337541.005   337693.009   339867.005   339883.009   339925.005
   465:   340163.009   340629.001   340869.003   341005.001   341151.003
   470:   348927.005   350004.009   350079.005   350816.009   351392.005
   475:   351733.009   352937.005   353990.009   355717.001   356284.005
   480:   356366.003   356810.009   357303.001   358642.005   358701.003
   485:   359076.009   359455.001   361126.003   361134.005   361274.009
   490:   361597.005   361616.009   361635.005   362091.009   362400.001
   495:   364251.003   364345.005   364389.009   364393.005   364430.009
   500:   365995.001   367586.003   368240.001   369381.003   369434.001
   505:   369593.003   370168.005   370470.009   371912.001   372004.003
   510:   372030.001   373561.003   373605.005   373828.009   374188.001
   515:   375916.003   376212.005   376433.009   376744.001   378154.003
   520:   378191.005   378382.009   378412.005   378791.009   379609.001
   525:   380132.003   381055.001   381325.003   381874.005   381967.009
   530:   384509.001   384766.003   385522.005   385613.009   389243.005
   535:   389260.009   389272.005   389736.009   390423.001   391497.005
   540:   391551.003   391888.009   392121.001   393900.005   393904.003
   545:   394055.009   394328.005   394727.009   395039.001   397039.018
   550:   397822.003   397828.016   397878.026   398063.005   398791.009
   555:   406724.005   407093.009   407408.001   409050.003   409073.005
   560:   409259.009   409876.001   411132.003   411238.001   412113.003
   565:   412245.005   412344.009   412822.005   412919.009   417518.005
   570:   417792.009   418683.001   420683.018   420742.003   420748.016
   575:   420798.026   420937.005   421467.009   425298.001   426956.003
   580:   427163.005   427319.009   428253.001   428736.003   428767.001
   585:   430295.003   430463.005   430508.009   431522.001   433522.018
   590:   434292.003   434298.016   434329.005   434348.026   435131.009
   595:   435199.005   435249.009   435929.001   436542.003   436684.001
   600:   436968.003   437027.001   437339.003   438039.005   438428.009
   605:   438763.001   440307.003   440411.005   440591.009   446082.005
   610:   446180.009   446281.005   446549.009   446560.005   446721.009
   615:   449212.005   449312.009   449335.005   449531.009   449924.001
   620:   451385.003   451972.005   451996.009   452437.001   453284.003
   625:   453334.001   453555.003   453593.001   453804.003   453909.001
   630:   454380.003   454429.005   454477.009   456708.001   458463.003
   635:   458596.005   458730.009   459027.001   461027.018   461325.003
   640:   461331.016   461381.026   461397.005   461911.009   463975.005
   645:   464003.009   464026.005   464060.009   464068.005   464181.009
   650:   464549.001   466549.018   466567.005   466638.003   466644.016
   655:   466694.026   467543.009   469620.001   470086.003   470164.001
   660:   470321.003   470375.001   470490.003   471279.005   471405.009
   665:   472116.001   472551.003   472991.001   473762.003   473949.001
   670:   474257.003   476077.001   476217.003   476313.001   477470.003
   675:   478736.001   479655.003   479906.005   480271.009   480702.001
   680:   482702.018   483220.003   483226.016   483276.026   483279.005
   685:   483764.009   484712.001   485479.003   485519.001   485555.003
   690:   485577.001   487270.003   487357.005   487524.009   487599.005
   695:   487615.009   488289.001   489947.003   490077.005   490193.009
   700:   491092.001   492527.003   493388.005   493590.009   493868.001
   705:   495654.003   496137.005   496495.009   496612.005   496806.009
   710:   497174.001   499067.003   499576.005   499757.009   500053.001
   715:   501713.003   501775.005   502126.009   502933.001   504805.003
   720:   505311.005   505500.009   505925.001   507422.003   508289.001
   725:   509043.003   509480.005   509616.009   510096.001   510224.003
   730:   510287.001   511208.003   511548.005   511641.009   511689.005
   735:   511753.009   512084.001   512515.003   512542.001   512617.003
   740:   512633.001   513139.003   514864.001   514914.003   516378.001
   745:   516510.003   516549.001   517028.003   517373.005   518090.009
   750:   521516.001   522062.003   522070.005   522327.009   522554.001
   755:   524115.003   524269.001   524992.003   525280.005   525538.009
   760:   525669.005   525691.009   525694.005   525904.009   526693.001
   765:   528486.003   529030.005   529062.009   529098.005   529224.009
   770:   529513.001   531513.018   531633.003   531639.016   531689.026
   775:   532067.005   532551.009   537166.001   539166.018   539481.003
   780:   539487.016   539537.026   539713.005   540005.009   540046.005
   785:   540231.009   546532.005   546548.009   546564.005   546671.009
   790:   556884.005   556901.009   556902.005   557158.009   571359.005
   795:   571380.009   571453.005   571720.009   571991.001   573428.003
   800:   573788.005   574033.009   574377.001   574988.003   575008.001
   805:   576066.003   576093.005   576466.009   577220.001   579201.003
   810:   580449.001   582449.018   582778.003   582784.016   582834.026
   815:   582904.005   583311.009   586255.001   586299.003   586887.001
   820:   588352.003   588773.005   588890.009   588899.005   588931.009
   825:   589335.001   590744.003   591571.005   591725.009   591970.001
   830:   593970.018   594133.003   594139.016   594159.005   594189.026
   835:   594685.009   597090.001   598918.003   598959.005   599096.009
   840:   599777.001   601552.003   603161.001   604188.003   604299.001
   845:   604738.003   605190.005   605223.009   605233.005   605324.009
   850:   605567.001   606965.003   607583.005   607895.009   608273.001
   855:   609791.003   610233.005   610268.009   610594.001   612286.003
   860:   613161.001   614923.003   615575.005   615760.009   616210.001
   865:   616912.003   616986.001   617543.003   617578.005   617643.009
   870:   618120.005   618205.009   618578.001   620322.003   620382.005
   875:   620517.009   621186.001   622430.003   622469.005   622497.009
   880:   622905.005   622919.009   622932.005   623037.009   624520.001
   885:   624869.003   625061.001   625091.003   625125.001   625441.003
   890:   625807.005   626057.009   634422.005   634446.009   634468.005
   895:   634666.009   635665.001   637038.003   637049.005   637257.009
   900:   638205.001   638907.003   639179.001   639451.003   640552.001
   905:   642066.003   642089.005   642132.009   642333.005   642385.009
   910:   642556.005   642911.009   643150.001   644622.003   644696.001
   915:   645439.003   645490.005   645643.009   646165.001   647953.003
   920:   649279.001   651279.018   651602.003   651608.016   651658.026
   925:   651863.005   652721.009   656731.001   657989.003   658595.005
   930:   658657.009   659010.001   660431.003   660828.005   661237.009
   935:   661535.001   663445.003   664007.001   666007.018   666135.003
   940:   666141.016   666191.026   666398.005   666996.009   668743.001
   945:   670165.003   670286.005   670360.009   670657.001   672502.003
   950:   673455.001   673853.003   674233.001   675619.003   676353.005
   955:   676620.009   676865.001   677270.003   677389.001   678120.003
   960:   678176.001   678730.003   678978.005   679301.009   679568.005
   965:   680196.009   680231.005   680249.009   680272.005   680298.009
   970:   680323.005   680837.009   681190.005   681208.009   681233.005
   975:   681553.009   682221.005   682239.009   682247.005   682665.009
   980:   683801.005   683832.009   684222.005   684255.009   684371.005
   985:   684526.009   685676.001   685982.003   686835.001   688169.003
   990:   694783.005   695487.009   696179.001   696976.003   697583.005
   995:   697679.009   702609.001   703735.003   704428.001   705967.003
  1000:   706539.005   706561.009   706582.005   706684.009   706956.001
  1005:   708242.003   708946.001   710707.005   710724.003   710921.009
  1010:   711444.001   713018.003   713508.005   713604.009   713830.001
  1015:   715052.003   716001.001   717947.003   718480.005   718619.009
  1020:   718901.005   718929.009   719229.001   720942.003   721572.001
  1025:   723361.005   723433.003   723838.009   724052.001   725434.003
  1030:   725972.005   726218.009   726502.001   728459.003   728482.005
  1035:   728752.009   733442.005   733857.009   734147.001   735629.003
  1040:   736938.001   738938.018   739220.003   739226.016   739276.026
  1045:   739433.005   739831.009   743839.001   744864.003   785904.005
  1050:   786195.009   786210.005   786572.009   788260.001   788678.003
  1055:   788766.005   789120.009   791450.001   792762.003   792846.001
  1060:   793173.003   794338.001   796196.003   797642.001   799642.018
  1065:   799690.003   799696.016   799746.026   799826.005   800343.009
  1070:   801615.001   803615.018   803744.003   803750.016   803800.026
  1075:   803808.005   804680.009   804703.005   804921.009   804996.005
  1080:   805005.009   806166.001   807385.003   807578.001   807881.003
  1085:   808376.005   808441.009   809639.001   810739.003   811002.001
  1090:   812059.003   812730.001   814648.003   814696.005   814838.009
  1095:   815219.005   815366.009   815651.001   817598.003   817685.005
  1100:   817768.009   818633.001   820371.003   820591.005   820729.009
  1105:   820971.001   822971.018   823266.003   823272.016   823322.026
  1110:   823384.005   824097.009   825046.001   827046.018   827085.003
  1115:   827091.016   827141.026   827233.005   827953.009   829897.001
  1120:   831403.003   832073.001   834073.018   834290.003   834296.016
  1125:   834346.026   834451.005   834836.009   834881.005   834954.009
  1130:   839285.005   839662.009   840043.001   842043.018   842167.003
  1135:   842173.016   842223.026   842325.005   842810.009   842839.005
  1140:   842862.009   842880.005   843821.009   843856.005   843895.009
  1145:   846125.001   847307.003   848557.001   848916.003   849154.001
  1150:   849328.003   849406.001   849704.003   849998.001   850501.003
  1155:   851416.001   851725.003   851761.001   851875.003   852003.001
  1160:   852042.003   852254.001   852586.003   852654.001   853200.003
  1165:   854034.001   855247.003   856396.001   858375.003   859451.001
  1170:   861451.018   861564.003   861570.016   861620.026   861828.005
  1175:   862159.009   866725.001   868021.003   868396.005   868485.009
  1180:   869491.001   871150.003   871817.001   873771.003   875318.001
  1185:   876556.003   877060.005   877247.009   877469.001   879244.003
  1190:   879952.001   881893.003   882428.005   882460.009   882471.005
  1195:   882693.009   882890.001   884890.018   884902.003   884908.016
  1200:   884958.026   884960.005   885609.009   888578.001   889912.003
  1205:   890515.001   892410.003   892439.005   892853.009   897174.005
  1210:   897415.009   897779.001   899630.003   900351.001   901893.003
  1215:   902405.001   904149.003   904801.001   906332.003   906829.005
  1220:   906855.009   906859.005   906993.009   907212.001   908939.003
  1225:   909214.005   909526.009   909791.001   911714.003   911942.005
  1230:   912101.009   921361.005   921493.009   922125.005   922152.009
  1235:   925110.005   925450.009   925798.001   927518.003   928012.001
  1240:   929419.003   929764.005   929960.009   930190.001   932190.018
  1245:   932208.003   932214.016   932264.026   932268.005   932912.009
  1250:   933042.005   933170.009   934426.001   936002.003   936046.001
  1255:   936562.003   936584.005   936715.009   937255.001   939106.003
  1260:   939708.001   941655.003   942335.005   942526.009   942724.001
  1265:   944724.018   944912.003   944918.016   944966.005   944968.026
  1270:   946050.009   951480.005   952490.009   953108.001   954902.003
  1275:   954921.005   955091.009   955591.001   957591.018   957912.003
  1280:   957918.016   957968.026   958139.005   958459.009   981213.005
  1285:   981503.009   981810.001   983810.018   984034.003   984040.016
  1290:   984062.005   984090.026   985405.009   985434.005   985492.009
  1295:   986725.001   987685.003   987748.001   987884.003   989001.001
  1300:   990723.003   991269.005   991282.009   991595.001   993595.018
  1305:   994219.003   994225.016   994275.026   994520.005   995229.009
  1310:   997839.001   997912.003   998592.001  1000348.003  1001336.001
  1315:  1003258.003  1003600.005  1003862.009  1004102.001  1005917.003
  1320:  1006436.005  1006451.009  1006469.005  1006671.009  1006882.001
  1325:  1008784.003  1008925.005  1009072.009  1009696.001  1011696.018
  1330:  1011758.003  1011764.016  1011814.026  1011891.005  1012333.009
  1335:  1013253.001  1015253.018  1015348.003  1015354.016  1015404.026
  1340:  1015585.005  1016075.009  1017828.001  1018857.003  1018925.001
  1345:  1019848.003  1020518.001  1022518.018  1022852.003  1022858.016
  1350:  1022908.026  1023054.005  1023419.009  1031097.005  1031322.009
  1355:  1031576.001  1033568.003  1034437.001  1036349.003  1036610.005
  1360:  1036671.009  1036931.001  1038627.003  1039216.001  1040913.003
  1365:  1040974.005  1041162.009  1041454.001  1043131.003  1044215.001
  1370:  1046026.003  1046632.005  1046672.009  1046725.005  1046848.009
  1375:  1047040.001  1048404.003  1048509.005  1048569.009  1055858.005
  1380:  1055881.009  1055949.005  1056148.009  1056480.001  1058061.003
  1385:  1058096.001  1058352.003  1059582.001  1061199.003  1061639.005
  1390:  1061797.009  1062007.001  1063626.003  1064103.005  1064172.009
  1395:  1064175.005  1064222.009  1064713.001  1066308.003  1066852.005
  1400:  1066958.009  1067157.001  1069157.018  1069226.003  1069232.016
  1405:  1069282.026  1069360.005  1070183.009  1074257.005  1074888.009
  1410:  1075004.005  1075220.009  1076214.001  1078133.003  1078662.001
  1415:  1080207.003  1080716.005  1080826.009  1081034.001  1083034.018
  1420:  1083085.003  1083091.016  1083141.026  1083250.005  1083693.009
  1425:  1083701.005  1083929.009  1085239.001  1086459.003  1086961.005
  1430:  1087001.009  1098192.005  1098824.009  1099133.001  1101133.018
  1435:  1101492.003  1101498.016  1101548.026  1101686.005  1102145.009
  1440:  1102162.005  1102178.009  1102365.005  1102451.009  1114699.005
  1445:  1114893.009  1114914.005  1114941.009  1115259.001  1117079.003
  1450:  1117861.001  1117974.003  1122676.001  1123072.003  1123317.001
  1455:  1123532.003  1123877.005  1123937.009  1131898.001  1132018.003
  1460:  1132592.005  1132720.009  1133277.001  1134285.003  1135013.005
  1465:  1135103.009  1135387.001  1137007.003  1137965.001  1139722.003
  1470:  1139801.005  1139967.009  1140535.001  1142312.003  1142452.005
  1475:  1142526.009  1143474.001  1145465.003  1148010.001  1150010.018
  1480:  1150274.003  1150280.016  1150330.026  1150510.005  1151146.009
  1485:  1154007.001  1154418.003  1155192.001  1156908.003  1157736.001
  1490:  1157803.003  1157846.001  1158720.003  1158730.001  1159533.003
  1495:  1160232.001  1161774.003  1161937.005  1162299.009  1162570.001
  1500:  1164570.018  1164692.003  1164698.016  1164748.026  1164811.005
  1505:  1165314.009  1165433.005  1165480.009  1170505.005  1170728.009
  1510:  1171028.001  1172552.003  1172633.005  1172789.009  1173185.001
  1515:  1174576.003  1174717.001  1175190.003  1176304.001  1176766.003
  1520:  1176794.001  1178306.003  1179161.005  1179245.009  1179451.001
  1525:  1181387.003  1181440.005  1181585.009  1181936.001  1183491.003
  1530:  1184447.001  1186063.003  1186772.005  1186868.009  1187071.001
  1535:  1188419.003  1189028.001  1190379.003  1191090.005  1191139.009
  1540:  1191330.001  1192988.003  1193489.005  1193723.009  1193978.001
  1545:  1194587.003  1194697.001  1195830.003  1195901.005  1197210.009
  1550:  1197753.005  1197784.009  1200104.005  1200128.009  1201061.001
  1555:  1203061.018  1203112.003  1203118.016  1203168.026  1203493.005
  1560:  1203980.009  1206478.001  1207655.003  1207747.001  1208212.003
  1565:  1208454.005  1208539.009  1208929.001  1210929.018  1211020.003
  1570:  1211026.016  1211076.026  1211159.005  1211650.009  1212674.001
  1575:  1214658.003  1215358.001  1217358.018  1217592.003  1217598.016
  1580:  1217648.026  1217668.005  1218303.009  1240671.001  1242542.003
  1585:  1242685.005  1242781.009  1243490.001  1245490.018  1245519.003
  1590:  1245525.016  1245575.026  1245635.005  1246142.009  1246278.005
  1595:  1246287.009  1247337.001  1249337.018  1249697.003  1249703.016
  1600:  1249753.026  1249755.005  1250520.009  1250957.001  1252601.003
  1605:  1252663.001  1252812.003  1252995.005  1253017.009  1253589.001
  1610:  1255589.018  1255771.003  1255777.016  1255827.026  1255993.005
  1615:  1256648.009  1258121.001  1258341.003  1258368.001  1259856.003
  1620:  1260573.001  1262179.003  1262758.001  1264758.018  1264984.003
  1625:  1264990.016  1265040.026  1265130.005  1265554.009  1269928.005
  1630:  1270670.009  1271037.001  1272790.003  1273679.001  1275078.003
  1635:  1275641.001  1276382.003  1276507.001  1277327.003  1277480.005
  1640:  1277598.009  1278105.001  1279098.003  1279455.001  1279603.003
  1645:  1279781.005  1279851.009  1280540.001  1281938.003  1282835.001
  1650:  1284552.003  1284657.005  1284776.009  1285331.001  1286927.003
  1655:  1288139.001  1288459.003  1288585.001  1289423.003  1290009.005
  1660:  1290118.009  1290315.001  1292315.018  1292676.003  1292682.016
  1665:  1292732.026  1292886.005  1293771.009  1296493.001  1297686.003
  1670:  1298676.001  1300193.003  1300689.005  1300910.009  1301120.001
  1675:  1302201.003  1303040.001  1304907.003  1305215.005  1305436.009
  1680:  1305931.001  1306197.003  1306232.001  1306247.003  1306590.001
  1685:  1308033.003  1308368.005  1308582.009  1309351.001  1310949.003
  1690:  1311563.005  1311645.009  1311889.001  1312738.003  1312804.001
  1695:  1313583.003  1314083.001  1315604.003  1316025.005  1316222.009
  1700:  1316472.001  1318078.003  1318163.005  1318306.009  1321329.005
  1705:  1322037.009  1322409.001  1324409.018  1324573.003  1324579.016
  1710:  1324629.026  1324755.005  1325606.009  1328709.005  1328739.009
  1715:  1328748.005  1329140.009  1329500.001  1329802.003  1329843.001
  1720:  1330135.003  1334211.005  1334257.009  1336035.001  1337769.003
  1725:  1338303.001  1339432.003  1339467.001  1339742.003  1340593.001
  1730:  1342021.003  1342587.001  1344359.003  1344798.005  1344839.009
  1735:  1345062.001  1345652.003  1345694.001  1346768.003  1347556.001
  1740:  1347906.003  1348564.001  1349699.003  1349742.001  1350568.003
  1745:  1350905.005  1351574.009  1351575.005  1351618.009  1353590.005
  1750:  1353701.009  1375995.005  1376022.009  1376044.005  1376105.009
  1755:  1376119.005  1376251.009  1376263.005  1376438.009  1376698.001
  1760:  1377804.003  1378771.001  1380572.003  1380877.005  1380981.009
  1765:  1381887.001  1383521.003  1384315.001  1385215.003  1385978.001
  1770:  1386254.003  1386868.005  1387079.009  1387367.001  1388613.003
  1775:  1389198.005  1389459.009  1389699.001  1391699.018  1391760.003
  1780:  1391766.016  1391816.026  1391967.005  1392475.009  1399459.005
  1785:  1399593.009  1399923.001  1401458.003  1402551.001  1404208.003
  1790:  1411662.005  1411681.009  1411692.005  1412147.009  1412729.001
  1795:  1414245.003  1414819.001  1416819.018  1417308.003  1417314.016
  1800:  1417364.026  1417512.005  1418055.009  1420719.001  1421697.003
  1805:  1421927.001  1422161.003  1422464.001  1422640.003  1423592.001
  1810:  1425109.003  1425911.001  1426311.003  1426424.001  1427636.003
  1815:  1428053.005  1428157.009  1428396.001  1429595.003  1430128.001
  1820:  1431866.003  1432575.001  1434221.003  1434306.005  1434454.009
  1825:  1435025.001  1436277.003  1436872.001  1438720.003  1439497.001
  1830:  1440774.003  1441728.001  1443638.003  1444124.005  1444706.009
  1835:  1444951.001  1446288.003  1446312.001  1447216.003  1447281.005
  1840:  1448322.009  1452813.001  1452926.003  1453057.001  1453205.003
  1845:  1453292.001  1453439.003  1453543.001  1453615.003  1453760.001
  1850:  1454754.003  1455130.005  1455180.009  1455660.001  1455769.003
  1855:  1456113.001  1456374.003  1456399.001  1456428.003  1456869.001
  1860:  1457927.003  1458313.005  1458468.009  1458722.001  1460722.018
  1865:  1460776.003  1460782.016  1460832.026  1460966.005  1461535.009
  1870:  1463372.001  1463892.003  1465665.005  1466257.009  1467280.005
  1875:  1467912.009  1470929.005  1470993.009  1471029.005  1471616.009
  1880:  1471748.005  1471945.009  1479748.005  1479930.009  1481392.001
  1885:  1481583.003  1481618.001  1482701.003  1483506.001  1484828.003
  1890:  1485564.001  1486962.003  1487298.005  1487312.009  1487845.001
  1895:  1489358.003  1490579.001  1492400.003
B:
     0:        0.000      435.000        5.000      435.000        5.000
     5:      432.000        0.000        0.000        0.000      432.000
    10:        0.000        1.000        0.000        0.000        0.000
    15:        0.000       51.000        0.000       51.000        0.000
    20:        0.000        0.000        0.000        0.000        0.000
    25:        0.000       51.000        0.000        0.000        0.000
    30:        0.000
D:
     0:  3731301.000  3729481.000  3731302.000
E:
     0:     2000.000     2000.000
T:
     0:        0.000        0.000        0.000        0.000
W:
     0:        0.000        0.000        0.000
