File: C:\MED-PC IV\Data\ALFE\AU024.999


Start Date: 01/25/24
End Date: 01/25/24
Subject: 24
Experiment: AU
Group: EXP40
Box: 4
Start Time: 15:36:36
End Time: 16:26:36
MSN: DRRD_general_exp
C:       0.000
F:       0.000
G:       0.000
H:       0.000
I:       0.000
J:       0.000
K:      15.000
L:       0.000
M:       0.000
N:       0.000
O:       0.000
P:       0.000
Q:       0.000
R:       0.000
S:       0.000
U: 2224922.000
V:       0.000
X:       0.000
Y:    3375.000
Z:       0.000
A:
     0:     4998.005     5000.009     8027.005     8156.009    14094.005
     5:    14121.009    14278.005    14542.009    14610.005    14615.009
    10:    14735.005    14740.009    14904.005    14929.009    15000.011
    15:    15154.005    15171.009    15520.001    16270.018    16708.003
    20:    16714.016    16764.026    16889.005    17556.009    17605.005
    25:    18149.009    18517.001    18941.003    19273.001    20023.018
    30:    20422.003    20428.016    20478.026    20569.005    21249.009
    35:    21597.001    21909.003    22021.005    22638.009    23043.002
    40:    23072.004    23534.001    23728.003    23887.005    23922.009
    45:    24387.001    25137.018    25641.003    25647.016    25697.026
    50:    25765.005    26530.009    26927.001    27677.018    28684.003
    55:    28690.016    28740.026    28768.005    29468.009    29791.001
    60:    30001.003    31246.005    31367.009    32042.005    32097.009
    65:    33700.005    34109.009    34977.005    35287.009    36379.001
    70:    36431.003    36534.005    36671.009    36979.001    37083.003
    75:    37157.005    37282.009    37679.005    37743.009    38033.001
    80:    38185.003    38290.005    38319.009    38604.002    38747.004
    85:    38866.002    38941.004    39591.005    39627.009    40961.001
    90:    41026.003    52452.001    52492.003    52731.001    52843.003
    95:    53679.005    54036.009    54188.005    54198.009    54211.005
   100:    54457.009    55356.005    55921.009    59074.005    59105.009
   105:    59388.001    59405.003    59538.005    59607.009    60021.002
   110:    60118.004    61340.001    61417.005    61446.003    61507.009
   115:    61527.005    61694.009    63054.002    63124.004    65706.001
   120:    65847.003    66169.001    66255.003    66338.001    66755.003
   125:    67325.005    67483.009    70255.005    70343.009    72638.005
   130:    72793.009    74558.005    74614.009    75196.005    75235.009
   135:    76632.005    76701.009    76763.005    77214.009    77220.005
   140:    77413.009    77606.005    77755.009    77765.005    78046.009
   145:    82945.001    82982.003    83341.005    83863.009    88158.005
   150:    88277.009    89366.001    89500.003    92723.005    92829.009
   155:    99543.005    99640.009   119453.005   119617.009   120050.002
   160:   120317.004   120436.005   120713.009   121311.002   121520.004
   165:   121620.005   121882.009   122535.001   122773.003   125930.005
   170:   126100.009   126106.005   126155.009   126227.005   126416.009
   175:   132114.005   132207.009   133349.001   134099.018   136569.005
   180:   136604.003   136610.016   136637.009   136660.026   136773.005
   185:   137933.009   138283.005   138464.009   138483.005   138904.009
   190:   139410.005   139539.009   140392.005   140576.009   140847.002
   195:   141101.004   141274.001   141645.003   141783.005   141820.009
   200:   141890.005   141915.009   141983.005   142041.009   142123.005
   205:   142210.009   142631.001   142829.003   142926.005   143093.009
   210:   143146.005   143158.009   143456.005   143473.009   146127.005
   215:   147169.009   147207.005   147335.009   147344.005   147381.009
   220:   147663.005   147734.009   148398.005   148433.009   148579.005
   225:   148581.009   149327.001   149625.003   149884.005   149946.009
   230:   150765.001   151073.003   151443.001   151709.003   152069.001
   235:   152630.003   152743.005   152951.009   160495.005   161010.009
   240:   161536.005   161581.009   161779.005   162102.009   169255.005
   245:   169397.009   175501.005   175523.009   189569.002   189600.004
   250:   189932.005   189960.009   189967.005   190261.009   190955.005
   255:   191597.009   191661.005   191696.009   191826.005   192445.009
   260:   192763.002   192933.004   193049.005   193164.009   193216.005
   265:   193230.009   193234.005   193300.009   193584.002   193732.004
   270:   193826.005   194071.009   194632.005   194793.009   195645.001
   275:   196395.018   197214.003   197220.016   197270.026   197537.005
   280:   198057.009   198511.005   198569.009   198804.001   199055.003
   285:   199133.005   199558.009   200583.005   200661.009   202206.005
   290:   202251.009   203181.005   203208.009   203554.005   204169.009
   295:   204197.005   204482.009   204693.005   204783.009   205554.005
   300:   205633.009   205692.005   205794.009   208893.005   209036.009
   305:   209388.001   209426.003   210383.005   210481.009   212323.005
   310:   212546.009   213214.001   213964.018   214290.005   214348.003
   315:   214354.016   214404.026   214923.009   214969.005   216000.009
   320:   216587.005   216668.009   216816.005   216860.009   216885.005
   325:   216964.009   217173.001   217421.003   217509.005   217921.009
   330:   218291.001   218648.003   219253.001   219537.003   219546.005
   335:   219945.009   220002.005   220231.009   220827.001   221107.003
   340:   221647.001   222034.003   222167.005   222459.009   223925.005
   345:   224088.009   224732.001   224921.003   225054.005   225146.009
   350:   225213.005   225459.009   225717.005   225843.009   228821.005
   355:   228944.009   234878.005   235008.009   236434.005   236912.009
   360:   237435.005   237486.009   238298.005   238371.009   238513.005
   365:   239276.009   239990.001   240320.005   240364.003   240765.009
   370:   242176.005   242255.009   242382.005   242397.009   243330.001
   375:   243373.003   243528.005   243813.009   244220.001   244970.018
   380:   245326.005   245421.009   245551.003   245557.016   245607.026
   385:   245780.005   246554.009   246995.001   247119.005   247145.003
   390:   247665.009   247942.001   248243.003   248261.005   249218.009
   395:   249258.005   250687.009   251016.005   251041.009   251305.002
   400:   251759.004   253413.005   253574.009   255014.001   255061.003
   405:   255138.005   255376.009   255669.001   256419.018   256505.003
   410:   256511.016   256561.026   256609.005   257161.009   257294.005
   415:   257319.009   257375.005   257674.009   257731.005   257763.009
   420:   258064.005   258130.009   258151.005   258455.009   258938.005
   425:   259029.009   262224.005   262484.009   262527.005   262751.009
   430:   263230.001   263449.005   263629.003   263850.009   264351.005
   435:   264415.009   265224.005   265488.009   266106.001   266370.003
   440:   266444.005   266524.009   266682.005   266695.009   266711.005
   445:   266776.009   267181.001   267931.018   268393.003   268399.016
   450:   268449.026   268490.005   268903.009   268916.005   269199.009
   455:   269889.005   269967.009   270422.001   270590.003   270645.005
   460:   271975.009   272100.005   272119.009   272144.005   272274.009
   465:   272756.005   272819.009   273071.001   273359.003   273401.005
   470:   274047.009   274761.001   274977.005   274985.003   275311.009
   475:   276255.001   276457.003   276467.005   276740.009   277144.001
   480:   277760.003   278618.005   278752.009   278933.001   279390.003
   485:   279480.001   279536.003   279577.005   279895.009   280067.001
   490:   280268.003   280940.005   281027.009   281057.005   281246.009
   495:   281728.001   281803.003   282080.005   282342.009   282813.001
   500:   283040.003   283293.005   283409.009   284864.001   284980.003
   505:   285074.005   285163.009   285371.001   285567.003   285717.005
   510:   286366.009   288387.001   288579.005   288607.003   288927.009
   515:   290568.005   290670.009   291168.005   291218.009   291527.002
   520:   291878.005   291901.004   292040.009   292044.005   292216.009
   525:   292484.002   292908.005   292929.004   293190.009   293245.005
   530:   293255.009   293527.002   293701.004   293731.005   294213.009
   535:   294458.002   294686.004   294752.005   295201.009   295219.005
   540:   295229.009   295527.002   295815.004   295846.005   296208.009
   545:   296498.002   296642.004   296888.001   297123.003   297196.005
   550:   298388.009   298532.005   298967.009   298996.005   299424.009
   555:   299938.001   300316.003   300347.005   300501.009   300581.005
   560:   300852.009   301213.001   301719.003   301781.005   301863.009
   565:   302022.005   302070.009   302705.001   303234.003   303344.005
   570:   303433.009   304067.001   304669.003   304689.005   305049.009
   575:   305216.001   305966.018   306152.003   306158.016   306208.001
   580:   306208.026   306428.003   306470.005   307055.009   308177.001
   585:   308417.003   308425.005   309058.009   309435.001   309774.003
   590:   309894.005   309974.009   310747.005   310817.009   311257.001
   595:   312007.018   312460.003   312466.016   312516.026   312526.005
   600:   313058.009   313998.001   314101.003   314189.005   314453.009
   605:   314910.001   315131.003   315199.005   315277.009   315705.001
   610:   316110.003   316279.005   316324.009   316635.001   317385.018
   615:   317568.003   317574.016   317624.026   317815.005   318293.009
   620:   319261.001   319374.003   319446.005   319742.009   325038.005
   625:   325053.009   325054.005   325115.009   325324.001   325417.003
   630:   325564.005   325692.009   326276.002   326488.004   326610.005
   635:   326812.009   327008.001   327105.003   327228.005   327331.009
   640:   327720.001   327961.003   328079.005   328113.009   328484.001
   645:   328878.003   329011.005   329053.009   329352.001   329886.003
   650:   330307.001   330745.003   331037.005   331117.009   331152.005
   655:   331216.009   331239.005   331427.009   334269.005   334277.009
   660:   334515.001   334666.003   334871.001   335621.018   336079.003
   665:   336085.016   336135.026   336213.005   336789.009   338453.005
   670:   338556.009   339377.005   339403.009   340953.005   341030.009
   675:   341801.001   341991.003   342007.005   342182.009   343231.001
   680:   343354.003   343506.005   343562.009   343843.001   344593.018
   685:   344838.003   344844.016   344894.026   344937.001   345016.003
   690:   345124.005   345474.009   346141.001   346260.003   346325.005
   695:   346651.009   347974.001   348041.003   348134.005   348223.009
   700:   349020.005   349084.009   349144.005   349186.009   349361.001
   705:   350111.018   351886.003   351892.016   351942.026   352089.001
   710:   352320.003   353427.005   353581.009   355291.005   355378.009
   715:   355421.005   355581.009   356102.005   356129.009   356889.001
   720:   357310.003   357438.005   357516.009   357562.005   357806.009
   725:   358802.005   358876.009   359275.005   359339.009   360751.005
   730:   360820.009   363534.005   363559.009   363657.005   363936.009
   735:   364081.005   364176.009   365013.005   365045.009   365325.001
   740:   365469.003   365507.001   366257.018   366269.003   366275.016
   745:   366325.026   366333.005   367083.009   367371.001   367655.005
   750:   367674.003   368349.009   368668.001   369418.018   369464.003
   755:   369470.016   369500.005   369520.026   370013.009   370497.001
   760:   370716.003   370777.005   371213.009   371547.001   372297.018
   765:   372507.003   372513.016   372557.005   372563.026   373102.009
   770:   374084.001   374323.003   374366.005   374743.009   375034.001
   775:   375784.018   375908.003   375914.016   375964.026   375969.005
   780:   376442.009   376664.001   376958.003   376982.005   377415.009
   785:   377667.005   377691.009   377719.005   377736.009   378061.001
   790:   378343.003   378633.005   378681.009   378774.005   378781.009
   795:   379330.001   380080.018   380242.003   380248.016   380298.026
   800:   380328.005   380766.009   384146.001   384234.003   384312.005
   805:   384577.009   385000.005   385081.009   385570.001   385735.003
   810:   385807.005   386125.009   386574.001   387324.018   387450.003
   815:   387456.016   387506.026   387699.005   388097.009   391691.005
   820:   392051.009   392630.005   392680.009   393352.001   393607.003
   825:   393785.005   393852.009   394325.001   394922.003   394937.005
   830:   395401.009   395868.001   396153.003   396296.005   396323.009
   835:   396621.001   397371.018   397396.003   397402.016   397452.026
   840:   397598.001   397657.003   397724.005   398268.009   399214.001
   845:   399330.003   399447.005   399615.009   400119.001   400647.003
   850:   400766.001   400875.003   400937.005   401191.009   401497.001
   855:   402247.018   402428.003   402434.016   402484.026   402524.005
   860:   402932.009   403658.001   403734.003   403827.005   404331.009
   865:   407103.005   407232.009   407700.005   407815.009   407868.005
   870:   409030.009   409036.005   409605.009   409924.002   410040.004
   875:   410170.005   410202.009   410476.001   411226.018   411931.003
   880:   411937.016   411987.026   411998.005   412411.009   413116.001
   885:   413355.003   413412.005   413729.009   414038.001   414788.018
   890:   414938.003   414944.016   414994.026   414998.005   415533.009
   895:   415820.001   416570.018   417170.003   417176.016   417223.005
   900:   417226.026   417644.009   417993.001   418743.018   418780.003
   905:   418786.016   418817.005   418836.026   418838.017   419361.009
   910:   419447.005   419505.009   419789.001   420532.003   420639.005
   915:   421065.009   421541.001   421962.003   422058.005   422421.009
   920:   422765.005   422795.009   423027.001   423933.003   423989.005
   925:   424254.009   424441.001   424520.003   424764.001   425108.003
   930:   425224.005   425475.009   426581.005   426757.009   427554.001
   935:   427640.003   427922.001   427976.003   428115.005   428171.009
   940:   430300.001   430382.003   430496.005   430570.009   430963.001
   945:   431784.003   431875.005   432230.009   432619.001   433053.003
   950:   433088.001   433392.003   433475.001   433969.003   434077.005
   955:   434134.009   434318.005   434332.009   434552.001   435597.003
   960:   435698.005   435961.009   436793.001   436836.003   437178.005
   965:   438019.009   438470.001   438699.003   438803.005   439452.009
   970:   439654.005   439668.009   439706.005   439733.009   441582.001
   975:   441632.003   441783.005   442287.009   443995.005   444108.009
   980:   444678.005   444750.009   444801.005   445019.009   445386.002
   985:   445650.004   445728.005   445812.009   446339.005   446355.009
   990:   446510.001   447454.003   447515.005   447943.009   448081.005
   995:   448141.009   448822.001   449844.005   449857.003   450145.009
  1000:   450654.001   451667.003   451724.005   451819.009   451829.005
  1005:   451857.009   452251.001   452829.003   453035.005   453112.009
  1010:   453668.001   454086.003   455219.001   455382.005   455520.009
  1015:   455601.003   456031.001   456941.003   457212.005   457313.009
  1020:   458045.005   458163.009   458484.001   458532.003   458856.001
  1025:   458900.003   459048.001   459137.003   459235.005   459284.009
  1030:   459642.001   460069.003   460889.005   460921.009   461089.005
  1035:   461390.009   462674.001   462706.003   463083.005   463221.009
  1040:   463346.005   463529.009   463763.005   463782.009   463813.005
  1045:   463906.009   463945.005   464015.009   464083.005   464164.009
  1050:   465407.005   465488.009   466571.005   466640.009   467381.005
  1055:   467408.009   471605.002   471621.004   471722.005   471814.009
  1060:   471837.005   471891.009   472345.005   472609.009   472670.005
  1065:   472881.009   473455.001   473646.003   473752.005   473869.009
  1070:   474191.001   474402.003   477931.005   478207.009   478398.005
  1075:   478564.009   478602.005   478913.009   479599.001   479728.003
  1080:   479810.005   480015.009   481067.005   481231.009   481396.005
  1085:   481505.009   482130.001   482371.003   482521.005   482640.009
  1090:   483792.005   483833.009   484265.001   484906.005   484912.003
  1095:   485121.009   485171.005   485527.009   485901.001   486474.005
  1100:   486551.009   486951.018   488147.003   488153.016   488203.026
  1105:   488230.005   489146.009   489261.005   489284.009   490093.001
  1110:   490478.003   490552.005   490716.009   491049.001   491567.003
  1115:   491621.005   491710.009   491811.005   492092.009   492189.005
  1120:   492198.009   492505.001   493072.003   493180.005   493215.009
  1125:   497834.005   497908.009   498482.005   498542.009   500014.002
  1130:   500076.004   500135.005   500418.009   501159.001   501418.003
  1135:   501661.005   501854.009   502310.001   502823.003   502918.005
  1140:   502964.009   502981.005   503014.009   503342.001   504315.003
  1145:   504429.005   504477.009   510097.005   510241.009   511487.005
  1150:   511756.009   513172.001   513305.003   513400.005   513546.009
  1155:   513589.005   513828.009   523342.005   523645.009   524804.005
  1160:   524981.009   525706.001   526008.003   526098.005   526276.009
  1165:   526489.001   527171.003   527196.005   527469.009   527500.005
  1170:   527762.009   528100.001   528434.003   528458.005   528887.009
  1175:   528905.005   529049.009   529243.001   530293.018   530542.005
  1180:   530666.009   530683.005   530812.009   530868.003   530874.016
  1185:   530924.026   531085.005   531679.009   532875.001   532984.003
  1190:   533074.005   533198.009   533615.001   534215.003   534284.005
  1195:   534524.009   534718.001   535262.003   535310.005   535459.009
  1200:   535835.001   536739.003   537631.005   537828.009   537926.005
  1205:   537931.009   538218.001   539268.018   539785.003   539791.016
  1210:   539841.026   539862.005   540329.009   542687.005   542721.009
  1215:   543401.001   543638.003   543711.005   543837.009   544051.001
  1220:   545101.018   545439.003   545445.016   545495.026   545532.005
  1225:   545891.009   547173.005   547323.009   547935.001   548107.003
  1230:   548175.005   548427.009   548647.001   549164.003   549210.005
  1235:   549325.009   549854.001   550504.003   550593.005   550688.009
  1240:   550908.001   551560.003   551612.001   551815.003   551899.005
  1245:   551983.009   552019.005   552042.009   553894.001   554083.003
  1250:   554191.005   554254.009   555513.001   555673.003   555763.005
  1255:   556078.009   556881.001   557085.003   559474.005   559772.009
  1260:   560024.001   561074.018   561980.003   561986.016   562036.026
  1265:   562067.005   562897.009   563776.001   564428.003   564489.005
  1270:   565547.009   565557.005   565962.009   566643.001   567693.018
  1275:   567730.003   567736.016   567771.005   567786.026   568572.009
  1280:   568712.005   568892.009   569219.001   569417.003   569999.001
  1285:   570230.003   570275.005   570553.009   570743.001   571662.003
  1290:   571754.005   571830.009   571907.005   571977.009   572238.001
  1295:   573288.018   573433.003   573439.016   573487.005   573489.026
  1300:   573915.009   574361.001   574935.003   575000.005   575549.009
  1305:   575819.001   576556.003   576606.005   577267.009   577497.001
  1310:   578547.018   578630.003   578636.016   578673.005   578686.026
  1315:   579982.009   580403.001   580679.003   580773.005   581407.009
  1320:   581445.005   581478.009   581735.001   582227.003   582267.005
  1325:   582861.009   583139.001   583967.003   583988.005   584270.009
  1330:   584486.001   585536.018   585640.003   585646.016   585656.005
  1335:   585661.009   585670.005   585696.026   586392.009   587154.001
  1340:   587396.003   587437.005   588158.009   588176.005   588572.009
  1345:   588894.001   589018.003   589507.005   589721.009   590042.001
  1350:   590422.003   590481.005   590825.009   591075.001   592125.018
  1355:   592411.003   592417.016   592466.005   592467.026   593185.009
  1360:   593203.005   593724.009   593766.005   594373.009   594453.005
  1365:   595124.009   595148.005   595156.009   595166.005   595190.009
  1370:   595233.005   595256.009   595473.001   595708.003   595828.005
  1375:   595924.009   596084.005   596112.009   596536.001   597255.003
  1380:   597284.005   597599.009   597783.001   598267.005   598281.003
  1385:   598315.009   598360.005   598670.009   598824.001   599804.003
  1390:   599842.005   600187.009   600365.001   601137.003   601186.005
  1395:   601265.009   601504.001   602479.003   602511.005   602575.009
  1400:   602778.001   603828.018   603948.003   603954.016   604004.026
  1405:   604041.005   604644.009   605361.001   605479.003   605587.005
  1410:   605677.009   606945.001   607355.003   607429.005   608115.009
  1415:   608430.001   608686.003   608776.005   608845.009   608880.005
  1420:   609004.009   609219.001   610269.018   610363.003   610369.016
  1425:   610379.005   610419.026   611461.009   611481.005   611658.009
  1430:   611671.005   611972.009   612340.002   612490.004   612551.005
  1435:   612698.009   612991.001   613232.003   613311.005   613352.009
  1440:   613787.001   614508.005   614527.003   615072.009   615096.005
  1445:   615130.009   615391.001   616014.005   616054.003   616096.009
  1450:   616137.005   616427.009   616695.001   617231.003   617272.005
  1455:   617301.009   617304.005   617329.009   617923.001   618973.018
  1460:   619496.003   619502.016   619508.005   619552.026   620199.009
  1465:   620228.005   620246.009   620273.005   620293.009   620549.001
  1470:   621018.003   621048.005   621408.009   621822.001   622580.003
  1475:   622597.005   622659.009   622706.005   622829.009   623101.001
  1480:   624086.005   624093.003   624493.009   624705.001   624916.003
  1485:   624968.005   625142.009   625306.001   625976.003   626003.005
  1490:   626022.009   626029.005   626050.009   626115.005   626127.009
  1495:   626135.005   626225.009   627167.001   627464.003   627504.005
  1500:   627537.009   628162.001   628432.005   628494.003   628883.009
  1505:   629116.001   629295.003   629361.001   630411.018   630868.003
  1510:   630874.016   630877.005   630908.009   630913.005   630924.026
  1515:   631906.009   632094.005   632451.009   632654.005   632731.009
  1520:   632999.002   633191.004   633224.005   633465.009   633684.001
  1525:   633895.003   633996.005   634042.009   634682.001   635732.018
  1530:   635904.003   635910.016   635936.005   635960.026   636485.009
  1535:   636691.001   637223.005   637244.003   637977.009   638266.001
  1540:   638735.003   638751.005   638931.009   639214.001   640251.003
  1545:   640276.005   640973.009   641238.001   642051.003   642079.005
  1550:   642379.009   642549.001   643599.018   644068.003   644074.016
  1555:   644117.005   644124.026   644908.009   645125.001   645245.003
  1560:   646238.001   646498.005   646499.003   646940.009   647169.001
  1565:   647384.003   647434.001   647851.003   647897.005   648431.009
  1570:   648659.001   649516.003   649533.005   649931.009   650347.001
  1575:   651192.003   651215.005   651707.009   651955.001   652948.005
  1580:   652957.003   653172.009   653388.001   653576.003   653616.001
  1585:   653774.003   654341.001   654561.003   654673.005   654761.009
  1590:   654782.005   654844.009   655043.001   655151.003   655195.001
  1595:   656245.018   656248.003   656254.016   656304.026   656341.005
  1600:   656879.009   659685.001   659759.003   659857.005   660007.009
  1605:   660528.005   660642.009   661268.001   661314.003   661499.005
  1610:   661533.009   662168.001   662456.003   662549.005   662571.009
  1615:   662582.005   662597.009   663113.001   664163.018   664625.003
  1620:   664631.016   664659.005   664681.026   665158.009   667700.001
  1625:   667775.003   667897.005   667970.009   668024.005   668151.009
  1630:   668330.005   668486.009   668875.001   669925.018   669954.003
  1635:   669960.016   670010.026   670025.005   670512.009   672831.001
  1640:   672895.003   672991.005   673072.009   673130.005   673242.009
  1645:   673757.001   673939.003   674024.005   674107.009   674483.001
  1650:   675081.003   675132.005   675356.009   675684.001   676734.018
  1655:   676925.003   676931.016   676952.005   676981.026   677440.009
  1660:   678197.001   678679.003   678732.005   679138.009   679492.001
  1665:   680343.003   680394.005   680723.009   681252.001   682302.018
  1670:   682488.003   682492.005   682494.016   682544.026   683878.009
  1675:   683915.005   683982.009   684010.005   684023.009   684537.001
  1680:   685454.005   685456.003   686119.009   686332.001   687382.018
  1685:   687416.003   687422.016   687465.005   687472.026   687921.009
  1690:   690971.005   691150.009   691832.001   692334.003   692390.005
  1695:   692687.009   692950.001   693872.003   693890.005   694969.009
  1700:   695200.001   696181.003   696212.005   696698.009   696751.005
  1705:   697101.009   697477.001   698039.003   698071.005   698431.009
  1710:   698630.001   699489.003   699545.005   699638.009   699663.005
  1715:   699818.009   700030.001   700916.003   700963.005   701490.009
  1720:   701818.001   702359.003   702451.005   702585.009   702839.001
  1725:   703475.003   703543.001   703602.003   703671.005   704062.009
  1730:   704263.001   705312.003   705369.005   705440.009   705782.001
  1735:   706832.018   707334.003   707340.016   707384.005   707390.026
  1740:   708126.009   708141.005   708335.009   709183.001   709314.003
  1745:   709392.005   709501.009   713155.005   713640.009   714098.001
  1750:   714316.003   714436.005   714512.009   714569.005   714660.009
  1755:   715086.001   715692.003   715830.005   715883.009   716210.001
  1760:   717260.018   717542.005   717574.003   717580.016   717630.026
  1765:   718320.009   718358.005   718361.009   718367.005   718552.009
  1770:   718556.005   718704.009   718995.001   719710.003   719721.005
  1775:   720165.009   720416.001   721322.003   721322.005   721615.009
  1780:   722477.001   722980.005   723060.009   723142.003   723293.001
  1785:   723723.003   723765.005   723851.009   724007.001   725057.018
  1790:   725250.005   725322.003   725328.016   725378.026   726600.009
  1795:   726618.005   726705.009   727026.001   727751.003   727767.005
  1800:   728211.009   728261.005   728278.009   728489.001   729044.003
  1805:   729144.005   729203.009   729537.001   730240.003   730311.005
  1810:   730428.009   731367.001   731491.003   731614.005   731782.009
  1815:   732176.001   732685.003   732745.005   732813.009   732847.005
  1820:   733001.009   733245.001   734295.018   734429.003   734435.016
  1825:   734477.005   734485.026   735004.009   736207.001   736279.003
  1830:   736381.001   736602.003   736661.005   737613.009   737933.001
  1835:   738300.003   738337.001   738474.003   738555.005   738662.009
  1840:   739214.001   739641.003   739730.005   740017.009   740245.001
  1845:   741051.003   741109.005   741204.009   741225.005   741427.009
  1850:   741677.001   742571.003   742603.005   742696.009   742989.001
  1855:   744039.018   744145.003   744151.016   744201.026   744207.005
  1860:   744716.009   750848.005   750853.009   750863.005   751120.009
  1865:   751339.001   751653.003   751928.005   751970.009   752960.001
  1870:   752996.003   753222.005   753491.009   753726.001   754686.003
  1875:   754717.005   754853.009   754875.005   755115.009   755311.001
  1880:   755437.003   755478.001   756528.018   756618.003   756624.016
  1885:   756669.005   756674.026   757118.009   757725.001   758110.003
  1890:   758167.005   758444.009   764138.005   764420.009   764471.005
  1895:   764904.009   764921.005   764928.009   765020.005   765120.009
  1900:   765904.001   766091.003   766162.005   766509.009   766981.001
  1905:   767412.003   767469.001   767652.003   767717.005   767942.009
  1910:   768214.001   769062.003   769106.005   769398.009   769423.005
  1915:   769563.009   769951.001   770385.003   770410.001   770519.003
  1920:   770528.005   771190.009   771381.001   772060.005   772155.003
  1925:   772160.009   772315.005   772464.009   772829.001   773716.003
  1930:   773746.005   773835.009   773859.005   774042.009   774221.001
  1935:   774808.003   774875.005   775354.009   775569.001   776341.003
  1940:   776383.005   776573.009   776931.001   777317.003   777392.005
  1945:   777550.009   777846.001   778639.003   778716.005   778782.009
  1950:   779048.001   779789.003   779862.005   779912.009   780283.001
  1955:   780723.003   780795.005   780858.009   780928.005   781165.009
  1960:   781355.001   781950.003   782009.005   782051.009   782277.001
  1965:   783250.003   783309.005   783428.009   783758.001   784808.018
  1970:   785256.003   785262.016   785312.026   785317.005   785774.009
  1975:   786571.005   786623.009   786701.005   786858.009   787027.001
  1980:   787705.003   787743.005   788070.009   788285.001   789335.018
  1985:   790107.003   790113.016   790163.026   790191.005   790696.009
  1990:   792412.001   792543.003   792643.001   793173.003   793225.005
  1995:   793297.009   793701.001   794044.003   794133.005   794154.009
  2000:   794165.005   794177.009   794629.001   795472.003   795549.005
  2005:   795585.009   795979.001   796756.003   797142.005   797178.009
  2010:   797194.005   797204.009   798287.001   798364.003   798558.005
  2015:   798604.009   808217.005   808599.009   808854.005   808895.009
  2020:   809652.001   810562.005   810702.018   810728.003   810734.016
  2025:   810784.026   811645.009   811704.005   811855.009   811948.005
  2030:   811975.009   811976.005   812149.009   812913.001   813963.018
  2035:   814107.005   814158.003   814164.016   814214.026   815159.009
  2040:   815188.005   815984.009   816077.005   816137.009   816624.001
  2045:   816859.005   816869.003   817160.009   818457.001   819350.003
  2050:   819362.005   819631.009   819965.001   821015.018   821082.003
  2055:   821088.016   821106.005   821138.026   821607.009   822440.001
  2060:   822911.003   822989.005   823140.009   828540.005   828733.009
  2065:   828780.005   828878.009   829206.001   829766.003   829781.005
  2070:   830355.009   830725.001   831181.003   831586.001   832636.018
  2075:   832930.003   832936.016   832986.026   832995.005   833663.009
  2080:   833699.005   833820.009   834203.001   834878.003   834934.005
  2085:   835353.009   835597.001   836647.018   836670.003   836676.016
  2090:   836724.005   836726.026   837301.009   837321.005   837328.009
  2095:   837538.001   838258.003   838299.005   838709.009   838982.001
  2100:   840032.018   840034.003   840040.016   840060.005   840090.026
  2105:   840648.009   840865.001   841094.003   841135.001   841217.003
  2110:   841631.005   841787.009   841815.005   842015.009   842481.001
  2115:   843492.003   843522.005   844077.009   844344.001   844984.003
  2120:   845074.005   845125.009   845394.001   846126.003   846171.005
  2125:   846542.009   846576.005   846770.009   847094.001   848144.018
  2130:   848789.003   848795.016   848845.026   849076.005   849827.009
  2135:   849864.005   850067.009   851276.005   851343.009   851787.005
  2140:   851808.009   851977.005   852098.009   852550.001   853382.003
  2145:   853421.005   853782.009   854033.005   854151.009   854534.001
  2150:   854785.003   855270.001   856320.018   856450.003   856456.016
  2155:   856480.005   856506.026   857120.009   858351.005   858361.009
  2160:   858546.001   859098.003   859127.005   859442.009   859660.001
  2165:   860477.003   860525.005   860686.009   860903.001   861404.003
  2170:   861463.005   861613.009   861660.005   862081.009   862094.005
  2175:   862379.009   862651.001   863265.003   863282.005   863315.009
  2180:   864451.005   864508.009   865114.002   865473.004   866441.002
  2185:   866581.004   866665.005   867069.009   867172.005   867176.009
  2190:   867203.005   867341.009   867920.005   868116.009   868165.005
  2195:   868173.009   868557.001   868594.003   868613.001   868813.005
  2200:   868891.009   868947.005   868981.003   869410.009   869830.001
  2205:   870285.005   870292.009   870880.018   871467.005   871478.003
  2210:   871484.016   871534.026   872207.009   872230.005   872240.009
  2215:   872370.005   872551.009   872910.005   872915.009   872921.005
  2220:   873018.009   873227.001   874277.018   874295.005   874311.003
  2225:   874317.016   874367.026   875034.009   876097.005   876277.009
  2230:   876584.001   877386.003   877408.005   877638.009   878173.001
  2235:   878698.003   881304.001   881620.003   882346.001   882720.005
  2240:   882730.003   882968.009   883085.005   883302.009   884717.005
  2245:   884769.009   885087.001   885824.003   885828.005   886091.009
  2250:   886427.001   886972.005   887034.009   887477.018   888795.003
  2255:   888801.016   888851.026   888974.005   889458.009   889501.005
  2260:   889593.009   889960.005   890045.009   890306.001   890911.003
  2265:   890937.005   891045.009   891319.001   892058.003   892060.005
  2270:   892417.009   892594.001   893214.003   893258.005   893331.009
  2275:   893634.001   894420.003   894426.005   894687.009   894878.001
  2280:   895875.003   895916.005   896295.009   896465.001   897515.018
  2285:   897608.005   897625.003   897631.016   897681.026   898201.009
  2290:   899252.001   899540.003   899595.005   900116.009   900364.001
  2295:   901038.003   901097.005   901155.009   901193.005   901348.009
  2300:   901527.001   902444.003   902487.005   903054.009   903295.005
  2305:   903359.009   903619.005   903749.009   904482.005   904538.009
  2310:   904850.001   905316.003   905404.005   905546.009   905556.005
  2315:   905980.009   906150.001   907200.018   907415.003   907421.016
  2320:   907436.005   907471.026   908479.009   908505.005   908829.009
  2325:   909646.001   909868.003   909915.005   910167.009   910687.001
  2330:   911154.003   911243.005   911323.009   911566.001   912616.018
  2335:   912683.005   912716.003   912722.016   912772.026   913253.009
  2340:   913431.005   913952.009   914832.005   914911.009   915691.005
  2345:   915743.009   922547.005   922562.009   922585.005   922801.009
  2350:   922905.005   923169.009   923179.005   923185.009   923707.001
  2355:   924234.005   924261.003   924895.009   925456.001   926111.005
  2360:   926133.003   927025.009   927702.001   928694.003   928727.005
  2365:   929076.009   929303.001   929885.005   929889.003   929907.009
  2370:   930049.005   930111.009   930599.001   931649.018   931881.003
  2375:   931887.016   931888.005   931937.026   933173.009   933537.001
  2380:   934344.003   934351.005   934890.009   935080.001   935866.003
  2385:   935895.005   936164.009   936328.001   937044.003   937058.005
  2390:   937471.009   937651.001   938241.005   938290.009   938701.018
  2395:   939507.003   939513.016   939552.005   939563.026   940071.009
  2400:   940267.001   940965.003   941612.005   941834.009   942138.001
  2405:   942956.003   943008.005   943101.009   943135.005   943373.009
  2410:   943538.001   944588.018   944746.003   944752.016   944772.005
  2415:   944802.026   945531.009   946632.005   946707.009   946726.005
  2420:   946813.009   947312.001   948024.005   948053.003   948418.009
  2425:   948638.001   949453.003   949463.005   949735.009   949934.001
  2430:   950766.003   950803.005   950987.009   951140.001   952188.003
  2435:   952240.005   952318.009   952356.005   952479.009   952636.001
  2440:   953686.018   954354.003   954357.005   954360.016   954410.026
  2445:   955261.009   955848.001   956522.003   956574.005   956626.009
  2450:   957169.001   957999.003   958086.005   958423.009   959062.001
  2455:   959412.003   959548.005   960026.009   960292.001   960946.003
  2460:   961000.005   961142.009   961627.001   962677.018   962844.003
  2465:   962845.005   962850.016   962900.026   963713.009   965351.005
  2470:   965529.009   966131.001   967181.018   967390.005   967397.003
  2475:   967403.016   967453.026   968026.009   970464.005   970734.009
  2480:   971313.001   971819.005   971878.003   972291.009   972520.001
  2485:   973569.003   973590.005   973837.009   974061.001   975111.018
  2490:   975409.005   975435.003   975441.016   975491.026   976078.009
  2495:   976730.001   977483.003   977500.005   977781.009   978001.001
  2500:   979051.018   979167.003   979173.016   979215.005   979223.026
  2505:   979775.009   979857.005   980085.009   980362.001   980648.005
  2510:   980679.003   980731.009   980755.005   981002.009   981273.001
  2515:   981999.003   982756.005   982875.009   983318.001   984080.005
  2520:   984115.003   984391.009   984563.001   985563.003   987091.005
  2525:   987789.009   988576.001   989285.005   989297.003   989601.009
  2530:   989869.001   990868.003   990913.005   991292.009   991482.001
  2535:   992532.018   992534.003   992538.005   992540.016   992590.026
  2540:   993100.009   993859.001   994321.003   994378.005   994813.009
  2545:   995015.001   995943.003   995964.005   996420.009   996606.001
  2550:   997359.003   997393.005   997804.009   997992.001   998800.003
  2555:   998828.005   999009.009   999186.001  1000180.003  1000233.005
  2560:  1000506.009  1000555.005  1000797.009  1000975.005  1001013.009
  2565:  1001458.001  1002508.018  1002642.003  1002648.016  1002698.026
  2570:  1002703.005  1003230.009  1004543.001  1004797.005  1004838.003
  2575:  1005171.009  1010221.005  1010515.009  1010518.005  1010525.009
  2580:  1011058.001  1011637.003  1011658.005  1012098.009  1012329.001
  2585:  1012893.005  1012894.003  1013179.009  1013423.001  1013926.003
  2590:  1014008.005  1014020.009  1014523.001  1015573.018  1015794.003
  2595:  1015800.016  1015804.005  1015850.026  1016295.009  1016308.005
  2600:  1016792.009  1017081.001  1017240.003  1018919.005  1019439.009
  2605:  1023076.005  1023408.009  1023832.001  1024100.003  1024109.005
  2610:  1024432.009  1024635.001  1025685.018  1025919.003  1025922.005
  2615:  1025925.016  1025975.026  1026459.009  1026496.005  1026497.009
  2620:  1027790.005  1028060.009  1028622.001  1029408.005  1029421.003
  2625:  1029669.009  1039810.005  1039897.009  1039908.005  1039986.009
  2630:  1040285.001  1040746.003  1040832.005  1041116.009  1041480.001
  2635:  1042436.003  1042494.005  1042749.009  1042997.001  1043329.003
  2640:  1043371.005  1043589.009  1043841.001  1044537.003  1044597.005
  2645:  1044676.009  1044702.005  1044826.009  1045023.001  1046073.018
  2650:  1046082.003  1046088.016  1046138.026  1046160.005  1047499.009
  2655:  1047935.005  1048042.009  1048953.001  1049958.003  1050574.005
  2660:  1050753.009  1051442.001  1052331.003  1052349.005  1052683.009
  2665:  1074854.005  1074887.009  1074904.005  1074933.009  1074997.005
  2670:  1075140.009  1075327.005  1075359.009  1166006.005  1166417.009
  2675:  1167075.001  1167569.003  1167653.005  1168215.009  1189566.005
  2680:  1190032.009  1190412.001  1191400.005  1191432.003  1191820.009
  2685:  1209512.005  1209531.009  1209564.005  1209683.009  1210049.001
  2690:  1211099.018  1211435.005  1211438.003  1211444.016  1211494.026
  2695:  1212304.009  1212341.005  1212352.009  1212369.005  1212573.009
  2700:  1212603.005  1212655.009  1214312.005  1214538.009  1215038.001
  2705:  1215656.003  1215672.005  1215979.009  1216239.001  1216625.003
  2710:  1216677.005  1216870.009  1217092.001  1217943.003  1217998.005
  2715:  1218116.009  1218309.001  1218894.003  1218939.005  1219033.009
  2720:  1219248.005  1219260.009  1219273.005  1219533.009  1219703.001
  2725:  1220582.003  1220844.005  1221109.009  1229223.005  1229323.009
  2730:  1229977.001  1231027.018  1231155.005  1231223.003  1231229.016
  2735:  1231279.026  1232393.009  1232412.005  1232554.009  1232760.005
  2740:  1232828.009  1232854.005  1232874.009  1232885.005  1233005.009
  2745:  1233347.001  1233684.003  1233762.005  1234004.009  1234274.001
  2750:  1234862.003  1234881.005  1235136.009  1235371.001  1235707.003
  2755:  1236448.005  1236483.009  1236849.001  1237899.018  1238407.003
  2760:  1238413.016  1238463.026  1238478.005  1239182.009  1239685.001
  2765:  1240728.003  1241093.005  1241201.009  1241532.001  1242064.003
  2770:  1242110.005  1242333.009  1242531.001  1243266.003  1243319.005
  2775:  1243417.009  1243753.001  1244356.003  1244403.005  1244440.009
  2780:  1244744.001  1245671.003  1245727.005  1245788.009  1245910.005
  2785:  1246164.009  1246330.001  1247380.018  1247549.003  1247555.016
  2790:  1247591.005  1247605.026  1248142.009  1248565.001  1249067.003
  2795:  1249662.005  1249889.009  1250726.001  1251424.003  1251495.005
  2800:  1251606.009  1251614.005  1251841.009  1252211.001  1253072.003
  2805:  1253144.005  1253464.009  1253700.001  1254750.018  1254792.003
  2810:  1254798.016  1254848.026  1254849.005  1255389.009  1255760.001
  2815:  1256289.003  1256851.005  1256983.009  1257391.001  1258143.003
  2820:  1258201.005  1258474.009  1258865.005  1258909.009  1259181.001
  2825:  1260231.018  1260328.003  1260334.016  1260370.005  1260384.026
  2830:  1260933.009  1261466.001  1261994.003  1262046.005  1262166.009
  2835:  1262383.001  1263186.003  1263213.005  1263471.009  1263702.001
  2840:  1264073.003  1264104.001  1264670.003  1264747.005  1264821.009
  2845:  1265098.001  1266148.018  1266456.003  1266462.016  1266512.026
  2850:  1266530.005  1266986.009  1270166.005  1270396.009  1271267.001
  2855:  1271317.003  1271418.005  1271606.009  1272128.001  1272869.003
  2860:  1272883.001  1273269.003  1273299.005  1273806.009  1274304.001
  2865:  1275238.003  1275307.005  1275503.009  1275816.001  1276792.003
  2870:  1276885.005  1277622.009  1278302.001  1278486.003  1278537.005
  2875:  1278723.009  1279053.001  1279186.003  1279259.001  1279560.003
  2880:  1279703.005  1279813.009  1280242.001  1281133.003  1281207.005
  2885:  1281788.009  1282703.001  1283450.003  1283511.005  1283837.009
  2890:  1284594.005  1284610.009  1284842.001  1285892.018  1286023.003
  2895:  1286029.016  1286079.026  1286084.005  1286624.009  1286901.001
  2900:  1287806.003  1287851.005  1288198.009  1288779.001  1289829.018
  2905:  1289985.003  1289991.016  1290023.005  1290041.026  1290641.009
  2910:  1291254.001  1291328.003  1291654.001  1292266.003  1292295.005
  2915:  1292615.009  1293850.001  1294322.003  1294399.005  1294592.009
  2920:  1295071.001  1295521.003  1295610.005  1295697.009  1296023.001
  2925:  1296069.003  1296554.001  1296883.003  1296937.001  1296952.005
  2930:  1296982.003  1297025.009  1297041.005  1297299.009  1299021.001
  2935:  1299164.003  1299240.005  1299970.009  1300453.001  1300714.003
  2940:  1301211.001  1301543.003  1301618.005  1301877.009  1302680.001
  2945:  1302844.003  1303172.005  1303198.009  1304057.001  1304283.003
  2950:  1304376.005  1304463.009  1304528.005  1304871.009  1305628.001
  2955:  1306664.003  1306742.005  1307087.009  1307329.001  1307513.003
  2960:  1307764.001  1308271.003  1308363.005  1308731.009  1309085.001
  2965:  1310023.003  1310058.005  1310132.009  1310687.001  1311737.018
  2970:  1311832.003  1311838.016  1311888.026  1312195.005  1313023.009
  2975:  1313032.005  1313104.009  1314965.001  1315078.003  1315174.005
  2980:  1315270.009  1315916.005  1315941.009  1316163.001  1316664.003
  2985:  1317433.001  1318483.018  1318518.003  1318524.016  1318574.026
  2990:  1318594.005  1319087.009  1319651.001  1320077.003  1320512.005
  2995:  1320651.009  1320772.005  1320837.009  1321386.001  1322208.003
  3000:  1322249.005  1322506.009  1323469.001  1324333.005  1324337.003
  3005:  1324657.009  1326051.001  1326111.003  1326352.005  1326397.009
  3010:  1326650.001  1327700.018  1328507.003  1328513.016  1328519.005
  3015:  1328563.026  1329383.009  1329447.005  1329628.009  1335890.005
  3020:  1335968.009  1336037.005  1336182.009  1336286.005  1336762.009
  3025:  1337262.001  1337911.005  1337913.003  1338373.009  1338587.001
  3030:  1339637.018  1340034.005  1340061.003  1340067.016  1340117.026
  3035:  1340633.009  1342522.001  1343398.003  1343449.005  1343697.009
  3040:  1347368.005  1347808.009  1348423.001  1348470.003  1348565.005
  3045:  1349240.009  1355016.005  1355108.009  1355118.005  1355123.009
  3050:  1355191.005  1355320.009  1355342.005  1355493.009  1355994.001
  3055:  1356485.003  1356503.005  1357084.009  1362732.005  1362932.009
  3060:  1363205.001  1363648.003  1363659.005  1364018.009  1364281.001
  3065:  1365058.005  1365076.003  1365311.009  1365545.001  1366579.005
  3070:  1366584.003  1367037.009  1367324.001  1367760.003  1368692.001
  3075:  1369742.018  1369830.005  1369835.003  1369841.016  1369891.026
  3080:  1370611.009  1370750.005  1370764.009  1370862.005  1371105.009
  3085:  1371312.001  1371589.003  1371869.005  1371892.009  1371906.005
  3090:  1371932.009  1372461.001  1373184.003  1373255.005  1373337.009
  3095:  1373760.001  1374514.003  1375019.001  1375793.003  1375812.005
  3100:  1375988.009  1376166.001  1377216.018  1377409.003  1377414.005
  3105:  1377415.016  1377465.026  1378339.009  1378373.005  1378385.009
  3110:  1378388.005  1378515.009  1379989.005  1380057.009  1380394.001
  3115:  1380773.003  1381204.005  1381274.009  1381294.005  1381335.009
  3120:  1381558.001  1382480.005  1382498.003  1382909.009  1384040.001
  3125:  1384458.003  1384477.005  1384631.009  1384839.001  1385796.003
  3130:  1385807.005  1386035.009  1387407.001  1387467.003  1387560.005
  3135:  1387888.009  1388179.001  1389098.003  1389118.005  1389361.009
  3140:  1389554.001  1390551.003  1390593.005  1390874.009  1391875.001
  3145:  1392379.003  1392445.005  1392699.009  1393009.001  1393742.003
  3150:  1393802.005  1393898.009  1394406.001  1395266.003  1395341.005
  3155:  1395933.009  1395971.005  1395990.009  1396391.001  1397428.003
  3160:  1397500.005  1397847.009  1398097.001  1399147.018  1399246.003
  3165:  1399252.016  1399269.005  1399302.026  1400733.009  1400835.005
  3170:  1400977.009  1401190.001  1401679.003  1401767.005  1401873.009
  3175:  1402634.001  1403184.003  1403704.005  1403835.009  1404197.001
  3180:  1404353.003  1404476.001  1404940.003  1405001.005  1405281.009
  3185:  1405518.001  1406404.003  1406462.005  1406697.009  1406930.001
  3190:  1407782.003  1407892.005  1407929.009  1408381.001  1409431.018
  3195:  1409776.003  1409782.016  1409832.026  1409843.005  1410571.009
  3200:  1410600.005  1410691.009  1418974.005  1419001.009  1419029.005
  3205:  1419174.009  1419448.005  1419554.009  1419821.001  1420580.005
  3210:  1420597.003  1420809.009  1421011.001  1421929.003  1422002.005
  3215:  1422067.009  1422531.001  1423504.003  1423550.005  1423827.009
  3220:  1423885.005  1424065.009  1424461.001  1425511.018  1425608.003
  3225:  1425614.016  1425664.026  1425881.005  1426527.009  1432952.005
  3230:  1433010.009  1433025.005  1433226.009  1433525.001  1434247.003
  3235:  1434326.005  1434409.009  1434435.005  1434545.009  1434830.001
  3240:  1435637.003  1435663.005  1435995.009  1436332.001  1437024.003
  3245:  1437067.005  1437365.009  1437565.001  1438412.003  1438463.005
  3250:  1438789.009  1438971.001  1439946.003  1440001.005  1440085.009
  3255:  1440370.001  1441420.018  1441861.003  1441867.016  1441914.005
  3260:  1441917.026  1443155.009  1443178.005  1443383.009  1444040.001
  3265:  1444874.003  1444950.005  1445282.009  1450882.001  1451260.005
  3270:  1451379.003  1451385.009  1451433.005  1451810.009  1452332.001
  3275:  1452427.003  1452750.001  1453186.005  1453247.009  1453345.003
  3280:  1454061.001  1454164.003  1454372.001  1454585.005  1454643.003
  3285:  1455111.009  1455558.001  1455878.003  1455940.001  1456506.003
  3290:  1456590.005  1456723.009  1456920.001  1457970.018  1458686.005
  3295:  1458727.003  1458733.016  1458783.026  1459625.009  1459711.005
  3300:  1460017.009  1460097.005  1460129.009  1460501.001  1461462.003
  3305:  1461464.005  1462011.009  1462268.001  1462435.003  1463437.001
  3310:  1464308.005  1464330.003  1464645.009  1465089.001  1466057.005
  3315:  1466100.003  1466118.009  1466603.001  1467653.018  1467832.003
  3320:  1467838.016  1467860.005  1467888.026  1468913.009  1475181.005
  3325:  1475191.009  1475216.005  1475356.009  1475409.005  1475473.009
  3330:  1475778.001  1476828.018  1477427.003  1477433.016  1477483.026
  3335:  1477493.005  1478141.009  1478181.005  1478262.009  1484843.005
  3340:  1485173.009  1485308.005  1485416.009  1485650.001  1486419.003
  3345:  1486429.005  1486658.009  1486687.005  1486709.009  1487089.001
  3350:  1488139.018  1488669.003  1488675.016  1488725.026  1488930.005
  3355:  1489535.009  1489579.005  1489620.009  1491411.001  1491824.003
  3360:  1491926.005  1492126.009  1494180.001  1495230.018  1495308.003
  3365:  1495314.016  1495364.026  1495366.005  1495884.009  1496433.001
  3370:  1496580.003  1498079.001  1498498.003  1498575.005  1499142.009
B:
     0:        0.000      566.000       27.000      566.000       27.000
     5:      930.000        0.000        0.000        0.000      930.000
    10:        0.000        1.000        0.000        0.000        0.000
    15:        0.000      109.000        1.000      109.000        0.000
    20:        0.000        0.000        0.000        0.000        0.000
    25:        0.000      109.000        0.000        0.000        0.000
    30:        0.000
D:
     0:  3723419.000  3723001.000  3723420.000
E:
     0:      750.000     1050.000
T:
     0:        0.000        0.000        0.000        0.000
W:
     0:        0.000        0.000        0.000
