File: C:\MED-PC IV\Data\ALFE\AU023.999


Start Date: 02/14/24
End Date: 02/14/24
Subject: 23
Experiment: AU
Group: LINEAR
Box: 3
Start Time: 14:50:03
End Time: 15:40:02
MSN: DRRD_500ms
C:       0.000
F:       2.000
G:       0.000
H:       0.000
I:       0.000
J:       0.000
K:     100.000
L:       0.000
M:       0.000
N:       0.000
O:       0.000
P:       0.000
Q:       0.000
R:       0.000
S:       0.000
U: 2668054.000
V:       0.000
X:       0.000
Y:    1338.000
Z:       0.000
A:
     0:     5624.005     5694.009     6793.005     8118.009    14460.005
     5:    14471.009    14905.001    14972.003    15000.011    15361.001
    10:    15855.003    15878.001    16160.003    16232.001    21232.018
    15:    22182.003    22188.016    22199.005    22238.026    22642.009
    20:    22878.001    27878.018    28089.003    28095.016    28118.001
    25:    28145.026    28397.003    28433.005    30066.009    30150.005
    30:    30329.009    30647.001    35201.005    35205.003    35365.009
    35:    35586.001    40586.018    43878.003    43884.016    43891.005
    40:    43934.026    44333.009    44507.001    44548.003    44578.001
    45:    48126.003    48140.001    50643.005    50647.003    50791.009
    50:    50995.001    54862.003    54965.001    55241.003    55248.005
    55:    55784.009    56177.001    56680.003    56740.001    57129.003
    60:    57146.001    57329.003    57347.001    60712.003    60748.001
    65:    60882.003    60906.001    64322.003    64343.005    64498.009
    70:    64749.001    67190.003    67205.001    71769.003    71781.005
    75:    71965.009    72187.001    77187.018    78866.003    78872.016
    80:    78884.005    78922.026    79245.009    79560.001    84560.018
    85:    84845.003    84851.016    84860.005    84901.026    85386.009
    90:    86039.001    88503.003    88522.001    92149.003    92216.001
    95:    93860.003    93991.001    94124.003    94144.001    95224.003
   100:    95233.005    95380.009    95664.001    95905.003    96379.001
   105:   101040.003   101099.005   101183.009   101464.001   105158.003
   110:   106606.001   108674.003   108844.001   113302.003   113312.005
   115:   113710.009   114159.001   115101.003   115130.001   115233.003
   120:   115249.001   118749.003   118845.001   119657.003   119678.001
   125:   119769.003   119802.001   123916.003   123933.005   124052.009
   130:   124309.001   129309.018   131811.003   131817.016   131845.001
   135:   131867.026   132124.003   132197.005   132732.009   133002.001
   140:   133804.003   133852.001   134145.003   134210.001   134327.003
   145:   134412.001   139412.018   142306.003   142312.016   142331.005
   150:   142362.026   142699.009   142906.001   147906.018   149279.003
   155:   149285.016   149335.026   149380.001   149557.003   149603.005
   160:   149961.009   150173.001   151205.003   151259.001   155488.003
   165:   155499.001   157120.005   157124.003   157303.009   159165.001
   170:   161144.003   161591.001   164728.003   164804.001   167072.003
   175:   167383.005   167496.009   167771.001   171538.003   171563.001
   180:   175084.003   175250.001   176191.003   177674.001   177835.003
   185:   177938.001   178230.003   178872.001   181388.003   181614.001
   190:   183446.003   183471.005   183599.009   184312.001   189312.018
   195:   190267.003   190273.016   190323.026   190480.005   191004.009
   200:   191265.001   196265.018   199351.003   199357.016   199407.026
   205:   199625.005   200300.009   200816.001   203954.003   204228.001
   210:   209002.003   209013.005   209155.009   209328.001   214328.018
   215:   216360.003   216366.016   216416.026   216736.005   217137.009
   220:   217363.001   220154.003   220169.001   222177.005   222178.003
   225:   222409.009   222617.001   223168.003   223193.001   228193.018
   230:   228922.003   228928.016   228978.026   229112.001   229205.003
   235:   229222.005   229815.009   229822.005   229842.009   230433.001
   240:   234255.003   234296.001   234842.003   235189.005   235295.009
   245:   235469.001   238971.003   238972.001   241565.003   241772.001
   250:   244004.003   244069.001   247054.003   247088.005   247362.009
   255:   247551.001   252551.018   254653.003   254659.016   254709.026
   260:   254816.001   254835.003   254894.005   255744.009   256010.001
   265:   256713.003   256752.001   260908.003   261130.001   261195.003
   270:   261246.001   261433.003   261483.001   262132.003   264704.001
   275:   264737.003   264987.001   268604.003   268608.005   268789.009
   280:   268990.001   273990.018   276811.003   276817.016   276833.001
   285:   276867.026   277174.005   277194.003   277460.009   277645.001
   290:   279346.003   279387.001   279476.003   279526.001   281799.003
   295:   281820.001   282148.003   282157.001   284145.003   284153.001
   300:   284745.003   287947.001   288378.003   290409.001   295300.003
   305:   295326.005   295457.009   295630.001   295827.003   296087.001
   310:   299460.003   300162.001   300397.003   300567.001   304196.003
   315:   304223.001   304415.003   304434.001   305583.003   305749.001
   320:   308452.003   308458.005   308718.009   308938.001   309051.003
   325:   309155.001   309853.003   310487.001   311222.003   311233.001
   330:   311249.003   311464.001   316221.003   316377.001   316795.003
   335:   316950.001   319581.003   319621.005   319747.009   320290.001
   340:   325290.018   331094.003   331100.016   331101.005   331150.026
   345:   331751.009   331942.001   334527.003   334595.001   334651.003
   350:   334683.001   339683.018   340226.003   340232.016   340282.026
   355:   340507.005   341347.009   341678.001   346678.018   347213.003
   360:   347219.016   347269.026   347282.001   347403.003   347440.001
   365:   347644.003   347649.005   348122.009   348315.001   353315.018
   370:   357097.003   357103.016   357153.026   357303.001   357338.003
   375:   357419.005   357727.009   358158.001   361917.003   361943.001
   380:   363713.003   364133.001   364639.003   364750.001   368615.003
   385:   368630.005   368990.009   369172.001   369415.003   369839.001
   390:   374839.018   378772.003   378772.005   378778.016   378828.026
   395:   379162.009   379489.001   384148.003   384168.005   384316.009
   400:   384811.001   384975.003   385013.001   385248.003   385279.001
   405:   390279.018   394114.003   394120.016   394165.005   394170.026
   410:   394486.009   395464.001   396482.003   396603.001   401603.018
   415:   402723.003   402729.016   402737.005   402779.026   403239.009
   420:   403910.001   408910.018   408988.003   408994.016   409035.001
   425:   409044.026   409326.003   409358.005   409722.009   410496.001
   430:   415496.018   416947.003   416953.005   416953.016   417003.026
   435:   417292.009   417500.001   419349.003   419403.001   424403.018
   440:   427938.003   427944.016   427957.005   427994.026   428301.009
   445:   428532.001   433498.003   433518.001   438518.018   439978.003
   450:   439984.016   439987.005   440034.026   440398.009   440689.001
   455:   445689.018   450344.003   450350.016   450366.005   450400.026
   460:   450721.009   451441.001   456441.018   462403.003   462409.016
   465:   462423.005   462459.026   463131.009   463537.001   466386.003
   470:   466405.001   471405.018   472549.003   472555.016   472570.005
   475:   472605.026   472940.009   473121.001   478121.018   481019.003
   480:   481025.016   481040.005   481075.026   481420.009   481746.001
   485:   482528.003   482615.001   485392.003   485571.001   487244.003
   490:   487452.001   490696.003   490740.005   491322.009   492631.001
   495:   492801.003   492915.001   494536.003   494602.001   499602.018
   500:   502185.003   502191.016   502204.005   502241.026   502542.009
   505:   503469.001   503784.003   503880.001   508864.003   508942.001
   510:   511173.003   511200.005   511818.009   511847.005   512527.009
   515:   512952.001   513080.003   513137.001   513309.003   513481.001
   520:   513817.003   513871.001   515130.003   515435.001   515601.003
   525:   516005.001   521005.018   523614.003   523620.016   523660.001
   530:   523670.026   523868.003   523943.005   524649.009   525073.001
   535:   526836.003   526960.001   527091.003   527196.001   529957.003
   540:   530154.001   533973.003   533983.005   534210.009   534463.001
   545:   536465.003   536580.001   536690.003   536958.001   537391.003
   550:   538831.001   542999.003   543008.005   543135.009   545459.005
   555:   545526.009   549210.001   554210.018   556631.003   556637.016
   560:   556650.005   556687.026   556993.009   557305.001   562305.018
   565:   564092.003   564094.005   564098.016   564148.026   564492.009
   570:   564707.001   565232.003   565288.001   566124.003   566264.001
   575:   568558.003   568874.001   573874.018   574935.003   574935.005
   580:   574941.016   574991.026   575326.009   576063.001   580641.003
   585:   580764.001   580890.003   580966.001   585099.003   585132.005
   590:   585286.009   585465.001   590465.018   593361.003   593367.016
   595:   593383.005   593417.026   593779.009   594109.001   599109.018
   600:   600558.003   600564.016   600614.026   600722.001   600876.003
   605:   600916.005   601320.009   601818.001   602850.003   602955.001
   610:   607955.018   609242.003   609248.016   609267.005   609298.026
   615:   609608.009   609940.001   611089.003   611201.001   613681.003
   620:   613898.001   618898.018   620062.003   620068.016   620085.005
   625:   620118.026   620454.009   620785.001   623086.003   623122.001
   630:   623854.003   625288.001   630288.018   632804.003   632810.005
   635:   632810.016   632860.026   633642.009   635070.001   635820.003
   640:   635921.001   640005.003   640134.001   641450.003   641524.001
   645:   645535.003   645579.005   645800.009   646536.001   651536.018
   650:   652429.003   652435.016   652485.026   652722.001   652808.003
   655:   652813.005   653879.009   656189.001   656569.003   656613.001
   660:   657297.003   657431.001   660133.003   660233.001   660660.003
   665:   662142.001   664015.003   665414.001   666241.003   666259.001
   670:   668892.003   669044.001   670670.005   670687.003   670912.009
   675:   671107.001   675634.003   676424.001   681424.018   681828.005
   680:   681836.003   681842.016   681892.026   683093.009   683764.001
   685:   684541.003   684737.001   685030.003   685089.001   685306.003
   690:   685379.001   685445.003   685744.005   685965.009   685981.005
   695:   686007.009   686587.001   691587.018   693434.003   693440.016
   700:   693450.005   693490.026   694622.009   694938.001   698284.003
   705:   698493.001   700427.003   700995.001   703589.005   703607.003
   710:   703771.009   703956.001   708956.018   711374.003   711376.005
   715:   711380.016   711430.026   711743.009   711954.001   716954.018
   720:   717726.003   717732.016   717782.026   717970.005   718417.009
   725:   718847.001   719076.003   719692.001   721361.003   722489.001
   730:   727489.018   728618.003   728624.016   728674.026   728693.005
   735:   732794.009   733534.005   733807.009   734289.001   734398.003
   740:   734447.001   739447.018   742159.003   742165.016   742182.005
   745:   742215.026   742628.009   742862.001   747862.018   747959.003
   750:   747965.016   747972.005   748015.026   748568.009   748803.001
   755:   753803.018   757044.003   757050.016   757061.005   757100.026
   760:   757447.009   757652.001   762652.018   765252.003   765258.016
   765:   765269.005   765308.026   766328.009   766529.001   771529.018
   770:   771880.003   771886.016   771890.005   771936.026   772732.009
   775:   772962.001   777962.018   781758.003   781764.016   781780.005
   780:   781814.026   782110.009   782272.001   787272.018   788658.003
   785:   788664.016   788714.001   788714.026   788933.003   788954.005
   790:   789809.009   790919.001   795919.018   799183.003   799189.016
   795:   799204.005   799239.026   799635.009   800210.001   805210.018
   800:   805395.003   805401.016   805451.026   805566.001   805582.005
   805:   805616.009   805648.003   805667.005   806331.009   806802.001
   810:   811683.003   811690.005   812117.009   812494.001   817191.003
   815:   817398.001   822398.018   823075.003   823081.016   823089.005
   820:   823131.026   823705.009   825555.001   826155.003   826188.001
   825:   826903.003   826908.001   827128.003   827207.001   832198.003
   830:   832218.005   832470.009   832676.001   833419.003   833845.001
   835:   834590.003   834763.001   834947.003   838816.001   841264.003
   840:   841395.001   846395.018   847843.003   847849.016   847870.005
   845:   847899.026   848287.009   848647.001   849622.003   849658.001
   850:   854658.018   855266.003   855272.016   855293.005   855322.026
   855:   855778.009   856062.001   857172.003   857232.001   860625.003
   860:   860752.001   861947.003   862007.001   864846.003   864893.005
   865:   865013.009   865296.001   868854.003   868872.005   868992.009
   870:   869238.001   873236.003   873607.001   875500.003   875541.001
   875:   875841.003   875884.001   877057.003   877121.001   877648.003
   880:   877814.001   877899.003   877934.005   878155.009   878406.001
   885:   883406.018   884311.003   884317.016   884367.026   884481.001
   890:   884555.003   884573.005   885214.009   885486.001   890486.018
   895:   892638.003   892644.016   892653.005   892694.026   893052.009
   900:   893071.005   893320.009   894122.001   899122.018   904889.003
   905:   904895.016   904920.005   904945.026   905321.009   906362.001
   910:   911362.018   914959.003   914965.016   915015.026   915059.001
   915:   915141.003   915158.005   915738.009   916036.001   921036.018
   920:   927048.003   927054.016   927079.005   927104.026   927507.009
   925:   928419.001   933419.018   935539.003   935545.016   935595.026
   930:   935709.001   935769.003   935783.005   936457.009   936915.001
   935:   938126.003   938135.001   943135.018   945849.003   945855.016
   940:   945869.005   945905.026   946364.009   947066.001   947435.003
   945:   947487.001   947649.003   947653.001   948169.003   948277.001
   950:   953277.018   958021.003   958027.016   958039.005   958077.026
   955:   958450.009   958958.001   963958.018   970685.003   970691.016
   960:   970704.005   970741.026   971067.009   973962.001   974569.003
   965:   987906.005   988229.009   988525.001   990955.003   991132.001
   970:   993419.003   993791.001   993999.003   994061.001   994831.003
   975:   994896.001   995144.003   995191.001  1000191.018  1001855.003
   980:  1001861.016  1001869.005  1001911.026  1002325.009  1002523.001
   985:  1003784.003  1003855.001  1008855.018  1011080.003  1011082.005
   990:  1011086.016  1011136.026  1012000.009  1012236.001  1017236.018
   995:  1022935.003  1022941.016  1022958.005  1022991.026  1023380.009
  1000:  1023535.001  1028535.018  1033237.003  1033241.005  1033243.016
  1005:  1033293.026  1033988.009  1034175.001  1039175.018  1043972.003
  1010:  1043978.016  1043979.005  1044028.026  1044564.009  1044777.001
  1015:  1049777.018  1056398.003  1056404.016  1056417.005  1056454.026
  1020:  1056804.009  1057163.001  1062163.018  1066013.003  1066019.016
  1025:  1066033.005  1066069.026  1066462.009  1066825.001  1071825.018
  1030:  1076136.003  1076142.016  1076159.005  1076192.026  1076527.009
  1035:  1078964.001  1080472.003  1080490.001  1085490.018  1088017.003
  1040:  1088020.005  1088023.016  1088073.026  1088428.009  1089060.001
  1045:  1089716.003  1089765.001  1094765.018  1097804.003  1097810.016
  1050:  1097860.026  1097962.001  1098033.003  1098053.005  1098581.009
  1055:  1099758.001  1104758.018  1112992.003  1112998.016  1113014.005
  1060:  1113048.026  1113854.009  1114195.001  1119195.018  1124057.003
  1065:  1124063.016  1124113.026  1124122.001  1124205.003  1124227.005
  1070:  1124618.009  1125021.001  1130021.018  1134520.003  1134526.016
  1075:  1134535.005  1134576.026  1135044.009  1135815.001  1140815.018
  1080:  1143651.003  1143657.016  1143707.026  1143773.001  1143969.003
  1085:  1143982.005  1144991.009  1145938.001  1146314.003  1147714.001
  1090:  1152714.018  1160670.003  1160676.016  1160692.005  1160726.026
  1095:  1161095.009  1161431.001  1166431.018  1172724.003  1172730.016
  1100:  1172752.005  1172780.026  1173108.009  1173672.001  1178672.018
  1105:  1183774.003  1183780.016  1183801.005  1183830.026  1184198.009
  1110:  1185179.001  1186258.003  1186308.001  1191308.018  1198372.003
  1115:  1198378.016  1198428.026  1198430.001  1198596.003  1198635.005
  1120:  1199962.009  1200703.001  1200919.003  1201203.001  1206203.018
  1125:  1212552.003  1212558.016  1212569.005  1212608.026  1213066.009
  1130:  1213383.001  1218383.018  1226428.003  1226434.016  1226443.005
  1135:  1226484.026  1226991.009  1228349.001  1228988.003  1229081.001
  1140:  1234081.018  1235112.003  1235118.016  1235151.001  1235168.026
  1145:  1235409.003  1235421.005  1235859.009  1236190.005  1236444.009
  1150:  1240127.001  1245127.018  1248038.003  1248044.016  1248063.005
  1155:  1248094.026  1248678.009  1249370.001  1254370.018  1259140.003
  1160:  1259146.016  1259167.005  1259196.026  1259675.009  1260097.001
  1165:  1265097.018  1267218.003  1267224.016  1267274.026  1267276.001
  1170:  1267551.003  1267562.005  1270137.009  1270150.005  1270210.009
  1175:  1271690.001  1276690.018  1278160.003  1278166.016  1278207.001
  1180:  1278216.026  1278460.003  1278480.005  1278931.009  1279992.001
  1185:  1284992.018  1289086.003  1289092.016  1289142.026  1289153.001
  1190:  1289222.003  1289261.005  1289593.009  1289983.001  1294983.018
  1195:  1296794.003  1296800.016  1296850.026  1296913.001  1296960.003
  1200:  1296983.005  1297513.009  1297974.001  1302974.018  1306847.003
  1205:  1306853.016  1306867.005  1306903.026  1307242.009  1307586.001
  1210:  1312586.018  1315758.003  1315764.016  1315814.026  1315919.001
  1215:  1315970.003  1316005.005  1316395.009  1316813.001  1321813.018
  1220:  1324877.003  1324883.016  1324895.005  1324933.026  1325302.009
  1225:  1325634.001  1330634.018  1331088.003  1331094.016  1331100.005
  1230:  1331144.026  1331526.009  1331882.001  1336882.018  1338711.003
  1235:  1338717.016  1338767.026  1338898.001  1338977.003  1338987.005
  1240:  1339988.009  1345058.001  1345412.003  1349835.005  1349933.009
  1245:  1350626.001  1351027.003  1351378.001  1351724.003  1352358.001
  1250:  1354347.003  1354372.001  1354606.003  1354723.001  1357799.003
  1255:  1358025.001  1358811.003  1359025.001  1362467.003  1362468.005
  1260:  1363184.009  1363286.005  1363945.009  1364244.001  1369244.018
  1265:  1369559.003  1369565.016  1369583.001  1369615.026  1369885.003
  1270:  1369894.005  1370427.009  1370734.001  1375734.018  1378745.003
  1275:  1378751.016  1378762.005  1378801.026  1379689.009  1381227.005
  1280:  1381281.009  1381595.001  1386595.018  1392005.003  1392011.016
  1285:  1392025.005  1392061.026  1392869.009  1393168.001  1398168.018
  1290:  1404981.003  1404987.005  1404987.016  1405037.026  1405381.009
  1295:  1405657.001  1410657.018  1413583.003  1413589.016  1413639.026
  1300:  1413755.001  1413882.003  1413886.005  1414629.009  1419004.001
  1305:  1424004.018  1425429.003  1425435.016  1425485.026  1425550.005
  1310:  1426372.009  1428510.005  1428525.009  1428537.005  1428547.009
  1315:  1443324.002  1443339.004  1446621.001  1447574.003  1456516.002
  1320:  1456526.004  1469996.002  1470271.004  1480144.001  1485144.018
  1325:  1488562.003  1488568.016  1488587.005  1488618.026  1488972.009
  1330:  1489185.001  1494185.018  1496699.003  1496705.016  1496720.005
  1335:  1496755.026  1497127.009  1497595.001
B:
     0:        0.000      345.000        3.000      344.000        3.000
     5:      162.000        0.000        0.000        0.000      162.000
    10:        0.000        1.000        0.000        0.000        0.000
    15:        0.000      106.000        0.000      106.000        0.000
    20:        0.000        0.000        0.000        0.000        0.000
    25:        0.000      106.000        0.000        0.000        0.000
    30:        0.000
D:
     0:  4168059.000  4165649.000  4164753.000
E:
     0:     5000.000     5000.000
T:
     0:        0.000        0.000        0.000        0.000
W:
     0:        2.000        0.000        0.000
