File: C:\MED-PC IV\Data\ALFE\AU026.999


Start Date: 01/25/24
End Date: 01/25/24
Subject: 26
Experiment: AU
Group: EXP40
Box: 6
Start Time: 15:36:36
End Time: 16:26:36
MSN: DRRD_general_exp
C:       0.000
F:       0.000
G:       0.000
H:       0.000
I:       0.000
J:       0.000
K:      15.000
L:       0.000
M:       0.000
N:       0.000
O:       0.000
P:       0.000
Q:       0.000
R:       0.000
S:       0.000
U: 2224922.000
V:       0.000
X:       0.000
Y:     442.000
Z:       0.000
A:
     0:     2867.005     2877.009    10067.005    10481.009    11348.005
     5:    11384.009    15000.011    15353.001    15466.003    15626.001
    10:    15683.003    15793.005    16830.009    17324.005    17948.009
    15:    18224.001    18308.003    18475.001    18562.003    18689.005
    20:    18985.009    19264.001    19431.003    19656.001    19821.003
    25:    20045.001    20247.003    20760.001    20990.003    21269.001
    30:    21358.003    21512.005    21757.009    21991.001    22130.003
    35:    22641.001    22792.003    23551.001    23636.003    24014.001
    40:    24277.003    24723.001    25048.003    26014.001    26161.003
    45:    27344.001    27394.003    30356.001    30419.003    39558.005
    50:    39633.009    48684.005    48691.009    48722.005    48752.009
    55:    51415.001    51534.003    51710.005    51991.009    52316.001
    60:    52487.003    52623.005    52696.009    52936.001    53232.003
    65:    53372.001    53419.003    54194.001    54217.003    59627.001
    70:    59738.003    60602.005    60671.009    62588.005    62605.009
    75:    67980.005    67995.009    68546.002    68721.004    70188.001
    80:    70483.003    70619.005    71129.009    71993.001    72060.003
    85:    76440.001    76521.003    76656.005    76921.009    77316.001
    90:    77402.003    78889.001    78916.003    85478.005    85505.009
    95:    90555.002    90707.004    90825.005    90935.009   101762.005
   100:   101837.009   110194.001   110296.003   126611.005   126823.009
   105:   127228.001   127348.003   170746.005   171912.009   175709.005
   110:   175907.009   206915.005   206919.009   206930.005   207537.009
   115:   207601.005   207634.009   270849.005   270914.009   270924.005
   120:   270973.009   353505.005   354930.009   359838.005   359845.009
   125:   359846.005   360039.009   374208.005   374348.009   430553.005
   130:   432364.009   432795.005   432876.009   432886.005   432915.009
   135:   432939.005   433040.009   433068.005   433132.009   433561.005
   140:   433624.009   433840.005   433885.009   552593.001   552942.003
   145:   562341.005   563544.009   564212.005   567200.009   567224.005
   150:   568546.009   569139.005   569265.009   569309.005   569848.009
   155:   569930.005   569943.009   569971.005   570303.009   570668.005
   160:   570677.009   570788.005   571161.009   571235.005   573076.009
   165:   573152.005   573167.009   573208.005   573226.009   573255.005
   170:   573262.009   573289.005   573357.009   573359.005   573374.009
   175:   573398.005   573411.009   573441.005   573524.009   573528.005
   180:   573544.009   573627.005   574111.009   574166.005   574237.009
   185:   574279.005   574321.009   574431.005   574440.009   574459.005
   190:   574550.009   574724.005   575417.009   575446.005   575472.009
   195:   575542.005   575615.009   575626.005   575708.009   575723.005
   200:   575747.009   575810.005   576910.009   576936.005   578167.009
   205:   578302.005   578313.009   578335.005   578343.009   578415.005
   210:   579305.009   579353.005   580047.009   580201.005   580215.009
   215:   580360.005   580518.009   580921.005   581351.009   581832.005
   220:   582329.009   582335.005   582357.009   582408.005   582434.009
   225:   582548.005   582642.009   582659.005   582665.009   582697.005
   230:   582700.009   582704.005   582706.009   582710.005   582716.009
   235:   582765.005   582898.009   582992.005   583765.009   583841.005
   240:   583871.009   584330.005   584498.009   584541.005   584580.009
   245:   586821.005   586833.009   586885.005   588072.009   588150.005
   250:   588166.009   588179.005   588182.009   588191.005   588969.009
   255:   588994.005   589806.009   590653.005   591696.009   591708.005
   260:   591725.009   591835.005   591877.009   591934.005   592160.009
   265:   592162.005   592177.009   592180.005   592219.009   592266.005
   270:   592297.009   592636.005   592692.009   592744.005   592748.009
   275:   592789.005   592819.009   592865.005   592991.009   593142.005
   280:   593473.009   593756.005   593794.009   593934.005   593938.009
   285:   594301.005   595395.009   595558.005   596184.009   596265.005
   290:   596268.009   596313.005   596319.009   596348.005   598262.009
   295:   598311.005   598315.009   602210.002   602496.004   602608.005
   300:   602816.009   602849.005   602866.009   603083.005   604863.009
   305:   610166.005   610383.009   815638.005   817185.009   869441.001
   310:   870191.018   873786.003   873792.016   873842.026   874206.005
   315:   875471.009   876752.005   877906.009   879917.005   879946.009
   320:   880280.001   880459.003   881749.005   882714.009   883299.005
   325:   883310.009   884854.005   884976.009   889114.005   889242.009
   330:   891083.002   891448.004   891740.005   891833.009   894903.005
   335:   895360.009   904425.005   904437.009   904439.005   904940.009
   340:   906756.001   906986.003   912453.005   912583.009   920646.005
   345:   920929.009   925575.005   926071.009   932295.001   932554.003
   350:   936166.005   936388.009   940994.005   941075.009   966628.005
   355:   966906.009   970188.001   970745.003   971342.005   971955.009
   360:   995583.005   995695.009  1023050.005  1023070.009  1023227.005
   365:  1023618.009  1037401.002  1038115.004  1038225.005  1039061.009
   370:  1039182.005  1039478.009  1039878.005  1039887.009  1047310.005
   375:  1047749.009  1053358.005  1053901.009  1056570.005  1056747.009
   380:  1060278.005  1060380.009  1068917.002  1069213.004  1122086.002
   385:  1122426.004  1143006.002  1143129.004  1155065.005  1155087.009
   390:  1155540.005  1155819.009  1214621.005  1214640.009  1214647.005
   395:  1215304.009  1215376.005  1216119.009  1232769.005  1233191.009
   400:  1281535.005  1281781.009  1328378.005  1329022.009  1339984.005
   405:  1341027.009  1342764.005  1342986.009  1353971.005  1353977.009
   410:  1353992.005  1354157.009  1358903.001  1359650.003  1360393.005
   415:  1360405.009  1360435.005  1360679.009  1360690.005  1360713.009
   420:  1381493.005  1382045.009  1393536.005  1393546.009  1393559.005
   425:  1394033.009  1467179.005  1467190.009  1467220.005  1467245.009
   430:  1467258.005  1467802.009  1489195.002  1489231.004  1489646.005
   435:  1489695.009  1489727.005  1489737.009  1490973.005  1491501.009
   440:  1492057.005  1492145.009
B:
     0:        0.000       37.000        9.000       37.000        9.000
     5:      173.000        0.000        0.000        0.000      173.000
    10:        0.000        1.000        0.000        0.000        0.000
    15:        0.000        1.000        0.000        1.000        0.000
    20:        0.000        0.000        0.000        0.000        0.000
    25:        0.000        1.000        0.000        0.000        0.000
    30:        0.000
D:
     0:  3584571.000  3583825.000  3584572.000
E:
     0:      750.000      750.000
T:
     0:        0.000        0.000        0.000        0.000
W:
     0:        0.000        0.000        0.000
