File: C:\MED-PC IV\Data\ALFE\AU025.999


Start Date: 02/08/24
End Date: 02/08/24
Subject: 25
Experiment: AU
Group: LINEAR
Box: 5
Start Time: 14:51:10
End Time: 15:41:10
MSN: DRRD_500ms
C:       0.000
F:       0.000
G:       0.000
H:       0.000
I:       0.000
J:       0.000
K:      75.000
L:       0.000
M:       0.000
N:       0.000
O:       0.000
P:       0.000
Q:       0.000
R:       0.000
S:       0.000
U: 2881616.000
V:       0.000
X:       0.000
Y:    1781.000
Z:       0.000
A:
     0:     6187.002     6457.004    15000.011    18644.001    19200.003
     5:    19540.001    20148.003    20973.001    21474.003    27111.005
    10:    27118.009    33667.005    33673.009    44238.001    45216.003
    15:    46772.001    49604.003    50571.001    50655.003    50685.001
    20:    54430.003    54718.005    54733.009    54749.005    54810.009
    25:    56013.001    59763.018    60147.003    60153.016    60203.026
    30:    60254.005    60791.009    60825.005    60863.009    60934.005
    35:    60955.009    61008.005    61181.009    62176.001    62361.003
    40:    62410.001    63254.003    63278.001    66114.003    66175.005
    45:    66399.009    67153.001    69644.003    69659.001    70440.003
    50:    70457.001    70574.003    71645.001    72953.003    72972.001
    55:    76038.003    76090.005    76256.009    76867.001    80290.003
    60:    81088.001    84838.018    85362.003    85368.016    85418.026
    65:    85482.005    85839.009    85856.005    86017.009    87045.001
    70:    87142.003    87197.001    90568.003    91534.001    91609.003
    75:    91886.001    92913.003    92934.001    95245.003    96258.001
    80:    96916.003    96997.001   100338.003   100611.005   100625.009
    85:   101337.001   104892.003   104968.005   105112.009   105626.001
    90:   108983.003   109293.005   109392.009   109943.001   113693.018
    95:   114248.003   114254.016   114285.005   114304.026   114708.009
   100:   115905.001   115943.003   115994.001   119683.003   120890.001
   105:   120939.003   121003.001   124753.018   125074.003   125080.016
   110:   125130.026   125208.005   125900.009   129379.005   129415.009
   115:   129445.005   129571.009   132341.001   135585.003   136018.005
   120:   136034.009   136138.005   136252.009   136300.005   136323.009
   125:   137666.001   140378.003   140415.001   140901.003   141156.005
   130:   141189.009   141195.005   141414.009   141910.001   141966.003
   135:   142044.001   142149.003   142205.001   145324.003   145547.005
   140:   145586.009   146405.001   149739.003   149798.005   150189.009
   145:   150858.001   154608.018   154702.003   154708.016   154745.005
   150:   154758.026   155437.009   155473.005   155519.009   156346.005
   155:   156370.009   156384.005   156431.009   157160.001   157283.003
   160:   157393.001   159093.003   159109.001   160525.003   160758.005
   165:   160846.009   161496.001   164944.003   165157.005   165261.009
   170:   165568.005   165608.009   166259.001   166403.003   167316.001
   175:   169939.003   170588.001   170640.003   170688.001   174438.018
   180:   174718.003   174724.016   174769.005   174774.026   175319.009
   185:   175511.005   175696.009   176639.001   176719.003   176763.001
   190:   180145.003   180956.001   184026.003   184092.005   184264.009
   195:   184732.001   188260.003   188337.005   188570.009   188603.005
   200:   188840.009   189254.001   192754.003   192966.005   192987.009
   205:   193003.005   193113.009   193131.005   193150.009   193248.005
   210:   193297.009   193786.001   193840.003   193895.001   195821.003
   215:   195852.001   197387.003   197440.005   197653.009   198173.001
   220:   201923.018   201961.003   201967.016   202014.005   202017.026
   225:   202671.009   202697.005   202724.009   202828.005   202842.009
   230:   203499.001   203566.003   203634.001   205936.003   205964.001
   235:   207702.003   207782.005   207930.009   208442.001   208580.003
   240:   208606.001   212311.003   212572.005   212576.009   212579.005
   245:   212708.009   213198.001   213296.003   213338.001   217088.018
   250:   217728.003   217734.016   217784.026   217805.005   218368.009
   255:   218377.005   218483.009   218516.005   218593.009   218845.005
   260:   218880.009   219018.005   219098.009   219111.005   219156.009
   265:   219902.001   221142.003   221171.001   222431.003   222472.001
   270:   223595.003   223848.005   223889.009   224338.001   228088.018
   275:   228471.003   228477.016   228527.026   228608.005   229070.009
   280:   245394.001   248961.003   249551.001   249617.003   249656.001
   285:   252307.003   252537.005   252782.009   252859.005   252945.009
   290:   253259.001   256502.003   256538.005   256905.009   257320.001
   295:   258163.003   258195.001   259985.003   260060.005   260146.009
   300:   261295.001   264072.003   264714.001   265147.003   265667.001
   305:   268372.003   268454.005   268608.009   268965.001   272244.003
   310:   272318.005   272480.009   273559.001   273704.003   273734.001
   315:   275692.003   275719.001   277380.003   277625.005   277675.009
   320:   278246.001   281996.018   282065.003   282071.016   282121.026
   325:   282137.005   282721.009   284463.001   287654.003   287695.001
   330:   288113.003   288413.005   288674.009   290330.001   294035.003
   335:   294893.001   295069.003   295094.001   298624.003   298716.005
   340:   298865.009   299691.001   303398.003   303467.005   303705.009
   345:   305283.001   308237.003   308326.005   308409.009   313478.005
   350:   313632.009   314078.001   317166.003   317248.005   317410.009
   355:   319018.001   319864.003   319885.001   322152.003   324583.005
   360:   324597.009   324620.005   325023.009   325627.001   326904.003
   365:   326930.001   329640.003   329918.005   330064.009   330080.005
   370:   330214.009   332127.001   332170.003   341684.001   343866.003
   375:   343928.005   344115.009   344158.005   344378.009   344727.001
   380:   344814.003   344856.001   345059.003   345125.001   347633.003
   385:   347842.005   347965.009   348320.001   351839.003   352506.001
   390:   355947.003   356340.005   356364.009   356447.005   356481.009
   395:   356506.005   356633.009   357022.001   359830.003   359854.001
   400:   361057.003   361109.005   361398.009   362171.001   362586.003
   405:   362982.001   363847.003   363865.001   366369.003   366440.005
   410:   366592.009   368106.001   371856.018   372258.003   372264.016
   415:   372314.026   372333.005   373180.009   373335.005   373395.009
   420:   373582.005   374086.009   375127.005   375606.009   376217.005
   425:   376520.009   377262.001   377304.003   377373.001   381123.018
   430:   381754.003   381760.016   381810.026   381814.005   382359.009
   435:   382396.005   382480.009   382658.005   382681.009   383097.005
   440:   383328.009   383369.005   383406.009   383409.005   383621.009
   445:   383632.005   383837.009   383855.005   383863.009   383895.005
   450:   384026.009   384041.005   384414.009   384618.005   384877.009
   455:   385039.005   385065.009   385243.005   385747.009   385903.005
   460:   385952.009   386225.005   386273.009   386328.005   386356.009
   465:   387454.001   388991.003   389006.001   390349.003   391236.001
   470:   391333.003   391386.001   395136.018   395964.003   395970.016
   475:   396020.026   396024.005   396421.009   396428.005   396479.009
   480:   398846.005   398866.009   398947.005   398974.009   399527.001
   485:   399578.003   399676.001   403272.003   403568.005   403577.009
   490:   404045.001   404081.003   404126.001   407876.018   407975.003
   495:   407981.016   408031.026   408038.005   408776.009   410048.001
   500:   410234.003   410258.001   413263.003   413322.005   413637.009
   505:   415920.001   419670.018   420251.003   420257.016   420307.026
   510:   420316.005   420752.009   424196.005   424334.009   424379.005
   515:   424491.009   424873.001   424917.003   424999.001   425180.003
   520:   425213.001   428661.003   428718.005   429048.009   431066.001
   525:   432115.003   432142.001   434850.003   434998.005   435054.009
   530:   435200.005   435254.009   435537.001   435601.003   435651.001
   535:   435922.003   436822.001   439435.003   439990.001   440218.003
   540:   440322.001   444064.003   444119.005   444323.009   445957.001
   545:   448840.003   448979.005   448986.009   449010.005   449138.009
   550:   451289.001   454910.003   455097.005   455204.009   455255.005
   555:   455263.009   455267.005   455566.009   456130.001   459756.003
   560:   461323.001   464030.003   464041.001   464784.003   465057.005
   565:   465330.009   466374.001   470124.018   470296.003   470302.016
   570:   470352.026   470395.005   470867.009   478537.001   478615.003
   575:   478696.001   482007.003   482237.005   482270.009   482756.001
   580:   483531.003   483549.001   486564.003   486628.005   486847.009
   585:   488516.001   492116.003   492205.005   492298.009   493077.001
   590:   493160.003   493264.001   493356.003   493431.001   496231.003
   595:   496376.005   496388.009   496394.005   496506.009   498719.001
   600:   502054.003   502372.005   502405.009   502428.005   502476.009
   605:   506674.001   506829.003   506901.001   510073.003   510269.005
   610:   510388.009   510449.005   510756.009   511537.001   515034.003
   615:   515373.005   515532.009   516609.005   516767.009   517965.001
   620:   518146.003   518835.001   521640.003   521694.005   522120.009
   625:   526302.001   526380.003   526722.001   528950.003   528977.001
   630:   529608.003   529881.005   529884.009   529892.005   530234.009
   635:   531122.001   531201.003   531230.001   534980.018   534998.003
   640:   535004.016   535054.026   535100.005   535661.009   535677.005
   645:   535969.009   536001.005   536050.009   536057.005   536260.009
   650:   536325.005   536542.009   536648.005   536667.009   536679.005
   655:   536683.009   536729.005   536737.009   536750.005   536760.009
   660:   536817.005   536838.009   536935.005   536945.009   536985.005
   665:   537372.009   537384.005   537406.009   537427.005   537466.009
   670:   537500.005   537723.009   537741.005   537844.009   537848.005
   675:   538191.009   538415.005   538419.009   538455.005   538591.009
   680:   539450.005   539704.009   539730.005   539755.009   540512.001
   685:   540786.003   540834.001   544030.003   544213.005   544311.009
   690:   544787.001   548460.003   548506.005   548800.009   549390.001
   695:   549423.003   549476.001   552669.003   552768.005   552885.009
   700:   553946.005   554112.009   554839.001   558546.003   558611.005
   705:   559043.009   559795.001   563368.003   563436.005   563625.009
   710:   564970.001   568653.003   568741.005   568893.009   569324.001
   715:   572412.003   573210.005   573336.009   573560.001   573629.003
   720:   573653.001   577403.018   577415.003   577421.016   577471.026
   725:   577534.005   577845.009   582399.001   583294.003   583316.001
   730:   586625.003   586670.005   586872.009   587709.001   587983.003
   735:   588540.001   589926.003   589951.001   591552.003   591683.005
   740:   591796.009   592175.001   592322.003   593233.001   596120.003
   745:   596170.005   596627.009   597054.001   597208.003   598201.001
   750:   601164.003   601231.005   601490.009   601935.001   602146.003
   755:   602958.001   603342.003   624321.001   625326.003   625350.001
   760:   627372.003   628136.001   631886.018   632040.003   632046.016
   765:   632096.026   632148.005   632859.009   633082.005   633091.009
   770:   635306.001   639056.018   639131.003   639137.016   639187.026
   775:   639201.005   640504.009   640674.005   640719.009   640732.005
   780:   640816.009   640940.005   640987.009   641068.005   641447.009
   785:   642169.005   642308.009   642727.001   642806.003   642910.001
   790:   646660.018   647411.003   647417.016   647467.026   647474.005
   795:   647830.009   647872.005   647896.009   647922.005   648015.009
   800:   648867.001   652617.018   652872.003   652878.016   652921.005
   805:   652928.026   653635.009   653798.005   653909.009   654420.001
   810:   654601.003   654794.001   658544.018   658831.003   658837.016
   815:   658887.026   658943.005   659405.009   659448.005   659515.009
   820:   660672.001   664040.003   664478.005   664499.009   664997.001
   825:   668747.018   669232.003   669238.016   669288.026   669295.005
   830:   670263.009   670991.001   671163.003   671266.001   675016.018
   835:   675160.003   675166.016   675216.026   675224.005   675723.009
   840:   675742.005   675767.009   677156.001   677305.003   677354.001
   845:   681052.003   681062.001   681623.003   681903.005   681942.009
   850:   682132.005   682172.009   684020.001   684325.003   684472.001
   855:   687696.003   687718.001   688267.003   688542.005   688573.009
   860:   689392.001   692666.003   692745.005   692896.009   695713.001
   865:   699463.018   699799.003   699805.016   699848.005   699855.026
   870:   700268.009   700279.005   700334.009   700360.005   700362.009
   875:   700364.005   700411.009   701229.001   704415.003   704672.005
   880:   704769.009   705350.001   705713.003   706684.001   709379.003
   885:   710185.001   710227.003   710275.001   713880.003   713953.005
   890:   714141.009   714631.001   714843.003   715671.001   717653.003
   895:   719333.001   723083.018   723330.003   723336.016   723386.026
   900:   723442.005   723827.009   726084.005   726213.009   726277.005
   905:   726317.009   726970.001   730720.018   730982.003   730988.016
   910:   731038.026   731049.005   731420.009   732433.001   736183.018
   915:   736700.003   736706.016   736756.026   736758.017   736761.005
   920:   737366.009   738940.001   742660.003   742719.005   743112.009
   925:   743710.001   747588.003   748215.001   748239.003   748292.001
   930:   752059.003   752313.005   752425.009   753120.001   753263.003
   935:   754073.001   756927.003   757152.005   757321.009   757739.001
   940:   757818.003   757860.001   761273.003   761574.005   761678.009
   945:   762046.001   762119.003   762187.001   765505.003   765765.005
   950:   765997.009   766324.001   770239.003   770403.005   770566.009
   955:   770945.001   774945.018   775024.003   775030.016   775080.026
   960:   775133.005   775590.009   777445.001   781128.003   781191.005
   965:   781479.009   781483.005   781524.009   781538.005   781735.009
   970:   782219.001   786219.018   786232.003   786238.016   786258.001
   975:   786288.026   786424.003   786509.005   787433.009   788622.001
   980:   788643.003   788694.001   788992.003   789228.001   790390.003
   985:   790414.001   792683.003   792735.005   793372.009   794051.001
   990:   794103.003   794157.001   797960.003   798046.005   798222.009
   995:   798554.001   799035.003   799695.001   802545.003   802624.005
  1000:   802832.009   803422.001   807207.003   807256.005   807736.009
  1005:   808519.001   812519.018   812584.003   812590.016   812640.026
  1010:   812645.005   813835.009   814537.001   817594.003   817603.001
  1015:   817956.003   818171.005   818199.009   818685.001   822685.018
  1020:   823059.003   823065.016   823115.026   823124.005   823678.009
  1025:   823737.005   823772.009   824719.001   828494.003   828550.005
  1030:   828742.009   829803.001   832830.003   833266.005   833461.009
  1035:   834101.001   837540.003   837747.005   837883.009   838440.001
  1040:   838472.003   838509.001   841973.003   842046.005   842736.009
  1045:   843301.001   847301.018   848015.003   848021.016   848071.026
  1050:   848077.005   848458.009   848542.005   848567.009   849683.001
  1055:   849738.003   849865.001   853554.003   853793.005   853844.009
  1060:   853858.005   853905.009   854502.001   854531.003   854561.001
  1065:   858420.003   858477.005   858633.009   860308.001   863358.003
  1070:   863424.005   863644.009   864630.001   868630.018   868675.003
  1075:   868681.016   868731.026   868732.005   869618.009   869633.005
  1080:   869753.009   871605.001   871719.003   871791.001   875791.018
  1085:   875942.003   875948.016   875998.026   876002.005   876585.009
  1090:   876620.005   876756.009   877599.001   877770.003   877818.001
  1095:   878815.003   878839.001   882150.003   882213.005   882412.009
  1100:   883906.001   884138.003   884273.001   887070.003   887159.005
  1105:   887195.009   887274.005   887538.009   888234.001   892152.003
  1110:   892337.005   892456.009   893024.001   893177.003   893855.001
  1115:   896422.003   896611.005   896812.009   897318.001   897368.003
  1120:   897401.001   900765.003   900824.005   901469.009   902284.001
  1125:   902623.003   903400.001   906151.003   906349.005   906652.009
  1130:   907409.001   907481.003   907520.001   911043.003   911165.005
  1135:   911440.009   911845.001   915452.003   915527.005   915814.009
  1140:   916460.001   920460.018   920999.003   921005.016   921055.026
  1145:   921066.005   921582.009   921772.005   921793.009   925530.001
  1150:   925727.003   925929.001   929929.018   930140.003   930146.016
  1155:   930191.005   930196.026   930755.009   930776.005   930826.009
  1160:   930907.005   930983.009   945198.001   948544.003   948613.005
  1165:   948845.009   949105.001   949444.003   949564.001   953342.003
  1170:   953398.005   953621.009   954035.001   958018.003   958105.005
  1175:   958209.009   958271.005   958385.009   958827.001   962827.018
  1180:   963017.003   963023.016   963073.026   963135.005   963473.009
  1185:   965449.005   965478.009   966294.001   966613.003   966776.001
  1190:   970007.003   970082.005   970233.009   972724.001   973126.003
  1195:   974337.001   976915.003   977137.005   977398.009   977736.001
  1200:   981736.018   982485.003   982491.016   982541.026   982608.005
  1205:   982957.009   994030.001   994137.003   994180.001   997721.003
  1210:   997785.005   997960.009   998401.001   998675.003   999813.001
  1215:  1003044.003  1003292.005  1003473.009  1005294.001  1005317.003
  1220:  1005560.001  1009544.003  1009679.005  1009833.009  1009838.005
  1225:  1010260.009  1010786.001  1011775.003  1013062.001  1013090.003
  1230:  1020491.005  1020517.009  1020558.005  1020638.009  1020800.005
  1235:  1020823.009  1021506.001  1025506.018  1025771.003  1025777.016
  1240:  1025827.026  1025877.005  1026388.009  1026434.005  1026466.009
  1245:  1026499.005  1026525.009  1027895.001  1031895.018  1031904.003
  1250:  1031910.016  1031960.026  1031994.005  1032461.009  1032529.005
  1255:  1032595.009  1032649.005  1032694.009  1033702.001  1037294.003
  1260:  1037332.005  1038194.009  1039942.001  1043942.018  1044169.003
  1265:  1044175.016  1044225.026  1044252.005  1044640.009  1044663.005
  1270:  1044806.009  1044844.005  1044895.009  1044899.005  1044946.009
  1275:  1047279.001  1051279.018  1051283.003  1051289.016  1051339.026
  1280:  1051342.005  1052038.009  1052046.005  1052078.009  1053719.001
  1285:  1057680.003  1057739.005  1058052.009  1058720.001  1062639.003
  1290:  1062704.005  1062874.009  1063621.001  1066719.003  1066744.001
  1295:  1068054.003  1068222.005  1068725.009  1069605.001  1073605.018
  1300:  1073883.003  1073889.016  1073939.026  1073999.005  1074631.009
  1305:  1074942.005  1074972.009  1076169.001  1079657.003  1079707.005
  1310:  1079919.009  1080307.001  1080403.003  1080454.001  1080697.003
  1315:  1081863.001  1084892.003  1084996.005  1085048.009  1085576.001
  1320:  1089576.018  1089859.003  1089865.016  1089915.026  1089938.005
  1325:  1090258.009  1090392.005  1090431.009  1091059.001  1091360.003
  1330:  1091381.001  1091469.003  1091555.001  1095115.003  1095160.005
  1335:  1095297.009  1095923.001  1099923.018  1100079.003  1100085.016
  1340:  1100135.026  1100147.005  1101061.009  1101078.005  1101192.009
  1345:  1101830.001  1101881.003  1102024.001  1102056.003  1102183.001
  1350:  1106183.018  1106828.003  1106834.016  1106882.005  1106884.026
  1355:  1107254.009  1108239.001  1112239.018  1112427.003  1112433.016
  1360:  1112481.005  1112483.026  1112921.009  1112928.005  1112933.009
  1365:  1113067.005  1113100.009  1114253.001  1118253.018  1118944.003
  1370:  1118950.016  1118992.005  1119000.026  1119002.017  1119802.009
  1375:  1121026.001  1125261.003  1125328.005  1125912.009  1126521.001
  1380:  1126641.003  1126747.001  1130504.003  1130562.005  1130745.009
  1385:  1131552.001  1134859.003  1134919.005  1135124.009  1135754.001
  1390:  1139680.003  1139747.005  1140112.009  1140694.001  1144944.018
  1395:  1145273.003  1145279.016  1145329.026  1145332.005  1145710.009
  1400:  1145760.005  1145800.009  1146565.001  1146692.003  1146810.001
  1405:  1150505.003  1150565.005  1150747.009  1151371.001  1155621.018
  1410:  1155695.003  1155701.016  1155751.026  1155759.005  1156361.009
  1415:  1158812.001  1163062.018  1163143.003  1163149.016  1163199.026
  1420:  1163275.005  1163616.009  1163653.005  1163708.009  1167602.001
  1425:  1167774.003  1167894.001  1172144.018  1172927.003  1172933.016
  1430:  1172982.005  1172983.026  1173498.009  1174698.001  1178494.003
  1435:  1178563.005  1178758.009  1179214.001  1183464.018  1184073.003
  1440:  1184079.016  1184127.005  1184129.026  1184545.009  1186087.001
  1445:  1190337.018  1190737.003  1190743.016  1190787.005  1190793.026
  1450:  1191322.009  1192374.001  1196570.003  1196621.005  1196930.009
  1455:  1197595.001  1199421.003  1199445.001  1200648.003  1200673.001
  1460:  1202067.003  1202138.005  1202281.009  1202667.001  1206781.003
  1465:  1206868.005  1206935.009  1207339.001  1207665.003  1208834.001
  1470:  1211914.003  1211977.005  1212209.009  1212851.001  1216589.003
  1475:  1216643.005  1216774.009  1217390.001  1221640.018  1222129.003
  1480:  1222135.016  1222185.026  1222188.005  1223113.009  1224209.001
  1485:  1228459.018  1228545.003  1228551.016  1228601.026  1228608.005
  1490:  1229048.009  1229943.001  1233793.003  1233891.005  1234090.009
  1495:  1234446.001  1238696.018  1239285.003  1239291.016  1239335.005
  1500:  1239341.026  1239910.009  1239979.005  1240027.009  1241228.001
  1505:  1245467.003  1245529.005  1245732.009  1246145.001  1250310.003
  1510:  1250362.005  1250496.009  1250950.001  1251114.003  1251170.001
  1515:  1255420.018  1255783.003  1255789.016  1255838.005  1255839.026
  1520:  1256394.009  1256442.005  1256460.009  1256541.005  1256561.009
  1525:  1258796.001  1259014.003  1259424.001  1260419.003  1260447.001
  1530:  1263709.003  1263764.005  1263985.009  1264522.001  1268372.003
  1535:  1268433.005  1268618.009  1269189.001  1273439.018  1274067.003
  1540:  1274073.016  1274123.026  1274192.005  1274544.009  1276014.001
  1545:  1278199.003  1278226.001  1278475.003  1278501.001  1279646.003
  1550:  1279734.001  1279815.003  1279888.001  1280222.003  1280507.005
  1555:  1280593.009  1282220.001  1286469.003  1286571.005  1286697.009
  1560:  1286707.005  1286750.009  1287323.001  1290075.003  1290097.001
  1565:  1290447.003  1290469.001  1292355.003  1292398.005  1292660.009
  1570:  1293271.001  1293490.003  1294408.001  1298010.003  1298235.005
  1575:  1298435.009  1299048.001  1303264.003  1303366.005  1303880.009
  1580:  1304409.001  1308659.018  1309246.003  1309252.016  1309302.026
  1585:  1309327.005  1309729.009  1309874.005  1309924.009  1309946.005
  1590:  1309971.009  1326870.001  1327114.003  1327394.001  1330552.003
  1595:  1330638.005  1330879.009  1331391.001  1335641.018  1336166.003
  1600:  1336172.016  1336222.026  1336257.005  1336895.009  1336967.005
  1605:  1336996.009  1337035.005  1337108.009  1337121.005  1337127.009
  1610:  1337174.005  1337213.009  1337251.005  1337257.009  1338345.001
  1615:  1342595.018  1342740.003  1342746.016  1342796.026  1342852.005
  1620:  1343219.009  1343291.005  1343317.009  1344617.001  1347646.003
  1625:  1347666.001  1348781.003  1348799.001  1349711.003  1349821.005
  1630:  1350082.009  1350618.001  1354868.018  1356069.003  1356075.016
  1635:  1356125.026  1356128.005  1356553.009  1356709.005  1356715.009
  1640:  1357504.001  1358063.003  1359411.001  1363377.003  1363431.005
  1645:  1363637.009  1364117.001  1368367.018  1368399.003  1368405.016
  1650:  1368455.026  1368474.005  1368923.009  1368961.005  1369005.009
  1655:  1369047.005  1369050.009  1369095.005  1369172.009  1374189.001
  1660:  1378070.003  1378110.005  1378324.009  1378920.001  1380888.003
  1665:  1380918.001  1383593.003  1383749.005  1383930.009  1384499.001
  1670:  1388579.003  1388715.005  1388942.009  1389050.005  1389072.009
  1675:  1389546.001  1393796.018  1394028.003  1394034.016  1394084.005
  1680:  1394084.026  1394589.009  1394664.005  1394711.009  1395621.001
  1685:  1396795.003  1396825.001  1400746.003  1400801.005  1401017.009
  1690:  1401790.001  1401874.003  1402033.001  1406283.018  1407130.003
  1695:  1407136.016  1407186.026  1407219.005  1407628.009  1407757.005
  1700:  1407776.009  1409737.001  1413987.018  1415090.003  1415096.016
  1705:  1415137.005  1415146.026  1416038.009  1417386.001  1421636.018
  1710:  1422474.003  1422480.016  1422518.005  1422530.026  1422532.017
  1715:  1422950.009  1423115.005  1423218.009  1424364.001  1424478.003
  1720:  1424540.001  1424703.003  1424743.001  1426017.003  1426039.001
  1725:  1428764.003  1428788.001  1430310.003  1430357.005  1430713.009
  1730:  1431402.001  1435902.018  1436112.003  1436118.016  1436168.026
  1735:  1436195.005  1436609.009  1439013.001  1443513.018  1444451.003
  1740:  1444457.016  1444505.005  1444507.026  1444980.009  1446430.001
  1745:  1449869.003  1449918.005  1450215.009  1450976.001  1455476.018
  1750:  1456121.003  1456127.016  1456172.005  1456177.026  1456537.009
  1755:  1457751.001  1457795.003  1457820.001  1458139.003  1458188.001
  1760:  1462004.003  1462031.001  1463640.003  1463825.005  1464022.009
  1765:  1464478.001  1468296.003  1468350.005  1468571.009  1468618.005
  1770:  1468648.009  1468664.005  1468696.009  1491102.001  1491192.003
  1775:  1491353.001  1493036.003  1493063.001  1494273.003  1494351.001
  1780:  1494581.003
B:
     0:        0.000      399.000        1.000      399.000        1.000
     5:      379.000        0.000        0.000        0.000      379.000
    10:        0.000        1.000        0.000        0.000        0.000
    15:        0.000       73.000        3.000       73.000        0.000
    20:        0.000        0.000        0.000        0.000        0.000
    25:        0.000       73.000        0.000        0.000        0.000
    30:        0.000
D:
     0:  4376196.000  4375967.000  4376197.000
E:
     0:     3750.000     4500.000
T:
     0:        0.000        0.000        0.000        0.000
W:
     0:        0.000        0.000        0.000
