File: C:\MED-PC IV\Data\ALFE\AU021.999


Start Date: 02/14/24
End Date: 02/14/24
Subject: 21
Experiment: AU
Group: LINEAR
Box: 1
Start Time: 14:50:02
End Time: 15:40:02
MSN: DRRD_500ms
C:       0.000
F:       0.000
G:       0.000
H:       0.000
I:       0.000
J:       0.000
K:      95.000
L:       0.000
M:       0.000
N:       0.000
O:       0.000
P:       0.000
Q:       0.000
R:       0.000
S:       0.000
U: 2668054.000
V:       0.000
X:       0.000
Y:     459.000
Z:       0.000
A:
     0:    14253.005    14352.009    14390.005    14551.009    15000.011
     5:    16051.001    16151.003    17432.001    18638.003    18677.001
    10:    19348.003    21142.005    21164.009    22016.001    22368.003
    15:    22409.001    26407.003    27207.001    29638.003    30541.001
    20:    34589.003    35258.001    40008.018    40422.003    40428.016
    25:    40478.026    40516.005    41128.009    42869.001    46950.003
    30:    47119.005    47253.009    47720.005    47978.009    52416.002
    35:    52577.004    52644.005    52693.009    53074.002    53353.004
    40:    53931.001    58681.018    59610.003    59616.016    59666.026
    45:    59809.005    60180.009    61649.001    63103.003    63160.001
    50:    65881.003    66672.005    66795.009    67173.001    70831.003
    55:    74790.005    74901.009    74905.005    74968.009    80515.005
    60:    80566.009    80588.005    80905.009    81803.001    84047.003
    65:    84059.001    84342.003    84375.001    85168.003    85218.001
    70:    87119.003    87146.001    87210.003    87265.001    87579.003
    75:    87667.001    88121.003    88256.001    89395.003    92189.001
    80:    93575.003    93952.001    94650.003    94705.001    94907.003
    85:    94927.001    95765.003    95828.001    97864.003    98892.001
    90:    99424.003    99652.001   100056.003   100064.001   100284.003
    95:   100292.001   103750.003   104627.001   108878.003   109574.005
   100:   109884.009   110392.001   114969.003   116933.001   121204.003
   105:   121976.005   122159.009   122300.005   122786.009   123290.001
   110:   128040.018   129764.003   129770.016   129820.026   130047.005
   115:   130405.009   133265.001   136452.003   140884.001   143269.003
   120:   143279.001   146325.003   146459.005   146475.009   152047.002
   125:   152181.004   152468.005   152529.009   152530.005   152653.009
   130:   153651.001   153931.003   156060.001   156305.003   160313.002
   135:   161364.004   161821.002   162292.004   163529.002   163659.004
   140:   164938.002   165288.004   169417.005   169578.009   169590.005
   145:   169752.009   169809.005   170112.009   181977.001   182891.003
   150:   182922.001   186710.003   187348.001   188096.003   188119.001
   155:   191017.003   191690.001   196300.003   197180.001   198949.003
   160:   198960.001   201568.003   202177.001   206927.018   207322.003
   165:   207328.016   207378.026   207516.005   208062.009   210386.001
   170:   215081.003   216054.001   219583.003   220194.001   224778.003
   175:   226789.001   231539.018   231896.003   231902.016   231952.026
   180:   232105.005   232443.009   235829.001   239297.003   240766.001
   185:   241097.003   241354.001   242233.003   242581.001   245514.003
   190:   246253.001   249486.003   250200.001   254778.003   268430.005
   195:   268536.009   271498.005   271887.009   273798.001   274289.003
   200:   274842.005   274872.009   274887.005   275113.009   275547.005
   205:   275701.009   276380.001   277207.003   277279.001   282029.018
   210:   282325.003   282331.016   282381.026   282664.005   283347.009
   215:   287385.001   288870.003   290821.001   294093.003   294714.005
   220:   294755.009   317317.005   317548.009   324824.005   324854.009
   225:   324934.005   325236.009   330971.005   330984.009   330987.005
   230:   331186.009   331843.001   333944.003   334662.001   338054.003
   235:   338059.001   339675.003   340923.005   340961.009   340989.005
   240:   341037.009   341152.005   341885.009   342049.005   342067.009
   245:   342084.005   342261.009   343802.001   348552.018   349631.003
   250:   349637.016   349687.026   349840.005   350662.009   357914.005
   255:   358300.009   358338.005   358370.009   358958.001   359854.003
   260:   360338.001   362321.003   364777.001   367988.003   369571.001
   265:   372678.003   372695.001   375107.003   376918.001   381191.003
   270:   382810.001   387560.018   388319.003   388325.016   388375.026
   275:   388421.005   389419.009   389676.005   389698.009   389790.005
   280:   390237.009   390284.005   390352.009   390398.005   392062.009
   285:   392091.005   392346.009   392782.005   393491.009   393692.005
   290:   393821.009   394071.005   394390.009   394406.005   394438.009
   295:   397470.001   400798.003   401937.001   406687.018   407442.003
   300:   407448.016   407498.026   407618.005   408444.009   410153.005
   305:   410309.009   411399.005   411641.009   412215.005   412328.009
   310:   413296.005   413430.009   415929.005   416335.009   416878.001
   315:   420676.003   421706.001   426287.003   427385.001   431825.003
   320:   433024.001   436689.003   438541.001   442335.003   443502.001
   325:   445275.003   445289.001   447497.003   450728.001   454853.003
   330:   456371.001   459955.003   460884.001   464984.003   466385.001
   335:   470267.003   471341.001   474202.003   474211.001   476268.003
   340:   477302.001   481103.003   498884.001   499553.003   499588.001
   345:   501502.003   501515.001   501586.003   502442.001   505635.003
   350:   506783.001   511533.018   513021.003   513027.016   513077.026
   355:   513140.005   513815.009   529297.001   531560.003   532389.001
   360:   536330.003   537295.001   541389.003   542460.001   546882.003
   365:   547865.001   552615.018   553815.003   553821.016   553871.026
   370:   553904.005   554846.009   554867.005   554881.009   557862.001
   375:   560909.003   562007.001   566342.003   567717.001   571265.003
   380:   572391.001   577141.018   577783.003   577789.016   577839.026
   385:   577840.005   579194.009   579199.005   579244.009   592502.005
   390:   592625.009   592638.005   593340.009   594769.001   597538.003
   395:   598033.001   600627.003   614225.005   614292.009   614313.005
   400:   614342.009   615404.001   617516.003   618141.001   622282.003
   405:   623627.001   628073.003   628919.001   633455.003   634403.001
   410:   638952.003   640019.001   644521.003   646256.001   650496.003
   415:   652751.001   657501.018   660455.003   660461.016   660511.026
   420:   660538.005   661239.009   739930.005   740130.009   741436.001
   425:   741494.003   742767.005   742928.009   743717.001   746099.003
   430:   746692.001   750084.003   751818.001   755714.003   757228.001
   435:   760515.003   761628.001   766378.018   768336.003   768342.016
   440:   768392.026   768649.005   769499.009   870562.002   870851.004
   445:   925797.005   925814.009   925841.005   925890.009   956806.001
   450:   959241.003   960715.001   964301.003   965569.001   969672.003
   455:   970739.001   973737.003  1173598.001  1175005.003
B:
     0:        0.000      124.000        8.000      124.000        8.000
     5:       76.000        0.000        0.000        0.000       76.000
    10:        0.000        1.000        0.000        0.000        0.000
    15:        0.000       14.000        0.000       14.000        0.000
    20:        0.000        0.000        0.000        0.000        0.000
    25:        0.000       14.000        0.000        0.000        0.000
    30:        0.000
D:
     0:  3843058.000  3841652.000  3843059.000
E:
     0:     4750.000     4750.000
T:
     0:        0.000        0.000        0.000        0.000
W:
     0:        0.000        0.000        0.000
