File: C:\MED-PC IV\Data\ALFE\AU024.999


Start Date: 02/02/24
End Date: 02/02/24
Subject: 24
Experiment: AU
Group: EXP40
Box: 4
Start Time: 14:14:29
End Time: 15:04:29
MSN: DRRD_general_exp
C:       0.000
F:       0.000
G:       0.000
H:       0.000
I:       0.000
J:       0.000
K:      57.000
L:       0.000
M:       0.000
N:       0.000
O:       0.000
P:       0.000
Q:       0.000
R:       0.000
S:       0.000
U: 2559036.000
V:       0.000
X:       0.000
Y:     668.000
Z:       0.000
A:
     0:     3300.001     3646.003    15000.011    15865.001    16686.005
     5:    16700.003    17233.009    17768.001    18391.003    18746.001
    10:    19344.003    19444.001    19754.003    24455.001    24524.003
    15:    24642.005    25287.009    31990.001    32135.003    39068.005
    20:    39195.009    39298.005    39427.009    39504.005    39711.009
    25:    39783.005    40030.009    40386.001    41188.003    41420.005
    30:    41447.009    41638.001    42706.003    43035.001    43507.003
    35:    53223.001    54082.003    54473.001    54955.003    55438.001
    40:    56136.003    57108.005    57395.009    57402.005    57423.009
    45:    71791.002    72257.004    73089.005    73127.009    73244.005
    50:    73356.009    73670.002    73937.004    74299.005    74360.009
    55:    74476.005    74715.009    76330.001    76883.003    78251.005
    60:    78481.009    83465.005    83486.009    83527.005    83633.009
    65:    83939.001    84012.003    84274.001    85137.003    85424.001
    70:    85592.003    85687.001    86291.003    87178.005    87303.009
    75:    97900.001    99243.003    99311.001    99564.003   100657.001
    80:   101556.003   101794.001   102048.003   102384.001   102985.003
    85:   103583.005   103601.009   103615.005   103856.009   108220.002
    90:   108739.004   109739.002   110440.004   110643.002   110676.004
    95:   116187.005   116228.009   116257.005   116497.009   116554.005
   100:   116635.009   117030.001   118351.003   119345.001   119744.003
   105:   119957.001   120402.003   122548.001   123230.003   123454.001
   110:   123970.003   124878.005   125258.009   140193.005   140334.009
   115:   144635.001   145777.003   145822.001   146101.003   146271.001
   120:   146935.003   148535.005   148681.009   202771.005   203103.009
   125:   203162.005   203171.009   203173.005   203194.009   204330.001
   130:   205205.003   205797.001   206902.003   207099.001   207614.003
   135:   208649.005   208675.009   208695.005   208963.009   237437.001
   140:   238178.003   264892.001   265771.003   265941.001   266349.003
   145:   269165.001   270343.003   270395.001   271209.003   280581.001
   150:   280655.003   280773.001   281089.003   281393.001   282075.003
   155:   282177.001   282607.003   282757.001   283330.003   285041.005
   160:   285074.009   285102.005   285707.009   310386.002   311277.004
   165:   312153.005   312172.009   312191.005   312661.009   314646.005
   170:   314786.009   316045.005   316148.009   318230.001   319429.003
   175:   319980.005   319995.009   356676.002   357869.004   358090.002
   180:   358314.004   358553.005   358806.009   371884.001   372960.003
   185:   373108.001   373837.003   374097.005   374422.009   379701.001
   190:   380479.003   380603.005   380727.009   382687.005   382789.009
   195:   382837.005   382860.009   382875.005   382917.009   382953.005
   200:   382972.009   527324.001   529061.003   529220.001   529320.003
   205:   529378.001   529845.003   531859.001   532874.003   726890.001
   210:   726976.003   727198.005   727239.009   727268.005   727294.009
   215:   727307.005   727547.009   795150.001   795820.003   796845.005
   220:   797093.009   815993.005   816011.009   816151.005   816657.009
   225:   817386.001   818298.003   818539.001   819655.003   819784.001
   230:   820268.003   820500.005   820529.009   820533.005   820584.009
   235:   821198.001   821570.003   833449.001   835316.003   835501.001
   240:   836235.003   847846.001   849562.003   850077.001   850971.003
   245:   851020.001   851048.003   851694.005   852038.009   852190.005
   250:   852198.009   959251.001   961311.003   961357.001   962202.003
   255:   962270.001   962850.003   963441.005   963752.009   978913.002
   260:   979268.004  1018515.001  1019004.003  1049412.002  1051067.004
   265:  1052550.001  1052874.003  1053019.001  1053912.003  1054388.005
   270:  1054766.009  1069156.001  1070084.003  1070103.001  1071156.003
   275:  1071737.005  1072198.009  1104997.001  1107847.018  1108887.003
   280:  1108893.016  1108943.026  1108982.001  1109111.003  1109154.005
   285:  1110183.009  1110188.005  1110208.009  1112232.001  1113341.003
   290:  1113517.001  1113553.003  1113655.005  1114459.009  1114537.005
   295:  1114746.009  1114758.005  1115003.009  1115960.001  1116365.003
   300:  1116799.001  1117139.003  1117217.001  1117263.003  1117278.001
   305:  1117748.003  1117816.001  1118377.003  1119290.001  1119746.003
   310:  1122290.001  1122800.003  1123527.005  1123663.009  1132562.005
   315:  1132599.009  1132602.005  1133263.009  1133905.001  1135794.003
   320:  1135936.001  1136672.003  1137936.001  1140786.018  1141191.003
   325:  1141197.016  1141247.026  1141496.005  1143584.009  1145260.001
   330:  1145671.003  1145757.001  1146005.003  1146167.001  1146378.003
   335:  1146406.001  1147848.003  1148507.005  1148595.009  1148973.001
   340:  1151823.018  1151849.003  1151855.016  1151905.026  1152169.005
   345:  1153203.009  1153278.005  1153289.009  1153423.005  1153651.009
   350:  1154717.001  1155179.003  1156878.001  1157375.003  1158204.001
   355:  1158820.003  1158943.001  1158999.003  1159078.001  1159810.003
   360:  1159924.001  1160611.003  1161386.001  1162168.003  1163595.001
   365:  1163631.003  1163696.001  1164256.003  1165084.001  1165210.003
   370:  1167153.005  1167598.009  1168856.001  1168896.003  1168953.001
   375:  1169208.003  1169250.001  1169396.003  1169427.001  1169949.003
   380:  1169984.001  1170017.003  1170951.001  1171084.003  1171396.001
   385:  1171658.003  1171703.001  1173028.003  1173624.005  1173770.009
   390:  1174113.001  1176963.018  1177225.003  1177231.016  1177281.026
   395:  1177591.005  1178856.009  1178934.005  1178949.009  1178956.005
   400:  1179027.009  1180217.005  1180284.009  1180296.005  1180305.009
   405:  1180362.005  1180377.009  1180975.001  1181085.003  1181218.001
   410:  1181837.003  1182125.001  1183521.003  1184336.001  1185199.003
   415:  1186575.001  1186800.003  1186859.001  1187985.003  1188847.005
   420:  1189615.009  1190258.001  1190404.003  1190720.001  1192461.003
   425:  1193336.005  1193442.009  1194077.001  1194535.003  1194578.001
   430:  1194629.003  1194654.001  1195939.003  1197063.001  1199505.003
   435:  1200174.005  1200419.009  1201015.001  1202822.003  1203324.005
   440:  1203423.009  1204436.001  1204693.003  1204751.005  1204983.009
   445:  1205390.001  1205448.003  1205487.001  1206331.003  1206359.001
   450:  1206849.003  1207632.001  1207717.003  1209266.001  1209527.003
   455:  1209714.005  1209833.009  1212193.005  1212649.009  1213294.001
   460:  1215511.003  1218300.001  1220679.003  1221210.005  1221372.009
   465:  1223132.005  1223172.009  1223498.001  1224948.003  1224978.001
   470:  1225613.003  1226503.001  1226883.003  1227061.001  1228716.003
   475:  1229259.005  1229414.009  1231530.005  1231533.009  1231551.005
   480:  1231861.009  1232895.001  1235258.003  1236304.001  1236563.003
   485:  1237032.001  1239225.003  1239784.005  1240092.009  1249835.005
   490:  1249853.009  1249896.005  1249905.009  1250717.001  1251586.003
   495:  1251668.001  1251886.003  1251939.001  1251999.003  1252235.001
   500:  1252766.003  1253261.005  1253377.009  1256449.005  1256700.009
   505:  1257032.001  1258854.003  1259259.001  1259922.003  1260356.005
   510:  1260435.009  1260700.001  1261789.003  1263187.001  1264594.003
   515:  1265132.005  1265307.009  1270276.005  1270298.009  1270819.001
   520:  1272499.003  1272561.001  1273398.003  1276933.005  1277099.009
   525:  1277358.001  1277678.003  1277761.005  1278322.009  1284474.005
   530:  1284487.009  1284505.005  1284545.009  1284573.005  1284689.009
   535:  1285044.001  1286836.003  1286917.001  1287549.003  1287958.005
   540:  1287982.009  1287988.005  1288150.009  1294243.001  1296455.003
   545:  1296558.001  1297429.003  1298045.005  1298191.009  1300511.005
   550:  1300900.009  1300967.005  1301137.009  1308408.001  1308894.003
   555:  1309098.001  1310717.003  1311233.005  1311273.009  1311287.005
   560:  1311321.009  1311330.005  1311437.009  1311829.001  1314497.003
   565:  1315167.005  1315545.009  1321174.005  1321199.009  1321219.005
   570:  1321448.009  1322067.001  1323820.003  1323915.001  1324569.003
   575:  1325530.001  1327838.003  1328559.005  1328588.009  1328594.005
   580:  1328778.009  1329300.001  1330401.003  1330617.001  1333127.003
   585:  1333547.005  1333855.009  1343774.005  1343847.009  1343867.005
   590:  1344026.009  1344505.001  1345831.003  1346042.001  1346246.003
   595:  1346370.001  1346874.003  1346920.001  1347891.003  1352946.005
   600:  1353356.009  1445849.001  1448699.018  1448999.003  1449005.016
   605:  1449055.026  1449097.001  1449206.003  1449271.005  1450467.009
   610:  1450478.005  1450774.009  1451414.005  1451427.009  1452017.001
   615:  1454343.003  1455231.005  1455467.009  1459375.005  1459381.009
   620:  1459406.005  1459711.009  1460374.001  1462509.003  1462578.001
   625:  1463587.003  1464170.005  1464238.009  1464593.001  1464830.003
   630:  1466711.001  1466750.003  1466768.001  1467979.003  1468565.005
   635:  1468585.009  1468591.005  1468706.009  1469722.001  1470211.003
   640:  1470367.001  1471758.003  1472394.005  1472565.009  1476713.001
   645:  1478860.003  1479072.001  1479728.003  1479764.001  1479796.003
   650:  1480469.005  1480920.009  1485924.001  1487009.003  1487081.001
   655:  1487430.003  1487526.001  1488280.003  1489067.005  1489192.009
   660:  1490026.001  1492024.003  1492335.005  1492519.009  1492935.001
   665:  1493135.003  1498401.005  1498547.009
B:
     0:        0.000      182.000       10.000      182.000       10.000
     5:      134.000        0.000        0.000        0.000      134.000
    10:        0.000        1.000        0.000        0.000        0.000
    15:        0.000        5.000        0.000        5.000        0.000
    20:        0.000        0.000        0.000        0.000        0.000
    25:        0.000        5.000        0.000        0.000        0.000
    30:        0.000
D:
     0:  4052170.000  4051971.000  4052171.000
E:
     0:     2850.000     2850.000
T:
     0:        0.000        0.000        0.000        0.000
W:
     0:        0.000        0.000        0.000
