File: C:\MED-PC IV\Data\ALFE\AU025.999


Start Date: 02/12/24
End Date: 02/12/24
Subject: 25
Experiment: AU
Group: LINEAR
Box: 5
Start Time: 14:40:46
End Time: 15:30:46
MSN: DRRD_500ms
C:       0.000
F:       0.000
G:       0.000
H:       0.000
I:       0.000
J:       0.000
K:     100.000
L:       0.000
M:       0.000
N:       0.000
O:       0.000
P:       0.000
Q:       0.000
R:       0.000
S:       0.000
U: 1816615.000
V:       0.000
X:       0.000
Y:    1634.000
Z:       0.000
A:
     0:    13714.005    13822.009    15000.011    15903.001    16106.003
     5:    17564.001    17871.003    29739.001    29800.003    29874.001
    10:    30025.003    30056.001    30878.003    31891.001    31936.003
    15:    31963.001    34415.003    34937.001    34969.003    35025.001
    20:    35107.003    35133.001    40133.018    40386.003    40392.016
    25:    40442.026    40466.005    40825.009    43186.001    47491.003
    30:    47560.005    47775.009    48359.001    51630.003    51657.001
    35:    53348.003    53554.005    53565.009    53573.005    53642.009
    40:    54910.001    59199.003    59271.005    59503.009    60042.001
    45:    64791.003    64879.005    64948.009    66214.001    70131.003
    50:    71481.001    75418.003    75493.005    75865.009    76523.001
    55:    80808.003    80873.005    81040.009    82546.001    86884.003
    60:    86952.005    87077.009    87678.001    92678.018    93044.003
    65:    93050.016    93100.005    93100.026    93423.009    93449.005
    70:    93567.009    94820.001    98863.003    99305.005    99498.009
    75:   100012.001   105012.018   105548.003   105554.016   105604.026
    80:   105611.005   106069.009   106098.005   106272.009   107422.001
    85:   107483.003   107702.001   112702.018   113285.003   113291.016
    90:   113331.005   113341.026   113823.009   113831.005   113853.009
    95:   113880.005   113932.009   114080.005   114120.009   114881.001
   100:   114954.003   115019.001   120019.018   120034.003   120040.016
   105:   120090.026   120181.005   120699.009   120855.005   120865.009
   110:   121931.001   126115.003   126340.005   126450.009   126630.001
   115:   126679.003   126715.001   126810.003   126961.001   131961.018
   120:   132285.003   132291.016   132341.026   132382.005   132668.009
   125:   134900.001   135138.003   135171.001   139299.003   139499.005
   130:   139620.009   139878.001   140163.003   140401.001   145220.003
   135:   145278.005   145477.009   145953.001   146023.003   147100.001
   140:   151154.003   151310.005   151405.009   151968.001   156466.003
   145:   156606.005   156958.009   157354.001   157479.003   158286.001
   150:   162455.003   162616.005   162789.009   162913.005   163080.009
   155:   163526.001   163644.003   163696.001   167593.003   167606.001
   160:   167717.003   167727.001   169353.003   169548.005   169703.009
   165:   171132.001   175068.003   175297.005   175409.009   175980.001
   170:   180949.003   181016.005   181507.009   182051.001   184054.003
   175:   184082.001   187308.003   187511.005   187534.009   187561.005
   180:   187660.009   187970.001   192970.018   193484.003   193490.016
   185:   193540.026   193565.005   193894.009   193960.005   194148.009
   190:   195139.001   195427.003   195599.001   197516.003   197537.001
   195:   199859.003   199923.005   200179.009   200840.001   205407.003
   200:   205431.001   205605.003   205626.001   207014.003   207727.001
   205:   210749.003   210767.001   211656.003   211670.001   211862.003
   210:   211874.001   213291.003   213351.005   213550.009   215345.001
   215:   218823.003   218851.001   220084.003   220256.005   220446.009
   220:   220973.001   225973.018   226132.003   226138.016   226188.026
   225:   226190.005   227054.009   228127.001   228160.003   228280.001
   230:   228675.003   228705.001   230687.003   230711.001   232132.003
   235:   232261.001   232320.003   232362.001   232811.003   233202.005
   240:   233303.009   234914.001   239789.003   239799.001   240694.003
   245:   240910.005   241034.009   242139.001   242333.003   242372.001
   250:   243720.003   243739.001   246044.003   246054.001   247029.003
   255:   247192.005   247364.009   248121.001   248371.003   248697.001
   260:   253697.018   253701.003   253707.016   253757.026   253838.005
   265:   254415.009   254605.005   254619.009   254642.005   254680.009
   270:   256191.001   256286.003   256319.001   256571.003   257813.001
   275:   262134.003   262353.005   262614.009   263249.001   263391.003
   280:   264108.001   268823.003   269009.005   269088.009   270557.001
   285:   270677.003   270719.001   274956.003   275162.005   275248.009
   290:   275585.001   275729.003   276298.001   276381.003   276417.001
   295:   276641.003   276685.001   278469.003   278495.001   279698.003
   300:   279931.005   280191.009   280857.001   281037.003   281361.001
   305:   284430.003   284507.001   286354.003   286514.005   286760.009
   310:   287232.001   292232.018   292390.003   292396.016   292446.026
   315:   292498.005   293037.009   293176.005   293182.009   293191.005
   320:   293223.009   293233.005   293248.009   293551.005   293696.009
   325:   294291.001   294320.003   294365.001   296231.003   296260.001
   330:   298699.003   298736.001   299845.003   300242.005   300442.009
   335:   300979.001   304319.003   304345.001   305020.003   305071.001
   340:   305419.003   305460.001   306549.003   306609.001   307143.003
   345:   307416.005   307545.009   308260.001   308315.003   308365.001
   350:   308423.003   309038.001   311301.003   311325.001   312441.003
   355:   312667.005   312936.009   313224.001   313649.003   314367.001
   360:   314471.003   314495.001   319045.003   319193.005   319333.009
   365:   319680.001   324680.018   325434.003   325440.016   325490.026
   370:   325537.005   325853.009   325865.005   325954.009   327216.005
   375:   327247.009   328400.001   328467.003   328529.001   331025.003
   380:   331051.001   331546.003   331675.001   334571.003   334593.001
   385:   335021.003   335294.005   335349.009   335872.001   339685.003
   390:   339709.001   340864.003   340972.005   341099.009   344546.001
   395:   347542.003   347557.001   348262.003   348393.001   350525.003
   400:   350616.001   351177.003   351717.005   351798.009   352077.001
   405:   354528.003   354553.001   355883.003   355915.001   356923.003
   410:   357064.005   357453.009   358162.001   362033.003   362202.005
   415:   362641.009   362948.001   367948.018   368596.003   368602.016
   420:   368652.026   368723.005   369104.009   369194.005   369226.009
   425:   371256.001   371427.003   371480.001   376227.003   376681.001
   430:   376715.003   376752.001   381752.018   381914.003   381920.016
   435:   381970.026   381983.005   382368.009   382571.005   382597.009
   440:   384361.001   388035.003   388050.001   388957.003   389144.005
   445:   389328.009   389810.001   394561.003   394575.001   395287.003
   450:   395471.005   395778.009   396297.001   396409.003   396457.001
   455:   401457.018   401785.003   401791.016   401841.026   401846.005
   460:   402434.009   402468.005   402483.009   402561.005   402592.009
   465:   402782.005   402958.009   403588.001   403637.003   403691.001
   470:   408691.018   409752.003   409758.016   409808.026   409869.005
   475:   410141.009   410179.005   410281.009   417822.001   418300.003
   480:   418334.001   421759.003   421812.001   421888.003   422048.001
   485:   422648.003   422943.005   423092.009   423411.001   425178.003
   490:   425193.001   428010.003   428211.005   428321.009   429755.001
   495:   432992.003   433018.001   433087.003   433107.001   433554.003
   500:   433566.001   434131.003   434424.005   434599.009   434878.001
   505:   439878.018   440346.003   440352.016   440402.026   440473.005
   510:   440932.009   440957.005   440982.009   442639.001   447639.018
   515:   447702.003   447708.016   447758.026   447839.005   448224.009
   520:   448302.005   448320.009   449561.001   449753.003   449842.001
   525:   454136.003   454203.005   454426.009   454868.001   458518.003
   530:   458538.001   459089.003   459131.001   459190.003   459214.001
   535:   459708.003   459880.005   459918.009   460172.001   464721.003
   540:   464787.005   465140.009   465688.001   470145.003   470178.001
   545:   471130.003   471252.005   471721.009   472122.001   477122.018
   550:   477289.003   477295.016   477345.026   477400.005   477663.009
   555:   477678.005   477864.009   478539.001   480160.003   480184.001
   560:   483449.003   483900.001   488509.003   488730.005   488888.009
   565:   489224.001   493953.003   494052.005   494058.009   494061.005
   570:   494227.009   494479.001   499479.018   500144.003   500150.016
   575:   500200.026   500285.005   500684.009   500703.005   500930.009
   580:   500931.005   500952.009   501136.005   501147.009   501843.001
   585:   505687.003   505720.001   505893.003   505924.001   506428.003
   590:   506462.001   506870.003   506894.001   506935.003   506962.001
   595:   507623.003   507940.005   507996.009   508337.001   508368.003
   600:   508423.001   510226.003   510243.001   513530.003   513754.005
   605:   513862.009   514086.001   519086.018   519121.003   519127.016
   610:   519152.001   519177.026   519327.003   519403.005   520390.009
   615:   521377.001   521517.003   521562.001   524861.003   524976.001
   620:   525728.003   525976.005   526087.009   526299.001   526341.003
   625:   526387.001   526493.003   527458.001   531652.003   531886.005
   630:   532163.009   532397.001   532724.003   533794.001   537785.003
   635:   537945.005   538057.009   538413.001   539440.003   539508.001
   640:   543815.003   543954.005   544051.009   544297.001   549090.003
   645:   549322.005   549396.009   549839.001   550003.003   550788.001
   650:   553867.003   553878.001   554974.003   555034.005   555385.009
   655:   555719.001   556663.003   556760.001   557525.003   557563.001
   660:   561026.003   561177.005   561364.009   561564.001   561610.003
   665:   561679.001   561700.003   561729.001   566729.018   566942.003
   670:   566948.016   566998.026   567078.005   567431.009   567490.005
   675:   568043.009   570900.001   570930.003   571816.001   572253.003
   680:   572284.001   577284.018   578662.003   578668.016   578715.005
   685:   578718.026   579062.009   579071.005   579125.009   580325.001
   690:   580384.003   580407.001   580563.003   580602.001   585270.003
   695:   585290.001   585884.003   585955.005   586154.009   586587.001
   700:   587766.003   587812.001   588059.003   588085.001   592135.003
   705:   592176.001   592838.003   593199.005   593235.009   593558.001
   710:   594465.003   594499.001   599072.003   599158.005   599378.009
   715:   599708.001   602006.003   602038.001   606311.003   606395.005
   720:   606560.009   606841.001   611841.018   611901.003   611907.016
   725:   611957.005   611957.026   612594.009   614143.001   616902.003
   730:   616962.001   620427.003   620458.001   620921.003   621180.005
   735:   621246.009   621625.001   623263.003   623312.001   627681.003
   740:   627845.005   628062.009   628373.001   628411.003   636482.001
   745:   639621.003   639656.001   640515.003   640555.001   641934.003
   750:   642169.005   642243.009   642777.001   647220.003   647457.005
   755:   647564.009   647883.001   652883.018   652960.003   652966.016
   760:   653016.026   653050.005   653580.009   653588.005   653633.009
   765:   654984.001   655085.003   655130.001   660130.018   661010.003
   770:   661016.016   661056.005   661066.026   661428.009   662344.001
   775:   662394.003   662418.001   662693.003   662716.001   667716.018
   780:   669261.003   669267.016   669317.026   669404.005   670289.009
   785:   670386.005   670665.009   670767.005   670837.009   670840.005
   790:   670895.009   671596.001   676596.018   677152.003   677158.016
   795:   677178.001   677208.026   677609.003   677680.005   678441.009
   800:   679321.001   679613.003   680007.001   680031.003   680104.001
   805:   680608.003   681445.001   681512.003   681993.001   683435.003
   810:   683480.001   687495.003   687685.005   687821.009   687850.005
   815:   687941.009   688028.005   688315.009   688742.001   688959.003
   820:   690610.005   690622.009   690637.005   690671.009   691000.005
   825:   691243.009   691930.001   691980.003   693534.001   694254.003
   830:   694284.001   697245.003   697483.005   697727.009   698286.001
   835:   703286.018   703889.003   703895.016   703945.026   704013.005
   840:   704335.009   705626.001   706321.003   707199.001   707329.003
   845:   707376.001   710513.003   710539.001   711454.003   711630.005
   850:   711690.009   712083.001   712119.003   712804.001   713162.003
   855:   713222.001   716421.003   716520.005   716735.009   716834.005
   860:   717079.009   717739.001   722012.003   722038.001   723089.003
   865:   723444.005   723825.009   724460.001   724555.003   725014.001
   870:   726010.003   726060.001   727671.003   727697.001   728567.003
   875:   728593.001   728725.003   728758.001   729346.003   729531.005
   880:   729569.009   729926.001   732510.003   732766.005   732938.009
   885:   733589.001   734370.003   734406.001   736054.003   736083.001
   890:   737379.003   737665.005   737797.009   738233.001   742987.003
   895:   743049.005   743334.009   748757.001   748863.003   748926.001
   900:   749216.003   749775.001   754069.003   754285.005   754445.009
   905:   754867.001   759107.003   759174.001   759672.003   760002.005
   910:   760092.009   760520.001   761540.003   761552.001   764967.003
   915:   765173.005   765478.009   765546.005   765682.009   766267.001
   920:   766335.003   766367.001   769436.003   769457.001   771079.003
   925:   771308.005   771446.009   771763.001   771803.003   771922.001
   930:   776880.003   777080.005   777294.009   777708.001   782126.003
   935:   782190.005   782504.009   792920.001   794052.003   794094.001
   940:   794268.003   794363.001   797927.003   798273.005   798448.009
   945:   798660.001   800087.003   800117.001   804251.003   804344.005
   950:   804661.009   807022.001   808270.003   808294.001   810189.003
   955:   810214.001   811429.003   811502.005   811721.009   811970.001
   960:   814757.003   814767.001   816199.003   816445.005   816500.009
   965:   817046.001   822046.018   822586.003   822592.016   822642.026
   970:   822652.005   823275.009   823302.005   823339.009   823594.005
   975:   823615.009   823635.005   823761.009   824808.005   824828.009
   980:   826472.001   826541.003   826597.001   830549.003   830564.001
   985:   831480.003   831556.005   831773.009   832187.001   835115.003
   990:   835137.001   836362.003   836391.001   840288.003   840695.005
   995:   840737.009   841427.001   846427.018   846539.003   846545.016
  1000:   846595.026   846600.005   846987.009   851860.005   852245.009
  1005:   863083.001   864426.003   864465.001   864568.003   864805.001
  1010:   865562.003   865866.001   866207.003   867389.001   867623.003
  1015:   873231.001   877350.003   877691.005   877723.009   877738.005
  1020:   877772.009   877823.005   877851.009   878381.001   882115.003
  1025:   882246.005   882263.009   882763.001   882930.003   883278.001
  1030:   888278.018   888478.003   888484.016   888534.026   888539.005
  1035:   889515.009   891067.001   894015.003   894040.001   896106.003
  1040:   896148.005   896390.009   897797.001   898186.003   898340.001
  1045:   898639.003   898765.001   898811.003   898842.001   903184.003
  1050:   903425.005   903438.009   903533.005   903655.009   903983.001
  1055:   904323.003   905475.001   909363.003   909536.005   909718.009
  1060:   910430.001   912032.003   912109.001   912874.003   913057.005
  1065:   913100.009   913195.005   913336.009   913663.001   913743.003
  1070:   913793.001   918793.018   918930.003   918936.016   918986.026
  1075:   919012.005   919445.009   927610.001   927995.003   929298.001
  1080:   929397.003   929542.001   929596.003   929657.001   930131.003
  1085:   930403.005   930565.009   944185.001   944733.003   945655.001
  1090:   945683.003   945894.005   946375.009   946391.005   946557.009
  1095:   946664.005   946699.009   946704.005   946886.009   947029.005
  1100:   947157.009   947523.001   947824.003   947841.001   947923.003
  1105:   947948.001   952015.003   952177.005   952300.009   952597.001
  1110:   953375.003   954320.001   957815.003   958006.005   958145.009
  1115:   958607.001   963249.003   963401.005   963550.009   963641.005
  1120:   963717.009   964019.001   968683.003   968766.005   969032.009
  1125:   969467.001   969522.003   969566.001   974566.018   975291.003
  1130:   975297.016   975347.026   975369.005   975869.009   978054.001
  1135:   982204.003   982274.005   982498.009   983098.001   988098.018
  1140:   988572.003   988578.016   988628.026   988636.005   989026.009
  1145:   989128.005   989349.009   990552.001   994976.003   995043.005
  1150:   995280.009   995888.001  1000796.003  1001668.001  1003194.003
  1155:  1003240.001  1007570.003  1007642.005  1007869.009  1008257.001
  1160:  1008290.003  1008323.001  1012883.003  1013156.005  1013352.009
  1165:  1013723.001  1018206.003  1018391.005  1018539.009  1018953.001
  1170:  1019044.003  1019085.001  1024085.018  1024322.003  1024328.016
  1175:  1024378.026  1024397.005  1024845.009  1024879.005  1024931.009
  1180:  1024939.005  1024977.009  1025018.005  1025105.009  1026721.001
  1185:  1026754.003  1026777.001  1031300.003  1031357.005  1031545.009
  1190:  1031833.001  1036501.003  1036872.005  1036931.009  1037354.001
  1195:  1037800.003  1038155.001  1041205.003  1041434.005  1041675.009
  1200:  1047912.001  1048125.003  1048167.001  1053001.003  1053161.005
  1205:  1053426.009  1053942.001  1056970.003  1057263.005  1057387.009
  1210:  1057708.001  1057743.003  1057778.001  1057930.003  1058908.001
  1215:  1063183.003  1063255.005  1063851.009  1063853.005  1064123.009
  1220:  1064528.001  1064668.003  1068865.001  1072038.003  1072052.001
  1225:  1073141.003  1073249.005  1073623.009  1074302.001  1074374.003
  1230:  1074503.001  1079484.003  1079564.005  1079836.009  1085601.001
  1235:  1090109.003  1090135.001  1091187.003  1091421.005  1091653.009
  1240:  1091963.001  1096028.003  1096045.001  1096656.003  1096896.005
  1245:  1097050.009  1097700.001  1097908.003  1097948.001  1101989.003
  1250:  1102055.005  1102823.009  1102852.005  1102860.009  1102882.005
  1255:  1102903.009  1102935.005  1102971.009  1119286.001  1124286.018
  1260:  1124408.003  1124414.016  1124464.026  1124494.005  1125211.009
  1265:  1125284.005  1125354.009  1125599.005  1125623.009  1126706.001
  1270:  1131248.003  1131426.005  1131500.009  1131838.001  1131853.003
  1275:  1131871.001  1131891.003  1132148.001  1137148.018  1137301.003
  1280:  1137307.016  1137357.026  1137388.005  1137843.009  1137958.005
  1285:  1137971.009  1139192.001  1143185.003  1143266.005  1143416.009
  1290:  1143447.005  1143516.009  1145022.001  1148543.003  1148579.001
  1295:  1149485.003  1149561.005  1149641.009  1151108.001  1151236.003
  1300:  1151256.001  1151415.003  1151467.001  1155794.003  1155872.005
  1305:  1156253.009  1156266.005  1156325.009  1156807.001  1161798.003
  1310:  1161952.005  1162118.009  1162674.001  1166605.003  1166654.001
  1315:  1167579.003  1167793.005  1167882.009  1167932.005  1168131.009
  1320:  1172739.001  1177725.003  1177958.005  1178179.009  1178928.001
  1325:  1182937.003  1183124.005  1183132.009  1183710.001  1186105.003
  1330:  1186154.001  1187029.003  1187319.005  1187662.009  1189974.005
  1335:  1190230.009  1190235.005  1190399.009  1197518.001  1199188.003
  1340:  1199204.001  1203076.003  1203150.005  1203345.009  1203414.005
  1345:  1203435.009  1203558.005  1203590.009  1204666.001  1209296.003
  1350:  1209535.005  1209693.009  1210059.001  1215059.018  1215212.003
  1355:  1215218.016  1215265.005  1215268.026  1215646.009  1215716.005
  1360:  1215757.009  1215804.005  1215840.009  1216151.005  1216178.009
  1365:  1218727.005  1218827.009  1221380.001  1221420.003  1221489.001
  1370:  1226027.003  1226119.005  1226303.009  1226348.005  1226383.009
  1375:  1226755.001  1226819.003  1227212.001  1227256.003  1227381.001
  1380:  1227537.003  1227936.001  1231855.003  1232680.001  1232911.003
  1385:  1232935.001  1236981.003  1237085.005  1237144.009  1237524.005
  1390:  1237538.009  1238037.001  1238078.003  1238493.001  1238796.003
  1395:  1238849.001  1241638.003  1241660.001  1242109.003  1242449.005
  1400:  1242532.009  1252753.005  1252780.009  1252790.005  1252829.009
  1405:  1252860.005  1253050.009  1253406.001  1255150.003  1255176.001
  1410:  1258143.003  1258530.005  1258542.009  1259244.001  1264244.018
  1415:  1264427.003  1264433.016  1264483.026  1264513.005  1265315.009
  1420:  1265352.005  1265633.009  1267181.001  1267301.003  1275084.001
  1425:  1277320.003  1277325.001  1277372.003  1277949.005  1278052.009
  1430:  1278401.001  1278431.003  1278724.001  1283724.018  1284087.003
  1435:  1284093.016  1284143.026  1284163.005  1284718.009  1288605.001
  1440:  1288693.003  1288750.001  1293015.003  1293279.005  1293306.009
  1445:  1293757.001  1295445.003  1295478.001  1299491.003  1299551.005
  1450:  1299756.009  1300339.001  1300365.003  1300381.001  1300466.003
  1455:  1300498.001  1301709.003  1301734.001  1305469.003  1305562.005
  1460:  1305698.009  1310199.005  1310205.009  1311555.001  1315714.003
  1465:  1315763.005  1315933.009  1316001.005  1316010.009  1323292.001
  1470:  1328292.018  1328538.003  1328544.016  1328594.026  1328605.005
  1475:  1329046.009  1329094.005  1329105.009  1340578.005  1340602.009
  1480:  1340614.005  1340756.009  1340957.005  1341072.009  1341788.001
  1485:  1346788.018  1346789.003  1346795.016  1346845.026  1346869.005
  1490:  1347448.009  1347680.005  1347764.009  1348511.001  1350807.003
  1495:  1350839.001  1350931.003  1350977.001  1351125.003  1351175.001
  1500:  1354946.003  1355013.005  1355224.009  1355754.001  1355928.003
  1505:  1356030.001  1360906.003  1361017.005  1361196.009  1361609.001
  1510:  1361705.003  1361770.001  1366770.018  1367037.003  1367043.016
  1515:  1367090.005  1367093.026  1367428.009  1367739.005  1368052.009
  1520:  1368586.005  1368649.009  1369582.001  1373780.003  1373865.005
  1525:  1374020.009  1374474.001  1374651.003  1374833.001  1379833.018
  1530:  1379999.003  1380005.016  1380055.026  1380153.005  1380523.009
  1535:  1380529.005  1380564.009  1399213.001  1400482.003  1400555.001
  1540:  1403511.003  1403601.005  1403814.009  1403842.005  1403858.009
  1545:  1404451.001  1404487.003  1404527.001  1409314.003  1409370.005
  1550:  1409638.009  1409694.005  1409739.009  1410152.001  1410456.003
  1555:  1410625.001  1415625.018  1415917.003  1415923.016  1415973.026
  1560:  1416038.005  1416571.009  1416605.005  1416641.009  1417706.001
  1565:  1422164.003  1422410.005  1422432.009  1423059.001  1426676.003
  1570:  1426707.001  1428055.003  1428176.005  1428364.009  1428856.001
  1575:  1433856.018  1433933.003  1433939.016  1433989.026  1434036.005
  1580:  1434335.009  1434486.005  1434535.009  1434579.005  1434751.009
  1585:  1434763.005  1434900.009  1434957.005  1434987.009  1435014.005
  1590:  1435026.009  1435079.005  1435081.009  1435746.005  1435766.009
  1595:  1445784.001  1450477.003  1450521.005  1450676.009  1451197.001
  1600:  1452721.003  1452736.001  1457232.003  1457307.005  1457507.009
  1605:  1458018.001  1463018.018  1463040.003  1463046.016  1463096.026
  1610:  1463174.005  1463970.009  1474940.001  1479860.003  1480398.001
  1615:  1480432.003  1480591.001  1484331.003  1484379.001  1485481.003
  1620:  1485518.001  1487763.003  1487849.005  1488038.009  1488404.001
  1625:  1493176.003  1493253.005  1493522.009  1493569.005  1493582.009
  1630:  1495051.001  1495104.003  1496012.001  1499950.003
B:
     0:        0.000      445.000        0.000      445.000        0.000
     5:      301.000        0.000        0.000        0.000      301.000
    10:        0.000        1.000        0.000        0.000        0.000
    15:        0.000       47.000        0.000       47.000        0.000
    20:        0.000        0.000        0.000        0.000        0.000
    25:        0.000       47.000        0.000        0.000        0.000
    30:        0.000
D:
     0:  3316564.000  3312627.000  3316565.000
E:
     0:     5000.000     5000.000
T:
     0:        0.000        0.000        0.000        0.000
W:
     0:        0.000        0.000        0.000
