File: C:\MED-PC IV\Data\ALFE\AU026.999


Start Date: 02/01/24
End Date: 02/01/24
Subject: 26
Experiment: AU
Group: EXP40
Box: 6
Start Time: 14:21:32
End Time: 15:11:31
MSN: DRRD_general_exp
C:       0.000
F:       0.000
G:       0.000
H:       0.000
I:       0.000
J:       0.000
K:      57.000
L:       0.000
M:       0.000
N:       0.000
O:       0.000
P:       0.000
Q:       0.000
R:       0.000
S:       0.000
U: 2156085.000
V:       0.000
X:       0.000
Y:    2042.000
Z:       0.000
A:
     0:    15000.011    15558.001    15740.003    17732.001    17782.003
     5:    27050.001    27957.003    27998.001    28199.003    28265.001
    10:    28632.003    28768.001    28908.003    28942.001    29250.003
    15:    29519.005    29580.009    29844.001    30080.003    30784.001
    20:    30830.003    31089.001    31149.003    43035.001    43494.003
    25:    43878.005    43904.009    43930.005    44978.009    44994.005
    30:    45028.009    45030.005    45047.009    45087.005    45102.009
    35:    45112.005    46387.009    48250.002    48312.004    53784.005
    40:    53811.009    54904.005    54993.009    55101.005    55322.009
    45:    55336.005    55344.009    55400.005    55414.009    56041.001
    50:    56251.003    56304.001    56963.003    57020.001    57892.003
    55:    58952.001    60509.003    60822.005    60885.009    61075.001
    60:    61789.003    61825.001    62306.003    62336.001    63829.003
    65:    64925.005    68702.009    68932.005    69613.009    69691.005
    70:    69696.009    69727.005    69733.009    70221.005    70241.009
    75:    70266.005    70331.009    71477.005    71497.009    71979.001
    80:    72182.003    72267.001    72785.003    72935.001    73385.003
    85:    73500.001    73753.003    73798.001    74006.003    74718.001
    90:    75116.003    75263.001    75522.003    75535.001    77578.003
    95:    77993.005    78026.009    78028.005    78054.009    78424.001
   100:    78495.003    78557.001    80766.003    80881.005    81021.009
   105:    81100.005    81609.009    82009.001    82052.003    82243.001
   110:    82263.003    82279.001    82418.003    82515.001    84647.003
   115:    84750.001    85576.003    85614.001    85920.003    86052.001
   120:    86182.003    86876.001    87753.003    87888.001    88426.003
   125:    88498.001    88566.003    88594.001    90818.003    91246.005
   130:    91266.009    91570.001    92255.003    92363.001    92394.003
   135:    92986.001    93876.003    93956.001    94376.003    94737.001
   140:    94982.003    95035.001    95520.003    95549.001    96910.003
   145:    97431.005    97738.009    98219.001    98297.003    98585.001
   150:    99099.003    99161.001    99181.003    99295.001    99356.003
   155:    99421.001    99523.003    99585.001   100190.003   100214.001
   160:   102096.003   102971.001   105821.018   106348.003   106354.016
   165:   106404.026   106483.005   107041.009   107058.005   107094.009
   170:   108986.005   109188.009   111655.001   111720.003   112764.005
   175:   113330.009   113463.005   113472.009   113667.005   114426.009
   180:   115153.001   115266.003   115296.001   115463.003   115497.001
   185:   115539.003   115744.001   115827.003   116049.001   118802.003
   190:   119347.005   119364.009   119575.001   119805.003   119837.001
   195:   120540.003   120803.005   120960.009   121659.001   121781.003
   200:   122154.001   125004.018   125249.003   125255.016   125305.026
   205:   125348.005   125754.009   126334.005   126529.009   127157.001
   210:   127232.003   129077.001   129381.003   129475.001   129504.003
   215:   129553.001   129617.003   129697.001   130549.003   130560.001
   220:   132477.003   133040.005   133224.009   137266.001   138981.003
   225:   139607.001   142038.003   142821.001   144526.003   144549.001
   230:   145268.003   145796.005   145848.009   145861.005   146070.009
   235:   146698.001   146793.003   146982.001   147694.003   147793.001
   240:   147890.003   147947.001   149932.003   150494.005   151311.009
   245:   151915.001   152347.003   152406.001   153012.003   153144.001
   250:   153530.003   153553.001   155539.003   156553.001   157067.003
   255:   157099.001   157269.003   158211.001   158243.003   158274.001
   260:   160774.003   160857.005   161059.009   161618.005   161667.009
   265:   163202.001   163763.003   163794.001   166512.003   167378.005
   270:   168339.009   168410.005   169185.009   169201.005   169206.009
   275:   169774.001   169899.003   169922.001   172435.003   173080.001
   280:   174879.003   175360.005   175461.009   176292.001   176666.003
   285:   176769.001   178089.003   178158.001   178821.003   178995.001
   290:   179242.003   180992.001   182866.003   183362.005   183771.009
   295:   183794.005   183798.009   186724.001   189500.003   190035.005
   300:   190131.009   190593.001   190917.003   192092.001   192281.003
   305:   192491.001   194247.003   198172.005   198203.009   198380.005
   310:   198451.009   198763.005   198914.009   201886.001   202772.003
   315:   202784.001   205185.003   205906.001   207742.003   210216.001
   320:   212597.003   213504.001   213597.003   213655.001   214073.003
   325:   214102.001   215747.003   216280.005   218162.009   218348.005
   330:   218475.009   218560.005   218613.009   218915.005   219233.009
   335:   219248.005   219264.009   219720.005   219736.009   219835.005
   340:   219846.009   219856.005   219872.009   219915.005   220015.009
   345:   220077.005   220135.009   220581.005   221158.009   223409.001
   350:   223736.003   223818.001   225700.003   225745.001   226234.003
   355:   226337.001   227474.003   230929.001   231091.003   231165.001
   360:   231729.003   231879.001   232000.003   232090.001   232204.003
   365:   232254.005   232347.009   232776.001   232873.003   233232.001
   370:   233503.003   235184.002   235564.004   235763.005   235801.009
   375:   236408.005   236686.009   237732.005   237741.009   237774.005
   380:   237785.009   237875.005   237892.009   237895.005   237919.009
   385:   241703.002   242031.004   244340.001   246245.003   246445.001
   390:   246842.003   246865.001   247548.003   248997.001   249930.003
   395:   249944.001   250382.003   250480.001   251442.003   252012.005
   400:   252268.009   253370.001   255641.003   256637.005   256717.009
   405:   257867.001   258642.003   259800.001   259822.003   259944.001
   410:   261024.003   261461.005   261721.009   267726.005   267736.009
   415:   268710.001   269806.003   270760.001   271607.003   271627.001
   420:   273013.003   273085.001   273098.003   274779.001   276288.003
   425:   276745.001   276782.003   276824.001   278302.003   278376.001
   430:   278978.003   279559.005   281399.009   282813.001   285574.003
   435:   286187.005   286231.009   286722.001   289572.018   289758.003
   440:   289764.016   289814.026   289902.005   290343.009   290388.005
   445:   290424.009   298120.005   298144.009   298155.005   298407.009
   450:   298471.005   298885.009   300599.001   300707.003   300744.001
   455:   300764.003   300892.001   302753.003   303201.005   303435.009
   460:   303456.005   303597.009   303885.001   305665.003   305683.001
   465:   305893.003   306329.005   306576.009   306643.005   306674.009
   470:   306730.005   306882.009   307443.001   307731.003   307872.001
   475:   308013.003   308051.001   308812.003   308841.001   310086.003
   480:   310550.005   310735.009   310761.005   313564.009   314906.001
   485:   315191.003   315240.001   317766.003   318727.001   320965.003
   490:   322316.001   322333.003   322457.001   323899.003   324499.005
   495:   324543.009   324918.005   325214.009   325847.001   326062.003
   500:   326100.001   328223.003   328761.005   328918.009   331455.005
   505:   331476.009   332277.001   334457.003   334523.001   335566.003
   510:   335634.001   336377.003   337082.001   337178.003   337185.001
   515:   337475.003   337541.001   339412.003   346687.001   349537.018
   520:   350921.003   350927.016   350977.026   351102.005   351827.009
   525:   353880.001   353916.003   353931.001   355357.003   355894.005
   530:   355919.009   356059.005   356126.009   356554.001   358971.003
   535:   359678.005   359886.009   360533.001   360600.003   360639.001
   540:   361238.003   361368.001   361885.003   361899.001   364067.003
   545:   369767.005   369779.009   370592.001   370751.003   370850.001
   550:   373120.003   381504.001   381666.003   381782.001   382641.003
   555:   382696.001   382948.003   383026.001   383612.003   384478.005
   560:   384557.009   385170.001   385318.003   385339.001   385642.003
   565:   385675.001   386906.003   386923.001   387243.003   389160.001
   570:   389693.003   389856.005   390165.009   391591.001   393360.003
   575:   394237.005   394260.009   394676.001   395133.003   395244.001
   580:   397113.003   397781.005   397958.009   397970.005   398101.009
   585:   398499.001   398580.003   398622.001   400891.003   403050.001
   590:   405900.018   407382.003   407388.016   407438.026   407504.005
   595:   408309.009   408329.005   408428.009   409731.001   409817.003
   600:   409867.001   412047.003   414964.001   416431.003   416944.005
   605:   417009.009   417520.001   419296.003   419314.001   419809.003
   610:   420140.005   420194.009   420294.005   420309.009   420947.001
   615:   421064.003   421268.001   421413.003   421546.001   423633.003
   620:   424687.001   424718.003   424741.001   425564.003   425626.001
   625:   425940.003   426117.001   426182.003   426222.001   427399.003
   630:   428311.005   428383.009   428794.001   429295.003   429381.001
   635:   429499.003   429817.001   430558.003   430741.001   432063.003
   640:   432572.005   432593.009   432684.005   432763.009   433073.001
   645:   433503.003   433558.001   436388.003   436913.005   436974.009
   650:   437573.001   440423.018   440471.003   440477.016   440527.026
   655:   440633.005   441796.009   441815.005   441820.009   444299.001
   660:   444543.003   444571.001   446294.003   446401.001   446939.003
   665:   447382.005   447438.009   447746.005   447830.009   448356.001
   670:   450917.003   451490.005   451619.009   451661.005   451684.009
   675:   457761.001   458738.003   458760.001   459424.003   459454.001
   680:   459802.003   459827.001   461490.003   462562.001   465412.018
   685:   465905.003   465911.016   465961.026   466048.005   466844.009
   690:   469120.001   469294.003   469346.001   470296.003   470320.001
   695:   472952.003   473986.001   476836.018   477400.003   477406.016
   700:   477456.026   477515.005   478177.009   478233.005   478282.009
   705:   478300.005   478341.009   479402.001   479502.003   479523.001
   710:   480805.003   480885.001   481616.003   483606.001   484182.003
   715:   484208.001   485178.003   485188.001   485434.003   485488.001
   720:   486074.003   486107.001   486127.003   486150.001   486165.003
   725:   486181.001   486269.003   486310.001   487824.003   488020.001
   730:   488231.003   490231.005   490399.009   491711.001   491759.003
   735:   491844.001   492012.003   492030.001   492102.003   492146.001
   740:   493961.003   494985.001   497808.003   498882.001   500486.003
   745:   501449.005   501640.009   501992.005   502007.009   509947.005
   750:   510028.009   511056.001   512122.003   512131.001   513025.003
   755:   513058.001   514801.003   515767.001   516113.003   516416.001
   760:   518300.003   518315.001   519144.003   519948.001   520570.003
   765:   521937.001   522826.003   522855.001   525083.003   526053.001
   770:   527671.003   529453.001   531690.003   532801.001   534976.003
   775:   535462.001   536033.003   536533.005   536642.009   537420.001
   780:   537481.003   537806.001   537962.003   538049.001   539773.003
   785:   541729.001   541978.003   542172.001   543861.003   544357.005
   790:   544441.009   545221.001   546085.003   546097.001   546234.003
   795:   546276.001   546752.003   548997.001   549041.003   549088.001
   800:   549754.003   549786.001   550274.003   550721.005   550888.009
   805:   556845.001   559062.003   559093.001   559209.003   559304.001
   810:   559591.003   559768.001   561398.003   562234.001   562722.003
   815:   562843.001   564405.003   564743.001   565009.003   565514.005
   820:   567097.009   567946.001   568437.003   568526.001   571376.018
   825:   571411.003   571417.016   571467.026   571537.005   572467.009
   830:   573866.001   574415.003   574440.001   574809.003   575148.001
   835:   575351.003   576751.001   578999.003   579067.001   579862.003
   840:   581015.001   583245.003   583262.001   584282.003   584964.005
   845:   584969.009   585787.001   587970.003   588289.005   588379.009
   850:   591877.001   591922.003   595137.002   595356.004   596116.001
   855:   598247.003   598259.001   599953.003   600649.001   602433.003
   860:   602999.005   603029.009   603030.005   603067.009   603630.001
   865:   603756.003   603767.001   605752.003   605807.001   606293.003
   870:   606353.001   606617.003   606635.001   607258.003   608108.001
   875:   608220.003   608234.001   609135.003   609157.001   610563.003
   880:   610709.001   611054.003   628316.001   628337.003   628384.001
   885:   628444.003   629038.005   629232.009   630316.001   631010.003
   890:   631204.001   631543.003   631948.001   632417.003   632694.001
   895:   633246.003   633565.001   634071.003   634288.001   634377.003
   900:   635363.001   635805.003   636007.005   636216.009   636859.001
   905:   638052.003   638261.001   638490.003   639816.001   640410.003
   910:   640554.005   640662.009   642563.001   643612.003   644119.001
   915:   645081.003   645180.001   645667.003   645807.001   647521.003
   920:   648144.005   648174.009   648584.001   648625.003   648802.001
   925:   649017.003   649038.001   650484.003   650595.001   650966.003
   930:   650976.001   652247.003   654621.001   656863.003   658359.001
   935:   658612.003   658686.001   661179.003   661843.005   661947.009
   940:   663405.001   664744.003   665886.001   666318.003   666491.005
   945:   666886.009   671810.005   671877.009   672041.005   672231.009
   950:   672647.005   672655.009   673155.001   674236.003   674333.001
   955:   674397.003   674509.001   677359.018   677805.003   677811.016
   960:   677861.026   677960.005   678489.009   678500.005   678924.009
   965:   682018.001   682390.003   682422.001   682607.003   682637.001
   970:   682883.003   682914.001   684336.003   685219.001   685826.003
   975:   685921.001   686355.003   686373.001   688232.003   688772.005
   980:   688826.009   689933.001   690413.003   690436.001   693154.003
   985:   694617.001   694635.003   694675.001   696619.003   702153.001
   990:   702370.003   702785.001   705635.018   706941.003   706947.016
   995:   706997.026   707066.005   707573.009   707602.005   707788.009
  1000:   707791.005   707837.009   712783.001   713146.003   713189.001
  1005:   714223.003   714350.001   715671.003   716423.001   718712.003
  1010:   719318.005   720218.009   722394.001   724589.003   726423.001
  1015:   726474.003   726587.001   729062.003   729555.005   729646.009
  1020:   733255.001   733299.003   733368.001   733415.003   733717.001
  1025:   734086.003   734263.001   735163.003   735832.001   736259.003
  1030:   736496.001   737881.003   737954.001   738389.003   738905.005
  1035:   739068.009   744906.001   744993.003   745377.001   745458.003
  1040:   745538.001   745657.003   746044.001   746264.003   746294.001
  1045:   746808.003   747966.001   748068.003   748082.001   749238.003
  1050:   751034.001   751710.003   751732.001   751916.003   752142.001
  1055:   752591.003   754060.005   754129.009   761328.002   761678.004
  1060:   761768.002   761924.004   763074.005   763097.009   763562.005
  1065:   763926.009   764677.005   764700.009   765699.001   765898.003
  1070:   765970.001   768820.018   769919.003   769925.016   769975.026
  1075:   770045.005   770900.009   771001.005   771080.009   772340.001
  1080:   772376.003   772566.001   772768.003   773581.001   773790.003
  1085:   773837.001   774145.003   774168.001   774713.003   774828.001
  1090:   775486.003   775509.001   775619.003   775731.001   776182.003
  1095:   776272.001   777389.003   777955.005   778086.009   779073.001
  1100:   780017.003   780117.001   782043.003   782079.001   782226.003
  1105:   782985.001   783055.003   783939.001   784849.003   784961.001
  1110:   785634.003   785684.001   786170.003   786204.001   786272.003
  1115:   786426.001   786535.003   788354.001   788392.003   788473.001
  1120:   790132.003   790215.001   791653.003   792857.005   793124.009
  1125:   797235.001   800085.018   800771.003   800777.016   800827.026
  1130:   800917.005   801748.009   801775.005   801779.009   801812.005
  1135:   801872.009   801887.005   801930.009   801944.005   801958.009
  1140:   802064.005   804497.009   805602.001   805735.003   805836.001
  1145:   806069.003   806626.001   806996.003   807017.001   807815.003
  1150:   807933.001   808519.003   808896.001   809004.003   810858.001
  1155:   812582.003   812625.001   812640.003   812676.001   814251.003
  1160:   814330.001   814416.003   814442.001   814509.003   814567.001
  1165:   815571.003   816147.005   816165.009   816983.001   817063.003
  1170:   817220.001   817599.003   817801.001   818390.003   818405.001
  1175:   818571.003   818595.001   818980.003   819091.001   819582.003
  1180:   819631.001   820980.003   821999.001   822063.003   822075.001
  1185:   822127.003   822494.001   823731.003   823778.001   824147.003
  1190:   824188.001   825283.003   827238.001   827425.003   827666.001
  1195:   828584.003   828635.001   830679.003   831311.005   831436.009
  1200:   831748.005   832038.009   833805.001   836655.018   837858.003
  1205:   837864.016   837914.026   837975.005   838780.009   838792.005
  1210:   838821.009   838919.005   838977.009   843784.005   843916.009
  1215:   844693.005   844725.009   844832.005   845095.009   845287.005
  1220:   845348.009   845518.005   845621.009   846136.005   846150.009
  1225:   847011.001   847900.003   847923.001   848334.003   848349.001
  1230:   850621.003   851395.001   851755.003   851853.001   852805.003
  1235:   860972.001   861655.003   861680.001   861889.003   861959.001
  1240:   864079.003   864588.005   864672.009   866035.001   867992.003
  1245:   869699.001   869826.003   873795.001   873896.003   874383.001
  1250:   875270.003   875299.001   876070.003   876198.001   876251.003
  1255:   876314.001   878036.003   879089.001   879283.003   879296.001
  1260:   880560.003   880613.001   882185.003   883266.001   884713.003
  1265:   885370.001   886744.003   886763.001   888496.003   888808.005
  1270:   888928.009   890706.001   893504.003   901409.001   901522.003
  1275:   903883.001   903999.003   904183.001   906296.003   907319.001
  1280:   907364.003   907416.001   907452.003   907510.001   908697.003
  1285:   908717.001   909777.003   910789.001   910899.003   910923.001
  1290:   910967.003   910983.001   911724.003   911840.001   912175.003
  1295:   913024.001   913063.003   913098.001   914060.003   915231.001
  1300:   915374.003   915398.001   916186.003   916876.005   916909.009
  1305:   917275.001   919437.003   920051.001   921877.003   923265.001
  1310:   923747.003   923811.001   924456.003   924528.001   924703.003
  1315:   924817.001   925462.003   925622.001   926059.003   926235.001
  1320:   927075.003   927832.005   927877.009   930716.001   931850.003
  1325:   932764.001   933377.003   933543.001   934735.003   935357.005
  1330:   935382.009   936384.001   936658.003   936695.001   938905.003
  1335:   939515.005   939606.009   940425.001   940583.003   940610.001
  1340:   941015.003   941331.001   941450.003   941526.001   943338.003
  1345:   945520.001   945611.003   945647.001   946176.003   946231.001
  1350:   946275.003   946325.001   947120.003   947168.001   948365.003
  1355:   950831.001   951029.003   951091.001   952071.003   952632.005
  1360:   952712.009   953859.005   953876.009   953877.005   954544.009
  1365:   954569.005   954574.009   959043.005   959198.009   959809.002
  1370:   961067.004   961431.002   962129.004   962371.005   962491.009
  1375:   962806.005   963019.009   964645.002   964672.004   965644.001
  1380:   968494.018   968607.003   968613.016   968663.026   968809.005
  1385:   969290.009   969292.005   969362.009   969369.005   969380.009
  1390:   976073.001   976144.003   976786.001   977502.003   977609.001
  1395:   979359.003   979946.001   979965.003   979996.001   980537.003
  1400:   980560.001   980731.003   980793.001   982730.003   983396.005
  1405:   984824.009   986597.001   987308.003   987419.001   987994.003
  1410:   988172.001   990030.003   991115.001   992328.003   992401.001
  1415:   993497.003   994068.005   994170.009   994904.001   995071.003
  1420:   995131.001   995157.003   995196.001   996390.003   996499.001
  1425:   998271.003   999879.001   999945.003   999959.001  1000663.003
  1430:  1000990.001  1001391.003  1001433.001  1002429.003  1006035.001
  1435:  1007217.003  1007232.001  1007984.003  1008016.001  1008682.003
  1440:  1008808.001  1010486.003  1011760.005  1012011.009  1012013.005
  1445:  1012039.009  1020709.001  1021335.003  1021696.001  1023930.003
  1450:  1025137.001  1025308.003  1025344.001  1026228.003  1026256.001
  1455:  1027700.003  1028367.005  1028488.009  1029833.001  1031275.003
  1460:  1032503.005  1032718.009  1042471.001  1043404.003  1043470.001
  1465:  1043775.003  1043948.001  1044489.003  1044543.001  1045754.003
  1470:  1046424.001  1046486.003  1046862.001  1047069.003  1047188.001
  1475:  1048116.003  1048397.001  1048605.003  1049002.001  1051158.003
  1480:  1051825.005  1051949.009  1052291.001  1052346.003  1054148.001
  1485:  1054820.003  1054846.001  1056037.003  1060193.001  1060235.003
  1490:  1060481.001  1060522.003  1060565.001  1060715.003  1060815.001
  1495:  1060896.003  1061005.001  1062547.003  1062696.001  1065033.003
  1500:  1065974.005  1066238.009  1072222.005  1072240.009  1072834.001
  1505:  1073108.003  1073167.001  1076017.018  1076300.003  1076306.016
  1510:  1076356.026  1076497.005  1077488.009  1079013.001  1079383.003
  1515:  1079518.001  1079783.003  1079968.001  1081127.003  1082240.001
  1520:  1082554.003  1082842.001  1083107.003  1083129.001  1084074.003
  1525:  1084270.001  1086522.003  1087251.005  1087411.009  1088646.001
  1530:  1088823.003  1089051.001  1091901.018  1091984.003  1091990.016
  1535:  1092040.026  1092274.005  1094284.009  1095572.005  1099392.009
  1540:  1100588.005  1101308.009  1102603.001  1102810.003  1102912.001
  1545:  1103032.003  1103086.001  1103952.003  1104094.001  1105354.003
  1550:  1105562.001  1106401.003  1108930.001  1109183.003  1109293.001
  1555:  1111028.003  1115985.001  1116625.003  1116844.001  1117422.003
  1560:  1117707.001  1117892.003  1117969.001  1117984.003  1118007.001
  1565:  1118170.003  1126511.001  1129361.018  1129891.003  1129897.016
  1570:  1129947.026  1130015.005  1131654.009  1133978.001  1134842.003
  1575:  1134932.001  1136508.003  1138642.001  1138912.003  1139395.001
  1580:  1139571.003  1143899.005  1143915.009  1143967.005  1143996.009
  1585:  1144001.005  1144063.009  1144904.001  1147754.018  1147930.003
  1590:  1147936.016  1147986.026  1148050.005  1148983.009  1151555.001
  1595:  1152279.003  1152373.001  1153681.003  1155156.001  1156291.003
  1600:  1156421.001  1157944.003  1158907.005  1159069.009  1166496.001
  1605:  1166624.003  1166710.001  1166875.003  1172054.005  1172274.009
  1610:  1173297.001  1175697.003  1176874.001  1176971.003  1177021.001
  1615:  1177400.003  1177692.001  1177966.003  1177999.001  1178544.003
  1620:  1178563.001  1179528.003  1180582.001  1182049.003  1182201.001
  1625:  1182271.003  1182281.001  1182405.003  1182438.001  1183564.003
  1630:  1184392.005  1184627.009  1186232.001  1186422.003  1186541.001
  1635:  1188079.003  1191069.001  1191649.003  1191778.001  1191835.003
  1640:  1191904.001  1192104.003  1193166.001  1193265.003  1193304.001
  1645:  1194135.003  1194190.001  1195754.003  1197263.001  1197279.003
  1650:  1199887.001  1202578.003  1206094.001  1206403.003  1206457.001
  1655:  1208432.003  1210871.001  1210979.003  1210998.001  1211810.003
  1660:  1212880.005  1213204.009  1214408.005  1214845.009  1214850.005
  1665:  1214857.009  1215546.002  1215792.004  1216029.005  1216192.009
  1670:  1223404.001  1223448.003  1223571.001  1223916.003  1223949.001
  1675:  1224098.003  1224139.001  1226096.003  1228006.001  1228181.003
  1680:  1228252.001  1228895.003  1228928.001  1230311.003  1231273.001
  1685:  1231300.003  1231339.001  1231555.003  1231578.001  1231879.003
  1690:  1231942.001  1232144.003  1232237.001  1234055.003  1234834.005
  1695:  1234954.009  1235962.001  1238588.003  1240372.001  1241281.003
  1700:  1242288.001  1242451.003  1242493.001  1243421.003  1243432.001
  1705:  1244415.003  1245014.005  1245116.009  1245784.001  1247348.003
  1710:  1247455.001  1247803.003  1247896.001  1249651.003  1251947.001
  1715:  1252197.003  1252250.001  1253051.003  1253364.001  1253866.003
  1720:  1253880.001  1254011.003  1254192.001  1256278.003  1258347.005
  1725:  1258360.009  1258373.005  1258506.009  1258543.005  1258558.009
  1730:  1259579.001  1259656.003  1259715.001  1259762.003  1259926.001
  1735:  1260630.003  1260716.001  1262256.003  1262298.001  1262457.003
  1740:  1264713.001  1265741.003  1265825.001  1267757.003  1268753.005
  1745:  1268898.009  1269663.001  1269760.003  1270016.001  1270102.003
  1750:  1270119.001  1272032.003  1272052.001  1272794.003  1274789.001
  1755:  1275335.003  1275357.001  1275619.003  1275653.001  1277698.003
  1760:  1279549.005  1279590.009  1279697.005  1279969.009  1281061.005
  1765:  1281088.009  1282746.001  1283991.003  1284092.001  1284407.003
  1770:  1284533.001  1286502.003  1287803.001  1287841.003  1287933.001
  1775:  1288028.003  1288098.001  1289093.003  1289361.001  1290945.003
  1780:  1303266.001  1303486.003  1303552.001  1304232.003  1304330.001
  1785:  1304603.003  1304649.001  1306733.003  1307929.001  1307991.003
  1790:  1308304.001  1308618.003  1308632.001  1308806.003  1308827.001
  1795:  1308909.003  1309004.001  1310448.003  1311379.001  1311598.003
  1800:  1311853.001  1312536.003  1312601.001  1313654.003  1313700.001
  1805:  1314831.003  1315653.005  1315687.009  1316755.001  1316948.003
  1810:  1316991.001  1317333.003  1317486.001  1318920.003  1319966.005
  1815:  1319979.009  1320662.001  1320719.003  1320794.001  1321448.003
  1820:  1321659.001  1322365.003  1322382.001  1322548.003  1322663.001
  1825:  1324441.003  1325886.001  1326160.003  1326533.001  1326707.003
  1830:  1326754.001  1327412.003  1327552.001  1328690.003  1331272.001
  1835:  1331862.003  1331969.001  1331989.003  1332044.001  1332193.003
  1840:  1332273.001  1334276.003  1335653.001  1335794.003  1336060.001
  1845:  1336087.003  1336118.001  1336841.003  1336955.001  1338575.003
  1850:  1339536.005  1339705.009  1340366.001  1340411.003  1340528.001
  1855:  1340704.003  1341665.001  1341688.003  1341708.001  1341867.003
  1860:  1341908.001  1342748.003  1354052.001  1354218.003  1354257.001
  1865:  1354490.003  1354675.001  1356588.003  1358664.001  1358710.003
  1870:  1358743.001  1358819.003  1359522.001  1359560.003  1359619.001
  1875:  1359886.003  1360105.001  1360429.003  1366589.001  1366801.003
  1880:  1366985.001  1367743.003  1367822.001  1369825.003  1371124.001
  1885:  1371327.003  1371448.001  1372549.003  1372719.001  1374267.003
  1890:  1374626.005  1374675.009  1375412.001  1375421.003  1375478.001
  1895:  1375720.003  1375765.001  1376855.003  1377050.001  1378947.003
  1900:  1379601.005  1379861.009  1389301.001  1389940.003  1390068.001
  1905:  1390366.003  1390444.001  1391497.003  1391975.005  1392061.009
  1910:  1395109.001  1395232.003  1395363.001  1395556.003  1395670.001
  1915:  1397029.003  1397709.005  1397746.009  1398622.001  1399219.003
  1920:  1399237.001  1399524.003  1399550.001  1399625.003  1407491.001
  1925:  1407642.003  1407659.001  1410118.003  1411405.001  1412556.003
  1930:  1412660.001  1414301.003  1414982.005  1419506.009  1420243.005
  1935:  1420991.009  1420997.005  1421032.009  1422801.001  1425332.003
  1940:  1426216.005  1426844.009  1426952.005  1427609.009  1428853.001
  1945:  1428879.003  1429031.001  1429255.003  1429359.001  1429425.003
  1950:  1429463.001  1430129.003  1430150.001  1431925.003  1432582.005
  1955:  1432636.009  1437264.001  1439502.003  1439743.001  1440712.003
  1960:  1452741.001  1453051.003  1453489.001  1453566.003  1453617.001
  1965:  1453641.003  1453769.001  1453873.003  1453977.001  1454247.003
  1970:  1457334.005  1457434.009  1458378.002  1458524.004  1458554.002
  1975:  1458877.004  1458954.002  1459031.004  1459244.005  1459289.009
  1980:  1461905.002  1462474.004  1464169.005  1464214.009  1465556.001
  1985:  1465813.003  1465908.001  1468102.003  1468771.005  1468904.009
  1990:  1468975.005  1469221.009  1469244.005  1469715.009  1469760.005
  1995:  1469967.009  1469969.005  1471373.009  1471466.005  1471499.009
  2000:  1471508.005  1471520.009  1471564.005  1471574.009  1471772.005
  2005:  1472070.009  1472081.005  1472108.009  1472214.005  1472219.009
  2010:  1472384.005  1473803.009  1474085.005  1474094.009  1474174.005
  2015:  1474177.009  1474178.005  1474291.009  1474308.005  1474578.009
  2020:  1476038.005  1476048.009  1476073.005  1476539.009  1476548.005
  2025:  1477561.009  1480476.001  1481197.003  1483119.001  1483556.003
  2030:  1484077.001  1485141.003  1485996.005  1486087.009  1486455.005
  2035:  1486521.009  1486624.005  1487156.009  1488487.001  1488754.003
  2040:  1489424.001  1489468.003
B:
     0:        0.000      711.000       14.000      711.000       14.000
     5:      267.000        0.000        0.000        0.000      267.000
    10:        0.000        1.000        0.000        0.000        0.000
    15:        0.000       19.000        0.000       19.000        0.000
    20:        0.000        0.000        0.000        0.000        0.000
    25:        0.000       19.000        0.000        0.000        0.000
    30:        0.000
D:
     0:  3645552.000  3645509.000  3645553.000
E:
     0:     2850.000     2850.000
T:
     0:        0.000        0.000        0.000        0.000
W:
     0:        0.000        0.000        0.000
