File: C:\MED-PC IV\Data\ALFE\AU021.999


Start Date: 02/02/24
End Date: 02/02/24
Subject: 21
Experiment: AU
Group: LINEAR
Box: 1
Start Time: 14:14:29
End Time: 15:04:29
MSN: DRRD_500ms
C:       0.000
F:       1.000
G:       0.000
H:       0.000
I:       0.000
J:       0.000
K:      45.000
L:       0.000
M:       0.000
N:       0.000
O:       0.000
P:       0.000
Q:       0.000
R:       0.000
S:       0.000
U: 2559036.000
V:       0.000
X:       0.000
Y:    1721.000
Z:       0.000
A:
     0:     4568.001     5328.003     5389.001     6020.003     6440.005
     5:     6490.009     6776.001     7859.003    15000.011    15666.002
    10:    16046.004    16712.001    16754.003    16989.001    17271.003
    15:    18025.005    18119.009    18698.001    18808.003    19008.001
    20:    19270.003    19364.001    19717.003    20116.001    20246.003
    25:    21013.005    21178.009    21180.005    21193.009    21591.002
    30:    21815.004    22017.001    23306.003    23371.001    23470.003
    35:    24660.005    24709.009    39142.005    39184.009    41547.002
    40:    42180.004    42336.005    43065.009    43126.005    43137.009
    45:    46492.002    46654.004    47397.005    47519.009    49714.002
    50:    49772.004    49914.005    50452.009    51305.001    52376.003
    55:    52591.001    52992.003    55208.001    56724.003    56806.001
    60:    56909.003    58260.005    58351.009    58680.001    58831.003
    65:    59439.001    59950.003    59980.001    60031.003    60288.001
    70:    60953.003    61129.001    61474.003    63053.001    63861.003
    75:    64098.001    64243.003    64637.001    64786.003    64920.001
    80:    65346.003    65445.001    66059.003    66515.005    66733.009
    85:    67534.001    67615.003    68071.001    69703.003    69810.001
    90:    70362.003    71354.005    71715.009    73036.001    73205.003
    95:    73362.001    73519.003    74733.001    74810.003    77380.001
   100:    77630.003    80111.001    80374.003    80385.001    81787.003
   105:    81833.001    82217.003    82686.005    82901.009    82977.005
   110:    82994.009    85074.005    85373.009    85453.005    85467.009
   115:    85516.005    85535.009    85879.005    86151.009    87193.001
   120:    87282.003    90824.005    90963.009    98596.005    98986.009
   125:    99690.001   100052.003   100201.001   100316.003   100369.001
   130:   100556.003   100891.001   100943.003   105046.005   105059.009
   135:   105075.005   105422.009   106897.005   107013.009   118636.005
   140:   118674.009   118691.005   118734.009   121326.005   121357.009
   145:   121860.001   122103.003   127496.005   127795.009   145394.005
   150:   145422.009   145450.005   146436.009   147020.001   147344.003
   155:   147445.001   147640.003   148729.001   149108.003   149177.001
   160:   149314.003   149489.001   150362.003   150460.001   150540.003
   165:   151353.005   151539.009   158225.005   158263.009   158266.005
   170:   158438.009   159122.001   159188.003   159226.001   160927.003
   175:   161986.001   163593.003   169619.001   169718.003   169752.001
   180:   169845.003   171353.005   171551.009   172072.005   172097.009
   185:   172121.005   172325.009   172985.001   173202.003   173615.005
   190:   173650.009   173981.001   174240.003   174655.001   175429.003
   195:   176038.005   176111.009   177227.001   178449.003   178596.001
   200:   178653.003   178671.001   178693.003   179195.001   179528.003
   205:   179859.005   180052.009   180116.005   180430.009   181012.005
   210:   181070.009   185517.002   187639.004   188226.005   188263.009
   215:   188305.005   188439.009   190827.005   191136.009   191387.005
   220:   191423.009   192134.005   192214.009   192477.005   192506.009
   225:   192577.005   192663.009   192671.005   192712.009   195253.005
   230:   195338.009   195473.005   195851.009   196013.005   196608.009
   235:   197109.005   197127.009   197323.005   197460.009   198024.005
   240:   198417.009   198553.005   198571.009   198597.005   198631.009
   245:   199222.005   199364.009   199432.005   200066.009   200405.005
   250:   201794.009   202286.005   202417.009   202861.005   203397.009
   255:   203480.005   203599.009   203637.005   203647.009   203657.005
   260:   203703.009   203844.005   204516.009   204593.005   204604.009
   265:   204651.005   204699.009   204813.005   205543.009   205556.005
   270:   205586.009   206888.005   207030.009   207066.005   207092.009
   275:   207145.005   207179.009   207186.005   207747.009   207753.005
   280:   208727.009   208853.005   209437.009   211314.005   211845.009
   285:   212041.005   212061.009   212165.005   212213.009   212225.005
   290:   212436.009   212634.005   212754.009   212763.005   214056.009
   295:   214094.005   214250.009   214259.005   214551.009   214556.005
   300:   215065.009   215084.005   215415.009   215417.005   216634.009
   305:   217063.005   217823.009   217850.005   217870.009   218513.005
   310:   220141.009   220155.005   221797.009   223288.005   225563.009
   315:   225601.005   225615.009   225793.005   225823.009   225902.005
   320:   225940.009   226366.005   226431.009   227151.001   227922.003
   325:   228453.005   228983.009   229302.001   230006.003   231472.001
   330:   232495.003   234505.005   234699.009   235292.001   235711.003
   335:   235782.001   236420.003   237561.001   237592.003   237697.001
   340:   237744.003   238779.005   238808.009   239940.001   240018.003
   345:   240094.001   241971.003   242507.005   242528.009   246853.005
   350:   247079.009   247118.005   247200.009   254400.001   255993.003
   355:   256619.005   256644.009   257967.001   258829.003   258931.001
   360:   259064.003   259265.001   259447.003   260127.001   260757.003
   365:   261634.001   262312.003   263466.001   264323.003   264407.001
   370:   264701.003   264900.001   265918.003   266062.005   266505.009
   375:   273192.001   273491.003   273535.001   273912.003   275654.001
   380:   275992.003   312361.005   312637.009   322858.005   322976.009
   385:   323772.001   323815.003   332495.005   332672.009   333088.001
   390:   334412.003   335233.001   337130.003   337998.001   338207.003
   395:   340561.005   340659.009   342039.001   342809.003   344608.005
   400:   344989.009   345095.005   345804.009   347061.001   348615.003
   405:   348721.001   349225.003   349547.005   349605.009   350601.001
   410:   350844.003   351123.001   351661.003   352130.001   352941.003
   415:   353073.001   353355.003   353888.005   353925.009   355174.001
   420:   355637.003   355653.001   356259.003   356898.001   358314.003
   425:   360311.001   360937.003   361958.001   362301.003   366589.005
   430:   366946.009   367291.001   367411.003   367445.001   368823.003
   435:   369198.001   369446.003   371994.001   372603.003   373413.001
   440:   373737.003   374048.001   374236.003   375944.005   376494.009
   445:   376498.005   376671.009   377468.001   378009.003   379232.005
   450:   379257.009   379779.005   379795.009   380277.005   380595.009
   455:   384241.005   384428.009   385097.001   386960.003   387810.001
   460:   389452.003   389825.001   390062.003   393062.002   393270.004
   465:   393341.005   394231.009   395224.005   395659.009   404449.002
   470:   406494.004   406881.005   407286.009   407590.005   407650.009
   475:   408870.002   410553.004   410565.002   412480.004   418992.002
   480:   420186.004   420372.005   420522.009   421330.001   422950.003
   485:   423853.005   424273.009   450173.005   450361.009   450399.005
   490:   450437.009   451505.001   452918.003   454524.001   456774.018
   495:   456849.005   456893.009   456926.003   456932.016   456982.026
   500:   457095.005   457643.009   457646.005   457722.009   462562.001
   505:   463602.003   464760.001   466533.003   467748.001   469909.003
   510:   470063.005   470075.009   471435.001   473290.003   474255.001
   515:   476505.018   476535.003   476541.016   476591.026   476622.005
   520:   477195.009   477234.005   477280.009   479643.001   481893.018
   525:   482213.003   482219.016   482269.026   482646.005   483116.009
   530:   483161.005   483181.009   491171.005   491669.009   492179.001
   535:   493426.003   495324.001   497574.018   497594.003   497600.016
   540:   497650.026   497864.005   498531.009   512647.001   513374.003
   545:   514436.001   515645.003   516540.005   516862.009   517678.001
   550:   519622.003   519647.005   520389.009   521322.001   523132.003
   555:   523326.005   523448.009   524051.001   525787.003   525803.005
   560:   525929.009   527052.001   528735.003   528749.005   528913.009
   565:   529568.001   530853.003   530950.001   531145.003   532473.001
   570:   533390.003   533701.001   534638.003   536181.001   537477.003
   575:   537872.005   538019.009   538980.001   540050.003   540155.001
   580:   540372.003   540440.001   540997.003   541031.005   541596.009
   585:   542193.001   544043.003   545860.001   548101.003   548141.005
   590:   548270.009   549128.001   551084.003   553346.001   554811.003
   595:   555702.001   556738.003   557088.001   557371.003   557391.001
   600:   557721.003   557785.001   558171.003   559397.001   561302.003
   605:   565168.001   566353.003   566453.005   566466.009   571753.005
   610:   571762.009   571792.005   572486.009   572781.001   574378.003
   615:   575367.001   577617.018   577925.003   577931.016   577981.026
   620:   578110.005   578988.009   582932.001   584407.003   585545.001
   625:   586039.003   589010.001   590710.003   592106.001   594356.018
   630:   594565.003   594571.016   594621.026   594793.005   595347.009
   635:   595382.005   595531.009   598889.001   599375.003   616316.005
   640:   617009.009   617027.005   617084.009   617124.005   617142.009
   645:   618999.005   619209.009   621470.001   621565.003   623239.001
   650:   624245.003   625356.001   627314.003   628546.005   628923.009
   655:   629231.001   630913.003   631917.001   633860.003   637718.001
   660:   639156.003   640649.001   642503.003   643132.005   643629.009
   665:   644019.001   644168.003   644317.001   645357.003   645780.001
   670:   646501.003   648417.005   648539.009   649090.001   650098.003
   675:   651748.001   652364.003   653562.001   655130.003   655875.005
   680:   656035.009   656680.001   657934.003   658445.005   658637.009
   685:   658976.001   660773.003   661839.001   662583.003   662679.001
   690:   664100.003   665351.005   665440.009   666284.001   668534.018
   695:   668652.003   668658.016   668708.026   668792.005   669171.009
   700:   669192.005   669222.009   669272.005   669348.009   671202.001
   705:   672606.003   674156.001   675634.003   675734.005   675843.009
   710:   677095.001   678253.003   678384.001   679280.003   680342.001
   715:   682170.003   683340.001   683515.003   683566.001   685725.003
   720:   687184.001   687471.003   688302.001   688349.003   688649.001
   725:   689461.003   690270.005   690294.009   690520.001   692674.003
   730:   693664.001   695200.003   698472.005   698755.009   699106.001
   735:   701046.003   701806.001   704056.018   704237.003   704243.016
   740:   704293.026   704435.005   704805.009   706695.005   706728.009
   745:   706738.005   706779.009   706792.005   706810.009   706845.005
   750:   707276.009   708342.001   709279.003   710292.001   711790.003
   755:   712945.001   714486.003   715125.005   715352.009   715803.001
   760:   715995.003   716331.001   716961.003   717225.005   717249.009
   765:   717259.005   717303.009   717821.001   718213.003   721662.005
   770:   721925.009   721953.005   722040.009   722308.001   723986.003
   775:   724480.001   725220.003   725488.001   726524.003   727802.001
   780:   728064.003   728233.001   730229.003   731445.001   733695.018
   785:   733735.003   733741.016   733791.026   733938.005   734540.009
   790:   736143.005   736159.009   736177.005   736201.009   736254.005
   795:   736355.009   739247.001   739627.003   741157.001   741805.003
   800:   741835.001   742358.003   742673.001   742753.003   744060.001
   805:   746246.003   747454.001   749704.018   749894.003   749900.016
   810:   749950.026   750076.005   750892.009   750899.005   750909.009
   815:   752025.001   753956.003   754850.001   757100.018   757188.003
   820:   757194.016   757244.026   757311.005   757792.009   758846.001
   825:   760668.003   760896.001   761115.003   765460.001   765606.003
   830:   765875.001   765941.003   766658.001   766825.003   767840.005
   835:   768062.009   768347.001   770290.003   771468.001   772533.003
   840:   773048.005   773174.009   773602.001   775641.003   776456.001
   845:   777545.003   777682.001   777867.003   777952.001   778780.003
   850:   779389.005   779403.009   779405.005   779612.009   779930.001
   855:   782179.003   783202.001   785452.018   785913.003   785919.016
   860:   785969.026   786025.005   786562.009   790779.005   791030.009
   865:   791526.001   793500.003   794395.001   796524.003   797226.001
   870:   799476.018   799515.003   799521.016   799571.026   799643.005
   875:   800331.009   803171.005   803436.009   804072.001   805863.003
   880:   806697.001   808720.003   810025.001   812025.003   813045.001
   885:   815295.018   815488.003   815494.016   815544.026   815679.005
   890:   816077.009   816884.001   819016.003   819758.001   822008.018
   895:   822533.003   822539.016   822589.026   822646.005   823327.009
   900:   824087.001   826337.018   826377.003   826383.016   826433.026
   905:   826562.001   826583.003   826654.005   827074.009   827102.005
   910:   827359.009   830330.005   830465.009   830739.001   832989.018
   915:   833083.003   833089.016   833139.026   833282.005   833616.009
   920:   834530.001   836356.003   837382.001   838968.003   839842.001
   925:   841050.003   841519.005   841603.009   841809.001   843505.003
   930:   844699.001   846312.003   847398.001   849252.003   849927.005
   935:   850028.009   850430.001   851447.003   851941.005   852037.009
   940:   852321.001   852372.003   852390.001   854441.003   854919.005
   945:   855038.009   855311.001   857561.018   857992.003   857998.016
   950:   858048.026   858113.005   858512.009   860827.001   862437.003
   955:   863596.001   865698.003   866570.001   867994.003   868574.001
   960:   869172.003   870144.001   871921.003   871997.001   872660.003
   965:   873049.005   873150.009   874675.005   874914.009   875158.001
   970:   877408.018   877936.003   877942.016   877992.026   878070.005
   975:   878422.009   880431.001   882545.003   883581.001   885831.018
   980:   886001.003   886007.016   886039.001   886057.026   886204.003
   985:   886265.005   886847.009   889503.005   890012.009   890267.001
   990:   891716.003   892477.005   892679.009   892985.001   893034.003
   995:   893259.001   893978.003   893992.001   895595.003   895889.001
  1000:   896114.003   898231.001   900099.003   901399.001   903649.018
  1005:   903916.003   903922.016   903972.026   904107.005   904414.009
  1010:   905690.001   905798.003   907040.001   908756.003   909461.005
  1015:   909500.009   909765.001   911051.003   911068.005   911372.009
  1020:   911879.001   914129.018   914630.003   914636.016   914686.026
  1025:   914697.005   915444.009   920668.005   920818.009   922871.005
  1030:   923172.009   923590.001   924962.003   925495.005   925562.009
  1035:   925801.001   927608.003   928220.001   929287.003   929942.001
  1040:   932192.018   932558.003   932564.016   932614.026   932753.005
  1045:   933408.009   943220.001   943435.003   943491.001   943599.003
  1050:   943739.001   945988.003   949357.001   950682.003   950700.001
  1055:   951688.003   952290.001   954540.018   955028.003   955034.016
  1060:   955084.026   955265.005   955801.009   957332.001   958600.003
  1065:   959180.001   959544.003   960201.005   960244.009   960246.005
  1070:   960280.009   960954.001   962239.003   963418.001   964062.003
  1075:   965033.001   966303.003   967566.001   969815.003   969879.005
  1080:   970035.009   971099.001   973125.003   974410.001   976660.018
  1085:   977202.003   977208.016   977258.026   977341.005   977810.009
  1090:   978913.001   980960.003   982078.001   983295.005   983296.003
  1095:   983366.009   984048.001   984292.003   984432.001   986372.003
  1100:   987332.001   989379.003   990207.001   992244.003   993011.001
  1105:   993615.003   993627.005   993783.009   994046.001   995626.003
  1110:   995682.001   996101.003   997588.001   999826.003  1000531.005
  1115:  1000743.009  1001174.001  1003424.018  1003531.003  1003537.016
  1120:  1003587.026  1003636.005  1004433.009  1005609.001  1007267.003
  1125:  1007661.001  1008280.003  1008807.005  1008871.009  1009095.001
  1130:  1011345.018  1011363.003  1011369.016  1011419.026  1011621.005
  1135:  1012224.009  1013074.001  1015324.018  1015332.003  1015338.016
  1140:  1015388.026  1015458.005  1015941.009  1016616.001  1016939.003
  1145:  1017271.001  1018742.003  1019438.001  1021688.018  1021815.003
  1150:  1021821.016  1021871.026  1022019.005  1022351.009  1024514.001
  1155:  1025723.003  1025813.001  1026509.003  1026623.005  1026658.009
  1160:  1026912.001  1027304.003  1027327.001  1029577.018  1029946.003
  1165:  1029952.016  1030002.026  1030019.005  1030627.009  1031591.001
  1170:  1033395.003  1033512.001  1033855.003  1034674.001  1036924.018
  1175:  1037062.003  1037068.016  1037118.026  1037124.005  1037734.009
  1180:  1041498.005  1041782.009  1042015.001  1044251.003  1045009.001
  1185:  1046242.003  1047568.001  1049747.003  1050372.001  1051945.005
  1190:  1051980.003  1052084.009  1052195.005  1052544.009  1053352.001
  1195:  1054094.003  1054155.001  1055076.003  1055870.001  1057894.003
  1200:  1057982.005  1058120.009  1083603.001  1083774.003  1084250.001
  1205:  1084425.003  1084964.001  1085547.003  1086764.001  1088869.003
  1210:  1089813.001  1092063.018  1092397.003  1092403.016  1092453.026
  1215:  1092511.005  1093063.009  1093947.001  1096197.018  1096760.003
  1220:  1096766.016  1096816.026  1096928.005  1097220.009  1098027.001
  1225:  1099475.003  1099583.001  1099827.003  1100044.001  1101016.003
  1230:  1102469.001  1104719.018  1104895.003  1104901.016  1104951.026
  1235:  1105006.005  1105807.009  1106572.001  1108822.018  1109047.003
  1240:  1109053.016  1109103.026  1109283.005  1109873.009  1110746.001
  1245:  1111758.003  1111911.001  1112067.003  1112527.001  1113563.003
  1250:  1117090.001  1119340.018  1119575.003  1119581.016  1119631.026
  1255:  1119793.005  1120359.009  1120957.001  1122985.003  1122997.001
  1260:  1123901.003  1124730.001  1124802.003  1124938.001  1126869.003
  1265:  1128010.001  1130260.018  1130567.003  1130573.016  1130623.026
  1270:  1130681.005  1131069.009  1134181.001  1136431.018  1136590.003
  1275:  1136596.016  1136646.026  1136757.005  1137744.009  1137765.005
  1280:  1137815.009  1143122.005  1143454.009  1143750.001  1144790.003
  1285:  1145409.001  1146481.003  1146698.001  1147012.003  1147236.001
  1290:  1147415.003  1147534.001  1147830.003  1148758.001  1150915.003
  1295:  1151892.001  1152719.003  1152771.001  1154385.003  1155550.001
  1300:  1157065.003  1157955.001  1159617.003  1160427.001  1162677.018
  1305:  1162941.003  1162947.016  1162997.026  1163090.005  1163558.009
  1310:  1165914.001  1167753.003  1168442.001  1170692.018  1170758.003
  1315:  1170764.016  1170814.026  1170866.005  1171518.009  1172528.001
  1320:  1174778.018  1175409.003  1175415.016  1175465.026  1175497.005
  1325:  1175980.009  1176504.001  1178133.003  1178360.001  1179690.003
  1330:  1180325.001  1182376.003  1183046.001  1184029.003  1184071.001
  1335:  1184102.003  1184131.001  1185333.003  1185384.001  1186115.003
  1340:  1186507.005  1186544.009  1186556.005  1186584.009  1186801.001
  1345:  1188619.005  1188653.009  1188738.003  1189690.001  1191307.003
  1350:  1191921.001  1192373.003  1193276.001  1195526.018  1195888.003
  1355:  1195894.016  1195944.026  1196091.005  1196676.009  1197509.001
  1360:  1199759.018  1199999.003  1200005.016  1200055.026  1200131.005
  1365:  1200563.009  1203747.005  1204095.009  1204442.001  1206424.003
  1370:  1206481.001  1206660.003  1207019.001  1208446.003  1208618.001
  1375:  1210680.003  1211747.001  1213997.018  1214552.003  1214558.016
  1380:  1214608.026  1214719.005  1215125.009  1218030.005  1218415.009
  1385:  1218731.001  1220389.003  1221236.001  1223241.003  1223587.001
  1390:  1224495.003  1225135.001  1227385.018  1227925.003  1227931.016
  1395:  1227981.026  1228006.005  1228585.009  1229228.001  1231252.003
  1400:  1231402.001  1232595.003  1232650.005  1232744.009  1233511.001
  1405:  1235761.018  1235952.003  1235958.016  1236008.026  1236059.005
  1410:  1236453.009  1236488.005  1236616.009  1237327.001  1239577.018
  1415:  1239669.003  1239675.016  1239725.026  1239863.005  1240440.009
  1420:  1241195.001  1243445.018  1243508.003  1243514.016  1243564.026
  1425:  1243566.017  1243612.005  1244167.009  1245424.001  1247248.003
  1430:  1248673.001  1249721.003  1249755.001  1251498.003  1251586.005
  1435:  1251595.009  1252757.005  1252935.009  1253273.001  1253771.003
  1440:  1254011.001  1255807.003  1255894.001  1257998.003  1258986.001
  1445:  1259589.003  1259617.001  1261420.003  1262257.001  1262810.003
  1450:  1262934.001  1263203.003  1263262.001  1263771.003  1263821.001
  1455:  1265347.003  1266256.001  1266441.003  1266562.001  1268056.003
  1460:  1268135.005  1268275.009  1272012.001  1272549.003  1273021.001
  1465:  1273082.003  1273269.001  1273648.003  1273845.001  1274024.003
  1470:  1274399.001  1274691.003  1274724.001  1276615.003  1277841.001
  1475:  1280341.018  1280349.003  1280355.016  1280405.026  1280565.005
  1480:  1280914.009  1289270.001  1290630.003  1291708.001  1293749.003
  1485:  1295052.001  1295974.003  1296164.001  1297400.003  1299028.001
  1490:  1301528.018  1301714.003  1301720.016  1301770.026  1301806.005
  1495:  1302280.009  1302288.005  1302372.009  1306812.005  1307079.009
  1500:  1307304.001  1309804.018  1309855.003  1309861.016  1309911.026
  1505:  1310067.005  1310644.009  1312492.005  1312510.009  1312527.005
  1510:  1312677.009  1312964.001  1314316.003  1314929.001  1316826.003
  1515:  1319643.001  1321726.003  1322193.001  1322798.003  1322872.001
  1520:  1323427.003  1323679.001  1325445.003  1326309.001  1328809.018
  1525:  1329177.003  1329183.016  1329233.026  1329294.005  1329934.009
  1530:  1335022.005  1335429.009  1335692.001  1337599.003  1338307.001
  1535:  1339804.003  1340672.001  1342252.003  1342417.001  1342678.003
  1540:  1344074.001  1346574.018  1346785.003  1346791.016  1346841.026
  1545:  1346899.005  1347316.009  1348375.001  1350875.018  1352065.003
  1550:  1352071.016  1352092.005  1352121.026  1352808.009  1352815.005
  1555:  1352836.009  1352866.005  1352890.009  1352969.005  1353015.009
  1560:  1354039.001  1356539.018  1356854.003  1356860.016  1356910.026
  1565:  1356912.017  1356929.005  1357602.009  1358531.001  1361281.018
  1570:  1361626.003  1361632.016  1361682.026  1361727.005  1362177.009
  1575:  1362193.005  1362333.009  1362913.001  1365293.003  1366891.001
  1580:  1369439.003  1370446.001  1373196.018  1373737.003  1373743.016
  1585:  1373793.026  1373842.005  1374413.009  1377630.005  1377772.009
  1590:  1378077.001  1380163.003  1380698.001  1382776.003  1382844.001
  1595:  1383486.003  1384689.001  1387176.003  1387236.005  1387327.009
  1600:  1387913.001  1390663.018  1391085.003  1391091.016  1391141.026
  1605:  1391248.005  1391636.009  1393530.001  1394833.003  1395702.001
  1610:  1397729.003  1399440.001  1399732.003  1399842.001  1402377.003
  1615:  1403097.001  1405682.003  1405728.005  1406513.009  1407146.001
  1620:  1408675.005  1408736.003  1408829.009  1409107.001  1411328.003
  1625:  1412246.001  1414996.018  1415531.003  1415537.016  1415587.026
  1630:  1415648.005  1416277.009  1417349.001  1417788.003  1418720.001
  1635:  1418999.003  1419118.001  1421592.003  1422307.001  1425057.018
  1640:  1425101.003  1425107.016  1425157.026  1425193.005  1425837.009
  1645:  1425934.005  1426172.009  1429591.005  1429800.009  1430057.001
  1650:  1432456.003  1432959.001  1434951.003  1436030.001  1437304.003
  1655:  1437314.001  1437806.003  1438560.001  1441310.018  1441858.003
  1660:  1441864.016  1441914.026  1442117.005  1442865.009  1445359.001
  1665:  1446423.003  1447219.005  1447254.009  1447759.001  1450382.003
  1670:  1450422.005  1450545.009  1451124.001  1453874.018  1454434.003
  1675:  1454440.016  1454490.026  1454666.005  1455799.009  1460471.005
  1680:  1460601.009  1460875.001  1462223.003  1462744.001  1464702.003
  1685:  1466034.001  1467895.003  1468344.001  1468599.003  1469813.001
  1690:  1471843.003  1472777.001  1475527.018  1475929.003  1475935.016
  1695:  1475985.026  1476022.005  1476930.009  1480131.005  1480240.009
  1700:  1480708.001  1482628.003  1482994.001  1483586.003  1483730.001
  1705:  1484290.003  1484934.001  1487585.003  1488508.001  1490816.003
  1710:  1491696.001  1493748.003  1495426.001  1498176.018  1498734.003
  1715:  1498740.016  1498790.026  1498852.005  1499238.009  1499308.005
  1720:  1499379.009
B:
     0:        0.000      450.000       11.000      450.000       11.000
     5:      302.000        0.000        0.000        0.000      302.000
    10:        0.000        1.000        0.000        0.000        0.000
    15:        0.000       64.000        2.000       64.000        0.000
    20:        0.000        0.000        0.000        0.000        0.000
    25:        0.000       64.000        0.000        0.000        0.000
    30:        0.000
D:
     0:  4057769.000  4054462.000  4057770.000
E:
     0:     2250.000     2750.000
T:
     0:        0.000        0.000        0.000        0.000
W:
     0:        0.000        0.000        0.000
