File: C:\MED-PC IV\Data\ALFE\AU021.999


Start Date: 01/29/24
End Date: 01/29/24
Subject: 21
Experiment: AU
Group: LINEAR
Box: 1
Start Time: 15:23:09
End Time: 16:13:09
MSN: DRRD_500ms
C:       0.000
F:       1.000
G:       0.000
H:       0.000
I:       0.000
J:       0.000
K:      30.000
L:       0.000
M:       0.000
N:       0.000
O:       0.000
P:       0.000
Q:       0.000
R:       0.000
S:       0.000
U: 2451540.000
V:       0.000
X:       0.000
Y:    2056.000
Z:       0.000
A:
     0:     2323.005     2654.009     5052.001     5554.003     5639.001
     5:     5689.003    15000.011    16625.002    16762.004    16854.005
    10:    16977.009    17424.005    17446.009    17490.005    17643.009
    15:    17987.002    18200.004    18598.002    19148.004    21451.002
    20:    21859.004    23650.005    23905.009    24333.001    24529.003
    25:    25741.001    25981.003    26139.001    26336.003    26427.001
    30:    26801.003    27052.005    27237.009    27586.001    27756.003
    35:    27785.001    28527.003    28788.005    28971.009    29256.001
    40:    29893.003    30238.001    30938.003    31214.005    31495.009
    45:    32709.001    32786.003    35988.005    36225.009    41735.002
    50:    41975.004    42328.005    42529.009    47493.005    47550.009
    55:    53439.005    53454.009    53476.005    53515.009    54989.001
    60:    55497.003    55591.005    55681.009    57070.005    57135.009
    65:    66223.005    66441.009    66981.005    67003.009    69830.005
    70:    69999.009    70841.001    72055.005    72064.003    72567.009
    75:    72880.001    74198.003    74543.005    74691.009    75206.001
    80:    75386.003    75731.001    75883.003    75990.001    76434.003
    85:    76498.001    76893.003    77155.005    77282.009    77336.005
    90:    77410.009    79404.005    79429.009    79457.005    79587.009
    95:    88059.005    88148.009    92511.005    92738.009   100942.005
   100:   100966.009   101400.001   102872.003   102878.005   103705.009
   105:   103740.005   103925.009   129367.005   129783.009   130238.001
   110:   131611.003   131645.005   131824.009   131857.005   132131.009
   115:   137277.005   137438.009   137741.001   139048.003   139081.005
   120:   139367.009   141822.001   142432.003   143693.001   144058.003
   125:   144967.001   145060.003   147986.001   148139.003   150112.005
   130:   150131.009   150146.005   150307.009   156973.005   156998.009
   135:   157012.005   157228.009   157579.001   158872.003   158977.005
   140:   159250.009   159345.005   159492.009   164728.005   164754.009
   145:   164790.005   164800.009   164820.005   164902.009   175132.005
   150:   175226.009   175668.001   175981.003   176145.005   176172.009
   155:   176177.005   176269.009   179615.001   180003.003   186741.005
   160:   186765.009   186794.005   187184.009   187855.001   188837.003
   165:   188860.005   189360.009   189886.001   190845.005   190859.003
   170:   191080.009   192436.005   192631.009   195544.005   196023.009
   175:   196393.005   196476.009   197008.001   198254.003   198290.005
   180:   198878.009   199275.001   200418.003   200445.005   200816.009
   185:   201134.001   202623.003   202667.005   202808.009   204460.001
   190:   205100.005   205120.003   205120.009   205182.005   205376.009
   195:   205567.001   207067.018   207663.003   207669.016   207719.026
   200:   207736.005   208516.009   208541.005   208551.009   208911.005
   205:   208930.009   208947.005   209099.009   209263.005   209462.009
   210:   209615.005   209762.009   211416.005   211497.009   213408.005
   215:   213932.009   214227.001   215584.003   215591.005   215768.009
   220:   215965.005   216004.009   216250.001   217692.003   217825.005
   225:   218231.009   218525.001   220025.018   220422.003   220428.016
   230:   220478.026   220541.005   221143.009   222934.005   223073.009
   235:   225410.001   226217.003   226289.005   226640.009   227032.001
   240:   227619.003   227656.001   228068.003   228245.005   228424.009
   245:   229784.001   229823.003   230739.001   231977.003   232109.005
   250:   232222.009   232961.001   233668.003   233743.005   233820.009
   255:   233940.005   234241.009   234501.001   235725.003   235844.005
   260:   236270.009   236618.001   237561.003   237859.001   238478.003
   265:   238698.005   239007.009   239047.005   239149.009   239977.001
   270:   240653.003   240727.001   241078.003   241145.001   241448.003
   275:   241657.005   241757.009   242273.005   242689.009   242722.005
   280:   242760.009   243186.001   243622.003   243675.001   244284.003
   285:   245499.001   245974.003   246033.001   246127.003   246549.005
   290:   246795.009   251265.005   251610.009   251613.005   251667.009
   295:   252147.001   252391.003   253853.001   253905.003   253917.001
   300:   254999.003   255095.005   255238.009   255764.001   256661.003
   305:   256731.005   256755.009   256760.005   256858.009   257137.001
   310:   257676.003   257691.001   258243.003   258538.005   258608.009
   315:   258838.001   260338.018   260524.003   260530.016   260580.026
   320:   260590.001   260635.003   260701.005   261278.009   262620.001
   325:   263776.003   263907.005   264245.009   264469.001   265630.003
   330:   265707.005   265922.009   266148.001   267317.003   267370.005
   335:   267523.009   268121.001   269548.003   269628.005   269962.009
   340:   271869.005   272100.009   272415.001   273915.018   273941.003
   345:   273942.005   273947.016   273997.026   274712.009   275290.001
   350:   275537.003   275921.005   275940.009   276359.001   277859.018
   355:   278306.003   278312.016   278319.005   278362.026   279264.009
   360:   280645.005   280884.009   280991.005   281121.009   282229.005
   365:   282498.009   282907.001   283204.003   284134.001   284227.003
   370:   284385.005   284517.009   287370.005   287774.009   287778.005
   375:   287957.009   288330.005   288351.009   288380.005   288544.009
   380:   288926.001   289449.003   289490.005   289641.009   289694.005
   385:   289977.009   290993.005   291005.009   291011.005   291204.009
   390:   292079.005   292093.009   292185.005   292384.009   292875.001
   395:   293972.003   293982.005   294305.009   294617.001   295902.003
   400:   295914.005   296289.009   296301.005   296348.009   296784.001
   405:   298284.018   298330.003   298336.016   298386.026   298612.005
   410:   299120.009   301487.005   301640.009   302208.001   302393.003
   415:   302638.005   302787.009   303080.001   304375.003   304383.005
   420:   304747.009   304970.001   305770.003   305830.001   306085.003
   425:   306327.005   306556.009   306557.005   306616.009   306620.005
   430:   306702.009   307282.001   308316.003   308325.005   308522.009
   435:   308590.005   309026.009   309378.001   310878.018   311244.005
   440:   311248.003   311254.016   311304.026   312473.009   314049.001
   445:   314765.003   314788.005   314941.009   315391.001   316277.003
   450:   316426.005   316583.009   316862.005   316897.009   316920.005
   455:   317058.009   317312.001   317844.003   317923.001   318648.003
   460:   318736.005   318851.009   318962.005   319222.009   323582.005
   465:   323846.009   326116.005   326132.009   326142.005   326953.009
   470:   329751.005   329975.009   331276.001   331855.003   331978.005
   475:   332028.009   332858.001   333227.003   333267.001   333853.003
   480:   334013.005   334381.009   334398.005   334416.009   334727.001
   485:   335539.003   336029.005   336189.009   336539.001   336907.003
   490:   336962.001   337963.003   338176.005   338557.009   341171.005
   495:   341552.009   341954.001   342033.003   342066.001   342307.003
   500:   342326.001   342965.005   342976.003   343330.009   343539.001
   505:   344566.003   345113.005   345372.009   345580.001   346998.003
   510:   347056.005   347462.009   347691.001   348391.003   348413.001
   515:   349130.003   349364.005   349381.009   349550.005   349909.009
   520:   350342.001   351758.003   351837.005   351965.009   352012.005
   525:   352034.009   353135.001   354593.003   354699.005   354894.009
   530:   354959.005   355093.009   357162.002   357254.004   359852.005
   535:   360115.009   360496.001   361633.003   361755.005   361788.009
   540:   362099.005   362132.009   362136.005   362244.009   364532.001
   545:   364881.003   365057.005   365215.009   368657.005   368678.009
   550:   368688.005   368918.009   370778.005   371091.009   371712.001
   555:   372236.003   372253.005   372578.009   372605.005   372667.009
   560:   373031.001   373187.003   373744.005   373905.009   373967.005
   565:   374063.009   374074.005   374156.009   374586.001   374967.003
   570:   375056.001   375722.003   376358.005   376388.009   376704.001
   575:   378204.018   378240.003   378246.016   378296.026   378646.005
   580:   379431.009   383761.005   383901.009   384326.001   384736.003
   585:   387182.001   388021.005   388027.003   388336.009   388575.001
   590:   389861.003   389954.005   390282.009   390559.001   391762.003
   595:   392058.005   392184.009   392212.005   392456.009   392698.001
   600:   394198.018   394387.003   394393.016   394443.026   394454.005
   605:   394940.009   397288.001   398243.003   398306.005   398482.009
   610:   399028.001   400528.018   400624.003   400630.016   400680.026
   615:   400769.005   401321.009   403679.005   403901.009   408234.005
   620:   408729.009   409085.005   409139.009   409680.001   409844.003
   625:   410122.001   410501.005   410580.003   410717.009   416924.001
   630:   417110.003   417139.001   417525.003   417576.005   417817.009
   635:   418144.001   418319.003   429546.005   429804.009   430360.001
   640:   431426.003   431503.005   431891.009   432202.001   433387.003
   645:   433497.005   433667.009   433730.005   433869.009   433875.005
   650:   433895.009   433932.005   434039.009   434580.001   434844.003
   655:   434966.001   435914.003   436073.005   436126.009   438224.001
   660:   438375.003   454330.005   454632.009   455019.001   455919.003
   665:   456794.001   457933.003   458064.005   458114.009   458129.005
   670:   458274.009   458373.005   458558.009   458804.001   460005.003
   675:   461712.001   462074.003   462582.001   463015.003   463517.005
   680:   463843.009   465730.005   466196.009   466702.001   467102.003
   685:   467146.001   467541.003   467867.005   468063.009   468132.005
   690:   468240.009   468516.001   468676.003   468725.001   469550.003
   695:   469579.001   469692.003   470264.005   470474.009   470564.005
   700:   470745.009   471224.001   472418.003   473017.005   473119.009
   705:   474519.005   474924.009   477222.005   477425.009   477454.005
   710:   477679.009   479018.001   480205.005   480232.009   480284.003
   715:   480308.005   480622.009   485154.001   485185.003   491540.001
   720:   491654.003   492053.005   492587.009   492669.005   492719.009
   725:   493038.001   494533.003   494558.005   494866.009   495463.001
   730:   496784.003   497469.001   498969.018   499019.003   499025.016
   735:   499075.026   499141.005   499773.009   501854.001   503354.018
   740:   503388.003   503394.016   503444.026   503484.005   504085.009
   745:   504712.001   505152.003   505437.001   505630.003   506020.005
   750:   506175.009   506188.005   506342.009   506949.001   507401.003
   755:   507426.001   507937.003   509156.001   510129.003   510201.005
   760:   510232.009   510236.005   510393.009   510876.001   512060.003
   765:   512644.005   512662.009   512680.005   512721.009   512787.005
   770:   512810.009   513070.001   514406.003   514476.005   514784.009
   775:   515241.001   516367.003   520789.005   520898.009   521264.001
   780:   522552.003   522570.005   523063.009   523377.001   524877.018
   785:   524881.003   524887.016   524937.026   525046.005   525610.009
   790:   526844.005   526856.009   527833.001   528707.003   528990.005
   795:   529221.009   529891.001   530996.003   533677.005   533934.009
   800:   534245.001   535366.003   535383.005   535732.009   535949.001
   805:   537016.003   537930.005   537951.009   538368.001   539868.018
   810:   540046.003   540052.016   540102.026   540250.005   541154.009
   815:   542767.001   543861.003   543901.005   544020.009   544553.001
   820:   545576.003   545989.005   546246.009   546516.001   546957.003
   825:   546983.001   547572.003   547899.005   548068.009   548305.001
   830:   549805.018   550310.003   550316.016   550366.026   550464.005
   835:   551032.009   551110.005   551132.009   552788.001   553911.003
   840:   554035.005   554053.009   557770.005   558140.009   558517.001
   845:   559689.003   559756.005   559836.009   563194.005   563288.009
   850:   563497.001   564077.003   564134.001   565634.018   565788.003
   855:   565794.016   565814.005   565844.026   566426.009   567839.001
   860:   569263.003   569557.005   569994.009   570427.001   571494.003
   865:   571955.005   572038.009   572546.001   574041.003   574739.001
   870:   575515.003   575579.001   576301.003   576356.005   576754.009
   875:   577199.001   578699.018   578771.003   578777.016   578827.026
   880:   578836.005   579380.009   579742.001   581175.003   581208.005
   885:   581461.009   581671.001   582679.003   582683.005   582966.009
   890:   583160.001   584180.003   584191.005   584344.009   584840.001
   895:   585814.003   586926.001   587742.003   587788.005   587892.009
   900:   590296.005   590316.009   591077.001   591607.003   591629.001
   905:   592258.003   592327.001   592506.003   592747.005   593056.009
   910:   593345.001   594588.003   595469.001   596887.003   596939.005
   915:   597284.009   597524.001   598586.003   598613.005   598904.009
   920:   599077.001   600393.003   600453.005   600513.009   601074.001
   925:   601873.003   601922.001   602463.003   602819.005   603351.009
   930:   603548.001   604724.003   604732.005   604930.009   605129.001
   935:   606185.003   606354.005   606489.009   606696.001   607695.003
   940:   607752.005   608006.009   608282.001   609255.003   609679.005
   945:   609707.009   609820.001   609835.003   610309.005   610321.009
   950:   611360.001   611606.003   612153.005   612194.009   615523.005
   955:   615896.009   615946.005   616055.009   616550.001   617733.005
   960:   617742.003   617744.009   618332.005   618427.009   618894.001
   965:   620028.003   620817.001   622085.003   622502.005   622657.009
   970:   622876.001   624042.005   624067.009   624163.003   627115.005
   975:   627195.009   627498.001   628939.003   629822.001   630645.003
   980:   630653.001   631003.003   631873.001   632074.003   632454.005
   985:   632505.009   632601.005   632697.009   633139.001   634639.018
   990:   635154.003   635160.016   635210.026   635314.005   636274.009
   995:   640327.005   640489.009   640824.001   641901.005   642061.003
  1000:   642259.009   642452.001   643952.018   644051.003   644057.016
  1005:   644107.026   644140.005   644559.009   644860.001   645903.003
  1010:   646014.001   646480.003   647353.001   648654.003   648784.005
  1015:   648813.009   649646.001   651146.018   651864.003   651870.016
  1020:   651920.026   652416.005   652751.009   655713.005   655892.009
  1025:   655896.005   656153.009   657299.001   657462.003   658020.005
  1030:   658082.009   658561.001   658941.003   658997.001   659922.003
  1035:   661926.001   663047.003   663345.001   664285.003   664762.005
  1040:   664952.009   665188.001   666688.018   666856.003   666862.016
  1045:   666912.026   666932.005   667529.009   667849.001   668024.003
  1050:   668693.001   669679.003   670061.001   671561.018   671770.003
  1055:   671776.016   671796.005   671826.026   672506.009   672654.005
  1060:   672730.009   673845.001   673971.003   674408.001   675908.018
  1065:   675964.003   675970.016   675981.005   676020.026   676536.009
  1070:   676908.001   678320.003   678431.005   678571.009   678924.001
  1075:   679035.003   679075.001   680357.003   680655.005   680854.009
  1080:   681229.001   682729.018   683422.003   683428.016   683478.026
  1085:   683604.005   684703.009   685934.005   685953.009   687478.001
  1090:   688813.003   688858.005   688978.009   689103.005   689178.009
  1095:   689899.001   690395.003   691534.001   692659.003   692844.005
  1100:   693169.009   693578.001   695041.003   695404.005   695537.009
  1105:   695966.001   696121.003   696289.001   697208.003   697457.005
  1110:   697632.009   699305.001   699498.003   699969.001   700127.003
  1115:   700610.005   700829.009   701435.001   702849.003   702969.005
  1120:   703129.009   705064.001   705276.003   707056.005   707698.009
  1125:   714190.005   714219.009   714232.005   714426.009   714727.001
  1130:   716227.018   716231.003   716237.016   716253.005   716287.026
  1135:   716886.009   717166.001   718608.003   718668.005   718772.009
  1140:   719271.001   720741.003   720857.005   721055.009   721532.001
  1145:   723032.018   723066.003   723072.016   723091.005   723122.026
  1150:   723698.009   724115.001   725376.003   725491.001   725780.003
  1155:   726074.005   726333.009   726630.001   726678.003   726766.001
  1160:   727885.003   728108.005   728329.009   728779.001   728998.003
  1165:   729096.001   729196.003   729658.001   729878.003   730195.001
  1170:   730638.003   730707.005   730789.009   734133.005   734162.009
  1175:   734288.005   734396.009   734532.005   734664.009   736424.001
  1180:   737049.005   737136.003   737564.009   737785.001   739285.018
  1185:   739437.003   739443.016   739480.005   739493.026   740066.009
  1190:   740371.001   741871.018   742130.003   742136.016   742164.005
  1195:   742186.026   742929.009   743231.001   744731.018   744792.003
  1200:   744798.016   744832.005   744848.026   744850.017   745570.009
  1205:   745614.005   745630.009   745994.001   746225.003   746470.001
  1210:   747718.003   748244.005   748264.009   750651.005   750813.009
  1215:   751005.001   752460.005   752468.003   752708.009   752898.001
  1220:   754060.003   754243.001   754520.003   754810.005   754971.009
  1225:   755269.001   756747.003   757105.005   757191.009   757490.001
  1230:   758992.003   759358.005   759374.009   759379.005   759579.009
  1235:   759772.001   761136.003   761359.005   761537.009   761993.001
  1240:   762549.003   762586.001   763597.003   763663.005   763852.009
  1245:   766266.005   766352.009   766598.001   767697.003   767945.005
  1250:   768198.009   768574.001   769237.003   769280.001   769766.003
  1255:   769995.005   770325.009   770592.001   771945.003   771975.005
  1260:   772131.009   772571.001   773865.003   773874.005   774060.009
  1265:   774601.001   774651.003   774752.001   775798.003   776912.001
  1270:   778182.003   778624.005   779056.009   779416.001   780255.003
  1275:   780363.005   780467.009   781177.001   781683.003   785070.005
  1280:   785247.009   785445.001   786655.003   786672.005   786958.009
  1285:   787185.001   788129.003   788389.005   788546.009   788908.001
  1290:   790658.018   790662.003   790668.016   790702.005   790718.026
  1295:   791328.009   791559.001   793309.018   793365.003   793371.016
  1300:   793421.026   793458.005   794012.009   794254.001   796004.018
  1305:   796023.003   796029.016   796079.026   796081.017   796165.005
  1310:   796764.009   797784.001   798336.005   798356.009   798359.005
  1315:   798404.009   798494.003   798565.001   800228.003   800392.005
  1320:   800486.009   801098.001   802601.003   802740.005   802891.009
  1325:   803040.005   803239.009   803447.001   804711.003   804826.005
  1330:   804856.009   804858.005   804886.009   805104.001   807001.003
  1335:   807724.005   807930.009   809154.001   809698.003   810641.005
  1340:   810783.009   813433.002   813689.004   813876.005   813919.009
  1345:   813967.005   814123.009   814354.001   815555.003   815572.005
  1350:   815762.009   816155.001   817139.003   817165.001   817680.003
  1355:   817725.005   818010.009   818240.001   819483.003   819825.005
  1360:   819888.009   819925.005   820054.009   820260.001   821603.003
  1365:   822433.001   822750.003   822852.005   822938.009   823414.001
  1370:   825414.018   825503.003   825509.016   825534.005   825559.026
  1375:   826056.009   827386.001   829170.003   829228.005   829429.009
  1380:   829454.005   829520.009   839872.001   840481.003   840510.001
  1385:   840761.003   840828.005   841074.009   841336.001   842083.003
  1390:   842118.001   842684.003   843326.005   843592.009   843823.001
  1395:   844773.003   845204.001   845236.003   845689.005   845944.009
  1400:   852249.001   852624.003   854311.001   855425.003   855462.005
  1405:   855800.009   859345.001   861189.003   861368.005   861612.009
  1410:   861639.005   861693.009   861922.001   863131.003   863857.001
  1415:   864305.003   864353.001   864928.003   864980.001   865762.003
  1420:   865817.005   866063.009   866303.001   868303.018   868316.003
  1425:   868322.016   868361.005   868372.026   868926.009   869328.001
  1430:   870739.003   870930.005   871045.009   871522.001   872613.003
  1435:   872662.005   872750.009   873199.001   875199.018   875565.003
  1440:   875571.016   875617.005   875621.026   876412.009   876780.001
  1445:   877244.003   877285.001   877644.003   878311.005   878325.009
  1450:   878337.005   878545.009   878563.005   878572.009   879448.001
  1455:   879776.003   880021.001   880604.003   880710.005   880821.009
  1460:   881088.001   882817.003   883694.001   885333.003   885977.005
  1465:   886079.009   886336.001   887906.003   888044.005   888800.009
  1470:   890078.001   891090.003   891387.001   891622.003   891846.005
  1475:   892208.009   894207.005   894431.009   899674.001   899803.003
  1480:   899935.001   900852.003   900877.005   901112.009   901472.001
  1485:   902992.003   903007.005   903275.009   903476.001   904932.003
  1490:   904945.005   905313.009   905495.001   906910.003   906930.005
  1495:   907121.009   911017.005   911085.009   911365.001   912652.003
  1500:   912935.005   913048.009   913641.001   914049.003   914864.001
  1505:   914909.003   915351.001   915954.003   916144.005   916224.009
  1510:   920353.005   920408.009   921684.001   922106.003   922479.005
  1515:   922832.009   923130.001   923493.003   923527.001   924588.003
  1520:   924773.005   924975.009   924984.005   925176.009   925896.005
  1525:   925984.009   938434.005   938484.009   938552.005   938839.009
  1530:   938850.005   939156.009   939554.001   941117.003   941143.005
  1535:   941618.009   941877.001   943194.003   943336.005   943542.009
  1540:   944080.001   946080.018   946156.003   946162.016   946190.005
  1545:   946212.026   946938.009   947238.001   949116.003   949152.005
  1550:   949370.009   949578.001   951126.003   951156.005   951279.009
  1555:   957018.001   957357.003   957911.001   958666.003   974104.001
  1560:   975274.003   976094.005   976160.009   976171.005   976319.009
  1565:   976876.001   977046.003   977522.001   977915.003   992931.005
  1570:   993419.009   995531.001   997224.005   997260.003   997644.009
  1575:   998292.001   999931.003  1000232.005  1000482.009  1012045.001
  1580:  1013182.003  1013199.005  1013719.009  1013820.005  1014290.009
  1585:  1017908.001  1018918.003  1019050.005  1019268.009  1019689.001
  1590:  1021372.003  1022127.005  1022142.009  1022168.005  1022193.009
  1595:  1022449.001  1024449.018  1024896.003  1024902.016  1024952.026
  1600:  1025048.005  1025623.009  1028730.001  1030274.003  1043240.005
  1605:  1043428.009  1043782.001  1045782.018  1045833.003  1045839.016
  1610:  1045849.005  1045889.026  1047155.009  1047449.001  1048874.003
  1615:  1049026.005  1049626.009  1056982.005  1057001.009  1057390.001
  1620:  1059037.003  1059217.005  1059499.009  1060264.001  1060354.003
  1625:  1060509.001  1061831.003  1062050.005  1062249.009  1062261.005
  1630:  1062276.009  1062688.001  1064201.005  1064204.003  1064440.009
  1635:  1064468.005  1064622.009  1074034.005  1074047.009  1074170.005
  1640:  1074381.009  1074651.001  1076169.005  1076203.009  1076214.003
  1645:  1076219.005  1076537.009  1076849.001  1078198.003  1078578.005
  1650:  1078605.009  1078615.005  1078651.009  1079351.001  1080120.003
  1655:  1080332.001  1080492.003  1081042.005  1082109.009  1082670.001
  1660:  1083196.003  1083229.001  1084559.003  1084603.005  1084923.009
  1665:  1085178.001  1086919.003  1086972.005  1087281.009  1087595.001
  1670:  1089563.003  1089751.005  1089764.009  1090342.001  1092342.018
  1675:  1092404.003  1092410.016  1092456.005  1092460.026  1093247.009
  1680:  1093600.001  1095600.018  1095688.003  1095694.016  1095741.005
  1685:  1095744.026  1096339.009  1096405.005  1096482.009  1097719.001
  1690:  1099140.003  1099182.005  1099483.009  1099746.001  1101413.003
  1695:  1101443.005  1101572.009  1102257.001  1103690.003  1104632.001
  1700:  1106632.018  1107288.003  1107294.016  1107317.005  1107344.026
  1705:  1108089.009  1109259.001  1109751.003  1111302.005  1111436.009
  1710:  1111703.001  1113502.003  1115193.001  1115499.003  1124399.001
  1715:  1124667.003  1125520.005  1125801.009  1126179.001  1127821.003
  1720:  1128148.005  1128412.009  1139045.005  1139078.009  1139441.001
  1725:  1140149.003  1140279.001  1140862.003  1141158.005  1141344.009
  1730:  1141373.005  1141669.009  1142086.001  1144086.018  1144098.003
  1735:  1144104.016  1144154.026  1144228.005  1144709.009  1153380.005
  1740:  1153938.009  1154279.001  1154421.003  1154447.001  1154805.003
  1745:  1154863.001  1154952.003  1155783.001  1155994.003  1156205.005
  1750:  1156407.009  1156705.001  1158641.003  1158774.005  1158868.009
  1755:  1159145.005  1159318.009  1171128.001  1172623.005  1172629.003
  1760:  1172834.009  1172864.005  1173100.009  1173390.001  1174851.003
  1765:  1174874.005  1175232.009  1176395.001  1178109.003  1178317.005
  1770:  1178348.009  1178918.001  1179908.003  1180659.001  1182315.003
  1775:  1182648.005  1182936.009  1183190.001  1183558.003  1183722.001
  1780:  1184437.003  1184708.005  1184739.009  1184823.005  1184917.009
  1785:  1185523.001  1187509.003  1187716.005  1188082.009  1205587.001
  1790:  1206623.003  1206676.005  1207017.009  1240242.005  1240776.009
  1795:  1240901.005  1240970.009  1240973.005  1241016.009  1241033.005
  1800:  1241071.009  1254424.005  1254924.009  1255685.001  1256205.003
  1805:  1256249.001  1258236.003  1296747.005  1296776.009  1296853.005
  1810:  1297013.009  1297470.001  1299470.018  1299497.003  1299503.016
  1815:  1299553.026  1299557.005  1300702.009  1319304.001  1320807.003
  1820:  1320833.005  1321383.009  1342400.001  1344110.003  1344127.005
  1825:  1344336.009  1345782.001  1347277.003  1347439.005  1347746.009
  1830:  1348630.001  1350176.003  1350225.005  1350465.009  1351293.001
  1835:  1352923.003  1353136.005  1353340.009  1356654.005  1357260.009
  1840:  1363154.005  1363205.009  1363228.005  1363498.009  1363815.001
  1845:  1364485.003  1366055.005  1366220.009  1367142.001  1368481.003
  1850:  1368647.005  1368665.009  1369293.005  1369357.009  1369677.001
  1855:  1371386.003  1371426.005  1371762.009  1372180.001  1373915.003
  1860:  1374010.005  1374140.009  1379432.001  1380408.003  1380616.005
  1865:  1380790.009  1381079.001  1382306.003  1383408.005  1383691.009
  1870:  1384032.001  1386032.018  1386033.003  1386039.016  1386089.026
  1875:  1386114.005  1386855.009  1388301.001  1389916.003  1389964.005
  1880:  1390060.009  1390590.001  1392435.003  1392643.005  1392897.009
  1885:  1393324.001  1395324.018  1395614.003  1395620.016  1395670.026
  1890:  1395700.005  1396197.009  1396601.001  1397896.003  1398042.001
  1895:  1398280.003  1398834.001  1400583.003  1400770.005  1400996.009
  1900:  1401238.001  1403203.003  1403229.005  1403460.009  1403658.001
  1905:  1405658.018  1405769.003  1405775.016  1405820.005  1405825.026
  1910:  1406532.009  1406572.005  1406721.009  1411139.005  1411259.009
  1915:  1411629.001  1413629.018  1413696.003  1413702.016  1413722.005
  1920:  1413752.026  1414333.009  1414738.001  1416737.003  1416820.005
  1925:  1417026.009  1417600.001  1418911.003  1419201.001  1419481.003
  1930:  1420453.001  1422453.018  1423362.003  1423368.016  1423416.005
  1935:  1423418.026  1424092.009  1424513.001  1426476.003  1426529.005
  1940:  1426767.009  1426995.001  1428995.018  1429783.003  1429789.016
  1945:  1429815.005  1429839.026  1430417.009  1430802.001  1432615.003
  1950:  1432672.001  1434251.005  1434313.003  1434339.009  1434409.005
  1955:  1434498.009  1434668.001  1436229.003  1436784.005  1437020.009
  1960:  1437557.001  1438454.003  1438500.001  1439260.003  1439385.001
  1965:  1440171.003  1440226.005  1440480.009  1440531.005  1440637.009
  1970:  1447865.005  1448206.009  1448598.001  1449536.003  1450339.005
  1975:  1450510.009  1450818.001  1452410.003  1452796.005  1453004.009
  1980:  1453501.001  1455408.003  1455417.005  1455681.009  1456059.001
  1985:  1458059.018  1458169.003  1458175.016  1458225.026  1458247.005
  1990:  1458839.009  1463832.001  1465491.003  1465705.005  1465780.009
  1995:  1466399.001  1467041.003  1467111.001  1468717.003  1468737.005
  2000:  1468996.009  1473574.005  1473731.009  1474069.001  1474914.003
  2005:  1475071.001  1475216.003  1475236.001  1476352.003  1476844.005
  2010:  1477064.009  1477347.001  1477978.003  1478044.001  1478542.003
  2015:  1479007.001  1479167.003  1479321.005  1479622.009  1479898.001
  2020:  1481493.003  1481547.005  1481682.009  1482861.001  1484467.003
  2025:  1484518.005  1484539.009  1484541.005  1484587.009  1484606.005
  2030:  1484631.009  1484858.001  1486682.003  1486723.005  1486987.009
  2035:  1487241.001  1488869.003  1489133.005  1489243.009  1489464.001
  2040:  1491162.003  1491204.005  1491443.009  1491732.001  1493448.003
  2045:  1493494.005  1493864.009  1494077.001  1495101.003  1496129.001
  2050:  1498129.018  1498234.003  1498240.016  1498272.005  1498290.026
  2055:  1499430.009
B:
     0:        0.000      441.000        7.000      441.000        7.000
     5:      502.000        0.000        0.000        0.000      502.000
    10:        0.000        1.000        0.000        0.000        0.000
    15:        0.000       51.000        2.000       51.000        0.000
    20:        0.000        0.000        0.000        0.000        0.000
    25:        0.000       51.000        0.000        0.000        0.000
    30:        0.000
D:
     0:  3949773.000  3947669.000  3949774.000
E:
     0:     1500.000     2000.000
T:
     0:        0.000        0.000        0.000        0.000
W:
     0:        0.000        0.000        0.000
