File: C:\MED-PC IV\Data\ALFE\AU026.999


Start Date: 01/26/24
End Date: 01/26/24
Subject: 26
Experiment: AU
Group: EXP40
Box: 6
Start Time: 15:07:19
End Time: 15:57:18
MSN: DRRD_general_exp
C:       0.000
F:       0.000
G:       0.000
H:       0.000
I:       0.000
J:       0.000
K:       1.000
L:       0.000
M:       0.000
N:       0.000
O:       0.000
P:       0.000
Q:       0.000
R:       0.000
S:       0.000
U: 2906523.000
V:       0.000
X:       0.000
Y:    3716.000
Z:       0.000
A:
     0:    10045.005    10228.009    15000.011    15281.001    15331.018
     5:    15357.003    15363.016    15413.026    15469.005    16150.009
    10:    16444.001    16494.018    16501.003    16507.016    16557.026
    15:    16629.005    17118.009    17434.001    17484.018    17514.003
    20:    17520.016    17570.026    17572.017    17644.005    18101.009
    25:    18415.001    18485.018    18487.003    18493.016    18543.026
    30:    18610.005    18815.009    19091.001    19161.018    19221.003
    35:    19227.016    19277.026    19344.005    19919.009    20213.001
    40:    20283.018    20314.003    20320.016    20370.026    20372.017
    45:    20441.005    20706.009    20965.001    21063.018    21184.003
    50:    21190.016    21240.026    21311.005    21665.009    21925.001
    55:    22023.018    22058.003    22064.016    22114.026    22198.005
    60:    22388.009    22678.001    22776.018    22834.003    22840.016
    65:    22890.026    22892.017    23094.005    23652.009    23664.005
    70:    23667.009    23937.001    24075.018    24076.003    24082.016
    75:    24132.026    24255.005    24516.009    24853.001    24991.018
    80:    25403.003    25409.016    25459.026    25853.005    25858.009
    85:    25870.005    26161.009    26454.001    26548.003    26724.005
    90:    27230.009    27774.001    27912.018    27924.003    27930.016
    95:    27980.026    28226.005    28722.009    29564.005    30072.009
   100:    30106.005    30185.009    30216.005    30219.009    33598.005
   105:    33789.009    34319.001    34440.003    34587.005    34648.009
   110:    42372.001    42510.018    42853.003    42859.016    42909.026
   115:    43192.005    43604.009    45721.005    45737.009    46630.005
   120:    46647.009    48627.001    48765.018    48821.003    48827.016
   125:    48877.026    48978.005    49554.009    53415.005    53425.009
   130:    60228.005    60355.009    64045.005    64342.009    65046.001
   135:    65184.018    65610.003    65616.016    65666.026    65668.017
   140:    65784.005    66211.009    66953.001    67146.018    67253.003
   145:    67259.016    67309.026    67371.005    67935.009    68021.005
   150:    68359.009    70474.005    70529.009    71936.001    72034.003
   155:    72172.005    72383.009    73288.001    73481.018    74252.003
   160:    74258.016    74308.026    74349.001    74397.003    74539.005
   165:    74814.009    75324.001    75464.003    75622.001    75815.018
   170:    76172.003    76178.016    76228.026    76346.005    76609.009
   175:    76702.005    76831.009    76849.005    76857.009    76873.005
   180:    77289.009    77341.005    77361.009    78279.005    78342.009
   185:    80171.005    80476.009    81249.001    81442.018    81579.003
   190:    81585.016    81617.001    81635.026    81732.003    81822.005
   195:    82019.009    82838.001    82981.003    83133.005    83272.009
   200:    83527.001    83720.018    83797.003    83803.016    83853.026
   205:    83922.005    84332.009    84368.005    84449.009    86371.005
   210:    86393.009    87323.001    87516.018    87687.003    87693.016
   215:    87743.026    87897.005    88084.009    88977.001    89170.018
   220:    89250.003    89256.016    89306.026    89308.017    89381.005
   225:    89652.009    91388.005    91570.009    92136.001    92260.003
   230:    92383.005    93066.009    93068.005    93072.009    93349.001
   235:    93618.018    94141.003    94147.016    94197.026    94279.005
   240:    94468.009    94481.005    94778.009    95077.001    95211.003
   245:    95354.005    95582.009    96109.001    96360.003    96500.005
   250:    96638.009    96865.001    97134.018    97407.003    97413.016
   255:    97463.026    97543.005    98052.009    98434.001    98594.003
   260:    98905.001    99174.018    99791.003    99797.016    99847.026
   265:    99935.005   100145.009   101462.001   101731.018   101744.003
   270:   101750.016   101800.026   101881.005   102435.009   103499.001
   275:   103768.018   103773.003   103779.016   103829.026   103831.017
   280:   103896.005   104086.009   104415.001   104792.018   104967.003
   285:   104973.016   105023.026   105111.005   105409.009   105918.001
   290:   106038.003   106538.005   106674.009   106935.001   107254.003
   295:   107384.005   107610.009   107880.001   108257.018   108411.003
   300:   108417.016   108467.026   108587.005   108925.009   109553.001
   305:   109714.003   109812.001   110154.003   110281.005   110390.009
   310:   110860.001   111237.018   111274.003   111280.016   111330.026
   315:   111394.005   111937.009   112969.005   113080.009   113674.001
   320:   114051.018   114165.003   114171.016   114221.026   114294.005
   325:   114617.009   115029.001   115406.018   115414.003   115420.016
   330:   115470.026   115472.017   115666.005   115862.009   116891.005
   335:   116982.009   117856.001   118028.003   118162.005   118478.009
   340:   119271.001   119699.003   119851.005   119956.009   120167.001
   345:   120545.003   120812.001   121295.003   121504.001   121725.003
   350:   121803.001   121848.003   123098.001   123626.018   123945.003
   355:   123951.016   124001.026   124226.005   124513.009   125392.001
   360:   125551.003   125753.005   125835.009   126894.005   127348.009
   365:   128750.005   128773.009   129649.001   129789.003   129946.005
   370:   130130.009   130493.001   130933.003   131100.005   131696.009
   375:   132517.001   132972.003   133190.005   133259.009   133853.001
   380:   134381.018   134970.003   134976.016   135026.026   135120.005
   385:   135573.009   136343.001   136539.003   136658.005   137981.009
   390:   138281.001   138445.003   138481.001   138892.003   139003.005
   395:   139408.009   139428.005   139432.009   139833.001   140361.018
   400:   140419.003   140425.016   140475.026   141308.005   141630.009
   405:   142465.001   142975.003   143642.005   143774.009   144138.001
   410:   144345.003   145005.001   145247.003   145399.005   145549.009
   415:   146464.005   146805.009   147259.001   147682.003   147732.001
   420:   147934.003   148070.005   148190.009   148469.001   148997.018
   425:   149150.003   149156.016   149206.026   149395.005   149857.009
   430:   151179.001   151560.003   152061.001   152589.018   152670.003
   435:   152676.016   152726.026   152776.005   153248.009   154374.001
   440:   154642.003   154778.005   154872.009   155095.001   155623.018
   445:   155643.003   155649.016   155699.026   156201.005   156609.009
   450:   158341.001   158529.003   159509.001   160037.018   160080.003
   455:   160086.016   160136.026   161091.005   161390.009   162315.001
   460:   162464.003   164783.001   164858.003   164993.005   165104.009
   465:   165180.005   165849.009   166126.001   166458.003   166716.001
   470:   166853.003   167045.001   167274.003   167661.001   168189.018
   475:   168268.003   168274.016   168324.026   168452.005   168841.009
   480:   169854.001   169957.003   170205.005   170301.009   170796.005
   485:   170923.009   171184.001   171624.003   171760.005   171841.009
   490:   172110.001   172638.018   172998.003   173004.016   173054.026
   495:   173070.001   173256.003   173594.005   173815.009   175829.001
   500:   176357.018   176810.003   176816.016   176866.026   177192.005
   505:   177486.009   178392.001   178618.003   179076.001   179402.003
   510:   179797.001   180299.003   180370.001   180809.003   180927.005
   515:   181265.009   181764.001   182131.003   182165.001   182333.003
   520:   182830.001   183087.003   183133.001   183211.003   183571.001
   525:   183700.003   183986.005   184109.009   184613.001   184892.003
   530:   185025.001   185079.003   185473.001   185958.003   187077.005
   535:   187153.009   189404.001   189932.018   190111.003   190117.016
   540:   190167.026   190285.005   190551.009   191482.005   191571.009
   545:   191823.001   192351.018   192416.003   192422.016   192458.001
   550:   192472.026   192562.003   192664.005   193062.009   194160.001
   555:   194378.003   194416.001   194754.003   194880.005   195005.009
   560:   195363.001   195891.018   196337.003   196343.016   196393.026
   565:   196427.005   197283.009   197360.005   197414.009   197445.005
   570:   197662.009   197999.005   198228.009   201297.005   201423.009
   575:   203174.005   203190.009   203834.002   204014.004   204124.005
   580:   204277.009   204583.002   205042.004   205142.005   205334.009
   585:   207675.005   207710.009   208483.001   208833.003   208945.005
   590:   209030.009   209254.001   209782.018   209886.003   209892.016
   595:   209933.001   209942.026   210180.003   210286.005   211318.009
   600:   211607.001   212135.018   212229.003   212235.016   212285.026
   605:   212658.005   213049.009   213871.001   214103.003   214223.005
   610:   214753.009   215787.005   215796.009   216568.001   216921.003
   615:   217010.005   217050.009   218044.005   218061.009   218709.001
   620:   219237.018   219710.003   219716.016   219766.026   219837.005
   625:   220244.009   220252.005   220255.009   221429.001   221957.018
   630:   222381.003   222387.016   222437.026   222644.005   222914.009
   635:   223931.001   224029.003   224187.005   224444.009   224653.001
   640:   224868.003   225050.001   225066.003   225220.005   226319.009
   645:   226320.005   226325.009   226568.001   226746.003   227249.001
   650:   227693.003   228019.001   228524.003   228588.001   229116.018
   655:   229647.003   229653.016   229703.026   230212.005   230471.009
   660:   231950.001   232063.003   232232.001   232760.018   232880.003
   665:   232886.016   232935.001   232936.026   233095.003   233107.001
   670:   233153.003   233291.005   233687.009   234090.001   234468.003
   675:   234776.005   235024.009   235255.001   235515.003   235630.001
   680:   235702.003   236154.001   236682.018   237454.003   237460.016
   685:   237510.026   237596.005   237837.009   237865.005   237903.009
   690:   239125.001   239653.018   239710.003   239716.016   239766.026
   695:   239844.005   240350.009   240977.001   241086.003   241229.005
   700:   241839.009   242165.001   242575.003   242706.005   242878.009
   705:   243071.005   243345.009   243615.001   244143.018   244230.003
   710:   244236.016   244286.026   244640.005   244903.009   246486.001
   715:   246592.003   247761.001   247775.003   248469.001   248560.003
   720:   249055.001   249215.003   250482.005   250526.009   250800.001
   725:   250964.003   251387.001   251915.018   251993.003   251999.016
   730:   252049.026   252296.005   252525.009   253303.001   253474.003
   735:   253498.001   253742.003   254514.001   254744.003   254853.001
   740:   254886.003   254964.001   255195.003   255826.001   256097.003
   745:   256198.001   256309.003   256822.001   256864.003   257469.005
   750:   257644.009   258562.001   258963.003   259102.005   259319.009
   755:   260325.005   260340.009   260730.001   261258.018   261322.003
   760:   261328.016   261368.001   261378.026   261637.003   261775.005
   765:   262143.009   263243.001   263565.003   263625.001   264021.003
   770:   264075.001   264128.003   264647.005   265138.009   265389.001
   775:   265717.003   266345.005   266399.009   266658.001   266774.003
   780:   266833.001   266911.003   266952.001   267050.003   267077.001
   785:   267342.003   267499.005   267750.009   268041.001   268378.003
   790:   268828.001   269200.003   269832.001   269926.003   270492.002
   795:   270608.004   270803.002   270855.004   270953.005   271160.009
   800:   273225.001   273753.018   273864.003   273870.016   273914.001
   805:   273920.026   273993.003   274085.005   274300.009   274897.001
   810:   275334.003   275371.001   275761.003   275889.005   276070.009
   815:   276332.001   276737.003   276797.001   276856.003   277164.005
   820:   277292.009   277393.005   277395.009   277400.005   277522.009
   825:   277742.001   278047.003   278120.001   278285.003   278339.001
   830:   278484.003   278840.005   278907.009   282738.005   282799.009
   835:   283119.001   283647.018   284073.003   284079.016   284129.026
   840:   284223.005   284574.009   285654.001   285951.003   286278.002
   845:   286569.004   286676.005   287231.009   290452.001   290980.018
   850:   291125.003   291131.016   291181.026   291255.005   291568.009
   855:   291853.001   292381.018   292490.003   292496.016   292546.026
   860:   293134.005   293456.009   293459.005   293469.009   295067.005
   865:   295119.009   295440.001   295619.003   295755.005   295961.009
   870:   296189.001   296565.003   297141.001   297522.003   297574.001
   875:   298102.018   298167.003   298173.016   298223.026   298340.005
   880:   298673.009   298965.001   299493.018   299560.003   299566.016
   885:   299616.026   299708.005   299959.009   300572.001   301033.003
   890:   301173.005   301280.009   302303.001   302831.018   302941.003
   895:   302947.016   302997.026   303082.005   303313.009   306850.005
   900:   306853.009   307504.001   307623.003   307729.001   307872.003
   905:   307907.001   308062.003   308179.005   308342.009   308694.001
   910:   309222.018   309240.003   309246.016   309296.026   309301.005
   915:   310079.009   310086.005   310091.009   310149.005   310209.009
   920:   310671.001   310998.003   311140.005   311376.009   311740.001
   925:   312268.018   312511.003   312517.016   312567.026   312591.005
   930:   312852.009   312877.005   313048.009   313939.001   314467.018
   935:   314551.003   314557.016   314607.026   314614.005   314958.009
   940:   314998.005   315019.009   315030.005   315228.009   316469.001
   945:   316997.018   317107.003   317113.016   317141.005   317163.026
   950:   317165.017   317683.009   318451.001   318506.003   318669.005
   955:   318871.009   319144.001   319618.003   319727.005   319879.009
   960:   320025.005   320362.009   320881.001   321066.003   321111.001
   965:   321675.003   321986.005   322127.009   322716.001   323352.003
   970:   323440.001   323465.003   323540.001   323659.003   324243.005
   975:   324315.009   324709.001   325202.003   325493.001   325588.003
   980:   325955.005   326033.009   326369.002   326602.004   326685.005
   985:   327029.009   327332.001   327886.003   327959.001   328260.003
   990:   328306.001   328520.003   329046.005   329163.009   329619.001
   995:   330357.018   330370.003   330376.016   330426.026   330463.005
  1000:   330777.009   332322.001   332906.003   333070.005   333163.009
  1005:   333480.001   333933.003   334020.005   334238.009   334609.001
  1010:   334885.003   334995.001   335083.003   335142.001   335521.003
  1015:   335586.001   335719.003   336260.005   336391.009   336716.001
  1020:   336848.003   336872.001   337022.003   337162.005   337251.009
  1025:   337777.002   337861.004   338010.005   338184.009   338417.001
  1030:   339155.018   339620.003   339626.016   339676.026   339961.005
  1035:   340518.009   341535.001   342273.018   342602.003   342608.016
  1040:   342658.026   342776.005   342995.009   345632.005   345915.009
  1045:   347172.005   347249.009   348340.001   348628.003   348767.005
  1050:   348951.009   348998.005   349119.009   349561.001   350157.003
  1055:   350379.005   350504.009   351015.001   351753.018   351923.003
  1060:   351929.016   351959.001   351979.026   352006.003   352117.005
  1065:   352674.009   353779.001   354098.003   355423.001   355569.003
  1070:   355891.005   355934.009   356052.005   356391.009   360174.001
  1075:   360912.018   361234.003   361240.016   361290.026   361468.005
  1080:   361743.009   362977.001   363142.003   363279.001   363662.003
  1085:   364211.005   364366.009   364636.001   365335.003   365482.005
  1090:   365640.009   367959.001   368450.003   368465.001   368828.003
  1095:   368856.001   368983.003   369256.005   369515.009   369939.001
  1100:   370088.003   370161.001   370261.003   370909.001   370941.003
  1105:   371672.005   371694.009   372928.001   373405.003   373548.001
  1110:   373965.003   374086.005   374284.009   374654.001   375392.018
  1115:   375681.003   375687.016   375737.026   375815.005   377526.009
  1120:   378000.001   378156.003   378280.005   378542.009   378883.001
  1125:   379255.003   379406.005   379487.009   379656.005   379684.009
  1130:   379931.001   380143.003   380314.001   380347.003   380901.005
  1135:   380965.009   381437.001   381899.003   381972.001   382108.003
  1140:   382407.005   382486.009   384099.005   384173.009   389238.005
  1145:   389383.009   390041.001   390719.003   390752.001   391205.003
  1150:   391631.001   391931.003   392815.001   392862.003   392981.001
  1155:   393120.003   393212.001   393495.003   393612.001   393646.003
  1160:   394069.005   394491.009   395059.001   395255.003   395316.001
  1165:   395566.003   395643.001   395682.003   395702.001   396094.003
  1170:   396572.005   396610.009   396624.005   396648.009   396700.005
  1175:   396932.009   397201.001   397412.003   397727.001   397821.003
  1180:   397866.001   397932.003   398778.001   398813.003   399090.001
  1185:   399429.003   399543.001   400045.003   400873.001   401184.003
  1190:   401294.001   401312.003   401699.005   401939.009   403719.001
  1195:   403871.003   404870.001   405608.018   405767.003   405773.016
  1200:   405823.026   405953.005   406441.009   407336.001   407885.003
  1205:   408014.005   408199.009   408303.005   408703.009   408795.005
  1210:   408899.009   409160.001   409559.003   409702.005   409779.009
  1215:   410334.002   410649.004   410741.005   411001.009   413469.005
  1220:   413494.009   414280.001   414337.003   414501.001   414576.003
  1225:   415550.001   415595.003   415681.001   415712.003   416561.005
  1230:   416702.009   418794.001   419532.018   419657.003   419663.016
  1235:   419713.026   419818.005   420083.009   421826.001   422564.018
  1240:   422582.003   422588.016   422638.026   422693.005   424009.009
  1245:   424353.001   424458.003   424628.005   424877.009   425217.001
  1250:   425955.018   425990.003   425996.016   426046.026   426126.005
  1255:   426393.009   427372.001   428047.003   428180.005   428268.009
  1260:   428540.001   428713.003   428903.001   428924.003   428998.001
  1265:   429089.003   429141.001   429424.003   431326.001   431384.003
  1270:   431774.001   432119.003   432497.005   433144.009   436434.002
  1275:   436686.004   436843.005   436862.009   437481.002   437503.004
  1280:   437623.005   437853.009   438377.002   438442.004   438581.005
  1285:   438772.009   439630.001   439952.003   440065.001   440388.003
  1290:   440540.005   440660.009   442177.001   442915.018   442928.003
  1295:   442934.016   442962.001   442984.026   443027.003   443177.005
  1300:   443602.009   443631.005   443635.009   443642.005   443711.009
  1305:   444605.001   444965.003   445111.005   445197.009   445504.001
  1310:   445694.003   445772.001   445875.003   445903.001   445989.003
  1315:   446151.005   446214.009   446278.005   446435.009   446737.001
  1320:   447073.003   447116.001   447244.003   447553.005   447634.009
  1325:   448015.001   448160.003   448202.001   448794.003   448983.005
  1330:   449060.009   449311.002   450122.004   450158.002   451165.004
  1335:   451251.005   451519.009   451772.002   452829.004   454782.005
  1340:   454829.009   455131.001   455869.018   456278.003   456284.016
  1345:   456334.026   456479.005   456725.009   457942.001   458063.003
  1350:   458104.001   458386.003   458509.005   458543.009   458820.001
  1355:   459558.018   459712.003   459718.016   459768.026   459806.005
  1360:   460120.009   460125.005   460281.009   460650.001   461388.018
  1365:   461541.003   461547.016   461597.026   461641.005   461990.009
  1370:   462018.005   462517.009   462948.005   463131.009   463440.001
  1375:   463628.003   463775.005   464072.009   464371.001   465054.003
  1380:   465502.005   465580.009   465916.001   466460.003   466567.005
  1385:   466916.009   466918.005   466925.009   466927.005   466931.009
  1390:   466953.005   467072.009   468421.001   469159.018   469271.003
  1395:   469277.016   469327.026   469359.005   471083.009   471133.005
  1400:   471137.009   471432.001   472170.018   472257.003   472263.016
  1405:   472313.026   472360.005   472642.009   474211.001   474455.003
  1410:   474475.001   474942.003   475046.005   475158.009   475388.001
  1415:   475462.003   475498.001   475785.003   475891.005   476090.009
  1420:   476307.001   477045.018   477636.003   477642.016   477692.026
  1425:   477711.005   478034.009   478040.005   478207.009   478936.001
  1430:   479674.018   479765.003   479771.016   479821.026   479874.005
  1435:   480090.009   480364.001   480483.003   481324.001   481975.003
  1440:   482079.005   482303.009   482526.001   483135.003   483226.005
  1445:   483404.009   483681.001   483917.003   484600.001   485148.003
  1450:   485528.005   485544.009   485549.005   485816.009   485843.005
  1455:   486263.009   486618.001   487356.018   488010.003   488016.016
  1460:   488066.026   488080.005   489299.009   489335.005   489341.009
  1465:   489775.001   490221.003   490341.005   490420.009   491691.001
  1470:   492326.003   492421.005   492796.009   493040.001   493778.018
  1475:   494012.003   494018.016   494068.026   494103.005   495453.009
  1480:   495750.001   496488.018   496576.003   496582.016   496632.026
  1485:   496646.005   497357.009   497888.001   498145.003   498258.005
  1490:   498634.009   498967.001   499481.003   499614.005   499742.009
  1495:   499868.005   499951.009   500172.001   500535.003   500629.005
  1500:   501096.009   501419.001   502098.003   502192.005   502250.009
  1505:   502485.001   503045.003   503052.001   503266.003   503620.005
  1510:   503755.009   504083.001   504821.018   504969.003   504975.016
  1515:   505025.026   505069.005   506389.009   507288.001   508026.018
  1520:   508037.003   508043.016   508093.026   508150.005   508397.009
  1525:   509076.001   509814.018   510004.003   510010.016   510060.026
  1530:   510062.017   510100.005   510427.009   511801.001   512290.003
  1535:   512419.005   512527.009   512734.001   513049.003   513185.005
  1540:   513711.009   513940.001   514821.003   514919.005   514949.009
  1545:   515556.001   515597.003   516978.005   516999.009   517016.005
  1550:   517072.009   517156.005   517342.009   517688.001   517835.003
  1555:   517870.001   518904.018   519495.003   519501.016   519551.026
  1560:   519595.005   520176.009   520886.005   520899.009   521175.001
  1565:   521556.003   521661.005   521775.009   521921.005   522042.009
  1570:   522260.001   523064.003   523167.005   523432.009   523803.001
  1575:   524793.003   524896.005   524958.009   525051.005   525183.009
  1580:   525464.001   525843.003   525905.001   526037.003   526322.005
  1585:   526395.009   526789.001   527731.003   527819.001   528187.003
  1590:   528708.005   528740.009   529089.001   530067.003   530181.005
  1595:   530530.009   531043.002   531351.004   533827.001   534153.003
  1600:   534525.001   534751.003   534800.001   534839.003   535387.005
  1605:   535495.009   535756.001   536111.003   536253.005   536467.009
  1610:   536691.001   536946.003   536981.001   537611.003   537778.005
  1615:   538450.009   538814.001   539582.003   539618.001   539658.003
  1620:   539785.005   540277.009   540571.001   540837.003   540868.001
  1625:   541593.003   541766.005   542344.009   542699.001   543705.003
  1630:   543729.001   543987.003   544523.005   544842.009   545093.001
  1635:   545321.003   545599.001   545806.003   545832.001   546788.003
  1640:   546908.005   546993.009   547013.005   547197.009   547533.001
  1645:   547959.003   548096.005   548459.009   548899.001   549156.003
  1650:   549216.001   549862.003   551193.001   551363.003   551604.001
  1655:   552224.003   552416.005   552590.009   555073.001   555656.003
  1660:   556257.001   556642.003   556995.001   557289.003   557362.001
  1665:   558336.003   558516.005   558724.009   558924.005   559226.009
  1670:   559678.001   560359.003   560406.001   560483.003   560608.005
  1675:   560780.009   560818.005   560904.009   561419.001   562453.018
  1680:   562657.003   562663.016   562713.026   562854.005   563410.009
  1685:   564625.001   564907.003   565056.005   565277.009   565530.001
  1690:   566564.018   567397.003   567403.016   567453.026   567522.005
  1695:   567843.009   570120.001   570373.003   570536.005   570616.009
  1700:   571012.001   571754.003   571937.005   572181.009   572645.001
  1705:   572760.003   574812.001   575640.003   575802.005   575939.009
  1710:   576191.001   577225.018   577413.003   577419.016   577469.026
  1715:   577589.005   578231.009   579957.001   580382.003   580526.005
  1720:   580628.009   581040.001   581116.003   581691.005   581724.009
  1725:   581753.005   581778.009   581787.005   581814.009   582089.001
  1730:   582617.003   582653.001   582673.003   582803.001   583398.003
  1735:   583525.005   583766.009   584132.001   584268.003   584376.001
  1740:   584474.003   587097.001   587471.003   588062.001   588405.003
  1745:   588438.001   588831.003   589217.005   589225.009   589231.005
  1750:   589500.009   590670.001   590780.003   590815.001   591310.003
  1755:   591987.001   592039.003   592974.001   593441.003   593637.005
  1760:   593755.009   594121.001   594830.003   594998.005   595092.009
  1765:   595723.005   595803.009   599040.005   599220.009   601938.002
  1770:   602158.004   602278.005   602395.009   603127.005   603266.009
  1775:   603935.001   603968.003   604110.005   604586.009   604835.001
  1780:   605189.003   605340.005   605928.009   605980.005   606197.009
  1785:   606518.001   606843.003   606986.005   607045.009   607411.001
  1790:   608444.003   608632.005   608748.009   609020.001   609110.003
  1795:   609138.001   609807.003   610438.002   610973.004   611029.005
  1800:   611329.009   611748.001   612476.003   613495.001   614496.003
  1805:   614643.005   614745.009   615203.001   616042.003   616171.005
  1810:   616679.009   616941.001   617474.003   617596.005   617613.009
  1815:   617620.005   617659.009   617769.005   617803.009   617923.005
  1820:   618032.009   618234.001   618759.003   619235.005   619459.009
  1825:   620683.001   620762.003   620861.001   621119.003   622143.005
  1830:   622171.009   623254.005   623637.009   624024.002   624481.004
  1835:   624531.005   624795.009   624910.005   625669.009   626042.002
  1840:   626673.004   626796.005   626895.009   627083.001   628117.018
  1845:   628438.003   628444.016   628494.026   628537.005   629091.009
  1850:   629102.005   629114.009   629115.005   629129.009   629404.005
  1855:   630296.009   630320.005   630755.009   631089.005   631257.009
  1860:   632727.005   632780.009   632869.005   632881.009   633869.005
  1865:   633882.009   634694.005   634846.009   635213.005   635624.009
  1870:   636124.001   636529.003   636695.005   636745.009   637216.001
  1875:   638250.018   638560.003   638566.016   638616.026   638704.005
  1880:   639086.009   640311.001   640765.003   640898.005   640995.009
  1885:   641002.005   641036.009   643664.001   644472.003   644959.001
  1890:   645785.003   646097.005   646528.009   647036.001   647615.003
  1895:   648104.005   648111.009   648404.005   649016.009   649098.005
  1900:   649242.009   649492.005   649583.009   649933.005   650061.009
  1905:   650728.001   651504.003   652281.001   653315.018   653480.003
  1910:   653486.016   653536.026   653670.001   653753.003   654482.005
  1915:   655606.009   657965.001   658444.003   658494.001   659140.003
  1920:   659365.005   659379.009   659488.005   659863.009   660107.001
  1925:   660628.003   660747.005   660991.009   661230.001   662028.003
  1930:   662991.001   663415.003   663558.001   664056.003   664177.001
  1935:   664289.003   665230.001   665424.003   665512.001   665593.003
  1940:   665616.001   666133.003   666557.001   667009.003   667037.001
  1945:   667277.003   667505.005   667892.009   668288.001   668433.003
  1950:   668809.001   669060.003   669086.001   669340.003   669400.001
  1955:   669598.003   669749.005   669779.009   669785.005   669805.009
  1960:   669867.005   669989.009   670594.001   670687.003   671103.005
  1965:   671150.009   673792.001   674613.003   675464.005   675750.009
  1970:   676050.001   676509.003   676560.001   676635.003   676809.001
  1975:   677071.003   677304.005   677384.009   677404.005   677415.009
  1980:   677472.005   677568.009   677573.005   678459.009   679458.001
  1985:   679743.003   679755.001   679921.003   680007.001   680576.003
  1990:   680926.005   681126.009   682207.001   682830.003   682853.001
  1995:   683498.003   683660.005   683987.009   684440.001   684820.003
  2000:   684862.001   685545.003   689351.005   689386.009   690706.005
  2005:   690856.009   690897.005   691080.009   691627.001   691716.003
  2010:   691802.001   692094.003   692261.005   692438.009   692796.002
  2015:   693278.004   693338.005   693589.009   694242.001   694484.003
  2020:   694663.005   694726.009   694778.005   695084.009   695689.001
  2025:   696521.003   696727.005   696819.009   696855.005   696994.009
  2030:   697281.001   697704.003   697913.005   698170.009   698496.001
  2035:   699090.003   699145.001   699629.003   699856.001   700118.003
  2040:   700491.005   700814.009   702289.001   702630.003   702721.001
  2045:   703287.003   703457.005   703532.009   703605.005   703704.009
  2050:   703978.001   704135.003   704711.005   704764.009   704850.005
  2055:   705336.009   705718.001   706084.003   706696.005   706727.009
  2060:   706731.005   708961.009   709091.005   710849.009   711800.001
  2065:   712834.018   712890.003   712896.016   712946.026   713028.005
  2070:   714296.009   714313.005   714852.009   715127.005   715542.009
  2075:   715546.005   715548.009   715853.001   716488.003   716626.005
  2080:   716778.009   716895.005   716904.009   717143.001   717452.003
  2085:   717565.005   717737.009   717788.005   717966.009   718172.001
  2090:   718759.003   718836.001   718942.003   719086.005   719163.009
  2095:   719496.001   720312.003   720834.001   720997.003   722777.001
  2100:   723452.003   724431.005   724452.009   726949.001   727673.003
  2105:   728589.001   728722.003   728759.001   728918.003   729020.001
  2110:   729631.003   731215.005   731237.009   731253.005   731625.009
  2115:   731876.001   732910.018   733037.003   733043.016   733054.001
  2120:   733093.026   733164.003   733267.005   734682.009   735553.001
  2125:   736162.003   736272.005   736563.009   736797.001   737216.003
  2130:   737315.005   737436.009   737687.001   738427.003   738984.001
  2135:   739086.003   739152.001   740186.018   740921.003   740927.016
  2140:   740977.026   741135.005   743078.009   743430.001   743997.003
  2145:   745609.005   745877.009   746176.002   746816.004   751009.002
  2150:   751048.004   751534.005   751570.009   751588.005   751757.009
  2155:   753209.001   753477.003   753785.001   753975.003   754108.001
  2160:   754166.003   754685.005   754791.009   755648.005   755663.009
  2165:   755686.005   755857.009   756131.002   756391.004   756657.005
  2170:   756774.009   757042.001   757332.003   757507.001   757886.003
  2175:   758091.001   758391.003   758530.005   758541.009   758701.005
  2180:   758873.009   759240.001   760001.003   760145.001   761078.003
  2185:   761180.005   761201.009   761638.001   761838.003   762456.005
  2190:   762492.009   762910.001   762965.003   763687.001   763818.003
  2195:   770399.005   770587.009   771231.001   771529.003   771742.005
  2200:   771925.009   773024.005   773114.009   773759.005   773771.009
  2205:   773807.005   773821.009   773826.005   773857.009   773892.005
  2210:   774044.009   774053.005   774137.009   774393.001   775064.003
  2215:   775854.001   776497.003   776611.005   776692.009   777077.001
  2220:   777829.003   778522.005   778745.009   778771.005   778958.009
  2225:   779459.002   779756.004   779841.005   780302.009   782015.002
  2230:   782189.004   783049.005   783357.009   783390.005   783491.009
  2235:   785099.005   785263.009   785288.005   785920.009   786590.005
  2240:   786625.009   786644.005   786838.009   787211.001   787585.003
  2245:   787934.005   787981.009   790050.001   790617.003   792531.001
  2250:   792760.003   792836.001   793082.003   793252.005   793519.009
  2255:   793579.005   793664.009   793844.005   794152.009   794885.001
  2260:   795243.003   796026.001   796133.003   796275.005   796530.009
  2265:   796858.001   797016.003   797076.001   797304.003   798066.005
  2270:   798105.009   798576.001   799052.003   799757.005   799785.009
  2275:   800193.001   800558.003   801086.005   801099.009   801457.002
  2280:   801630.004   802040.005   802626.009   803936.005   803987.009
  2285:   804013.005   804092.009   804703.001   805217.003   805417.005
  2290:   805606.009   808419.005   808450.009   808460.005   808472.009
  2295:   809946.001   810422.003   810673.001   810834.003   810907.001
  2300:   811265.003   811545.005   811549.009   811557.005   811862.009
  2305:   816618.001   816889.003   817399.001   818145.003   818213.001
  2310:   818606.003   818886.005   819071.009   819368.001   819872.003
  2315:   819932.001   820280.003   820478.001   820597.003   820680.001
  2320:   821066.003   821917.001   822210.003   822353.001   822643.003
  2325:   822924.005   823599.009   823914.001   824048.003   827166.001
  2330:   827400.003   827455.001   827658.003   827826.005   828813.009
  2335:   829951.005   829976.009   832162.001   832301.003   832899.005
  2340:   833002.009   834615.002   835533.004   835805.005   835817.009
  2345:   835831.005   835872.009   835903.005   836070.009   837005.002
  2350:   837242.004   837390.002   837435.004   838254.001   838697.003
  2355:   838945.005   839388.009   843181.001   843700.003   844639.001
  2360:   844678.003   844752.001   844954.003   845370.005   845504.009
  2365:   845624.005   846162.009   848423.001   848757.003   848944.005
  2370:   849313.009   849982.001   851016.018   851077.003   851083.016
  2375:   851133.026   851299.005   851767.009   852779.005   852974.009
  2380:   854874.001   855262.003   855425.005   855528.009   860354.001
  2385:   860835.003   863970.002   864133.004   864383.005   864948.009
  2390:   871965.001   872212.003   872576.001   872752.003   872793.001
  2395:   873238.003   873957.005   874265.009   879123.001   879991.003
  2400:   880205.001   880576.003   881204.005   881753.009   882615.001
  2405:   883144.003   883420.005   883483.009   883518.005   883521.009
  2410:   885050.005   885727.009   889305.005   889322.009   921762.005
  2415:   921779.009   921799.005   921843.009   922873.001   923058.003
  2420:   923264.005   923374.009   923823.001   924306.003   924689.001
  2425:   924869.003   925387.005   925411.009   925431.005   925513.009
  2430:   925741.001   926220.003   927841.005   928112.009   928549.001
  2435:   928923.003   929675.001   929966.003   930998.005   931094.009
  2440:   931338.001   931747.003   931831.001   931866.003   932904.001
  2445:   933164.003   935314.001   935456.003   935689.005   935695.009
  2450:   935727.005   935933.009   937292.001   937931.003   937978.001
  2455:   938720.003   939958.001   940368.003   940924.005   941322.009
  2460:   941400.005   941591.009   941706.005   942224.009   942531.001
  2465:   942832.003   942857.001   943641.003   943668.001   943984.003
  2470:   944167.005   944348.009   944641.001   944964.003   945645.005
  2475:   945968.009   946774.001   947433.003   948437.005   948461.009
  2480:   948477.005   949014.009   949434.001   949900.003   950938.001
  2485:   950962.003   951090.001   951211.003   951621.005   951637.009
  2490:   954912.005   954997.009   955041.005   955660.009   956136.001
  2495:   956377.003   957881.001   958414.003   958688.001   959180.003
  2500:   959461.005   959694.009   960164.001   960400.003   962385.001
  2505:   962511.003   962692.005   962772.009   963586.001   963660.003
  2510:   964245.005   964302.009   964303.005   964333.009   965218.001
  2515:   965363.003   966100.001   966199.003   966285.001   967058.003
  2520:   967686.001   968265.003   968319.001   968618.003   968832.001
  2525:   969481.003   970245.005   970264.009   970280.005   970305.009
  2530:   970361.005   974315.009   974355.005   974751.009   979457.005
  2535:   979491.009   979558.005   980028.009   980742.001   980886.003
  2540:   981127.001   981399.003   981865.005   981910.009   981929.005
  2545:   981962.009   982642.001   983676.018   983753.003   983759.016
  2550:   983797.001   983809.026   983979.003   984115.005   984971.009
  2555:   984988.005   984998.009   985012.005   985273.009   985812.005
  2560:   986927.009   988212.001   988396.003   988837.001   988871.003
  2565:   991377.001   991474.003   991573.001   991901.003   991982.001
  2570:   992198.003   992390.001   992518.003   992587.001   993101.003
  2575:   993144.001   993315.003   993699.005   993864.009   993924.005
  2580:   994754.009   995482.001   995499.003   995623.005   995979.009
  2585:   996570.001   997103.003   997219.005   997394.009   997711.001
  2590:   998745.018   998780.003   998786.016   998836.026   998956.005
  2595:   999282.009  1000294.001  1000451.003  1000483.001  1001033.003
  2600:  1001286.005  1001490.009  1002097.001  1002631.003  1002909.005
  2605:  1003110.009  1003498.001  1003864.003  1004660.005  1004959.009
  2610:  1005360.001  1006394.018  1006733.003  1006739.016  1006789.026
  2615:  1006861.005  1007382.009  1007562.005  1007695.009  1008235.001
  2620:  1008725.003  1009389.001  1009522.003  1009894.005  1010072.009
  2625:  1010704.001  1010803.003  1011898.005  1012273.009  1012543.001
  2630:  1012728.003  1012927.005  1013193.009  1013508.001  1014171.003
  2635:  1014288.005  1014297.009  1014710.001  1015097.003  1015645.005
  2640:  1015795.009  1015837.005  1015842.009  1016113.001  1016894.003
  2645:  1017322.001  1017390.003  1017565.001  1017588.003  1017640.001
  2650:  1017768.003  1018159.005  1018176.009  1018364.005  1018720.009
  2655:  1019026.001  1019457.003  1020025.001  1020284.003  1020896.001
  2660:  1020922.003  1020979.001  1021249.003  1021431.005  1021559.009
  2665:  1021970.001  1022526.003  1022558.001  1022708.003  1023741.001
  2670:  1023769.003  1023828.001  1024052.003  1024087.001  1024321.003
  2675:  1024368.001  1024691.003  1025068.005  1025244.009  1025945.001
  2680:  1025982.003  1026027.001  1026873.003  1027909.001  1028671.003
  2685:  1028870.001  1029636.003  1029654.001  1030173.003  1030287.005
  2690:  1030503.009  1030525.005  1030533.009  1030713.005  1030727.009
  2695:  1030748.005  1031070.009  1031465.001  1032282.003  1032319.001
  2700:  1032859.003  1033466.001  1034251.003  1034412.005  1034508.009
  2705:  1034768.001  1035338.003  1035533.005  1035833.009  1036100.001
  2710:  1036316.003  1036829.005  1036852.009  1037229.001  1037363.003
  2715:  1037863.001  1038341.003  1038464.001  1039404.003  1039424.001
  2720:  1040043.003  1040145.005  1040402.009  1040715.001  1040890.003
  2725:  1041423.001  1042227.003  1042741.001  1042931.003  1043487.005
  2730:  1043674.009  1044323.001  1044471.003  1045627.001  1045872.003
  2735:  1048365.005  1048369.009  1048382.005  1048474.009  1048490.005
  2740:  1048500.009  1050814.002  1050992.004  1051109.005  1051559.009
  2745:  1052123.001  1052417.003  1052562.005  1052847.009  1053649.001
  2750:  1054348.003  1054482.005  1054771.009  1055032.001  1056066.018
  2755:  1056343.003  1056349.016  1056399.026  1056461.005  1056909.009
  2760:  1057423.001  1058277.003  1058380.005  1058463.009  1058717.001
  2765:  1059101.003  1059133.001  1059211.003  1059443.005  1059498.009
  2770:  1059643.005  1059658.009  1060178.001  1060299.003  1060339.001
  2775:  1061110.003  1061794.005  1061835.009  1063794.001  1064107.003
  2780:  1064458.001  1064839.003  1064887.001  1064997.003  1065179.005
  2785:  1065205.009  1065228.005  1065277.009  1065513.001  1065932.003
  2790:  1065993.001  1066159.003  1066646.001  1067403.003  1067666.005
  2795:  1067794.009  1068323.002  1068704.004  1069873.002  1069907.004
  2800:  1070001.002  1070026.004  1072993.002  1073035.004  1073514.002
  2805:  1073621.004  1074175.005  1074212.009  1074551.001  1075083.003
  2810:  1075240.005  1075411.009  1076000.001  1076558.003  1076614.005
  2815:  1076789.009  1077573.001  1078125.003  1078222.005  1078383.009
  2820:  1078923.001  1079188.003  1079599.005  1079644.009  1080076.001
  2825:  1080680.003  1080827.005  1080860.009  1081988.001  1082434.003
  2830:  1083634.001  1084030.003  1088719.001  1089230.003  1089462.005
  2835:  1089562.009  1089827.001  1090407.003  1090672.005  1090908.009
  2840:  1091232.001  1091767.003  1091905.001  1092148.003  1092260.001
  2845:  1092334.003  1092363.001  1092635.003  1092956.005  1093036.009
  2850:  1093326.001  1093982.003  1094111.005  1094244.009  1094518.001
  2855:  1094605.003  1094624.001  1094856.003  1095365.005  1095460.009
  2860:  1095586.005  1095987.009  1096571.001  1096957.003  1100937.005
  2865:  1101021.009  1101898.001  1102191.003  1102218.001  1102323.003
  2870:  1102352.001  1102367.003  1107357.005  1107617.009  1108616.001
  2875:  1108654.003  1108784.005  1108956.009  1108974.005  1108986.009
  2880:  1109816.001  1109872.003  1109894.001  1110207.003  1110403.005
  2885:  1110440.009  1110988.005  1111091.009  1112089.002  1112485.004
  2890:  1112568.005  1112800.009  1113519.005  1113570.009  1113627.005
  2895:  1113822.009  1114640.001  1115106.003  1115302.005  1115428.009
  2900:  1116886.001  1117920.018  1118072.003  1118078.016  1118128.026
  2905:  1118170.005  1120081.009  1120428.001  1120833.003  1120927.005
  2910:  1121129.009  1122622.001  1122926.003  1123381.001  1123849.003
  2915:  1124243.005  1124248.009  1124982.001  1125184.003  1125454.001
  2920:  1126111.003  1126507.005  1126545.009  1126564.005  1126599.009
  2925:  1126912.001  1127946.018  1127960.003  1127966.016  1128016.026
  2930:  1128112.005  1128635.009  1129217.005  1129259.009  1131070.001
  2935:  1131249.003  1131934.001  1132281.003  1132780.005  1132834.009
  2940:  1134584.005  1134620.009  1134635.005  1134648.009  1135419.001
  2945:  1135977.003  1136100.005  1136149.009  1136422.001  1137053.003
  2950:  1137784.001  1138069.003  1139142.001  1140176.018  1140294.003
  2955:  1140300.016  1140350.026  1140410.005  1140968.009  1143083.001
  2960:  1143323.003  1143611.005  1143641.009  1144038.001  1144595.003
  2965:  1144935.005  1146612.009  1146625.005  1146628.009  1147045.001
  2970:  1147219.003  1147713.001  1148310.003  1148896.001  1149077.003
  2975:  1149653.005  1149700.009  1149763.005  1151471.009  1151637.005
  2980:  1151667.009  1151781.005  1152052.009  1152872.001  1153180.003
  2985:  1153456.005  1153548.009  1153833.001  1154234.003  1154515.005
  2990:  1154550.009  1155072.001  1155892.003  1155945.005  1156080.009
  2995:  1156395.001  1157154.003  1157607.001  1158607.003  1159133.001
  3000:  1159166.003  1159219.001  1159337.003  1159907.005  1159980.009
  3005:  1160270.001  1160390.003  1160434.001  1160889.003  1161146.001
  3010:  1161321.003  1161373.001  1161583.003  1162268.001  1162623.003
  3015:  1163776.005  1164089.009  1166190.005  1166312.009  1167618.005
  3020:  1167701.009  1168142.001  1168888.003  1168998.005  1169238.009
  3025:  1169527.001  1170025.003  1170110.005  1170245.009  1170473.005
  3030:  1170652.009  1170897.001  1171662.003  1171742.005  1171828.009
  3035:  1171931.005  1172280.009  1172517.001  1173098.003  1173111.001
  3040:  1173146.003  1173476.005  1173567.009  1173640.005  1173700.009
  3045:  1173704.005  1173772.009  1174327.001  1174792.003  1174832.001
  3050:  1175356.003  1175497.005  1175509.009  1175523.005  1175843.009
  3055:  1176066.001  1176474.003  1176816.005  1176847.009  1176861.005
  3060:  1177066.009  1177364.001  1177786.003  1178276.001  1178494.003
  3065:  1178674.001  1179077.003  1179292.005  1179321.009  1179781.001
  3070:  1180149.003  1180294.005  1180530.009  1181091.001  1181138.003
  3075:  1181373.001  1181793.003  1181935.005  1182076.009  1182404.001
  3080:  1182439.003  1182460.001  1183224.003  1183432.001  1183498.003
  3085:  1183994.001  1184021.003  1184110.001  1184277.003  1184447.005
  3090:  1185372.009  1185989.001  1186218.003  1186415.005  1186453.009
  3095:  1187074.001  1187165.003  1187338.005  1187498.009  1190609.005
  3100:  1190912.009  1192863.001  1193242.003  1193422.001  1194195.003
  3105:  1194525.001  1194742.003  1195337.005  1195539.009  1196456.001
  3110:  1197386.003  1197555.005  1197565.009  1197578.005  1197600.009
  3115:  1197805.001  1198275.003  1198881.001  1199085.003  1199167.001
  3120:  1200147.003  1200247.005  1201948.009  1202231.001  1202767.003
  3125:  1202966.005  1203056.009  1203554.005  1203619.009  1204684.001
  3130:  1204916.003  1205039.001  1205606.003  1205684.005  1206634.009
  3135:  1207412.005  1207640.009  1207866.001  1208077.003  1208226.005
  3140:  1208988.009  1209125.005  1209152.009  1209306.005  1210358.009
  3145:  1211252.001  1211997.003  1212133.005  1212248.009  1212563.001
  3150:  1213430.003  1213491.001  1214137.003  1214331.005  1214362.009
  3155:  1214641.001  1214798.003  1214837.001  1215327.003  1215683.005
  3160:  1215751.009  1215885.005  1216022.009  1217080.001  1218114.018
  3165:  1218413.003  1218419.016  1218469.026  1218517.005  1219160.009
  3170:  1221172.001  1221456.003  1221605.005  1221753.009  1224886.002
  3175:  1225128.004  1225826.005  1225882.009  1225989.005  1226006.009
  3180:  1226009.005  1226100.009  1226578.005  1226597.009  1227381.001
  3185:  1227921.003  1228128.005  1228193.009  1228204.005  1228494.009
  3190:  1230011.005  1230039.009  1230653.002  1230886.004  1231074.002
  3195:  1231114.004  1233248.001  1233550.003  1233913.001  1234025.003
  3200:  1234853.001  1234879.003  1235186.005  1235276.009  1235786.001
  3205:  1236056.003  1236247.001  1236529.003  1236603.001  1236918.003
  3210:  1237339.001  1237512.003  1238076.001  1238557.003  1239321.005
  3215:  1239515.009  1242190.001  1242326.003  1242594.001  1242668.003
  3220:  1243054.005  1243070.009  1243390.001  1243900.003  1245351.001
  3225:  1245388.003  1245624.001  1245912.003  1246451.001  1246741.003
  3230:  1247011.001  1247110.003  1248714.001  1248768.003  1248945.001
  3235:  1249299.003  1249458.005  1249608.009  1255071.001  1255146.003
  3240:  1255385.005  1255494.009  1262693.002  1262714.004  1262861.005
  3245:  1262947.009  1263730.001  1263774.003  1263959.005  1264376.009
  3250:  1266045.001  1266856.003  1267204.001  1267431.003  1267710.005
  3255:  1267722.009  1267731.005  1267967.009  1269735.001  1269792.003
  3260:  1269987.005  1270058.009  1294288.001  1294477.003  1294789.005
  3265:  1294922.009  1295003.005  1295067.009  1296242.001  1296784.003
  3270:  1298406.001  1299440.018  1300016.003  1300022.016  1300072.026
  3275:  1300080.001  1300175.003  1300227.005  1300938.009  1305424.001
  3280:  1305647.003  1306043.005  1306205.009  1306441.005  1306460.009
  3285:  1306863.001  1307297.003  1307916.001  1308006.003  1308045.001
  3290:  1308720.003  1310935.001  1311294.003  1311374.001  1311392.003
  3295:  1311512.005  1311773.009  1311819.005  1311869.009  1312475.001
  3300:  1312535.003  1312566.001  1312935.003  1313099.001  1313342.003
  3305:  1313802.001  1314389.003  1314687.005  1314946.009  1317922.005
  3310:  1317964.009  1317971.005  1318015.009  1318029.005  1318063.009
  3315:  1318147.005  1318185.009  1319156.001  1320070.003  1321625.001
  3320:  1322253.003  1322310.001  1322726.003  1324615.001  1325069.003
  3325:  1325162.005  1325436.009  1326800.001  1327070.003  1327292.005
  3330:  1327636.009  1327798.005  1328019.009  1329892.001  1330356.003
  3335:  1330503.001  1330815.003  1332033.001  1332328.003  1332577.001
  3340:  1332869.003  1333129.005  1333272.009  1333556.001  1334373.003
  3345:  1334567.005  1335524.009  1335786.001  1336692.003  1337483.001
  3350:  1337626.003  1340133.005  1340258.009  1340475.005  1340504.009
  3355:  1346055.005  1346063.009  1346114.005  1346131.009  1346567.001
  3360:  1347601.018  1347966.003  1347972.016  1348022.026  1348066.005
  3365:  1350065.009  1350067.005  1352132.009  1352142.005  1352304.009
  3370:  1354189.005  1354264.009  1354331.005  1354355.009  1355028.001
  3375:  1355418.003  1355941.005  1356052.009  1356546.001  1356910.003
  3380:  1357102.005  1357238.009  1357786.001  1358350.003  1358730.005
  3385:  1358759.009  1358961.005  1363089.009  1363194.005  1363222.009
  3390:  1363232.005  1363262.009  1363279.005  1364693.009  1364696.005
  3395:  1364724.009  1364768.005  1364782.009  1364811.005  1364930.009
  3400:  1364975.005  1365044.009  1365071.005  1365242.009  1365338.005
  3405:  1365370.009  1365385.005  1365488.009  1365549.005  1365602.009
  3410:  1365614.005  1365620.009  1365633.005  1365697.009  1366081.005
  3415:  1366094.009  1366217.005  1366285.009  1366334.005  1366360.009
  3420:  1366608.005  1367245.009  1367612.005  1368469.009  1368495.005
  3425:  1368862.009  1368866.005  1369408.009  1369457.005  1369468.009
  3430:  1369506.005  1369516.009  1369536.005  1369541.009  1369544.005
  3435:  1369571.009  1369617.005  1369620.009  1369735.005  1369765.009
  3440:  1369767.005  1369774.009  1369848.005  1369855.009  1369867.005
  3445:  1369888.009  1369899.005  1369950.009  1370004.005  1370999.009
  3450:  1371019.005  1371129.009  1371527.005  1371967.009  1371982.005
  3455:  1371995.009  1372062.005  1372222.009  1372232.005  1372253.009
  3460:  1372364.005  1373086.009  1374825.005  1375484.009  1375662.005
  3465:  1375757.009  1375798.005  1375962.009  1375969.005  1375983.009
  3470:  1376029.005  1377408.009  1377451.005  1377467.009  1377587.005
  3475:  1377614.009  1377884.005  1377902.009  1377985.005  1379639.009
  3480:  1380153.001  1380716.003  1380863.005  1383365.009  1383391.005
  3485:  1384055.009  1384203.005  1384309.009  1384316.005  1384352.009
  3490:  1384552.005  1384568.009  1384576.005  1384874.009  1384934.005
  3495:  1385151.009  1385195.005  1385891.009  1385927.005  1385928.009
  3500:  1385932.005  1386250.009  1386253.005  1386267.009  1386269.005
  3505:  1386687.009  1386963.001  1387403.003  1387556.005  1387686.009
  3510:  1387688.005  1390751.009  1390821.005  1390836.009  1390918.005
  3515:  1391385.009  1391389.005  1391404.009  1391523.005  1392113.009
  3520:  1392393.001  1392839.003  1393002.005  1393015.009  1393732.005
  3525:  1393888.009  1393947.005  1394037.009  1395801.002  1395990.004
  3530:  1396270.005  1396731.009  1397553.001  1397964.003  1398062.005
  3535:  1398573.009  1398608.005  1403275.009  1403932.001  1404326.003
  3540:  1405038.001  1405427.003  1405807.001  1405903.003  1405985.001
  3545:  1406335.003  1406741.005  1406966.009  1407300.005  1407691.009
  3550:  1408481.001  1409009.003  1409088.005  1409149.009  1410196.001
  3555:  1410738.003  1410879.005  1411281.009  1411332.005  1413548.009
  3560:  1413556.005  1414625.009  1414723.005  1414739.009  1414755.005
  3565:  1414789.009  1414829.005  1414841.009  1414849.005  1415083.009
  3570:  1415264.005  1417192.009  1417622.001  1417789.003  1418046.005
  3575:  1418180.009  1424003.005  1424025.009  1424038.005  1424047.009
  3580:  1424131.005  1424194.009  1424261.005  1424278.009  1424341.005
  3585:  1424504.009  1425094.001  1425252.003  1425792.001  1426247.003
  3590:  1426342.005  1426704.009  1426838.005  1426846.009  1426857.005
  3595:  1427861.009  1427898.005  1427914.009  1428028.005  1428032.009
  3600:  1428034.005  1428046.009  1428220.005  1428228.009  1428359.005
  3605:  1428378.009  1428416.005  1428453.009  1428544.005  1428682.009
  3610:  1428975.005  1429115.009  1429396.001  1429930.003  1430299.005
  3615:  1430461.009  1444751.005  1444774.009  1444783.005  1445203.009
  3620:  1445210.005  1445438.009  1445564.005  1445774.009  1447717.005
  3625:  1447720.009  1449895.001  1450543.003  1450697.005  1450721.009
  3630:  1450722.005  1450738.009  1451080.001  1451768.003  1451916.005
  3635:  1453140.009  1453436.005  1453460.009  1453812.005  1454490.009
  3640:  1454560.005  1454684.009  1454687.005  1454751.009  1454772.005
  3645:  1454798.009  1454872.005  1455148.009  1455189.005  1455595.009
  3650:  1455596.005  1455601.009  1455615.005  1456514.009  1456537.005
  3655:  1456540.009  1456548.005  1456733.009  1456754.005  1456771.009
  3660:  1456810.005  1458508.009  1458789.005  1458801.009  1458849.005
  3665:  1458979.009  1461985.001  1462781.003  1462918.005  1462984.009
  3670:  1463322.001  1463400.003  1463434.001  1464164.003  1465187.005
  3675:  1465199.009  1465529.005  1465629.009  1465848.005  1465854.009
  3680:  1465889.005  1469359.009  1469446.005  1469484.009  1469490.005
  3685:  1471530.009  1472063.005  1472173.009  1472206.005  1472218.009
  3690:  1472321.005  1472865.009  1473008.005  1473427.009  1473714.005
  3695:  1473766.009  1474503.001  1474664.003  1476447.001  1476688.003
  3700:  1477979.001  1478737.003  1478769.001  1478880.003  1479899.001
  3705:  1480692.003  1480807.005  1480889.009  1482544.005  1482915.009
  3710:  1483403.001  1483762.003  1486689.001  1486857.003  1488168.005
  3715:  1488191.009
B:
     0:        0.000      800.000       42.000      800.000       42.000
     5:      843.000        0.000        0.000        0.000      843.000
    10:        0.000        1.000        0.000        0.000        0.000
    15:        0.000      112.000        9.000      112.000        0.000
    20:        0.000        0.000        0.000        0.000        0.000
    25:        0.000      112.000        0.000        0.000        0.000
    30:        0.000
D:
     0:  4393379.000  4393212.000  4393380.000
E:
     0:       50.000     1033.052
T:
     0:        0.000        0.000        0.000        0.000
W:
     0:        0.000        0.000        0.000
