File: C:\MED-PC IV\Data\ALFE\AU022.999


Start Date: 02/02/24
End Date: 02/02/24
Subject: 22
Experiment: AU
Group: EXP40
Box: 2
Start Time: 14:14:29
End Time: 15:04:29
MSN: DRRD_general_exp
C:       0.000
F:       0.000
G:       0.000
H:       0.000
I:       0.000
J:       0.000
K:      57.000
L:       0.000
M:       0.000
N:       0.000
O:       0.000
P:       0.000
Q:       0.000
R:       0.000
S:       0.000
U: 2559036.000
V:       0.000
X:       0.000
Y:    1303.000
Z:       0.000
A:
     0:    15000.011    15373.001    15649.003    16364.001    19214.018
     5:    19541.003    19547.016    19597.026    19633.005    20346.009
    10:    24037.001    24687.003    24744.005    25230.009    25310.005
    15:    25313.009    25328.005    25365.009    25639.001    26210.003
    20:    26280.005    26347.009    26634.001    27857.003    28329.001
    25:    29738.003    29836.001    31982.003    32575.001    33298.003
    30:    33305.001    35496.003    35531.001    35689.003    36196.001
    35:    36335.003    36369.001    38231.003    38275.001    39101.003
    40:    39882.001    42194.003    42230.001    42298.003    43254.001
    45:    43291.003    43327.001    43443.003    43897.001    46324.003
    50:    46378.001    46495.003    47292.001    50142.018    50459.003
    55:    50465.016    50515.026    50644.005    51151.009    51163.005
    60:    51187.009    54571.001    56732.003    57439.001    60119.003
    65:    60961.001    61831.003    61842.001    63394.003    64068.001
    70:    64487.003    64502.001    65518.003    65588.001    66532.003
    75:    67682.001    70192.003    71059.001    72682.003    73460.001
    80:    75765.003    76613.005    76743.009    77085.001    78017.003
    85:    78091.001    79916.003    80975.001    82665.003    82764.005
    90:    82999.009    83002.005    83007.009    83012.005    83045.009
    95:    83048.005    83055.009    83542.001    83738.003    83808.001
   100:    83851.003    83911.001    86515.003    88075.001    89512.003
   105:    90832.001    92568.003    92586.001    93905.003    93937.001
   110:    94539.003    95371.001    98221.018    98421.003    98427.016
   115:    98477.026    98567.005    98959.009    98965.005    98986.009
   120:    98989.005    99029.009   102807.001   105562.003   105608.001
   125:   105774.003   106590.001   108964.003   109652.001   109789.003
   130:   110093.001   111359.003   111396.001   111671.003   111723.001
   135:   112197.003   113372.001   115626.003   118449.005   118456.009
   140:   119139.001   121936.003   122793.001   125643.018   125662.003
   145:   125668.016   125718.026   125826.005   126394.009   126419.005
   150:   126426.009   128318.001   128560.003   128592.001   130807.003
   155:   132613.001   135226.003   136066.001   137953.003   138011.001
   160:   138327.003   138369.001   138691.003   139183.005   139349.009
   165:   139780.001   140861.003   140919.001   142321.003   143363.001
   170:   143945.003   143954.001   146064.003   146544.001   146708.003
   175:   146749.001   148648.003   149413.001   152090.003   152182.005
   180:   152843.009   153579.001   154269.003   154304.001   156616.003
   185:   158015.001   158698.003   159352.001   161603.003   161621.001
   190:   162009.003   164988.005   165042.009   165501.001   166240.003
   195:   166267.001   166395.003   166401.001   167965.003   168917.001
   200:   171366.003   171380.001   172087.003   172537.005   172583.009
   205:   172585.005   172597.009   175027.001   175696.003   175714.001
   210:   176905.003   176950.001   177729.003   178554.001   181248.003
   215:   183422.001   183520.003   183531.001   184472.003   184772.005
   220:   184781.009   185196.001   188046.018   188264.003   188270.016
   225:   188320.026   188413.005   188701.009   188823.005   188975.009
   230:   189013.005   189028.009   189089.005   189127.009   191311.001
   235:   191446.003   191521.001   191945.003   191981.001   192060.003
   240:   192951.001   195328.003   195382.001   195539.003   196423.001
   245:   198609.003   198654.001   198804.003   199893.001   200101.003
   250:   200131.001   200287.003   200372.001   202123.003   202166.001
   255:   202617.003   203441.001   203494.003   203615.001   203872.003
   260:   203881.001   205101.003   205211.001   205287.003   205345.001
   265:   205576.003   205629.001   206147.003   207117.001   207174.003
   270:   207273.001   209683.003   210643.001   210874.003   211236.001
   275:   212083.003   212775.005   212837.009   214536.001   216691.003
   280:   217599.001   217987.003   218003.001   220372.003   221099.001
   285:   222342.003   222394.001   222547.003   222969.005   223095.009
   290:   226669.001   226734.003   226824.001   227592.003   227615.001
   295:   229958.003   230694.001   230778.003   230803.001   233187.003
   300:   233963.001   236084.003   236809.001   236898.003   236933.001
   305:   238368.003   238390.001   239179.003   239508.005   239595.009
   310:   240158.001   240187.003   240240.001   241783.003   241842.001
   315:   241864.003   244494.001   244843.003   244897.001   245677.003
   320:   245720.001   246919.003   247316.005   247375.009   247843.005
   325:   248085.009   248503.001   251248.003   251289.001   251549.003
   330:   252516.001   255366.018   256252.003   256258.016   256308.026
   335:   256402.005   257186.009   257191.005   257196.009   257202.005
   340:   257246.009   259533.001   260570.003   260592.001   261212.003
   345:   265577.001   265688.003   265820.001   268670.018   269197.003
   350:   269203.016   269253.026   269381.005   270115.009   275319.001
   355:   275571.003   275599.001   278449.018   278973.003   278979.016
   360:   279029.026   279140.005   279738.009   279751.005   279756.009
   365:   279763.005   279802.009   283465.001   283560.003   283596.001
   370:   286446.018   286811.003   286817.016   286867.026   287014.005
   375:   287355.009   287362.005   287814.009   287819.005   287831.009
   380:   292927.005   292936.009   292946.005   293044.009   293465.001
   385:   293556.003   293585.001   295931.003   296752.001   299602.018
   390:   300465.003   300471.016   300521.026   300594.005   301059.009
   395:   302386.001   304214.003   305486.001   305541.003   305580.001
   400:   307319.003   310925.001   313562.003   314141.005   314156.009
   405:   314350.001   314414.003   314452.001   314473.003   314509.001
   410:   316643.003   317372.001   318636.003   319174.001   319261.003
   415:   319366.005   319387.009   319390.005   319421.009   319653.001
   420:   319894.003   320247.001   320428.003   321055.001   321096.003
   425:   321212.001   322983.003   323039.001   323323.003   324564.001
   430:   327414.018   327503.003   327509.016   327559.026   327608.005
   435:   328294.009   328349.005   328355.009   329029.005   329048.009
   440:   329049.005   330307.009   331053.001   331157.003   331178.001
   445:   333544.003   334169.001   335730.003   336324.001   339174.018
   450:   339188.003   339194.016   339244.026   339375.005   339829.009
   455:   339835.005   340107.009   341303.001   341934.003   341968.001
   460:   344026.003   344075.001   344253.003   344945.001   347771.003
   465:   348510.001   349146.003   349178.001   351387.003   352229.001
   470:   352262.003   352278.001   352315.003   352358.001   353766.003
   475:   353779.001   355638.003   357622.001   360472.018   360518.003
   480:   360524.016   360574.026   360637.005   361093.009   361147.005
   485:   361150.009   361153.005   361159.009   361169.005   361175.009
   490:   363649.001   364339.003   364368.001   366601.003   367351.001
   495:   370201.018   370435.003   370441.016   370491.026   370643.005
   500:   371221.009   373043.001   373196.003   373384.005   373401.009
   505:   374236.001   375202.003   375276.001   376661.003   376684.001
   510:   377389.003   378255.001   379490.003   379608.001   379682.003
   515:   379769.001   381700.003   382445.001   385115.003   386064.001
   520:   388551.003   389351.001   389433.003   389508.001   391863.003
   525:   391966.001   392446.003   395222.005   395254.009   395259.005
   530:   395263.009   395271.005   395289.009   395299.005   395306.009
   535:   395337.005   395341.009   395627.001   395698.003   395738.001
   540:   398588.018   398795.003   398801.016   398851.026   398974.005
   545:   399416.009   399417.005   399441.009   399452.005   399519.009
   550:   399569.005   399607.009   401557.001   403760.003   404604.001
   555:   404661.003   404688.001   405406.003   405422.001   406482.003
   560:   406509.001   407871.003   408898.001   411748.018   412458.003
   565:   412464.016   412514.026   412707.005   413287.009   413298.005
   570:   413308.009   416043.001   418893.018   418997.003   419003.016
   575:   419053.026   419205.005   420126.009   420829.005   422247.009
   580:   423388.001   426238.018   426970.003   426976.016   427026.026
   585:   427028.017   427132.005   427779.009   427830.005   427841.009
   590:   429079.001   429571.003   429600.001   432332.003   433252.001
   595:   435345.003   435884.001   438927.003   439891.001   442471.003
   600:   443313.001   445417.003   445453.001   446026.003   447066.001
   605:   449499.003   450765.001   452821.003   453612.001   456642.003
   610:   457337.005   457420.009   457438.005   457477.009   457890.001
   615:   460246.003   461037.001   464054.003   464107.001   464320.003
   620:   465600.001   466612.003   466633.001   467513.003   470516.001
   625:   474079.003   475020.001   475155.003   475194.001   477457.003
   630:   478673.001   478782.003   478826.001   479119.003   479148.001
   635:   482130.003   484896.005   484907.009   484985.005   485056.009
   640:   485076.005   485098.009   485706.001   488262.003   491296.001
   645:   494261.003   495102.001   498435.003   499169.001   501808.003
   650:   502780.001   504052.003   505388.001   505910.003   505930.001
   655:   506685.003   507936.001   508073.003   508270.001   508613.003
   660:   509077.001   512085.003   513130.001   513182.003   513241.001
   665:   516157.003   518666.001   519038.003   519410.005   519534.009
   670:   522523.005   522578.009   522579.005   522587.009   522588.005
   675:   522594.009   522602.005   522611.009   522617.005   522744.009
   680:   524229.005   524695.009   524700.005   524742.009   525190.001
   685:   527990.003   528680.001   530748.003   530762.001   531676.003
   690:   534382.001   537338.003   537939.001   538120.003   538175.001
   695:   538414.003   538430.001   540705.003   543926.001   546876.003
   700:   549281.001   552563.003   553186.001   553243.003   553276.001
   705:   554603.003   554808.001   555553.003   556171.001   557310.003
   710:   557368.001   559310.003   560569.001   560930.003   560966.001
   715:   561988.003   562012.001   562076.003   562165.001   563683.003
   720:   564346.001   564531.003   564568.001   565324.003   565945.001
   725:   567824.003   568394.005   568630.009   569110.001   569271.003
   730:   569489.001   570519.003   570538.001   571238.003   571271.001
   735:   572934.003   577584.005   577607.009   577885.005   577892.009
   740:   577900.005   577936.009   577978.005   578142.009   579141.001
   745:   579806.003   579934.001   580239.003   580424.001   580543.003
   750:   580583.001   583037.003   583900.001   584040.003   589256.002
   755:   589649.004   589716.002   589831.004   589902.002   591747.004
   760:   593359.005   593479.009   593855.005   593876.009   594116.002
   765:   594410.004   594532.005   594601.009   595195.001   598244.003
   770:   599040.001   599886.003   599968.001   602589.003   603591.001
   775:   604571.003   608789.001   611855.003   613886.001   614659.003
   780:   614752.001   615311.003   616000.001   619116.003   619158.001
   785:   619402.003   621416.001   621783.003   621830.001   621951.003
   790:   622168.005   622211.009   622784.005   623629.009   637828.001
   795:   640508.003   641316.001   641441.003   641495.001   645485.018
   800:   645512.003   645518.016   645568.026   645733.005   646288.009
   805:   649916.001   650502.003   650509.001   653055.003   655730.001
   810:   658361.003   659840.001   660183.003   660793.001   660862.003
   815:   660902.001   664683.003   665946.001   666445.003   666474.001
   820:   667346.003   667679.005   667761.009   667763.005   667770.009
   825:   670014.005   670083.009   670280.005   670689.009   670700.005
   830:   670824.009   673275.005   673542.009   674497.001   677164.003
   835:   678349.001   680748.003   683891.001   686952.003   690982.005
   840:   690988.009   690989.005   691236.009   691856.001   694834.003
   845:   696970.001   698226.003   698288.001   700536.003   701201.005
   850:   701317.009   701817.001   705292.003   707008.001   710203.003
   855:   716558.005   716603.009   716631.005   716637.009   716643.005
   860:   716649.009   717937.001   721033.003   721579.005   721606.009
   865:   722303.001   724961.003   733172.001   736412.003   737241.001
   870:   737869.003   737898.001   741154.003   743975.001   745405.003
   875:   746229.001   748658.003   755467.001   758616.003   759539.001
   880:   759678.003   759711.001   763144.003   764292.001   765313.003
   885:   765378.001   765545.003   765945.005   766004.009   766134.005
   890:   766695.009   767489.001   767524.003   767572.001   770020.003
   895:   770882.001   771372.003   771402.001   771440.003   771472.001
   900:   772148.003   772948.001   773727.003   773877.005   773972.009
   905:   774844.001   775269.003   775334.001   775538.003   776236.001
   910:   777222.003   777238.001   778040.003   778282.005   778400.009
   915:   784370.005   784927.009   787343.001   787789.003   788199.001
   920:   790753.003   791547.001   794234.003   796038.001   796156.003
   925:   796262.005   796453.009   798832.002   801536.004   801611.005
   930:   801625.009   801646.005   801681.009   801682.005   801722.009
   935:   801874.005   801894.009   801900.005   801949.009   804913.002
   940:   805813.004   805949.002   806439.004   810227.002   810303.004
   945:   810543.005   810831.009   811429.001   813853.003   818701.001
   950:   821363.003   825486.005   825643.009   825997.001   826329.003
   955:   826343.001   826454.003   826469.001   827242.003   832180.001
   960:   832732.005   832773.003   833192.009   834388.001   834777.003
   965:   842924.001   846001.003   851583.005   851609.009   851627.005
   970:   851657.009   851677.005   851744.009   852919.005   853314.009
   975:   853734.001   856691.003   865765.005   865905.009   865917.005
   980:   866339.009   866663.001   869538.003   873451.005   873715.009
   985:   875017.001   878244.003   880891.005   880898.009   880909.005
   990:   881198.009   882164.001   885532.003   887479.005   889892.009
   995:   889959.005   890506.009   890524.005   891584.009   893951.005
  1000:   894088.009   894110.005   894136.009   909425.001   912992.003
  1005:   917556.005   917605.009   918191.001   921888.003   923060.001
  1010:   926635.003   936021.001   939503.003   943962.001   946900.003
  1015:   958094.001   960987.003   968840.005   969112.009   973336.005
  1020:   973701.009   974868.005   975014.009   975579.001   978097.003
  1025:   979061.001   981313.003   981338.001   981677.003   986864.005
  1030:   986978.009   999623.001  1002481.003  1004234.005  1004274.009
  1035:  1004285.005  1004367.009  1005485.001  1008174.003  1009411.005
  1040:  1009730.009  1010125.001  1012745.003  1033647.001  1036849.003
  1045:  1038407.001  1038495.003  1053921.001  1053958.003  1055542.001
  1050:  1058745.003  1060741.001  1063611.003  1065135.001  1067466.003
  1055:  1068160.005  1068189.009  1072173.005  1072685.009  1072689.005
  1060:  1072696.009  1072700.005  1072704.009  1072771.005  1072824.009
  1065:  1072830.005  1073800.009  1073805.005  1073815.009  1073967.005
  1070:  1074337.009  1074346.005  1074948.009  1074986.005  1075009.009
  1075:  1075010.005  1075019.009  1075034.005  1075097.009  1078110.002
  1080:  1079529.004  1079547.002  1080536.004  1080582.005  1081314.009
  1085:  1082582.001  1083661.003  1083846.005  1084173.009  1086421.005
  1090:  1086558.009  1091975.001  1095405.003  1096079.005  1096255.009
  1095:  1096820.001  1098738.003  1099739.005  1100090.009  1100507.001
  1100:  1101212.003  1101339.005  1101467.009  1105538.005  1105752.009
  1105:  1105794.005  1105959.009  1105985.005  1105989.009  1105991.005
  1110:  1105997.009  1107483.001  1110569.003  1111517.001  1113437.003
  1115:  1114585.001  1114698.003  1114853.001  1114903.003  1115162.001
  1120:  1115468.003  1116859.001  1119820.003  1138381.005  1138578.009
  1125:  1149658.001  1153646.003  1155659.001  1159325.003  1160340.005
  1130:  1160590.009  1160591.005  1160594.009  1213742.001  1215390.003
  1135:  1219978.005  1220006.009  1221198.001  1223763.003  1223775.001
  1140:  1224435.003  1225996.001  1228709.003  1229386.005  1229399.009
  1145:  1229432.005  1229445.009  1229488.005  1229491.009  1229496.005
  1150:  1229500.009  1230024.001  1234014.018  1234163.003  1234169.016
  1155:  1234219.026  1234345.005  1234619.009  1234622.005  1234635.009
  1160:  1234663.005  1234670.009  1234677.005  1234699.009  1234717.005
  1165:  1234747.009  1234751.005  1234792.009  1234795.005  1234799.009
  1170:  1234803.005  1234809.009  1234918.005  1235015.009  1245312.001
  1175:  1247813.003  1247847.001  1248239.003  1265299.001  1267722.003
  1180:  1272547.001  1276039.003  1277510.001  1280456.003  1280524.005
  1185:  1281485.009  1283118.005  1283121.009  1284927.001  1287749.003
  1190:  1289128.001  1291131.003  1292112.001  1292155.003  1292296.001
  1195:  1295304.003  1299327.005  1299583.009  1300153.001  1302465.003
  1200:  1304541.001  1307579.003  1308651.001  1311917.003  1313331.001
  1205:  1316527.003  1325938.001  1328546.003  1331455.005  1331556.009
  1210:  1331613.005  1332130.009  1332622.001  1332700.003  1332741.001
  1215:  1336261.003  1337219.001  1340716.003  1347152.005  1347237.009
  1220:  1348697.001  1351002.003  1352062.001  1352076.003  1352117.001
  1225:  1354562.003  1366224.001  1369318.003  1376377.005  1376414.009
  1230:  1376426.005  1376454.009  1377938.001  1381928.018  1382172.003
  1235:  1382178.016  1382228.026  1382311.005  1382605.009  1382613.005
  1240:  1382625.009  1382639.005  1382663.009  1382752.005  1382773.009
  1245:  1387484.005  1388139.009  1388832.001  1391808.003  1392684.001
  1250:  1395598.003  1396621.001  1399402.003  1400268.005  1400734.009
  1255:  1401301.001  1404007.003  1410789.005  1410959.009  1411680.001
  1260:  1414346.003  1422771.001  1426092.003  1430088.005  1430129.009
  1265:  1432050.001  1434857.003  1438010.005  1438340.009  1438352.005
  1270:  1438359.009  1438999.001  1442786.003  1443336.005  1443375.009
  1275:  1451114.001  1454211.003  1455433.005  1456005.009  1456017.005
  1280:  1456023.009  1456024.005  1456097.009  1460306.001  1462936.003
  1285:  1473795.001  1473891.003  1476755.005  1477374.009  1478588.005
  1290:  1478600.009  1479174.005  1479352.009  1480181.005  1480455.009
  1295:  1482026.001  1484904.003  1488599.001  1489008.003  1489308.001
  1300:  1489504.003  1496707.001  1499198.003
B:
     0:        0.000      395.000       10.000      395.000       10.000
     5:      214.000        0.000        0.000        0.000      214.000
    10:        0.000        1.000        0.000        0.000        0.000
    15:        0.000       21.000        1.000       21.000        0.000
    20:        0.000        0.000        0.000        0.000        0.000
    25:        0.000       21.000        0.000        0.000        0.000
    30:        0.000
D:
     0:  4058233.000  4055743.000  4058234.000
E:
     0:     2850.000     3990.000
T:
     0:        0.000        0.000        0.000        0.000
W:
     0:        0.000        0.000        0.000
