File: C:\MED-PC IV\Data\Reyes\AW\AW1047.999


Start Date: 08/17/24
End Date: 08/17/24
Subject: 47
Experiment: AW
Group: LINEAR
Box: 3
Start Time: 15:30:37
End Time: 16:20:38
MSN: DRRD_lin
C:       0.000
F:       0.000
G:       0.000
H:       0.000
I:       0.000
J:       0.000
K:    4500.000
L:       0.000
M:       0.000
N:       0.000
O:       0.000
P:       0.000
Q:       0.000
R:       0.000
S:       0.000
U:    2432.000
V:       0.000
X:       0.000
Y:    2687.000
Z:       0.000
A:
     0:    15000.013    15000.011    15109.001    15194.003    15246.001
     5:    15484.003    15514.001    16713.003    16953.001    17272.003
    10:    17282.001    18888.003    19031.001    19126.003    19338.001
    15:    19488.003    19518.001    20369.003    20565.001    20729.003
    20:    20758.001    22392.003    22434.001    23519.003    23540.001
    25:    23590.003    23739.001    23780.003    23931.001    25297.003
    30:    25623.001    26646.003    26746.001    26954.005    27097.003
    35:    27276.009    27524.005    27605.009    28265.001    28454.003
    40:    28478.001    28537.003    28707.001    29502.003    29676.001
    45:    29884.003    30033.001    32283.018    32375.003    32381.016
    50:    32393.001    32431.026    32468.003    32533.005    33208.009
    55:    33225.005    33263.009    34794.001    35769.003    35777.001
    60:    37070.003    37243.001    37690.003    37829.001    37857.003
    65:    37905.001    38114.003    38222.001    38450.003    38789.001
    70:    41039.018    41184.003    41190.016    41207.001    41240.026
    75:    41302.003    41365.005    41908.009    43459.001    43499.003
    80:    43537.001    43690.003    43712.001    45108.003    45127.001
    85:    45409.003    45824.001    45870.003    45913.001    47524.003
    90:    47591.001    48241.003    48417.001    48530.003    48597.001
    95:    50611.003    50886.001    51874.003    52035.001    52075.003
   100:    52226.001    52451.005    52683.009    52760.003    53124.001
   105:    53170.003    53201.001    55170.003    55771.001    55826.003
   110:    55854.001    58104.018    59404.003    59410.016    59460.026
   115:    59607.005    60442.009    66536.001    66617.003    66619.001
   120:    68377.003    68485.001    68605.003    68720.001    68835.003
   125:    68888.001    68952.003    68978.001    70510.003    70538.001
   130:    70801.003    71074.001    71370.003    72413.001    72518.003
   135:    72541.001    74791.018    75031.003    75037.016    75087.026
   140:    75187.005    75576.009    77175.001    77202.003    77257.001
   145:    77295.003    77314.001    78167.003    78212.001    78508.003
   150:    78691.001    80941.018    81422.003    81428.016    81478.026
   155:    81595.005    81995.009    82008.005    82049.009    83127.001
   160:    84720.003    86040.001    88290.018    88598.003    88604.016
   165:    88654.026    88788.005    89539.009    90812.001    91416.003
   170:    91436.001    91539.003    91549.001    93799.018    94197.003
   175:    94203.016    94228.001    94253.026    94336.003    94433.005
   180:    95046.009    95053.005    95070.009    96192.001    96424.003
   185:    96461.001    98711.018    99088.003    99094.016    99144.026
   190:    99296.005    99621.009   101303.001   101381.003   101408.001
   195:   103150.003   103190.001   104332.003   104358.001   104574.003
   200:   105437.001   105487.003   105538.001   105573.003   105586.001
   205:   107091.003   107112.001   107221.003   107719.001   107790.003
   210:   107828.001   108261.003   108271.001   110272.003   110291.001
   215:   110511.003   110684.001   110759.003   110990.001   113030.003
   220:   113469.001   114270.003   114271.001   114529.003   114567.001
   225:   116817.018   117007.003   117013.016   117063.026   117206.005
   230:   117579.009   118595.001   119298.003   119336.001   119651.003
   235:   119664.001   121598.003   121634.001   122402.003   122414.001
   240:   122897.003   122905.001   123069.003   123271.001   124745.003
   245:   124769.001   124867.003   125581.001   125621.003   125835.001
   250:   125908.003   125930.001   127169.003   127184.001   127294.003
   255:   128905.001   128949.003   129300.001   129390.003   129442.001
   260:   129464.003   129477.001   129685.003   129692.001   131322.003
   265:   131338.001   131476.003   133348.001   133456.003   136967.001
   270:   137247.003   137290.001   137471.003   137509.001   137716.003
   275:   137722.001   139060.003   139088.001   139146.003   139185.001
   280:   140807.003   141086.001   141519.003   141547.001   141671.003
   285:   142408.001   142589.003   143853.005   144028.009   144722.001
   290:   146108.003   147330.001   147832.003   148227.001   148276.003
   295:   148308.001   148434.003   148448.001   149282.003   149300.001
   300:   151550.018   152079.003   152085.016   152103.001   152135.026
   305:   152183.003   152250.005   153056.009   154419.001   154972.003
   310:   154980.001   157230.018   157341.003   157347.016   157397.026
   315:   157501.005   157895.009   160782.001   160824.003   160950.001
   320:   160998.003   161056.001   163306.018   164308.003   164314.016
   325:   164364.026   164461.005   164837.009   166017.001   166695.003
   330:   167214.001   167264.003   167289.001   168227.003   168249.001
   335:   168347.003   170637.001   170751.003   170781.001   172164.003
   340:   174032.001   174789.003   174840.001   175033.003   175041.001
   345:   176731.003   176747.001   176852.003   176876.001   176931.003
   350:   178112.001   178877.003   178903.001   178986.003   178996.001
   355:   180730.003   180754.001   181142.003   182649.001   182771.003
   360:   182803.001   184491.003   184506.001   184638.003   184807.001
   365:   184840.003   186966.001   187047.003   187061.001   187272.003
   370:   187394.001   187408.003   187437.001   188518.003   188594.001
   375:   188680.003   189172.001   189351.003   189735.001   189854.003
   380:   189897.001   192045.003   192072.001   192262.003   192711.001
   385:   194499.003   194885.001   195320.003   195649.001   197494.003
   390:   198363.005   198499.009   199011.001   199254.003   199268.001
   395:   201518.018   201785.003   201791.016   201841.026   201918.005
   400:   202811.009   204326.001   204701.003   204748.001   204836.003
   405:   204848.001   206437.003   206453.001   206644.003   207063.001
   410:   207142.003   207530.001   207607.003   207675.001   209465.003
   415:   209484.001   209613.003   209638.001   209809.003   209862.001
   420:   211656.003   211705.001   211786.003   212088.001   212494.003
   425:   212502.001   213394.003   213479.001   213555.003   214933.001
   430:   215050.003   215357.001   215405.003   215417.001   217029.003
   435:   217087.001   217218.003   217252.001   217286.003   217761.001
   440:   217856.003   218603.001   218669.003   218753.005   218906.009
   445:   219279.001   220923.003   220963.001   222309.003   222332.001
   450:   223036.003   224078.001   224098.003   224107.001   226195.003
   455:   226210.001   227667.003   227672.001   229811.003   229838.001
   460:   230266.003   230686.001   232350.003   232872.001   232915.003
   465:   232942.001   234602.003   235146.001   235217.003   235292.001
   470:   236504.005   236543.009   236614.003   237853.001   240103.018
   475:   241139.003   241145.016   241162.001   241195.026   241245.003
   480:   241352.005   241769.009   242737.001   242846.003   242863.001
   485:   245113.018   245598.003   245604.016   245654.026   245813.005
   490:   246631.009   246657.005   246865.009   248069.001   248110.003
   495:   248128.001   248323.003   248330.001   250182.003   250203.001
   500:   250413.003   250440.001   250472.003   250634.001   250691.003
   505:   250817.001   252773.003   253086.001   253640.003   253714.001
   510:   253764.003   253811.001   256061.018   256321.003   256327.016
   515:   256377.026   256427.005   257823.009   257835.005   257849.009
   520:   259758.001   261202.003   261277.001   261558.003   261571.001
   525:   263444.003   263466.001   263724.003   263970.005   264067.009
   530:   264472.001   264553.003   264561.001   265656.003   266327.001
   535:   266449.003   266457.001   268265.003   268379.001   269468.003
   540:   270046.001   272296.018   273365.003   273371.016   273380.001
   545:   273421.026   273472.003   273567.005   274595.009   276301.001
   550:   276616.003   276630.001   276810.003   276817.001   278234.003
   555:   278253.001   278355.003   279203.001   280481.003   280502.001
   560:   281804.003   281821.001   282844.003   283515.001   285765.018
   565:   286360.003   286366.016   286416.026   286527.005   287048.009
   570:   287822.001   289548.003   289587.001   290697.003   290712.001
   575:   291384.003   292233.001   292298.003   292335.001   294585.018
   580:   294731.003   294737.016   294746.001   294787.026   294844.003
   585:   294927.005   295531.009   297190.001   297617.003   297623.001
   590:   298816.003   298843.001   298932.003   298954.001   299088.003
   595:   299159.001   299462.003   299873.001   299898.003   299925.001
   600:   302040.003   303010.001   303041.003   303216.001   305466.018
   605:   305610.003   305616.016   305666.026   305764.005   307153.009
   610:   307170.005   307181.009   308981.001   309064.003   309077.001
   615:   311327.018   311636.003   311642.016   311680.001   311692.026
   620:   311786.003   311898.005   312698.009   313431.001   313459.003
   625:   313476.001   314307.003   314432.001   314512.003   314525.001
   630:   314891.003   314896.001   315896.003   316588.001   316636.003
   635:   316675.001   318925.018   319474.003   319480.016   319498.001
   640:   319530.026   319620.003   319701.005   320081.009   320963.001
   645:   323156.003   323174.001   323630.003   324014.001   326264.018
   650:   326454.003   326460.016   326473.001   326510.026   326645.003
   655:   326713.005   327658.009   329185.001   329500.003   329537.001
   660:   329632.003   329649.001   330251.003   330254.001   332445.003
   665:   332454.001   332557.003   333399.001   335233.003   335573.001
   670:   337694.003   338306.001   338400.003   338451.001   340701.018
   675:   341070.003   341076.016   341126.026   341253.005   341731.009
   680:   343945.005   344013.009   345347.001   345446.003   345769.001
   685:   346059.003   346068.001   346340.003   346345.001   346621.003
   690:   346628.001   348170.003   348462.001   348977.003   349131.001
   695:   351025.003   351052.001   351914.003   353038.001   353934.003
   700:   353937.001   356192.018   356262.003   356268.016   356318.026
   705:   356427.005   356861.009   358935.001   358984.003   359030.001
   710:   360519.003   361399.001   361504.003   361541.001   361566.003
   715:   361581.001   363657.003   363686.001   364727.003   364749.001
   720:   365385.003   366141.001   366164.003   366181.001   368431.018
   725:   368904.003   368910.016   368945.001   368960.026   368998.003
   730:   369071.005   369533.009   370085.001   370131.003   370145.001
   735:   372060.003   372065.001   372209.003   372826.001   375076.018
   740:   375335.003   375341.016   375391.026   375488.005   375880.009
   745:   380856.001   380925.003   380983.001   381034.003   381573.001
   750:   381679.003   381706.001   381728.003   381732.001   381766.003
   755:   382182.001   382363.003   382428.001   382511.003   382527.001
   760:   382613.003   382620.001   384583.003   384607.001   385000.003
   765:   385404.001   386505.003   387043.001   387071.003   387103.001
   770:   387176.003   387195.001   387399.003   388033.001   389329.003
   775:   389352.001   389370.003   395806.001   395895.003   395923.001
   780:   398027.003   398093.001   398157.003   398231.001   398327.003
   785:   398368.001   398502.003   398556.001   398670.003   398697.001
   790:   399475.003   399494.001   399668.003   400968.001   403218.018
   795:   403378.003   403384.016   403398.001   403434.026   403491.003
   800:   403598.005   403950.009   404980.001   406986.003   407612.001
   805:   407667.003   407930.001   408285.003   408291.001   408331.003
   810:   408341.001   408709.003   408712.001   410343.003   410758.001
   815:   410899.003   411347.001   413597.018   413617.003   413623.016
   820:   413637.001   413673.026   413699.003   413797.005   414437.009
   825:   416641.001   418326.003   418933.001   421183.018   422043.003
   830:   422049.016   422099.026   422207.005   422713.009   423763.001
   835:   425964.003   426074.001   426152.003   427301.001   427323.003
   840:   427409.001   427510.003   427518.001   429533.003   429572.001
   845:   431065.003   431684.001   431795.003   431843.001   432254.003
   850:   432636.001   433559.003   433580.001   435482.003   436035.001
   855:   436130.003   436136.001   438388.018   438973.003   438979.016
   860:   439005.001   439029.026   439082.003   439188.005   439639.009
   865:   441055.001   441162.003   441176.001   443187.003   443210.001
   870:   443350.003   443494.001   443522.003   444204.001   444559.003
   875:   444581.001   446201.003   446234.001   446871.003   447902.001
   880:   448786.003   448793.001   451044.018   451053.003   451059.016
   885:   451082.001   451109.026   451169.003   451223.005   451718.009
   890:   453040.001   453122.003   453893.001   454238.003   454271.001
   895:   455940.003   455957.001   456109.003   456987.001   458958.003
   900:   458975.001   459086.003   459108.001   459284.003   460747.001
   905:   462562.003   464872.001   464928.003   465140.005   465151.009
   910:   465277.005   465400.009   467254.001   467612.003   467637.001
   915:   469843.003   470305.001   470411.003   470422.001   472672.018
   920:   473717.003   473723.016   473773.026   473957.005   474122.009
   925:   475842.005   475864.009   475888.005   476153.009   476654.001
   930:   477332.003   477347.001   477487.003   477679.001   477730.003
   935:   478490.001   479828.003   480025.001   481339.003   482099.001
   940:   484265.003   485279.001   487381.003   489155.001   491405.018
   945:   491638.003   491644.016   491655.001   491694.026   491762.003
   950:   491852.005   492405.009   494053.001   496303.018   496312.003
   955:   496318.016   496341.001   496368.026   496428.003   496518.005
   960:   497040.009   498278.001   498487.003   498528.001   500511.003
   965:   501182.001   501512.003   501823.001   504073.018   504200.003
   970:   504206.016   504219.001   504256.026   504339.003   504431.005
   975:   504880.009   505874.001   506160.003   506201.001   507743.003
   980:   507783.001   508544.003   508568.001   508672.003   508983.001
   985:   510916.003   511375.001   513625.018   514852.003   514858.016
   990:   514874.001   514908.026   515015.003   515086.005   515424.009
   995:   516840.001   517334.003   517372.001   517466.003   517476.001
  1000:   518137.003   518153.001   519912.003   519928.001   519986.003
  1005:   520893.001   523096.003   523113.001   523301.003   524056.001
  1010:   526272.003   526296.001   526697.003   527589.001   529839.018
  1015:   531113.003   531119.016   531169.026   531273.005   531786.009
  1020:   533313.001   535563.018   535942.003   535948.016   535998.026
  1025:   536121.005   536933.009   542048.001   542294.003   542323.001
  1030:   544573.018   544767.003   544773.016   544793.001   544817.003
  1035:   544823.026   545052.005   546053.009   547954.001   548138.003
  1040:   548163.001   550390.003   551168.001   551935.003   551956.001
  1045:   554032.003   554058.001   554165.003   554881.001   557131.018
  1050:   558783.003   558789.016   558800.001   558822.003   558839.026
  1055:   558980.005   559519.009   561688.001   561779.003   561793.001
  1060:   563227.003   563236.001   564471.003   564502.001   564535.003
  1065:   565384.001   567634.018   568513.003   568519.016   568569.026
  1070:   568706.005   569081.009   570591.001   572841.018   573158.003
  1075:   573164.016   573214.026   573354.005   573981.009   574003.005
  1080:   574035.009   575591.001   576760.003   576791.001   576923.003
  1085:   576986.001   577742.003   578029.001   578593.003   578615.001
  1090:   580000.003   580462.001   582712.018   584053.003   584059.016
  1095:   584109.026   584265.005   584754.009   586310.001   588560.018
  1100:   588767.003   588773.016   588785.001   588823.026   588915.003
  1105:   588982.005   589336.009   590456.001   591191.003   591227.001
  1110:   592931.003   592948.001   593074.003   593113.001   593219.003
  1115:   593242.001   593798.003   594668.001   594731.003   594756.001
  1120:   597006.018   597175.003   597181.016   597203.001   597231.026
  1125:   597301.003   597383.005   597976.009   598043.005   598091.009
  1130:   599568.001   601818.018   602394.003   602400.016   602416.001
  1135:   602433.003   602450.026   602644.005   603492.009   603599.005
  1140:   603887.009   604693.001   605533.003   605541.001   606712.003
  1145:   606965.001   607284.003   607307.001   607421.003   607486.001
  1150:   607517.003   607565.001   609173.003   609460.001   609491.003
  1155:   609545.001   609623.003   609675.001   611054.003   611075.001
  1160:   611200.003   611358.001   611481.003   611741.001   613991.018
  1165:   614055.003   614061.016   614081.001   614111.026   614260.003
  1170:   614336.005   614920.009   616325.001   618575.018   619112.003
  1175:   619118.016   619134.001   619149.003   619168.026   619309.005
  1180:   619962.009   620792.001   621734.003   621822.001   624072.018
  1185:   624093.003   624099.016   624149.026   624278.005   626230.009
  1190:   627486.001   629736.018   630417.003   630423.016   630473.026
  1195:   630598.005   630934.009   632344.001   633885.003   633934.001
  1200:   634515.003   634950.001   636478.003   636645.001   636705.003
  1205:   636758.001   637582.003   637596.001   637980.003   638090.001
  1210:   638136.003   638282.001   638316.003   638438.001   638470.003
  1215:   638487.001   638838.003   638845.001   640716.003   640945.001
  1220:   641087.003   641334.001   641391.003   641395.001   642822.003
  1225:   642824.001   644461.003   644568.001   644634.003   645165.005
  1230:   645240.009   645719.001   646230.003   646283.001   647041.003
  1235:   647058.001   647438.003   647446.001   649696.018   650126.003
  1240:   650132.016   650182.026   650286.005   650697.009   651289.001
  1245:   653109.003   653124.001   655372.003   655464.001   655496.003
  1250:   656067.001   656786.003   656791.001   657943.003   657963.001
  1255:   658109.003   659431.001   661681.018   662986.003   662992.016
  1260:   663042.026   663148.005   663630.009   666448.001   667248.003
  1265:   667257.001   667932.003   667949.001   669739.003   670209.001
  1270:   670481.003   670488.001   672658.003   672754.001   672800.003
  1275:   672884.001   673079.003   673137.001   673165.003   673175.001
  1280:   675425.018   675911.003   675917.016   675933.001   675950.003
  1285:   675967.026   676162.005   676809.009   677942.001   678600.003
  1290:   678613.001   680863.018   681464.003   681470.016   681488.001
  1295:   681520.026   681577.003   681672.005   682215.009   683500.001
  1300:   685750.018   686364.003   686370.016   686420.026   686641.005
  1305:   687041.009   688294.001   688378.003   688389.001   690639.018
  1310:   691523.003   691529.016   691539.001   691579.026   691689.003
  1315:   691778.005   692348.009   695620.001   695738.003   695748.001
  1320:   697998.018   698145.003   698151.016   698171.001   698201.026
  1325:   698283.003   698370.005   699157.009   701105.001   701158.003
  1330:   701173.001   701938.003   701949.001   703994.003   704299.001
  1335:   704490.003   704539.001   704683.003   704692.001   706942.018
  1340:   708759.003   708765.016   708815.026   708959.005   709329.009
  1345:   710838.001   711130.003   711135.001   713388.018   713840.003
  1350:   713846.016   713896.001   713896.026   713974.003   714044.005
  1355:   714522.009   715983.001   718233.018   718330.003   718336.016
  1360:   718351.001   718386.026   718427.003   718500.005   719832.009
  1365:   720643.001   720726.003   720796.001   721438.003   721450.001
  1370:   722507.003   722527.001   722739.003   722900.001   725150.018
  1375:   727034.003   727040.016   727090.026   727194.005   727542.009
  1380:   728392.001   728813.003   728822.001   731072.018   732641.003
  1385:   732647.016   732697.026   732776.005   733382.009   735804.001
  1390:   736088.003   736108.001   738242.003   738266.001   738466.003
  1395:   738827.001   740688.003   740786.001   740868.003   741177.001
  1400:   741495.003   741503.001   741974.003   742014.001   742082.003
  1405:   742092.001   743797.003   745462.001   747712.018   747891.003
  1410:   747897.016   747947.026   748083.005   748582.009   749625.001
  1415:   751805.003   753108.001   755358.018   756241.003   756247.016
  1420:   756297.026   756412.005   757093.009   757127.005   757135.009
  1425:   758333.001   760583.018   761532.003   761538.016   761588.026
  1430:   761711.005   762319.009   762973.001   763972.003   763985.001
  1435:   766235.018   766411.003   766417.016   766467.026   766551.005
  1440:   767276.009   767851.005   767871.009   767885.005   767998.009
  1445:   769920.001   772170.018   773905.003   773911.016   773921.001
  1450:   773961.026   773973.003   774086.005   774510.009   775295.001
  1455:   777545.018   778921.003   778927.016   778977.026   779125.005
  1460:   779551.009   781298.001   782022.003   782031.001   784103.003
  1465:   784122.001   784257.003   784882.001   787132.018   787403.003
  1470:   787409.016   787430.001   787459.026   787489.003   787593.005
  1475:   787936.009   789131.001   790966.003   790978.001   791053.003
  1480:   791069.001   792868.003   793113.001   793468.003   793496.001
  1485:   793870.003   793875.001   796128.018   796473.003   796479.016
  1490:   796529.026   796666.005   797008.009   798271.001   800521.018
  1495:   801073.003   801079.016   801093.001   801129.026   801211.003
  1500:   801283.005   801653.009   803249.001   803810.003   803821.001
  1505:   805077.003   805164.001   806499.003   807394.001   807439.003
  1510:   807475.001   808157.003   808158.001   809620.003   811905.001
  1515:   812079.003   812092.001   813119.003   813139.001   814502.003
  1520:   814515.001   815497.003   815800.001   815873.003   815886.001
  1525:   815910.003   815920.001   818145.003   818150.001   819737.003
  1530:   821721.001   823971.018   824162.003   824168.016   824184.001
  1535:   824218.026   824285.003   824353.005   825193.009   827359.001
  1540:   827514.003   827559.001   828165.003   828188.001   828306.003
  1545:   828381.001   828690.003   828698.001   830714.003   832053.001
  1550:   832356.003   832358.001   834614.018   834619.003   834625.016
  1555:   834675.026   834781.005   835247.009   837022.001   839272.018
  1560:   840607.003   840613.016   840663.026   840782.005   841382.009
  1565:   843491.001   843530.003   843540.001   845790.018   846182.003
  1570:   846188.016   846238.026   846356.005   846692.009   847817.001
  1575:   848551.003   848614.001   848989.003   849040.001   850627.003
  1580:   851247.001   853441.003   853467.001   853585.003   855283.001
  1585:   857405.003   857473.001   857928.003   860533.001   860841.003
  1590:   860851.001   860894.003   860906.001   863156.018   863270.003
  1595:   863276.016   863294.001   863326.026   863371.003   863446.005
  1600:   863764.009   864502.001   866752.018   867384.003   867390.016
  1605:   867440.026   867549.005   868029.009   873046.001   873165.003
  1610:   873261.001   873769.003   873783.001   875835.003   875961.001
  1615:   875997.003   876127.001   876167.003   876179.001   876199.003
  1620:   876216.001   878466.018   879052.003   879058.016   879108.026
  1625:   879228.005   879573.009   881984.001   883441.003   883445.001
  1630:   884750.003   885498.001   887748.018   887840.003   887846.016
  1635:   887881.001   887896.026   887938.003   888006.005   888661.009
  1640:   890163.001   890525.003   890538.001   892788.018   893067.003
  1645:   893073.016   893082.001   893123.026   893143.003   893214.005
  1650:   893598.009   895715.001   895873.003   895878.001   896340.003
  1655:   896394.001   896434.003   896564.001   898021.003   898041.001
  1660:   898208.003   898425.001   900675.018   900721.003   900727.016
  1665:   900777.026   900882.005   901251.009   902488.001   902680.003
  1670:   902692.001   904404.003   904811.001   904847.003   904871.001
  1675:   905606.003   905663.001   905735.003   905744.001   907610.003
  1680:   908206.001   910433.003   910452.001   911226.003   911566.001
  1685:   911600.003   911614.001   913864.018   914117.003   914123.016
  1690:   914173.026   914343.005   915029.009   916927.001   917303.003
  1695:   917314.001   917751.003   917762.001   919477.003   919996.001
  1700:   922246.018   922578.003   922584.016   922604.001   922634.026
  1705:   922683.003   922765.005   923487.009   923533.005   923560.009
  1710:   924587.001   924807.003   924817.001   924986.003   924994.001
  1715:   927158.003   927638.001   929533.003   929638.001   931160.003
  1720:   932290.001   933014.003   933071.001   933472.003   933479.001
  1725:   935730.018   936090.003   936096.016   936146.026   936274.005
  1730:   936730.009   937544.001   938337.003   938354.001   940126.003
  1735:   940148.001   940245.003   940610.001   942860.018   943264.003
  1740:   943270.016   943320.026   943449.005   944117.009   946785.001
  1745:   947119.003   947135.001   948291.003   948337.001   949783.003
  1750:   950420.001   950543.003   950554.001   952804.018   953766.003
  1755:   953772.016   953791.001   953822.026   953839.003   953912.005
  1760:   954313.009   957237.001   957287.003   957306.001   959556.018
  1765:   959909.003   959915.016   959930.001   959965.026   960006.003
  1770:   960078.005   960420.009   961422.001   963672.018   964094.003
  1775:   964100.016   964150.026   964292.005   964745.009   971009.001
  1780:   971057.003   971068.001   972861.003   973550.001   973608.003
  1785:   974921.001   974963.003   974979.001   977229.018   977549.003
  1790:   977555.016   977571.001   977605.026   977668.003   977743.005
  1795:   978146.009   979327.001   979969.003   979985.001   981794.003
  1800:   982318.001   984568.018   984900.003   984906.016   984927.001
  1805:   984956.026   985075.003   985158.005   985903.009   987167.001
  1810:   989417.018   989746.003   989752.016   989758.001   989802.026
  1815:   989858.003   989930.005   990306.009   991465.001   993472.003
  1820:   993479.001   994570.003   994587.001   994960.003   995256.001
  1825:   995546.003   995554.001   997804.018   997944.003   997950.016
  1830:   997969.001   998000.026   998308.003   998552.001   998945.003
  1835:   999443.001   999547.003   999556.001  1001806.018  1003591.003
  1840:  1003597.016  1003609.001  1003647.026  1003706.003  1003775.005
  1845:  1004136.009  1006553.001  1006581.003  1006659.001  1008497.003
  1850:  1008524.001  1009153.003  1009586.001  1010211.003  1010218.001
  1855:  1011968.003  1014861.001  1015109.003  1015125.001  1015153.003
  1860:  1015167.001  1017276.003  1017292.001  1018488.003  1018960.001
  1865:  1019281.003  1019298.001  1019909.003  1019956.001  1021800.003
  1870:  1021821.001  1022925.003  1024203.001  1024302.003  1024358.001
  1875:  1026487.003  1028989.001  1029016.003  1029111.001  1029474.003
  1880:  1029484.001  1029521.003  1029529.001  1031497.003  1031520.001
  1885:  1033038.003  1034078.001  1034154.003  1034440.001  1036690.018
  1890:  1036740.003  1036746.016  1036796.026  1036915.005  1037451.009
  1895:  1039095.001  1039123.003  1039190.001  1039829.003  1039831.001
  1900:  1041829.003  1041848.001  1042264.003  1042670.001  1044823.003
  1905:  1045131.001  1045721.003  1046659.001  1048909.018  1049469.003
  1910:  1049475.016  1049503.001  1049525.026  1049536.003  1049643.005
  1915:  1050053.009  1051961.001  1054211.018  1054551.003  1054557.016
  1920:  1054575.001  1054607.026  1054677.003  1054760.005  1055328.009
  1925:  1055350.005  1055464.009  1058964.001  1059304.003  1059318.001
  1930:  1061373.003  1061390.001  1061902.003  1062062.001  1064312.018
  1935:  1064985.003  1064991.016  1065001.001  1065041.026  1065151.003
  1940:  1065234.005  1066145.009  1067494.001  1069744.018  1070265.003
  1945:  1070271.016  1070321.026  1070430.005  1071179.009  1072777.001
  1950:  1073481.003  1073488.001  1074104.003  1074115.001  1075180.003
  1955:  1075604.001  1076360.003  1076370.001  1077862.003  1078935.001
  1960:  1079570.003  1079574.001  1081828.018  1082178.003  1082184.016
  1965:  1082234.026  1082422.005  1083030.009  1084191.001  1085715.003
  1970:  1085785.001  1087419.003  1087492.001  1088738.003  1089708.001
  1975:  1089738.003  1089786.001  1089991.003  1089992.001  1090352.003
  1980:  1090364.001  1090398.003  1090401.001  1092079.003  1092098.001
  1985:  1092232.003  1092589.001  1092789.003  1093160.001  1095410.018
  1990:  1096010.003  1096016.016  1096035.001  1096066.026  1096146.003
  1995:  1096244.005  1097198.009  1099002.001  1099105.003  1099121.001
  2000:  1099461.003  1099488.001  1099911.003  1099924.001  1101451.003
  2005:  1101472.001  1101632.003  1101692.001  1102076.003  1102093.001
  2010:  1102377.003  1102417.001  1103453.003  1103506.001  1104498.003
  2015:  1104548.001  1105140.003  1105557.001  1107347.003  1107528.001
  2020:  1108687.003  1108717.001  1109360.003  1109390.001  1109840.003
  2025:  1109986.001  1110017.003  1110077.001  1110268.003  1110283.001
  2030:  1112386.003  1112489.001  1112583.003  1113523.001  1114205.003
  2035:  1114578.001  1114877.003  1114879.001  1117135.018  1117199.003
  2040:  1117205.016  1117255.026  1117427.005  1118216.009  1119668.001
  2045:  1121918.018  1122098.003  1122104.016  1122146.001  1122154.026
  2050:  1122205.003  1122267.005  1123278.009  1124641.001  1125545.003
  2055:  1125621.001  1126107.003  1126117.001  1127232.003  1127240.001
  2060:  1128689.003  1128712.001  1128831.003  1129629.001  1131879.018
  2065:  1132029.003  1132035.016  1132075.001  1132085.026  1132260.003
  2070:  1132365.005  1133116.009  1135083.001  1135342.003  1135359.001
  2075:  1135997.003  1136006.001  1136389.003  1136450.001  1138700.018
  2080:  1138980.003  1138986.016  1139036.026  1139168.005  1139646.009
  2085:  1141159.001  1143409.018  1143879.003  1143885.016  1143898.001
  2090:  1143935.026  1143968.003  1144058.005  1144510.009  1146590.001
  2095:  1148840.018  1150226.003  1150232.016  1150243.001  1150282.026
  2100:  1150344.003  1150411.005  1150752.009  1152180.001  1154430.018
  2105:  1155956.003  1155962.016  1156012.026  1156129.005  1156543.009
  2110:  1157715.001  1158128.003  1158135.001  1160386.018  1160950.003
  2115:  1160956.016  1160969.001  1161006.026  1161058.003  1161119.005
  2120:  1161894.009  1164428.001  1164501.003  1164511.001  1164873.003
  2125:  1164885.001  1167135.018  1167529.003  1167535.016  1167559.001
  2130:  1167585.026  1167646.003  1167705.005  1168629.009  1170576.001
  2135:  1172592.003  1172912.001  1173035.003  1173561.001  1174065.003
  2140:  1174069.001  1176028.003  1176892.001  1179142.018  1181291.003
  2145:  1181297.016  1181316.001  1181347.026  1181436.003  1181522.005
  2150:  1182093.009  1183841.001  1186091.018  1186436.003  1186442.016
  2155:  1186458.001  1186492.026  1186533.003  1186609.005  1187070.009
  2160:  1189117.001  1189237.003  1189255.001  1189585.003  1189629.001
  2165:  1190228.003  1190266.001  1192275.003  1192410.001  1192441.003
  2170:  1192866.001  1193150.003  1193166.001  1195416.018  1196077.003
  2175:  1196083.016  1196133.026  1196274.005  1196645.009  1198134.001
  2180:  1198339.003  1198356.001  1198653.003  1198689.001  1200447.003
  2185:  1200472.001  1200770.003  1200911.001  1203161.018  1203711.003
  2190:  1203717.016  1203767.026  1203925.005  1204301.009  1205811.001
  2195:  1205845.003  1205860.001  1206021.003  1206026.001  1207846.003
  2200:  1208039.001  1208276.003  1208452.001  1210702.018  1211198.003
  2205:  1211204.016  1211254.026  1211368.005  1211798.009  1211832.005
  2210:  1211848.009  1213760.001  1215193.003  1215200.001  1216876.003
  2215:  1216887.001  1217393.003  1217642.001  1219892.018  1220350.003
  2220:  1220356.016  1220376.001  1220406.026  1220468.003  1220547.005
  2225:  1220882.009  1222835.001  1225085.018  1225612.003  1225618.016
  2230:  1225630.001  1225668.026  1225794.003  1225882.005  1226540.009
  2235:  1228488.001  1229833.003  1229864.001  1231142.003  1231164.001
  2240:  1231414.003  1231621.001  1231736.003  1232053.001  1233963.003
  2245:  1233967.001  1235741.003  1235764.001  1236228.003  1237825.001
  2250:  1240075.018  1240550.003  1240556.016  1240606.026  1240699.005
  2255:  1241540.009  1243563.001  1243658.003  1243663.001  1244053.003
  2260:  1244064.001  1244694.003  1244708.001  1246088.003  1246107.001
  2265:  1246674.003  1247018.001  1249268.018  1249663.003  1249669.016
  2270:  1249719.026  1249836.005  1250226.009  1252915.001  1253434.003
  2275:  1253453.001  1255703.018  1256659.003  1256665.016  1256715.026
  2280:  1256840.005  1257224.009  1259131.001  1261381.018  1261913.003
  2285:  1261919.016  1261957.001  1261969.026  1262017.003  1262078.005
  2290:  1262536.009  1264184.001  1264919.003  1264923.001  1267177.018
  2295:  1267534.003  1267540.016  1267590.026  1267814.005  1268324.009
  2300:  1270132.001  1272382.018  1272558.003  1272564.016  1272581.001
  2305:  1272614.026  1272705.003  1272783.005  1273152.009  1274599.001
  2310:  1274757.003  1274761.001  1275174.003  1275182.001  1275383.003
  2315:  1275430.001  1277680.018  1277775.003  1277781.016  1277831.026
  2320:  1278026.005  1278546.009  1281019.001  1281264.003  1281271.001
  2325:  1281633.003  1281653.001  1282462.003  1282484.001  1283350.003
  2330:  1283478.001  1283531.003  1283617.001  1285867.018  1286214.003
  2335:  1286220.016  1286270.026  1286401.005  1286805.009  1288158.001
  2340:  1288238.003  1288302.001  1288848.003  1288856.001  1291092.003
  2345:  1291867.001  1294117.018  1295053.003  1295059.016  1295109.026
  2350:  1295224.005  1295649.009  1297647.001  1298799.003  1298813.001
  2355:  1301063.018  1301078.003  1301084.016  1301134.026  1301358.005
  2360:  1301714.009  1302842.001  1303558.003  1303559.001  1305663.003
  2365:  1305687.001  1306081.003  1306246.001  1308496.018  1310445.003
  2370:  1310451.016  1310465.001  1310501.026  1310538.003  1310605.005
  2375:  1311263.009  1313472.001  1313574.003  1313583.001  1313852.003
  2380:  1313868.001  1316118.018  1316728.003  1316734.016  1316784.026
  2385:  1316930.005  1317619.009  1319511.001  1321761.018  1322174.003
  2390:  1322180.016  1322195.001  1322230.026  1322306.003  1322378.005
  2395:  1322804.009  1324391.001  1324768.003  1324783.001  1324818.003
  2400:  1324831.001  1327081.018  1327140.003  1327146.016  1327165.001
  2405:  1327196.026  1327258.003  1327335.005  1328181.009  1328213.005
  2410:  1328250.009  1330260.001  1330438.003  1330600.001  1330737.003
  2415:  1330752.001  1330859.003  1330877.001  1332751.003  1333697.001
  2420:  1335947.018  1337299.003  1337305.016  1337317.001  1337355.026
  2425:  1337402.003  1337495.005  1337871.009  1339317.001  1339997.003
  2430:  1340037.001  1341970.003  1341994.001  1342346.003  1342392.001
  2435:  1344642.018  1344962.003  1344968.016  1344985.001  1345018.026
  2440:  1345082.003  1345159.005  1345833.009  1347146.001  1347890.003
  2445:  1347898.001  1349855.003  1349874.001  1350042.003  1350260.001
  2450:  1350329.003  1350394.001  1351582.003  1351600.001  1352624.003
  2455:  1353442.001  1355692.018  1355803.003  1355809.016  1355859.026
  2460:  1355954.005  1356588.009  1359168.001  1359395.003  1359432.001
  2465:  1359854.003  1359868.001  1361598.003  1361899.001  1361954.003
  2470:  1362229.001  1364479.018  1364966.003  1364972.016  1364995.001
  2475:  1365022.026  1365060.003  1365137.005  1365489.009  1366089.001
  2480:  1366847.003  1366999.001  1369249.018  1369961.003  1369967.016
  2485:  1369983.001  1370017.026  1370101.003  1370188.005  1370702.009
  2490:  1371682.001  1372959.003  1372970.001  1374372.003  1374531.001
  2495:  1374776.003  1374942.001  1375193.003  1375199.001  1377282.003
  2500:  1377312.001  1377774.003  1377992.001  1378298.003  1378302.001
  2505:  1380556.018  1381070.003  1381076.016  1381126.026  1381272.005
  2510:  1381743.009  1386088.001  1386666.003  1386690.001  1388622.003
  2515:  1390749.001  1391021.003  1391042.001  1393037.003  1393520.001
  2520:  1395496.003  1396257.001  1397754.003  1397775.001  1398669.003
  2525:  1398999.001  1401249.018  1401514.003  1401520.016  1401570.026
  2530:  1401651.005  1402177.009  1403157.001  1405407.018  1406763.003
  2535:  1406769.016  1406819.026  1406914.005  1407321.009  1408592.001
  2540:  1410842.018  1411700.003  1411706.016  1411756.026  1411758.017
  2545:  1411886.005  1412881.009  1413780.001  1413822.003  1413827.001
  2550:  1414398.003  1414408.001  1416193.003  1416371.001  1416528.003
  2555:  1416941.001  1419441.018  1419602.003  1419608.016  1419658.026
  2560:  1419813.005  1420201.009  1423015.001  1423120.003  1423130.001
  2565:  1423787.003  1423792.001  1424970.003  1424991.001  1425199.003
  2570:  1425635.001  1427985.003  1428010.001  1428153.003  1428553.001
  2575:  1431053.018  1432327.003  1432333.016  1432383.026  1432518.005
  2580:  1433063.009  1433075.005  1433085.009  1435373.001  1435502.003
  2585:  1435515.001  1435850.003  1435874.001  1438117.003  1438151.001
  2590:  1438635.003  1438932.001  1439036.003  1439062.001  1441172.003
  2595:  1441183.001  1441473.003  1441520.001  1442052.003  1442075.001
  2600:  1442357.003  1443073.001  1445470.003  1446511.001  1446553.003
  2605:  1446616.001  1446915.003  1446920.001  1447273.003  1447277.001
  2610:  1449781.018  1449843.003  1449849.016  1449899.026  1450009.005
  2615:  1450421.009  1452935.001  1453539.003  1453577.001  1455681.003
  2620:  1457353.001  1458475.003  1458477.001  1460112.003  1460129.001
  2625:  1461007.003  1461657.001  1461941.003  1461951.001  1464065.003
  2630:  1464080.001  1464488.003  1464514.001  1464659.003  1464833.001
  2635:  1467333.018  1467775.003  1467781.016  1467790.001  1467831.026
  2640:  1467960.003  1468044.005  1468892.009  1470830.001  1473302.003
  2645:  1473772.001  1476272.018  1476389.003  1476395.016  1476425.001
  2650:  1476445.026  1476468.003  1476572.005  1477019.009  1478882.001
  2655:  1480751.003  1480773.001  1481273.003  1481635.001  1483648.003
  2660:  1483672.001  1483765.003  1484219.001  1486719.018  1487935.003
  2665:  1487941.016  1487958.001  1487991.026  1488061.003  1488143.005
  2670:  1488635.009  1490802.001  1491420.003  1491423.001  1492858.003
  2675:  1493515.001  1493560.003  1493574.001  1496074.018  1496368.003
  2680:  1496374.016  1496424.026  1496538.005  1497169.009  1499001.001
  2685:  1499130.003  1499138.001
B:
     0:        0.000      945.000        0.000      944.000        0.000
     5:      177.000        0.000        0.000        0.000      177.000
    10:        0.000        1.000        0.000        1.000        0.000
    15:        0.000      147.000        1.000      147.000        0.000
    20:        0.000        0.000        0.000        0.000        0.000
    25:        0.000      147.000        0.000        0.000        0.000
    30:        0.000
D:
     0:  1502437.000  1501570.000  1501562.000
E:
     0:     2250.000     2500.000
T:
     0:        0.000        0.000        0.000        0.000
W:
     0:        2.000        0.000        0.000
