File: C:\MED-PC IV\Data\Reyes\AW\AW1042.999


Start Date: 08/20/24
End Date: 08/20/24
Subject: 42
Experiment: AW
Group: PERC
Box: 4
Start Time: 14:16:07
End Time: 15:06:07
MSN: DRRD_perc
C:       0.000
F:       1.000
G:       0.000
H:       1.000
I:       0.000
J:       0.000
K:   10000.000
L:       0.000
M:       0.000
N:       0.000
O:       0.000
Q:       0.000
S:       0.000
U:  188695.000
V:       0.000
X:       0.000
Y:    1702.000
Z:       0.000
A:
     0:     3877.005     4303.009     4568.005     4887.009     5894.005
     5:     6012.009    11381.005    11397.009    11406.005    11510.009
    10:    15000.013    15000.011    15498.001    15678.003    16160.001
    15:    16320.003    16718.001    17164.003    17566.001    17624.003
    20:    17647.001    21330.003    23373.001    23833.003    24320.001
    25:    24365.003    24398.001    24469.003    24485.001    27909.003
    30:    27960.001    28006.003    28519.001    33519.018    33691.003
    35:    33697.016    33747.026    33821.005    34462.009    35078.001
    40:    35234.003    35295.001    35880.003    36454.001    36554.003
    45:    36572.001    39357.003    39403.001    39457.003    39537.001
    50:    39666.003    39682.001    42603.003    43834.001    44419.003
    55:    44439.001    44504.003    44872.001    44971.003    45031.001
    60:    50031.018    51490.003    51496.016    51546.026    51603.005
    65:    52265.009    52293.005    52312.009    52977.001    53069.003
    70:    53105.001    57768.003    57848.001    57949.003    57982.005
    75:    58320.009    58746.001    58795.003    58887.001    59032.003
    80:    59826.001    59857.003    59874.001    64874.018    67013.003
    85:    67019.016    67050.001    67069.026    67073.003    67253.005
    90:    67868.009    67875.005    67940.009    67961.005    68000.009
    95:    68037.005    68320.009    68903.001    73903.018    74436.003
   100:    74442.016    74492.026    74581.005    75290.009    75528.005
   105:    75897.009    76324.001    76482.003    76540.001    81540.018
   110:    82076.003    82082.016    82132.026    82306.005    83192.009
   115:    83215.005    83388.009    83495.005    83535.009    83589.005
   120:    83615.009    83912.005    83938.009    84092.005    84140.009
   125:    84147.005    84170.009    85115.001    85266.003    85290.001
   130:    90290.018    91987.003    91993.016    92043.026    92194.005
   135:    92712.009    92877.005    92911.009    92931.005    93040.009
   140:    93884.001    94022.003    94036.001    99036.018   101723.003
   145:   101729.016   101779.026   101879.005   102877.009   103464.001
   150:   103586.003   103631.001   108631.018   109764.003   109770.016
   155:   109820.026   109988.005   110585.009   110703.005   110720.009
   160:   110727.005   110728.009   110731.005   111059.009   111087.005
   165:   111114.009   111437.005   111474.009   112517.001   117517.018
   170:   118103.003   118109.016   118159.026   118291.005   118667.009
   175:   118785.005   118882.009   118899.005   118903.009   119635.001
   180:   121825.003   122013.001   122043.003   122224.001   125665.003
   185:   125942.001   130942.018   131429.003   131435.016   131485.026
   190:   131711.005   132395.009   134682.001   135012.003   135044.001
   195:   140044.018   140843.003   140849.016   140899.026   141049.005
   200:   141589.009   141682.005   142106.009   142854.001   142959.003
   205:   143020.001   145801.003   146241.005   146352.009   146924.001
   210:   151924.018   152562.003   152568.016   152618.026   152835.005
   215:   153315.009   154527.001   159527.018   160328.003   160334.016
   220:   160384.026   160538.005   160990.009   161020.005   161101.009
   225:   161823.001   162193.003   162210.001   165273.003   165490.005
   230:   165670.009   166085.001   171085.018   171825.003   171831.016
   235:   171841.001   171881.026   171942.003   172043.005   172303.009
   240:   173544.001   177333.003   179147.001   184147.018   184310.003
   245:   184316.016   184366.026   184503.005   184853.009   185057.005
   250:   185088.009   185182.005   185434.009   186300.001   191300.018
   255:   191701.003   191707.016   191757.026   191958.005   192341.009
   260:   192385.005   192502.009   192667.005   192916.009   193396.001
   265:   194382.003   194395.001   199395.018   199684.003   199690.016
   270:   199713.001   199740.026   199845.003   199977.005   200512.009
   275:   201790.001   205306.003   207273.001   211945.003   212309.005
   280:   212375.009   213247.001   213610.003   213629.001   217443.003
   285:   217604.001   217643.003   217829.001   220905.003   221078.005
   290:   221402.009   221758.001   226028.003   227137.001   227206.003
   295:   227252.001   231984.003   232124.001   232418.003   232883.005
   300:   233019.009   233872.001   233889.003   233932.001   238932.018
   305:   245156.003   245162.016   245212.026   245346.005   245819.009
   310:   245899.005   246386.009   247492.001   252335.003   252678.001
   315:   252866.003   254001.001   258682.003   258723.001   259872.003
   320:   259887.001   264887.018   265246.003   265252.016   265302.026
   325:   265408.005   265870.009   266800.001   266988.003   267037.001
   330:   272037.018   273489.003   273495.016   273545.026   273650.005
   335:   274052.009   274114.005   274218.009   274298.005   274570.009
   340:   274595.005   274656.009   274719.005   274721.009   275755.001
   345:   280755.018   281051.003   281057.016   281107.026   281228.005
   350:   282062.009   282599.001   282979.003   283025.001   287865.003
   355:   288489.001   293489.018   295911.003   295917.016   295967.026
   360:   296096.005   296580.009   296662.005   296696.009   297436.001
   365:   299422.003   299439.001   303715.003   304017.001   304080.003
   370:   304133.001   304179.003   304197.001   309133.003   309478.001
   375:   309549.003   309760.001   309807.003   309823.001   313782.003
   380:   314647.001   319647.018   322813.003   322819.016   322869.026
   385:   322984.005   323342.009   323347.005   323388.009   323463.005
   390:   323664.009   324732.001   329732.018   329996.003   330002.016
   395:   330052.026   330310.005   331764.009   331775.005   331791.009
   400:   332325.001   335005.003   335049.001   338699.003   339439.001
   405:   344439.018   347665.003   347671.016   347721.026   347821.005
   410:   348728.009   350707.001   355707.018   356846.003   356852.016
   415:   356902.026   357041.005   357635.009   357669.005   357709.009
   420:   357714.005   357760.009   357854.005   358281.009   359251.001
   425:   364251.018   365240.003   365246.016   365296.026   365399.005
   430:   366629.009   366668.005   366759.009   366789.005   366807.009
   435:   368405.001   369104.003   369349.001   369393.003   369486.001
   440:   373807.003   374956.001   375377.003   376170.001   376249.003
   445:   376277.001   381277.018   382783.003   382789.016   382839.026
   450:   382958.005   383349.009   383368.005   383388.009   383517.005
   455:   383581.009   384086.005   384204.009   384257.005   384444.009
   460:   385053.001   389025.003   389097.001   389378.003   389490.001
   465:   389601.003   389674.001   394333.003   394560.001   394578.003
   470:   394748.001   394776.003   394805.001   394872.003   394916.001
   475:   395085.003   395131.001   398036.003   399082.001   400170.003
   480:   400195.001   405195.018   405359.003   405365.016   405415.026
   485:   405505.005   405919.009   406012.005   406123.009   406239.005
   490:   406483.009   407512.001   412193.003   412380.001   412397.003
   495:   412423.001   412459.003   412796.001   412832.003   412877.001
   500:   417356.003   417524.005   417877.009   418530.001   423530.018
   505:   424035.003   424041.016   424091.026   424219.005   424854.009
   510:   424882.005   424965.009   425005.005   425247.009   426185.001
   515:   426328.003   426360.001   431360.018   433132.003   433138.016
   520:   433188.026   433253.005   434202.009   435002.001   435505.003
   525:   435681.001   440175.003   440393.001   440608.003   440696.001
   530:   440782.003   440975.001   445975.018   446176.003   446182.016
   535:   446232.026   446238.001   446285.003   446306.005   446880.009
   540:   446925.005   446971.009   447908.005   448002.009   449029.001
   545:   449434.003   449453.001   454453.018   457193.003   457199.016
   550:   457217.001   457249.026   457270.003   457323.001   457376.003
   555:   457416.005   458025.009   458111.005   458133.009   459367.001
   560:   459631.003   459663.001   464663.018   465151.003   465157.016
   565:   465207.026   465353.005   465927.009   466239.005   466366.009
   570:   466373.005   466513.009   467207.001   471911.003   472145.001
   575:   472686.003   473145.001   478145.018   479138.003   479144.016
   580:   479194.026   479250.001   479300.003   479323.005   479602.009
   585:   479622.005   479709.009   479754.005   479777.009   479867.005
   590:   479956.009   480895.001   485895.018   486657.003   486663.016
   595:   486713.026   486846.005   487149.009   487179.005   487282.009
   600:   487304.005   487542.009   487630.005   487670.009   488030.005
   605:   488078.009   488844.001   493844.018   493961.003   493967.016
   610:   494017.026   494167.005   494624.009   495077.005   495367.009
   615:   496312.001   496616.003   496644.001   501644.018   501863.003
   620:   501869.016   501919.026   502019.005   502383.009   502426.005
   625:   502454.009   504625.001   504708.003   504755.001   509755.018
   630:   510842.003   510848.016   510879.001   510898.026   511021.003
   635:   511041.005   511302.009   511566.005   511569.009   513149.001
   640:   513353.003   513402.001   518402.018   519006.003   519012.016
   645:   519062.026   519186.005   519538.009   519635.005   519673.009
   650:   520997.001   521286.003   521338.001   525908.003   525937.001
   655:   526011.003   526150.001   526302.003   526352.001   526448.003
   660:   528041.001   533041.018   534946.003   534952.016   535002.026
   665:   535143.005   535535.009   537219.001   537303.003   537324.001
   670:   542324.018   542428.003   542434.016   542484.026   542650.005
   675:   543356.009   543369.005   543756.009   544362.001   549362.018
   680:   550794.003   550800.016   550824.001   550850.026   550881.003
   685:   550943.001   551031.003   551100.005   551889.009   551924.005
   690:   551971.009   551988.005   552238.009   552242.005   552264.009
   695:   552390.005   552419.009   552447.005   552521.009   552543.005
   700:   553226.009   554786.001   558613.003   559039.001   562936.003
   705:   563204.005   563342.009   563806.001   568806.018   569877.003
   710:   569883.016   569933.026   570108.005   570360.009   570826.005
   715:   570959.009   571593.001   572029.003   572050.001   576922.003
   720:   576986.001   577311.003   578069.001   582064.003   582133.001
   725:   582275.003   582388.005   582504.009   582863.001   587863.018
   730:   590045.003   590051.016   590101.026   590205.005   591031.009
   735:   591927.001   596927.018   597123.003   597129.016   597179.026
   740:   597308.005   598531.009   598562.005   598619.009   600163.001
   745:   600459.003   600514.001   600593.003   600630.001   605630.018
   750:   606307.003   606313.016   606363.026   606461.005   606999.009
   755:   609208.001   613622.003   613690.001   613872.003   614047.005
   760:   614050.009   614401.001   618214.003   618773.001   619880.003
   765:   619910.001   624910.018   625128.003   625134.016   625184.026
   770:   625288.005   625710.009   626590.001   626640.003   626687.001
   775:   631687.018   632468.003   632474.016   632524.026   632623.005
   780:   633220.009   633226.005   633331.009   633378.005   633819.009
   785:   635925.001   636257.003   636306.001   641306.018   642717.003
   790:   642723.016   642773.026   642900.005   643301.009   643332.005
   795:   643362.009   643395.005   643431.009   643651.005   643909.009
   800:   645122.001   649488.003   649634.001   649974.003   650536.001
   805:   654815.003   654915.001   657121.003   657658.001   657711.003
   810:   657727.001   662727.018   663594.003   663600.016   663643.001
   815:   663650.026   663716.003   663779.005   664144.009   665795.001
   820:   670795.018   671369.003   671375.016   671425.026   671447.001
   825:   671464.003   671514.005   672381.009   672433.005   672872.009
   830:   674436.001   674502.003   674599.001   679599.018   680239.003
   835:   680245.016   680277.001   680295.026   680316.003   680451.005
   840:   680772.009   680830.005   680873.009   681138.005   681578.009
   845:   682324.001   687257.003   687459.001   687505.003   687566.001
   850:   688404.003   689041.001   689089.003   689113.001   693826.003
   855:   693886.001   694104.003   694547.001   699547.018   701461.003
   860:   701467.016   701517.026   701652.005   702084.009   709531.001
   865:   709674.003   709727.001   714727.018   717331.003   717337.016
   870:   717370.001   717387.026   717428.003   717547.005   717663.009
   875:   717732.005   718063.009   718550.005   718572.009   720585.005
   880:   720908.009   720941.005   721115.009   721769.001   726769.018
   885:   726881.003   726887.016   726937.026   727123.005   727787.009
   890:   727829.005   728157.009   729544.001   733586.003   734359.005
   895:   734556.009   735281.001   740281.018   742398.003   742404.016
   900:   742454.026   742542.005   743319.009   743501.005   743727.009
   905:   749848.001   754848.018   755369.003   755375.016   755425.026
   910:   755434.001   755486.003   755506.005   756228.009   756362.005
   915:   756367.009   756438.005   756627.009   758735.001   763735.018
   920:   765507.003   765513.016   765563.026   765579.001   765624.003
   925:   765674.005   766705.009   766710.005   766719.009   768726.001
   930:   770599.003   771256.001   776256.018   776376.003   776382.016
   935:   776432.026   776442.001   776489.003   776555.005   776819.009
   940:   776882.005   776954.009   779614.001   784197.003   784226.001
   945:   784262.003   784365.001   784426.003   784485.001   784893.003
   950:   785364.001   790361.003   790810.001   795210.003   795522.005
   955:   795653.009   796707.001   801707.018   802676.003   802682.016
   960:   802712.001   802732.026   802821.003   802888.005   803454.009
   965:   805657.001   810657.018   811728.003   811734.016   811784.026
   970:   811905.005   812529.009   812538.005   812625.009   812865.005
   975:   812911.009   814393.001   818419.003   818461.001   818702.003
   980:   818808.001   823564.003   823633.001   828633.018   830813.003
   985:   830819.016   830869.026   830962.001   831028.003   831049.005
   990:   831513.009   831808.005   831900.009   832588.001   837588.018
   995:   838704.003   838710.016   838760.026   838900.005   839813.009
  1000:   839827.005   840169.009   841306.001   846306.018   848455.003
  1005:   848461.016   848511.026   848626.005   849085.009   849093.005
  1010:   849125.009   851382.001   856382.018   857352.003   857358.016
  1015:   857408.026   857598.005   858357.009   858419.005   859006.009
  1020:   860362.001   861192.003   861242.001   866242.018   866385.003
  1025:   866391.016   866441.026   866587.005   866897.009   866925.005
  1030:   866948.009   868543.001   873543.018   874184.003   874190.016
  1035:   874240.026   874394.005   874706.009   874715.005   874744.009
  1040:   875091.005   875469.009   876529.001   881529.018   882770.003
  1045:   882776.016   882826.026   882925.005   883667.009   883729.005
  1050:   883764.009   883791.005   884043.009   884696.001   889691.003
  1055:   889765.001   890219.003   890449.001   895449.018   897825.003
  1060:   897831.016   897881.026   898049.005   898515.009   900870.001
  1065:   905870.018   905901.003   905907.016   905957.026   906144.005
  1070:   906614.009   908101.001   913101.018   914552.003   914558.016
  1075:   914608.026   914747.005   915210.009   920998.001   925998.018
  1080:   926438.003   926444.016   926494.026   926666.005   927120.009
  1085:   927167.005   927421.009   927432.005   927781.009   928451.001
  1090:   933316.003   933355.001   933419.003   933513.001   933581.003
  1095:   933692.001   934089.003   935038.001   935062.003   935112.001
  1100:   940112.018   940980.003   940986.016   941036.026   941185.005
  1105:   941535.009   941541.005   941601.009   941677.005   941694.009
  1110:   943470.001   948470.018   950351.003   950357.016   950407.026
  1115:   950586.005   950998.009   951114.005   951131.009   952874.001
  1120:   957874.018   958878.003   958884.016   958934.026   959101.005
  1125:   959491.009   959503.005   959582.009   959921.005   960011.009
  1130:   960083.005   960158.009   960171.005   960184.009   962260.001
  1135:   967260.018   969121.003   969127.016   969177.026   969251.001
  1140:   969318.003   969329.005   969747.009   970235.005   970258.009
  1145:   970299.005   970522.009   972207.001   977207.018   978103.003
  1150:   978109.016   978159.026   978303.005   978776.009   978896.005
  1155:   978920.009   978939.005   979041.009   980746.001   982588.003
  1160:   982676.001   986426.003   986492.001   986971.003   987540.001
  1165:   992540.018   996666.003   996672.016   996722.026   996907.005
  1170:   997302.009   999343.001  1004343.018  1006008.003  1006014.016
  1175:  1006064.026  1006175.001  1006226.005  1006261.003  1006695.009
  1180:  1006862.005  1006946.009  1006995.005  1007036.009  1007977.001
  1185:  1012736.003  1012902.001  1013346.003  1014006.001  1014106.003
  1190:  1014140.001  1019140.018  1020493.003  1020499.016  1020549.026
  1195:  1020740.005  1021084.009  1021180.005  1021374.009  1021551.005
  1200:  1021566.009  1021570.005  1021747.009  1023187.001  1023687.003
  1205:  1023730.001  1028730.018  1029918.003  1029924.016  1029974.026
  1210:  1030097.001  1030139.003  1030196.005  1030860.009  1030891.005
  1215:  1031063.009  1031072.005  1031136.009  1033032.001  1038032.018
  1220:  1038534.003  1038540.016  1038570.001  1038590.026  1038645.003
  1225:  1038745.005  1039080.009  1039275.005  1039385.009  1039404.005
  1230:  1039464.009  1041471.001  1046471.018  1048178.003  1048184.016
  1235:  1048234.026  1048368.005  1049105.009  1049243.005  1049287.009
  1240:  1049301.005  1049457.009  1051546.001  1055707.003  1056318.001
  1245:  1061053.003  1061115.001  1061336.003  1061365.001  1061731.003
  1250:  1062209.001  1067209.018  1067764.003  1067770.016  1067820.026
  1255:  1067939.005  1068645.009  1078208.001  1078271.003  1078490.001
  1260:  1083490.018  1084015.003  1084021.016  1084070.001  1084071.026
  1265:  1084104.003  1084227.005  1084511.009  1084518.005  1084520.009
  1270:  1086246.001  1086717.003  1086753.001  1091753.018  1092088.003
  1275:  1092094.016  1092144.026  1092246.001  1092300.005  1092317.003
  1280:  1092756.009  1094204.001  1094605.003  1094634.001  1099482.003
  1285:  1099632.001  1099824.003  1100421.001  1104867.003  1104937.001
  1290:  1105247.003  1105567.001  1110567.018  1112229.003  1112235.016
  1295:  1112285.026  1112431.005  1112903.009  1114166.001  1119166.018
  1300:  1120996.003  1121002.016  1121052.026  1121102.001  1121132.003
  1305:  1121152.005  1121568.009  1121786.005  1121791.009  1121830.005
  1310:  1121871.009  1124025.001  1129025.018  1130454.003  1130460.016
  1315:  1130510.026  1130618.005  1130865.009  1133371.001  1138371.018
  1320:  1140128.003  1140134.016  1140184.026  1140206.001  1140261.003
  1325:  1140298.005  1140547.009  1142553.001  1147553.018  1148162.003
  1330:  1148168.016  1148182.001  1148218.026  1148231.003  1148414.005
  1335:  1148896.009  1148991.005  1149146.009  1150665.001  1151184.003
  1340:  1151291.001  1156291.018  1156483.003  1156489.016  1156539.026
  1345:  1156705.005  1157197.009  1157234.005  1157268.009  1157493.005
  1350:  1157666.009  1160146.001  1160314.003  1160363.001  1165193.003
  1355:  1165492.001  1165549.003  1165596.001  1170587.003  1170891.001
  1360:  1171309.003  1173276.001  1174038.003  1174063.001  1179063.018
  1365:  1180183.003  1180189.016  1180239.026  1180354.005  1180804.009
  1370:  1182673.001  1182749.003  1182815.001  1187815.018  1187816.003
  1375:  1187822.016  1187872.026  1187993.005  1188816.009  1188835.005
  1380:  1188925.009  1188929.005  1189105.009  1191162.001  1196162.018
  1385:  1200980.003  1200986.016  1201036.026  1201157.005  1201496.009
  1390:  1201529.005  1201543.009  1201561.005  1201562.009  1203211.001
  1395:  1207896.003  1208189.001  1213189.018  1213580.003  1213586.016
  1400:  1213636.026  1213758.005  1214019.009  1214106.005  1214282.009
  1405:  1215701.001  1220701.018  1220880.003  1220886.016  1220936.026
  1410:  1221084.005  1221784.009  1224414.001  1227017.003  1227072.001
  1415:  1227155.003  1228359.001  1232953.003  1233160.005  1233347.009
  1420:  1234078.001  1238862.003  1238894.001  1238942.003  1239101.001
  1425:  1239193.003  1239347.001  1239488.003  1240095.001  1240229.003
  1430:  1240552.001  1245552.018  1247696.003  1247702.016  1247752.026
  1435:  1247844.005  1248205.009  1250254.001  1255254.018  1256833.003
  1440:  1256839.016  1256879.001  1256889.026  1256981.003  1257001.005
  1445:  1257262.009  1257271.005  1257300.009  1257324.005  1257357.009
  1450:  1259729.001  1264729.018  1269704.003  1269710.016  1269760.026
  1455:  1269765.001  1269813.003  1269852.005  1270326.009  1270327.005
  1460:  1270335.009  1270354.005  1270368.009  1270443.005  1270759.009
  1465:  1272692.001  1272727.003  1272751.001  1277751.018  1277815.003
  1470:  1277821.016  1277871.026  1277973.005  1278446.009  1280635.001
  1475:  1285635.018  1286428.003  1286434.016  1286484.026  1286564.005
  1480:  1287081.009  1287149.005  1287154.009  1287252.005  1287272.009
  1485:  1296932.001  1296959.003  1297159.001  1302159.018  1302306.003
  1490:  1302312.016  1302362.026  1302437.005  1303078.009  1304986.001
  1495:  1309986.018  1311152.003  1311158.016  1311208.026  1311278.005
  1500:  1311764.009  1311914.005  1312250.009  1313255.001  1318097.003
  1505:  1318117.001  1318627.003  1318974.001  1319019.003  1319042.001
  1510:  1324042.018  1324300.003  1324306.016  1324356.026  1324497.005
  1515:  1325037.009  1325248.005  1325291.009  1327250.001  1327589.003
  1520:  1327656.001  1332213.003  1332559.001  1332723.003  1332738.001
  1525:  1337503.003  1337692.005  1337804.009  1338382.001  1343382.018
  1530:  1344641.003  1344647.016  1344697.026  1344804.005  1345180.009
  1535:  1345240.005  1345621.009  1352322.001  1352376.003  1352429.001
  1540:  1352453.003  1352726.001  1357665.003  1357732.001  1357997.003
  1545:  1359299.001  1364299.018  1366364.003  1366370.016  1366420.026
  1550:  1366520.005  1367415.009  1367428.005  1367488.009  1369229.001
  1555:  1374018.003  1374105.001  1374142.003  1374507.001  1378971.003
  1560:  1379163.001  1379260.003  1379510.001  1379555.003  1379598.001
  1565:  1384598.018  1385099.003  1385105.016  1385155.026  1385290.005
  1570:  1385533.009  1388027.001  1393027.018  1393778.003  1393784.016
  1575:  1393809.001  1393834.026  1393843.003  1393970.005  1394475.009
  1580:  1396441.001  1401441.018  1401627.003  1401633.016  1401683.026
  1585:  1401823.005  1402470.009  1402856.005  1402892.009  1402999.005
  1590:  1403077.009  1403140.005  1403198.009  1404145.001  1409145.018
  1595:  1409801.003  1409807.016  1409857.026  1409973.005  1410272.009
  1600:  1412900.001  1417814.003  1417990.001  1418109.003  1418130.001
  1605:  1423130.018  1423200.003  1423206.016  1423256.026  1423356.005
  1610:  1423757.009  1423808.005  1424075.009  1430456.001  1435456.018
  1615:  1435915.003  1435921.016  1435971.026  1436117.005  1436591.009
  1620:  1436692.005  1436706.009  1436747.005  1436861.009  1439016.001
  1625:  1444016.018  1444545.003  1444551.016  1444601.026  1444700.005
  1630:  1445111.009  1446672.001  1451672.018  1453010.003  1453016.016
  1635:  1453066.026  1453183.005  1453711.009  1453781.005  1453877.009
  1640:  1453884.005  1453903.009  1456551.001  1461551.018  1462039.003
  1645:  1462045.016  1462095.026  1462232.005  1462510.009  1462601.005
  1650:  1462690.009  1462701.005  1462719.009  1463092.005  1463380.009
  1655:  1464150.001  1464636.003  1464694.001  1469694.018  1469860.003
  1660:  1469866.016  1469916.026  1469940.001  1470014.003  1470024.005
  1665:  1470818.009  1470845.005  1470901.009  1471007.005  1471520.009
  1670:  1471636.005  1471648.009  1471662.005  1471826.009  1471899.005
  1675:  1472148.009  1472965.001  1477965.018  1478305.003  1478311.016
  1680:  1478361.026  1478480.005  1479449.009  1480998.001  1485512.003
  1685:  1486023.001  1486078.003  1486224.001  1491224.018  1491504.003
  1690:  1491510.016  1491560.026  1491672.005  1492012.009  1492034.005
  1695:  1492054.009  1492179.005  1492225.009  1492277.005  1492783.009
  1700:  1494584.001  1499584.018
B:
     0:        0.000      364.000        0.000      363.000        0.000
     5:      306.000        0.000        0.000        0.000      306.000
    10:        0.000        1.000        0.000        1.000        0.000
    15:        0.000      120.000        0.000      121.000        0.000
    20:        0.000        0.000        0.000        0.000        0.000
    25:        0.000      120.000        0.000        0.000        0.000
    30:        0.000
D:
     0:  1688700.000  1683279.000  1680199.000
E:
     0:     5000.000     5000.000
P:
     0:        0.000      180.000      160.000      446.000       58.000
     5:     3683.000      460.000       45.000       71.000     3424.000
    10:       46.000     5172.000      156.000      585.000      100.000
    15:     2785.000       54.000      129.000     2921.000      585.000
    20:       65.000       99.000     6459.000       92.000     4663.000
    25:      101.000       49.000      145.000       31.000     7139.000
    30:        2.000     5533.000      158.000     5536.000      151.000
    35:     6697.000      138.000     7687.000      122.000     6133.000
    40:     5586.000     2190.000       30.000     3441.000     5487.000
    45:      330.000     5799.000      105.000     2781.000     5638.000
    50:     5801.000      370.000     3063.000     5740.000       59.000
    55:     3789.000     5163.000     5401.000      986.000     5289.000
    60:      103.000     3516.000     4672.000      363.000     3814.000
    65:       39.000     3076.000     4270.000       69.000     4732.000
    70:      294.000       17.000    11224.000     4843.000      188.000
    75:     4681.000     1149.000     5359.000      188.000     6452.000
    80:     5296.000      380.000     4840.000     7422.000     1986.000
    85:     4276.000       63.000       46.000     4936.000       71.000
    90:       47.000     3959.000     8166.000     5264.000     2680.000
    95:     3650.000     8226.000     6139.000     5989.000      699.000
   100:       44.000     4321.000      421.000       79.000     6506.000
   105:     3972.000      281.000      111.000     4659.000       18.000
   110:       28.000       67.000      169.000     2905.000     1088.000
   115:     5164.000     4681.000       17.000       36.000       36.000
   120:     4479.000     5505.000      143.000     6772.000      503.000
   125:     4494.000      215.000       86.000     5201.000       47.000
   130:      405.000     7740.000       19.000       53.000      264.000
   135:     5488.000     4704.000      541.000     5993.000       50.000
   140:     5762.000     5117.000      304.000     5219.000       83.000
   145:     6087.000      121.000      204.000     5604.000      289.000
   150:     4570.000       74.000      152.000       96.000     6905.000
   155:       84.000     5104.000     6432.000       29.000       88.000
   160:     3827.000     3897.000     6071.000      436.000     4872.000
   165:      325.000     3995.000      142.000     7182.000     5196.000
   170:      296.000       79.000     5677.000     4414.000      182.000
   175:     3813.000     1107.000     5218.000       50.000     5781.000
   180:      332.000     6411.000     4366.000      340.000     4279.000
   185:     2206.000       53.000     5867.000       64.000     5574.000
   190:       17.000       66.000     5640.000       19.000     4933.000
   195:       46.000      838.000       48.000     4713.000      218.000
   200:     6914.000      143.000     7604.000       39.000     5112.000
   205:     4042.000     7117.000     5521.000       52.000     6772.000
   210:       45.000     1873.000     5120.000       47.000     4583.000
   215:       36.000       61.000      408.000     4997.000     4400.000
   220:     5969.000       87.000     6071.000     4026.000      241.000
   225:     4756.000     7180.000       66.000     6116.000     7149.000
   230:     5970.000      830.000     5143.000     5641.000     6241.000
   235:     4995.000      454.000     7376.000     5031.000     6451.000
   240:     5440.000     4865.000       64.000       68.000      397.000
   245:       24.000     5868.000     6881.000     6004.000     6861.000
   250:       67.000     5896.000     1842.000     3750.000      479.000
   255:     9126.000     6665.000       86.000     4759.000      444.000
   260:      100.000     6353.000      500.000     6188.000       42.000
   265:     5502.000       53.000     6707.000     4161.000     4735.000
   270:      221.000      366.000     5555.000       63.000     5525.000
   275:       31.000      471.000     5335.000       71.000      401.000
   280:     4848.000      192.000     4446.000      310.000     6662.000
   285:     6830.000       30.000     6429.000     6757.000       55.000
   290:     5609.000       11.000      519.000     5192.000      168.000
   295:     4830.000       57.000     4991.000      418.000      762.000
   300:     6120.000       76.000     5001.000     9818.000     4685.000
   305:     5391.000     5179.000     2603.000       83.000     4594.000
   310:     4784.000       48.000       92.000      141.000      134.000
   315:     7144.000     6579.000       90.000     9975.000       48.000
   320:       35.000     5064.000     5793.000       27.000     5147.000
   325:     6166.000     4842.000      510.000       45.000     5258.000
   330:      339.000     4557.000      164.000     4765.000     6259.000
   335:       54.000       24.000     4939.000      265.000     7065.000
   340:     4789.000       37.000     4464.000       97.000       45.000
   345:     5501.000     5751.000        7.000     5186.000     5656.000
   350:     4914.000      119.000     5070.000     5459.000     5529.000
   355:     6338.000     5488.000      486.000     5166.000       74.000
   360:     5340.000     4514.000       55.000     5280.000        0.000
R:
     0:        1.000        0.000        0.000
T:
     0:        0.000        0.000        0.000        0.000
W:
     0:        2.000        0.000        0.000
