File: C:\MED-PC IV\Data\Reyes\AW\AW1050.999


Start Date: 08/25/24
End Date: 08/25/24
Subject: 50
Experiment: AW
Group: PERC
Box: 6
Start Time: 16:09:36
End Time: 16:59:36
MSN: DRRD_perc
C:       0.000
F:       0.000
G:       0.000
H:       0.000
I:       0.000
J:       0.000
K:    8205.000
L:       0.000
M:       0.000
N:       0.000
O:       0.000
Q:     696.350
S:     983.596
U:    1564.000
V:       0.000
X:       0.000
Y:     572.000
Z:       0.000
A:
     0:      208.005      238.009      245.005      278.009      352.005
     5:      382.009      540.005     1172.009     1202.005     1402.009
    10:     1469.005     1576.009     5656.005     5786.009     6206.005
    15:     6857.009     6925.005     6929.009     6952.005     6971.009
    20:    15000.013    15000.011    15925.001    16424.003    16864.005
    25:    16994.009    17003.005    17219.009    17452.005    17479.009
    30:    17657.005    18395.009    19879.005    19903.009    20016.005
    35:    20190.009    22902.001    22923.003    22969.001    24762.003
    40:    24843.001    24916.003    25317.001    25421.003    26710.005
    45:    26785.009    26798.005    26836.009    26874.005    27130.009
    50:    27133.005    27145.009    27179.005    27803.009    38071.005
    55:    38088.009    38095.005    38215.009    38242.005    38281.009
    60:    38449.005    38456.009    38458.005    38509.009    38514.005
    65:    38731.009    54553.005    54562.009    54597.005    54797.009
    70:    54814.005    54872.009    55216.001    55250.003    55487.001
    75:    55748.003    55861.001    57053.003    57141.001    57196.003
    80:    57329.001    58712.003    59029.001    60420.003    60436.001
    85:    60794.003    61401.005    61638.009    61691.005    62049.009
    90:    62383.005    62388.009    77850.005    77897.009    77906.005
    95:    78182.009    88636.005    89700.009    89787.005    90859.009
   100:    91005.005    91781.009    91863.005    91875.009    92100.005
   105:    92112.009    92143.005    92189.009    93961.001    96131.003
   110:    96444.001    96547.003    98655.001    98697.003    98832.001
   115:    99695.003   102052.005   102606.009   102638.005   102821.009
   120:   118752.005   118775.009   118791.005   118850.009   119387.005
   125:   119715.009   119795.005   120442.009   121927.001   122008.003
   130:   122088.001   122148.003   122201.001   122268.003   124806.005
   135:   124932.009   128231.005   128255.009   128320.005   128472.009
   140:   128520.005   128863.009   128944.005   129011.009   129489.005
   145:   129595.009   129636.005   129688.009   129699.005   129760.009
   150:   129788.005   131973.009   131981.005   132099.009   132105.005
   155:   132188.009   132211.005   132257.009   132269.005   133521.009
   160:   133537.005   133557.009   133788.005   133849.009   133963.005
   165:   134641.009   134664.005   134680.009   134729.005   135182.009
   170:   135290.005   135309.009   135542.005   135739.009   135794.005
   175:   136672.009   137302.005   137341.009   138004.005   138065.009
   180:   138089.005   138156.009   138194.005   138198.009   138210.005
   185:   138262.009   138351.005   138608.009   140654.001   143051.003
   190:   144954.005   145009.009   145073.005   145184.009   212798.005
   195:   212829.009   212845.005   214461.009   214548.005   214594.009
   200:   214641.005   216345.009   216397.005   216491.009   219264.005
   205:   221457.009   221697.005   221700.009   224232.005   224325.009
   210:   224486.005   224593.009   225033.005   225042.009   225078.005
   215:   225144.009   225631.005   225646.009   225664.005   225685.009
   220:   225746.005   225759.009   225766.005   225821.009   225998.005
   225:   226023.009   226040.005   226052.009   226055.005   226066.009
   230:   226073.005   226106.009   226115.005   226189.009   226217.005
   235:   226235.009   226241.005   226267.009   226287.005   226333.009
   240:   226348.005   226360.009   226364.005   226496.009   226511.005
   245:   226588.009   226602.005   226635.009   226648.005   226856.009
   250:   226881.005   226888.009   226961.005   227272.009   227294.005
   255:   227332.009   227337.005   227359.009   227652.005   227753.009
   260:   227813.005   227824.009   227917.005   227931.009   228426.005
   265:   228700.009   228766.005   229117.009   229176.005   229370.009
   270:   230218.005   230616.009   230655.005   230718.009   230779.005
   275:   230795.009   230814.005   230825.009   231184.005   231227.009
   280:   234887.005   234899.009   237781.005   239499.009   242203.005
   285:   242452.009   242494.005   242762.009   242774.005   242866.009
   290:   242915.005   243114.009   243516.005   245213.009   246220.005
   295:   248374.009   248485.005   248515.009   248550.005   249309.009
   300:   249734.005   250580.009   250631.005   251828.009   251863.005
   305:   251871.009   251899.005   252365.009   252394.005   252419.009
   310:   252637.005   253498.009   255237.005   255298.009   255432.005
   315:   255681.009   255722.005   255887.009   258440.005   258466.009
   320:   258608.005   258613.009   259095.001   259486.003   259540.001
   325:   261102.003   261182.001   261335.003   261652.001   263086.003
   330:   263137.001   263355.003   264628.001   264655.003   264701.001
   335:   266434.003   267523.001   267612.003   267983.001   268051.003
   340:   268838.001   271326.003   273630.005   273683.009   273737.005
   345:   273902.009   273911.005   273919.009   274100.005   276205.009
   350:   276965.001   279859.003   282106.005   282367.009   293852.005
   355:   294862.009   330012.005   330190.009   330194.005   330212.009
   360:   330228.005   330321.009   330457.005   330950.009   330988.005
   365:   331048.009   331089.005   331288.009   332215.005   332395.009
   370:   332443.005   332613.009   332617.005   332644.009   332834.005
   375:   333009.009   333033.005   333100.009   333104.005   333419.009
   380:   333601.005   333621.009   333626.005   333726.009   333742.005
   385:   333754.009   333819.005   333837.009   333859.005   333872.009
   390:   333882.005   333893.009   333899.005   333915.009   333920.005
   395:   334066.009   334140.005   334155.009   334174.005   334303.009
   400:   334342.005   334531.009   334569.005   337717.009   337734.005
   405:   340087.009   340112.005   341890.009   341939.005   342231.009
   410:   342316.005   342346.009   342368.005   342433.009   342481.005
   415:   342579.009   342644.005   343327.009   343487.005   344035.009
   420:   344068.005   345728.009   345741.005   345753.009   346076.005
   425:   346163.009   424272.005   424452.009   424631.005   424729.009
   430:   463521.005   463652.009   467723.005   467731.009   467746.005
   435:   468103.009   513110.005   513153.009   513837.005   514164.009
   440:   514653.005   514765.009   514771.005   514995.009   515026.005
   445:   516797.009   519222.005   520280.009   636525.005   636885.009
   450:   637199.005   637209.009   637221.005   637244.009   637276.005
   455:   637296.009   637310.005   637331.009   637334.005   637337.009
   460:   637361.005   637630.009   637671.005   638065.009   638072.005
   465:   638163.009   638215.005   638287.009   638314.005   638725.009
   470:   638915.005   639030.009   639034.005   639057.009   639073.005
   475:   639090.009   639171.005   639174.009   639198.005   639207.009
   480:   639251.005   639397.009   639732.005   639820.009   639848.005
   485:   641343.009   641421.005   641459.009   641646.005   641788.009
   490:   740398.005   740608.009   753286.005   753358.009   753381.005
   495:   753437.009   790612.005   790700.009   840451.005   841819.009
   500:   855007.005   855415.009   857580.005   857684.009   857699.005
   505:   857703.009   859302.001   860431.003   860558.001   860604.003
   510:   860920.005   861111.009   882578.005   882618.009   882642.005
   515:   884127.009   884130.005   886470.009   888403.005   888440.009
   520:   888471.005   888983.009   936677.005   936694.009   951637.005
   525:   951662.009   951668.005   951784.009   965271.001   965500.003
   530:   966239.001   966349.003   968226.005   968310.009  1050851.005
   535:  1050871.009  1219954.001  1219976.003  1220043.001  1220166.003
   540:  1220215.001  1220248.003  1220371.001  1220892.003  1221085.001
   545:  1221104.003  1222609.001  1222801.003  1223020.001  1223044.003
   550:  1223136.001  1223269.003  1223300.001  1224765.003  1226313.001
   555:  1228895.003  1233340.005  1234399.009  1236213.005  1236247.009
   560:  1240012.005  1243256.009  1257869.005  1258600.009  1423941.005
   565:  1424020.009  1470266.005  1470454.009  1470466.005  1470532.009
   570:  1477345.005  1477468.009
B:
     0:        0.000       45.000        0.000       45.000        0.000
     5:      240.000        0.000        0.000        0.000      240.000
    10:        0.000        1.000        0.000        1.000        0.000
    15:        0.000        0.000        0.000        0.000        0.000
    20:        0.000        0.000        0.000        0.000        0.000
    25:        0.000        0.000        0.000        0.000        0.000
    30:        0.000
D:
     0:  1230458.000  1227877.000  1230459.000
E:
     0:     4102.500     4102.500
P:
     0:        0.000      499.000       21.000     1793.000       73.000
     5:      104.000       34.000      261.000     1192.000       55.000
    10:     1383.000     1391.000      358.000     2170.000      103.000
    15:       42.000      863.000       81.000       60.000       67.000
    20:     2397.000      391.000     1562.000      153.000     1434.000
    25:      218.000       27.000     1733.000       89.000       68.000
    30:     2488.000     2894.000     1129.000       46.000      229.000
    35:      110.000       22.000      123.000       33.000      521.000
    40:       19.000      192.000       24.000      133.000     1465.000
    45:     2582.000
R:
     0:        1.000   967460.871        0.000
T:
     0:        0.000        0.000        0.000        0.000
W:
     0:        0.000        0.000        0.000
