File: C:\MED-PC IV\Data\Reyes\AW\AW1046.999


Start Date: 08/15/24
End Date: 08/15/24
Subject: 46
Experiment: AW
Group: PERC
Box: 2
Start Time: 15:52:24
End Time: 16:42:24
MSN: DRRD_perc
C:       0.000
F:       0.000
G:       0.000
H:       0.000
I:       0.000
J:       0.000
K:    6866.000
L:       0.000
M:       0.000
N:       0.000
O:       0.000
Q:    1948.350
S:    1276.912
U:   78836.000
V:       0.000
X:       0.000
Y:    1979.000
Z:       0.000
A:
     0:    78567.005     2676.009     2720.005     2795.009     2797.005
     5:     2827.009     2830.005     3197.009     3199.005     4156.009
    10:     4158.005     4173.009     4177.005     4194.009     4206.005
    15:     4243.009     4251.005    15000.013    15000.011    15729.001
    20:    15838.003    15884.001    15912.003    16189.001    16436.003
    25:    16788.009    16803.005    16827.009    16835.005    16868.009
    30:    16870.005    17349.001    17543.003    17545.001    17652.003
    35:    17657.001    17743.003    17750.001    18250.003    18485.001
    40:    18509.003    18518.001    19653.003    19671.001    20031.003
    45:    20543.001    20911.003    20930.001    21152.003    21187.001
    50:    21372.003    21375.001    22333.003    22554.001    22571.003
    55:    22626.001    22878.003    23090.001    23221.003    23310.001
    60:    23606.003    23622.001    24002.003    24046.001    24437.003
    65:    24451.001    25166.003    25197.001    25274.003    25292.001
    70:    25400.003    25412.001    25435.003    26097.001    26290.003
    75:    26308.001    26361.003    26380.001    26549.003    27141.009
    80:    27142.005    27246.009    27247.005    27253.009    27264.005
    85:    27323.009    27326.005    27769.001    27832.003    27881.001
    90:    28323.003    28351.001    28397.003    28422.001    28576.003
    95:    28584.001    28617.003    28622.001    30311.003    30400.001
   100:    30508.003    31136.001    32426.003    32857.001    35378.003
   105:    35749.001    35943.003    35955.001    36360.003    36914.001
   110:    37006.003    37052.001    37131.003    37156.001    37227.003
   115:    37519.001    37858.003    37962.001    38039.003    38043.001
   120:    40490.003    41048.001    41111.003    41226.001    41692.003
   125:    41710.001    42109.003    42129.001    42177.003    42200.001
   130:    42526.003    42557.001    42606.003    42615.001    43252.003
   135:    43255.001    43418.003    43469.001    44181.003    44221.001
   140:    44278.003    45444.009    45453.005    45481.009    45499.005
   145:    45507.009    45521.005    45536.009    45572.005    45591.009
   150:    45604.005    45740.009    45745.005    45787.009    45803.005
   155:    47329.001    47376.003    48554.001    50342.003    50604.009
   160:    50613.005    50623.009    50641.005    50658.009    50673.005
   165:    51788.001    52160.003    52163.001    52276.003    52288.001
   170:    54131.003    54432.001    54496.003    54528.001    54908.003
   175:    54937.001    54985.003    55000.001    55824.003    55945.001
   180:    56361.003    56397.001    56651.003    56697.001    56866.003
   185:    56874.001    59290.003    59300.001    59373.003    59472.001
   190:    59841.003    59881.001    59987.003    59995.001    61271.003
   195:    61313.001    62167.003    62176.001    62249.003    62758.001
   200:    62796.003    63609.009    63612.005    63620.009    63638.005
   205:    63676.009    63677.005    63685.009    63686.005    63792.009
   210:    63797.005    64016.009    64023.005    64129.009    64139.005
   215:    65487.001    67563.003    67955.001    68329.003    68335.001
   220:    70831.003    71184.009    71198.005    72512.001    72580.003
   225:    72691.001    75876.003    76516.001    76687.003    76720.001
   230:    77161.003    77310.001    77763.003    77839.001    80097.003
   235:    81197.001    84176.003    84732.001    84781.003    85419.009
   240:    85434.005    86361.001    87688.003    87731.001    88453.003
   245:    88540.009    88546.005    88562.009    88566.005    88593.009
   250:    88604.005    88743.009    88749.005    88968.001    90324.003
   255:    90434.001    90741.003    90747.001    92580.003    92639.001
   260:    92716.003    93188.001    93208.003    93341.001    93740.003
   265:    93775.001    94401.003    94410.001    95525.003    95559.001
   270:    97223.003    97311.001    97359.003    97906.001    97983.003
   275:    98196.001    98357.003   102014.009   102029.005   102046.009
   280:   102050.005   102374.009   102377.005   102423.009   102432.005
   285:   105959.009   105963.005   106168.009   106185.005   107139.001
   290:   107275.003   107322.001   107491.003   107510.001   109218.003
   295:   109494.001   111046.003   111211.001   111619.003   111626.009
   300:   111628.005   111683.009   111695.005   111795.009   111819.005
   305:   112095.009   112102.005   112305.001   112431.003   112451.001
   310:   114768.003   115450.001   116123.003   116160.001   116186.003
   315:   116374.001   116556.003   116596.001   116670.003   116704.001
   320:   118678.003   118888.001   118945.003   124803.001   124828.003
   325:   125087.009   125090.005   125115.009   125116.005   125125.009
   330:   125126.005   125509.001   127954.003   128483.001   128786.003
   335:   128801.001   129857.003   129870.001   129965.003   130018.001
   340:   130469.003   130663.001   130916.003   131634.001   134035.003
   345:   134344.009   134351.005   134545.009   134553.005   135040.001
   350:   135118.003   135160.001   135222.003   135238.001   135478.003
   355:   145490.009   145493.005   145539.009   145559.005   145762.009
   360:   145769.005   152810.001   152893.003   153206.001   153476.003
   365:   153503.001   153733.003   153755.001   153805.003   154156.009
   370:   154176.005   154203.009   154217.005   161829.001   161917.003
   375:   163662.009   163682.005   163830.009   163834.005   165866.009
   380:   165872.005   167062.001   167173.003   167181.001   167336.003
   385:   167344.001   167541.003   167552.001   168651.003   168677.001
   390:   168773.003   168802.001   168902.003   169561.009   169568.005
   395:   169960.001   172164.003   172185.001   172645.003   172671.001
   400:   172753.003   172862.001   173858.003   173865.001   175103.003
   405:   175473.001   175665.003   176858.009   176860.005   176950.009
   410:   176959.005   177905.001   177968.003   178011.001   178101.003
   415:   178261.001   178307.003   179346.001   179391.003   179517.009
   420:   179519.005   179538.009   179547.005   185220.009   185225.005
   425:   185407.009   185413.005   185428.009   185433.005   185448.009
   430:   185449.005   185490.009   185494.005   186006.009   186057.005
   435:   186202.009   186207.005   186348.009   186364.005   186449.009
   440:   186499.005   186585.009   186625.005   186703.009   186809.005
   445:   186827.009   186843.005   186946.009   186949.005   187432.001
   450:   187620.003   187643.001   189936.003   189966.001   189994.003
   455:   190216.001   190345.003   190372.001   190437.003   191002.009
   460:   191029.005   191141.009   191150.005   191157.009   191160.005
   465:   191215.009   191220.005   191249.009   191251.005   191288.009
   470:   191302.005   191311.009   191316.005   191501.001   191547.003
   475:   191569.001   194119.003   195261.001   195689.003   195725.001
   480:   196098.003   196128.001   199561.018   200309.003   200315.016
   485:   200365.026   200985.009   200995.005   201016.009   201038.005
   490:   201046.009   201070.005   203038.009   203043.005   203064.009
   495:   203065.005   208869.009   208870.005   210555.009   210561.005
   500:   211288.001   214721.018   215064.003   215070.016   215094.001
   505:   215120.026   215135.003   219378.009   219391.005   219416.009
   510:   219421.005   220220.001   221943.003   221997.001   222291.003
   515:   222456.001   222605.003   222646.001   222753.003   222798.001
   520:   222920.003   222927.001   225045.003   225358.009   225359.005
   525:   225622.009   225637.005   225682.009   225702.005   225724.009
   530:   225726.005   226598.001   228787.003   229785.001   229874.003
   535:   229888.001   231952.003   232178.001   232426.003   232930.009
   540:   232936.005   233045.009   233060.005   233260.009   233271.005
   545:   233296.009   233314.005   233327.009   233328.005   233462.009
   550:   233467.005   233477.009   233478.005   233487.009   233499.005
   555:   234219.009   234224.005   235499.001   237468.003   238494.009
   560:   238504.005   238520.009   238521.005   239077.001   239933.003
   565:   239943.001   242481.003   242519.001   242545.003   242751.001
   570:   244949.003   245188.009   245204.005   245839.001   245898.003
   575:   245989.001   247628.003   247945.009   247982.005   248152.009
   580:   248154.005   248162.009   248167.005   248444.001   249823.003
   585:   250963.009   250966.005   251464.001   251623.003   251630.001
   590:   253479.003   253506.001   253865.003   254314.009   254333.005
   595:   254348.009   254370.005   254380.009   254391.005   254402.009
   600:   254403.005   254440.009   254445.005   254673.001   254840.003
   605:   254884.001   256663.003   257018.001   257169.003   259147.001
   610:   261033.003   261804.009   261807.005   262025.009   262040.005
   615:   262055.009   262079.005   262086.009   262108.005   262119.009
   620:   262124.005   267176.009   267184.005   267193.009   267207.005
   625:   267237.009   267241.005   268135.001   270085.003   271416.001
   630:   271493.003   271518.001   273264.003   274502.009   274503.005
   635:   274529.009   274552.005   274570.009   274603.005   274660.009
   640:   274669.005   275390.001   277684.003   277987.001   278250.003
   645:   279232.001   279366.003   279757.001   279936.003   279968.001
   650:   280540.003   281176.001   281332.003   281669.001   281892.003
   655:   281910.001   282006.003   282396.009   282481.005   282488.009
   660:   282490.005   282608.009   282612.005   282872.001   283221.003
   665:   283280.001   284952.003   285707.001   285858.003   285924.001
   670:   286011.003   286098.001   286147.003   286171.001   289225.003
   675:   290072.001   292749.003   293951.001   296341.003   296527.001
   680:   296555.003   297290.001   300483.003   300592.009   300593.005
   685:   300766.009   300779.005   301186.001   302812.003   303818.001
   690:   303923.003   303929.001   304116.003   304134.001   305316.003
   695:   306664.001   308418.003   308492.001   308549.003   308707.001
   700:   311680.003   312126.009   312130.005   313193.001   314952.003
   705:   314964.001   315109.003   316167.001   318435.003   319378.009
   710:   319387.005   323021.009   323025.005   323147.009   323167.005
   715:   324065.001   324147.003   324215.001   327648.018   329486.003
   720:   329492.016   329510.001   329533.003   329542.026   332691.001
   725:   334720.003   335437.001   338320.003   338848.009   338853.005
   730:   338880.009   338892.005   339032.001   339599.003   339666.001
   735:   341520.003   341580.009   341592.005   341679.009   341684.005
   740:   342223.001   342251.003   342612.001   344472.003   345029.009
   745:   345030.005   346443.001   348493.003   348524.001   348619.003
   750:   348647.001   349144.003   349193.001   349261.003   349299.001
   755:   350548.003   351251.001   352886.003   353591.001   353777.003
   760:   353799.001   355285.003   355698.009   355701.005   355722.009
   765:   355774.005   356079.009   356082.005   356100.009   356106.005
   770:   356122.009   356130.005   356604.009   356608.005   356672.009
   775:   356720.005   357252.001   358676.003   358943.001   359299.003
   780:   359705.001   361973.003   362217.001   364124.003   364139.001
   785:   364592.003   364808.009   364811.005   366135.001   366340.003
   790:   366359.001   368640.003   369229.001   372020.003   372169.009
   795:   372192.005   386932.009   386949.005   387010.009   387036.005
   800:   387598.001   387678.003   387713.001   389237.003   389348.001
   805:   389376.003   389964.009   389975.005   390000.009   390005.005
   810:   390466.001   392657.003   392722.009   392723.005   392903.009
   815:   392911.005   392926.009   392935.005   393267.001   395158.003
   820:   396150.001   396300.003   396320.001   396508.003   396512.001
   825:   396608.003   396615.001   397740.003   397985.001   398895.003
   830:   398910.001   400761.003   402407.001   404366.003   404459.009
   835:   404463.005   405182.009   405183.005   405206.009   405208.005
   840:   405419.009   405421.005   405637.009   405638.005   405645.009
   845:   405648.005   405855.009   405859.005   406236.001   409669.018
   850:   411531.003   411537.016   411576.001   411587.026   411695.003
   855:   412480.009   412494.005   412623.009   412631.005   414384.001
   860:   414527.003   415098.001   416720.003   416765.001   416920.003
   865:   416949.001   417345.003   417494.001   417629.003   417664.001
   870:   417977.003   418205.001   419486.003   419928.001   421968.003
   875:   422063.001   422207.003   422352.001   424555.003   425024.009
   880:   425028.005   425079.009   425100.005   425148.009   425149.005
   885:   425655.001   427432.003   427998.001   428212.003   428238.001
   890:   430191.003   430602.009   430619.005   430919.009   430923.005
   895:   431037.009   431042.005   431656.001   433431.003   433902.001
   900:   434821.003   435207.001   437513.003   437559.001   438222.003
   905:   442012.009   442019.005   442066.009   442072.005   442789.001
   910:   442820.003   443374.001   443808.003   444007.001   445951.003
   915:   446494.009   446503.005   446906.001   448781.003   448976.001
   920:   449372.003   449666.001   449943.003   450378.001   451307.003
   925:   451322.001   452678.003   452898.009   452908.005   452929.009
   930:   452948.005   452975.009   452989.005   455900.009   455907.005
   935:   455940.009   455943.005   456056.009   456058.005   456092.009
   940:   456102.005   457737.009   457768.005   457816.009   457835.005
   945:   457873.009   457875.005   458097.009   458100.005   458809.001
   950:   459958.003   460322.001   463755.018   463946.003   463952.016
   955:   464002.026   464769.009   464770.005   464815.009   464838.005
   960:   464848.009   464856.005   464865.009   464876.005   464961.009
   965:   464981.005   464988.009   464991.005   465012.009   465016.005
   970:   465051.009   465098.005   465142.009   465146.005   465201.009
   975:   465203.005   465326.009   465330.005   465365.009   465366.005
   980:   465383.009   465387.005   468758.001   469188.003   469197.001
   985:   470790.003   472273.001   473880.003   474930.001   475629.003
   990:   475733.001   477778.003   478380.009   478397.005   478991.009
   995:   478992.005   479465.001   481678.003   482332.009   482360.005
  1000:   482508.001   485277.003   486245.009   486250.005   486465.009
  1005:   486467.005   486491.009   486500.005   487132.009   487140.005
  1010:   487705.001   490604.003   492084.001   494956.003   496771.001
  1015:   497223.003   497288.001   499979.003   500567.001   501232.003
  1020:   501580.009   501581.005   501727.009   501747.001   501755.005
  1025:   501809.003   501917.009   501920.005   502391.001   503123.003
  1030:   504025.001   504877.003   504952.009   504960.005   505652.009
  1035:   505653.005   505911.001   506227.003   506343.001   507869.003
  1040:   508988.001   509138.003   509188.001   509261.003   509300.001
  1045:   511747.003   511946.009   511953.005   511997.009   512000.005
  1050:   512655.001   514708.003   514753.001   515301.003   515800.001
  1055:   516202.003   516683.009   516699.005   516726.009   516738.005
  1060:   516842.009   516847.005   517026.009   517028.005   517039.009
  1065:   517040.005   517065.009   517081.005   517089.009   517090.005
  1070:   517105.009   517110.005   517119.009   517123.005   519348.001
  1075:   519590.003   520622.009   520631.005   520871.009   520872.005
  1080:   520924.009   520926.005   520932.009   520934.005   524281.009
  1085:   524290.005   524297.009   524299.005   525014.001   527505.003
  1090:   529304.001   529321.003   532871.001   532926.003   533040.001
  1095:   533337.003   533828.001   534391.003   534459.001   534899.003
  1100:   534904.001   536429.003   536586.009   536587.005   539010.001
  1105:   540150.003   541352.001   544763.003   546073.001   546096.003
  1110:   546111.001   548420.003   548728.009   548730.005   549095.009
  1115:   549100.005   549380.009   549382.005   549735.001   551055.003
  1120:   551060.001   552137.003   552535.001   552616.003   552636.001
  1125:   553088.003   554914.001   554989.003   555119.001   555373.003
  1130:   555419.001   557643.003   557681.001   558191.003   558791.001
  1135:   560880.003   562465.001   562805.003   563584.001   563640.003
  1140:   563674.001   564094.003   564109.001   564480.003   565129.001
  1145:   567988.003   569472.001   569535.003   570164.001   572949.003
  1150:   573731.009   573732.005   574490.001   577283.003   578522.001
  1155:   581110.003   581608.001   581863.003   582267.001   584438.003
  1160:   584687.001   586574.003   586598.001   588248.003   590494.001
  1165:   591172.003   604286.001   604337.003   604353.001   604523.003
  1170:   604526.001   606262.003   607791.001   607844.003   607998.001
  1175:   608027.003   608055.001   608105.003   608205.001   608298.003
  1180:   608322.001   608337.003   608349.001   611412.003   612463.001
  1185:   614231.003   614536.001   614839.003   615849.009   615853.005
  1190:   616025.009   616046.005   616566.001   618234.003   618852.001
  1195:   621655.003   622858.001   622921.003   623061.001   623234.003
  1200:   623257.001   625291.003   625332.001   625488.003   626140.009
  1205:   626144.005   626151.009   626152.005   627145.001   627557.003
  1210:   627576.001   627878.003   627891.001   631135.003   631198.001
  1215:   631406.003   632566.001   632895.003   632937.001   635732.003
  1220:   641034.001   641524.003   657244.009   657248.005   657281.009
  1225:   657291.005   657299.009   657304.005   657383.009   657394.005
  1230:   657912.001   657976.003   658103.001   659075.003   659139.001
  1235:   660594.003   661170.001   664598.003   664899.001   664919.003
  1240:   664945.001   667732.003   668576.001   670778.003   671816.001
  1245:   673697.003   674108.009   674109.005   674710.001   677643.003
  1250:   678719.001   681507.003   682044.001   682962.003   683890.001
  1255:   685255.003   685297.001   685359.003   685458.001   685700.003
  1260:   685757.001   687724.003   688993.001   689032.003   689063.001
  1265:   689240.003   689295.001   691513.003   692176.001   692343.003
  1270:   695558.009   695567.005   696500.001   696734.003   696846.001
  1275:   697136.003   697207.001   699333.003   699444.001   699501.003
  1280:   699648.001   699834.003   699852.001   702576.003   703753.001
  1285:   705548.003   705723.001   705956.003   706247.009   706255.005
  1290:   706623.001   708003.003   708018.001   709790.003   711269.009
  1295:   711270.005   711866.001   712009.003   713068.009   713087.005
  1300:   713857.001   717142.003   718803.001   721518.003   726095.001
  1305:   726266.003   726343.001   726396.003   726858.001   727052.003
  1310:   727139.001   728743.003   729040.001   729189.003   729228.001
  1315:   732661.018   732917.003   732923.016   732973.026   733859.009
  1320:   733878.005   733918.009   733944.005   736500.001   736883.003
  1325:   737434.001   738136.003   738176.001   738369.003   738402.001
  1330:   738640.003   738871.001   741011.003   743006.001   743033.003
  1335:   743078.001   743158.003   743224.001   743352.003   743363.001
  1340:   745113.003   746341.001   748196.003   748451.001   751215.003
  1345:   751692.009   751702.005   752341.001   755774.018   756045.003
  1350:   756051.016   756101.026   756921.009   756931.005   758273.009
  1355:   758275.005   758296.009   758297.005   758329.009   758331.005
  1360:   759088.009   759089.005   759121.009   759129.005   760095.001
  1365:   762450.003   762510.001   763843.003   764480.001   764548.003
  1370:   764707.001   764792.003   764833.001   764908.003   764929.001
  1375:   765341.003   765363.001   765758.003   765792.001   765936.003
  1380:   765982.001   767556.003   769706.001   769896.003   769937.001
  1385:   770508.003   770542.001   772545.003   773496.001   776204.003
  1390:   779794.001   781443.003   782510.001   784591.003   785462.001
  1395:   788498.003   789371.001   792804.018   792824.003   792830.016
  1400:   792880.026   796733.001   799725.003   800319.009   800323.005
  1405:   801514.009   801517.005   802160.001   804068.003   804393.001
  1410:   805605.003   807299.001   807760.003   807771.001   810407.003
  1415:   811140.009   811141.005   812253.001   814641.003   815316.001
  1420:   816547.003   817236.001   820222.003   821152.001   821207.003
  1425:   821232.001   822010.003   825478.001   827627.003   827681.001
  1430:   827934.003   830233.001   832928.003   833099.001   834306.003
  1435:   834448.001   834513.003   834636.001   834689.003   835438.001
  1440:   838253.003   838301.001   838809.003   839459.001   842007.003
  1445:   842045.001   843001.003   843063.001   845234.003   845457.001
  1450:   845561.003   846960.001   850338.003   850800.009   850801.005
  1455:   850993.009   850998.005   851187.009   851188.005   851815.001
  1460:   855248.018   855319.003   855325.016   855375.026   861309.001
  1465:   864235.003   864877.009   864880.005   864916.009   864918.005
  1470:   864944.009   864950.005   865651.001   867771.003   867889.001
  1475:   868509.003   870145.009   870147.005   870170.009   870173.005
  1480:   870644.001   872694.003   872846.001   873101.003   874945.001
  1485:   875167.003   875186.001   875323.003   875350.001   875383.003
  1490:   875488.001   877932.003   878940.009   878944.005   879394.001
  1495:   882046.003   882196.009   882201.005   885593.001   888602.003
  1500:   890999.001   893840.003   895230.001   897511.003   897551.001
  1505:   898003.003   898720.001   901758.003   903092.009   903094.005
  1510:   904493.001   907337.003   908928.009   908933.005   908974.009
  1515:   908977.005   910090.001   910277.003   910323.001   910376.003
  1520:   910403.001   912631.003   916301.009   916303.005   917096.001
  1525:   919330.003   923879.001   924698.003   924703.001   925964.003
  1530:   927626.001   930085.003   931585.001   934445.003   934961.009
  1535:   934965.005   935546.001   936325.003   936336.001   938285.003
  1540:   942031.009   942049.005   942070.009   942073.005   942812.001
  1545:   945942.003   946511.001   948287.003   951313.001   954178.003
  1550:   955925.001   958590.003   959816.001   961504.003   961556.001
  1555:   964726.003   966417.009   966418.005   967160.001   967578.003
  1560:   967590.001   969832.003   973068.001   975067.003   977264.001
  1565:   979998.003   982646.001   985979.003   987793.009   987797.005
  1570:   989809.001   992782.003   994390.001   997530.003  1000416.001
  1575:  1000541.003  1000636.001  1003492.003  1004314.009  1004325.005
  1580:  1004791.001  1006395.003  1010452.001  1010715.003  1010750.001
  1585:  1014183.018  1014325.003  1014331.016  1014381.026  1015706.009
  1590:  1015708.005  1015862.009  1015874.005  1015883.009  1015888.005
  1595:  1015987.009  1015992.005  1017150.009  1017162.005  1018094.001
  1600:  1018395.003  1019011.001  1021086.003  1022308.001  1024171.003
  1605:  1024196.001  1024926.003  1024965.001  1025017.003  1025511.009
  1610:  1025514.005  1025966.001  1028788.003  1029916.009  1029918.005
  1615:  1030532.001  1033810.003  1034881.001  1037428.003  1040021.001
  1620:  1043030.003  1044773.001  1048113.003  1050285.001  1053718.018
  1625:  1054242.003  1054248.016  1054298.026  1054301.017  1057345.009
  1630:  1057346.005  1058588.001  1058910.003  1058977.001  1061696.003
  1635:  1064355.001  1066966.003  1067019.001  1067340.003  1069455.001
  1640:  1072564.003  1073512.001  1075761.003  1079482.001  1082697.003
  1645:  1083983.001  1084052.003  1084193.001  1087667.003  1092224.001
  1650:  1093689.003  1096513.001  1099565.003  1101483.001  1101812.003
  1655:  1101878.001  1103703.003  1104651.009  1104653.005  1106527.001
  1660:  1106657.003  1106684.001  1106894.003  1106940.001  1107281.003
  1665:  1107287.001  1109673.003  1111063.001  1112751.003  1113698.009
  1670:  1113701.005  1114155.001  1116581.003  1118941.001  1119189.003
  1675:  1119245.001  1119318.003  1119386.001  1119529.003  1119564.001
  1680:  1120297.003  1120824.001  1123088.003  1124257.001  1127200.003
  1685:  1127576.009  1127578.005  1128104.001  1130542.003  1130592.001
  1690:  1130668.003  1131469.001  1132555.003  1132570.001  1134722.003
  1695:  1136663.001  1136979.003  1137033.001  1138565.003  1141029.001
  1700:  1142434.003  1143480.001  1145848.003  1145872.001  1146050.003
  1705:  1147198.001  1147427.003  1147511.001  1147575.003  1147624.001
  1710:  1147804.003  1158863.001  1159523.003  1160206.001  1163475.003
  1715:  1165410.001  1165477.003  1165522.001  1166906.003  1168396.001
  1720:  1171351.003  1173699.001  1176738.003  1177878.001  1181300.003
  1725:  1182142.001  1184319.003  1186830.001  1190336.018  1190466.003
  1730:  1190472.016  1190522.026  1192801.009  1192806.005  1192983.009
  1735:  1192986.005  1193840.001  1195837.003  1195874.001  1196358.003
  1740:  1199047.001  1200527.003  1200578.001  1200733.003  1201173.001
  1745:  1203631.003  1205136.001  1206918.003  1206963.001  1207298.003
  1750:  1208144.001  1210742.003  1211579.001  1213635.003  1216041.001
  1755:  1218085.003  1220241.009  1220245.005  1221028.001  1221117.003
  1760:  1221162.001  1223240.003  1225466.001  1227780.003  1230551.001
  1765:  1233019.003  1235309.001  1235370.003  1235420.001  1235748.003
  1770:  1235758.001  1237300.003  1237323.001  1239416.003  1239565.001
  1775:  1239594.003  1240510.001  1243069.003  1246720.001  1249621.003
  1780:  1251364.001  1254066.003  1256681.001  1256758.003  1256866.001
  1785:  1256993.003  1258420.009  1258421.005  1260161.001  1260215.003
  1790:  1260268.001  1260316.003  1262353.001  1262373.003  1262399.001
  1795:  1263710.003  1264619.001  1266752.003  1267368.009  1267373.005
  1800:  1271164.009  1271170.005  1271603.001  1271889.003  1273312.001
  1805:  1273374.003  1273542.001  1276052.003  1276306.001  1276514.003
  1810:  1279729.001  1279924.003  1280077.001  1283030.003  1284174.001
  1815:  1286828.003  1288513.001  1290981.003  1292533.001  1292657.003
  1820:  1292664.001  1295071.003  1297969.001  1298290.003  1298363.001
  1825:  1300610.003  1306017.001  1306209.003  1306227.001  1306330.003
  1830:  1306368.001  1306607.003  1308588.001  1308851.003  1315773.001
  1835:  1316404.003  1316409.001  1318517.003  1319807.001  1322163.003
  1840:  1323504.001  1326464.003  1327584.001  1330780.003  1332754.001
  1845:  1332988.003  1360257.001  1360752.003  1362096.001  1362132.003
  1850:  1362190.001  1363213.003  1364899.001  1365547.003  1369924.001
  1855:  1369984.003  1375077.001  1375157.003  1375528.001  1376896.003
  1860:  1378262.001  1378520.003  1380918.001  1381201.003  1381242.001
  1865:  1381362.003  1383778.001  1387284.018  1387977.003  1387983.016
  1870:  1388033.026  1391855.001  1392218.003  1392249.001  1392508.003
  1875:  1392541.001  1392793.003  1392855.001  1395602.003  1396893.001
  1880:  1397323.003  1397414.001  1397674.003  1397717.001  1399956.003
  1885:  1401544.001  1405050.018  1405262.003  1405268.016  1405300.001
  1890:  1405318.026  1405357.003  1409136.001  1409233.003  1409629.001
  1895:  1409660.003  1409845.001  1410627.003  1410686.001  1412472.003
  1900:  1413926.001  1416324.003  1416460.001  1416994.003  1418079.001
  1905:  1421585.018  1421637.003  1421643.016  1421693.026  1425157.001
  1910:  1426002.003  1426027.001  1426051.003  1426135.001  1426281.003
  1915:  1426304.001  1426330.003  1426368.001  1427185.003  1427376.001
  1920:  1427438.003  1427464.001  1427563.003  1427641.001  1428274.003
  1925:  1428333.001  1428427.003  1428465.001  1430458.003  1432335.001
  1930:  1432596.003  1432644.001  1433240.003  1433266.001  1434088.003
  1935:  1434190.001  1434268.003  1434291.001  1434652.003  1434678.001
  1940:  1436430.003  1437930.001  1439968.003  1439993.001  1440080.003
  1945:  1441362.001  1444276.003  1445126.001  1448022.003  1450073.001
  1950:  1453488.003  1454727.001  1454770.003  1455111.001  1455665.003
  1955:  1455680.001  1458197.003  1461079.001  1463935.003  1465464.001
  1960:  1467489.003  1467508.001  1468497.003  1473057.001  1475368.003
  1965:  1476847.001  1480353.018  1480679.003  1480685.016  1480735.026
  1970:  1484424.001  1487901.003  1489322.001  1492198.003  1494407.001
  1975:  1497593.003  1498806.001  1499566.003  1499582.001
B:
     0:        0.000      664.000        0.000      663.000        0.000
     5:      301.000        0.000        0.000        0.000      300.000
    10:        0.000        1.000        0.000        1.000        0.000
    15:        0.000       16.000        1.000       16.000        0.000
    20:        0.000        0.000        0.000        0.000        0.000
    25:        0.000       16.000        0.000        0.000        0.000
    30:        0.000
D:
     0:  1578841.000  1578418.000  1578402.000
E:
     0:     3433.000     3505.931
P:
     0:        0.000      109.000       28.000      247.000      194.000
     5:      100.000       82.000      498.000       24.000     1135.000
    10:      360.000      368.000      222.000      185.000      952.000
    15:       17.000      252.000      131.000      296.000      380.000
    20:      391.000      715.000       77.000      108.000       23.000
    25:      193.000       53.000      169.000       63.000      442.000
    30:       46.000      154.000       32.000     1685.000      108.000
    35:     1290.000     2521.000      194.000      405.000       92.000
    40:       79.000       71.000      339.000       77.000     2442.000
    45:       63.000      466.000      399.000       48.000      326.000
    50:       49.000      637.000      157.000      712.000       57.000
    55:       47.000     1788.000      372.000      107.000     1843.000
    60:       64.000      380.000       48.000      824.000      416.000
    65:      254.000      169.000     2415.000       73.000      369.000
    70:      106.000     1275.000      854.000       73.000       38.000
    75:     2076.000      374.000     2493.000       68.000     3185.000
    80:      171.000      441.000      453.000     2258.000     2979.000
    85:       49.000     1327.000      722.000     1356.000      307.000
    90:     1830.000       77.000       20.000      399.000      626.000
    95:     1115.000     1664.000       48.000       77.000      161.000
   100:      136.000      169.000     1708.000     1552.000      408.000
   105:      126.000     2317.000      673.000       26.000      182.000
   110:       74.000     1974.000       57.000       25.000     2445.000
   115:      303.000     1056.000       95.000      451.000      253.000
   120:     2401.000       78.000       62.000      240.000       83.000
   125:      270.000      230.000       50.000       88.000      111.000
   130:      154.000      196.000     1099.000       96.000      100.000
   135:     2204.000      460.000       82.000      996.000     1236.000
   140:      192.000       63.000       90.000       46.000       45.000
   145:      188.000     2293.000       28.000      129.000       65.000
   150:       46.000     2550.000      428.000      373.000     4181.000
   155:     3776.000       11.000     1723.000      294.000      149.000
   160:      107.000      122.000     2116.000     2189.000       89.000
   165:     2064.000      248.000     1969.000      856.000     2538.000
   170:       26.000     2198.000       59.000     1639.000     1379.000
   175:      159.000     1847.000      359.000      167.000     1779.000
   180:      151.000     1886.000     1950.000       77.000     1746.000
   185:     2294.000      263.000      134.000      179.000      572.000
   190:      156.000      223.000       96.000      349.000     1672.000
   195:      151.000       87.000       49.000     3054.000     2677.000
   200:     2390.000       28.000     3193.000     1626.000      105.000
   205:      184.000     1182.000     1754.000       57.000     2973.000
   210:     1759.000      145.000     2268.000       82.000     5271.000
   215:        0.000     2029.000     2883.000      567.000     1854.000
   220:       28.000     1860.000     2050.000       95.000      497.000
   225:       68.000     1249.000     1635.000      186.000     1486.000
   230:     1424.000      356.000     2268.000     1907.000      453.000
   235:      205.000     2281.000     2791.000       80.000     1524.000
   240:       28.000     2191.000     1891.000      150.000      188.000
   245:       91.000     1123.000      910.000     1851.000     1959.000
   250:     5295.000      104.000      143.000     1622.000      155.000
   255:      396.000      135.000      313.000     1281.000     2040.000
   260:      144.000     2203.000     1777.000      214.000     1953.000
   265:     1775.000      919.000     2306.000      663.000       31.000
   270:      434.000     1944.000     1875.000      396.000      277.000
   275:      929.000     1356.000     1149.000     3624.000      430.000
   280:     1593.000     1607.000      699.000     2045.000     2213.000
   285:     2769.000     2899.000     2872.000      452.000     2691.000
   290:      665.000       62.000      732.000      852.000      316.000
   295:     1526.000      150.000       73.000     2447.000     2053.000
   300:      548.000      402.000      242.000     2491.000       17.000
   305:       55.000      297.000      563.000      440.000     1521.000
   310:     1140.000     3411.000       23.000     2309.000     1320.000
   315:     1073.000       81.000      452.000       75.000      254.000
   320:     2224.000      510.000     2089.000      340.000       56.000
   325:      420.000      371.000     2859.000       63.000     2785.000
   330:     2793.000     2588.000      255.000     2171.000     1887.000
   335:     1650.000      678.000       51.000      170.000     1730.000
   340:       53.000       29.000       50.000       93.000       15.000
   345:     3063.000     1768.000      303.000     1668.000     2803.000
   350:       63.000      173.000     2034.000      156.000      412.000
   355:      302.000     3244.000      208.000      329.000     2795.000
   360:      490.000       64.000      972.000     1455.000     3428.000
   365:       20.000     2787.000     2202.000     1881.000     2933.000
   370:     2788.000      918.000     1365.000       62.000      242.000
   375:     1967.000       39.000      177.000     2218.000      167.000
   380:      234.000      290.000     2126.000       57.000      186.000
   385:     2724.000     1795.000      233.000     1380.000     1772.000
   390:      143.000     3285.000     2715.000      171.000       53.000
   395:      194.000     1604.000      149.000     3689.000      383.000
   400:      702.000      193.000      238.000     2140.000       27.000
   405:       80.000      128.000     1750.000     1855.000     2764.000
   410:     3704.000     2355.000     1333.000       68.000       85.000
   415:       75.000      412.000      395.000      144.000     1574.000
   420:      190.000      571.000     2003.000     2708.000     1649.000
   425:     2081.000     3036.000     3453.000     2992.000     1908.000
   430:     1212.000      461.000     2636.000     2388.000     1231.000
   435:     2986.000       55.000      778.000     2149.000      253.000
   440:     2695.000     1207.000       65.000       53.000     2815.000
   445:      508.000     2548.000      956.000     2171.000      104.000
   450:     3378.000     3504.000     2926.000     2120.000      620.000
   455:     2050.000      255.000      222.000      137.000       33.000
   460:     2444.000     2652.000     3009.000     2841.000     2281.000
   465:      452.000     3038.000     2844.000      187.000       53.000
   470:     2228.000     2234.000      819.000     1257.000     2459.000
   475:     2860.000      779.000     1949.000     3130.000     1776.000
   480:     2865.000     2665.000     1688.000     3170.000      418.000
   485:     2242.000     1999.000     2734.000     3333.000     2973.000
   490:     3140.000      125.000     2856.000     1604.000      263.000
   495:     3575.000      301.000     2075.000     1863.000      730.000
   500:       52.000     2822.000     3278.000     2547.000     3009.000
   505:     3340.000     3957.000      322.000     2719.000     2611.000
   510:      321.000     3109.000     2249.000     3215.000       69.000
   515:     3474.000     1465.000     3052.000      329.000     1825.000
   520:      130.000      210.000      341.000     2383.000     1688.000
   525:     2426.000      248.000       73.000      143.000      733.000
   530:     2264.000     2943.000     2438.000       76.000     1086.000
   535:     2152.000      316.000     1532.000     1405.000     2368.000
   540:      178.000      229.000       64.000      180.000      660.000
   545:     3269.000       67.000     1384.000     2955.000     3039.000
   550:     3422.000     2177.000     3636.000     1997.000      484.000
   555:     1480.000      155.000     2458.000     1782.000      335.000
   560:     2598.000     2056.000     2044.000       89.000     2078.000
   565:     2314.000     2468.000       61.000      328.000     1542.000
   570:     2093.000       29.000     2559.000     2901.000     2702.000
   575:       77.000      127.000       54.000       48.000       20.000
   580:     1311.000     2133.000      286.000       62.000     2510.000
   585:      208.000      195.000     2953.000     2654.000     2468.000
   590:      124.000     2405.000      321.000     2247.000      192.000
   595:      103.000      239.000      263.000      631.000     2104.000
   600:     2356.000     2960.000     3196.000      234.000      495.000
   605:       36.000     1023.000      648.000       60.000       80.000
   610:     1368.000      258.000      283.000      120.000     4199.000
   615:      363.000      259.000      252.000     2747.000      430.000
   620:      260.000     2239.000     3718.000       35.000       97.000
   625:       31.000      782.000     1786.000     2398.000      534.000
   630:     3558.000      845.000       24.000      146.000       26.000
   635:      817.000       62.000       99.000      633.000       94.000
   640:     1993.000      261.000      596.000      822.000       78.000
   645:      361.000     1752.000     2038.000       87.000     2914.000
   650:     2896.000     3415.000       43.000      554.000     2517.000
   655:     2856.000     2025.000      989.000     2311.000     3832.000
   660:     3477.000     2876.000     3186.000      760.000        0.000
R:
     0:        1.000  1630504.555        0.000
T:
     0:        0.000        0.000        0.000        0.000
W:
     0:        2.000        2.000        0.000
