File: C:\MED-PC IV\Data\Reyes\AW\AW1050.999


Start Date: 08/18/24
End Date: 08/18/24
Subject: 50
Experiment: AW
Group: PERC
Box: 6
Start Time: 15:57:16
End Time: 16:47:16
MSN: DRRD_perc
C:       0.000
F:       0.000
G:       0.000
H:       0.000
I:       0.000
J:       0.000
K:    8205.000
L:       0.000
M:       0.000
N:       0.000
O:       0.000
Q:    1498.300
S:    1440.376
U:    2239.000
V:       0.000
X:       0.000
Y:    1341.000
Z:       0.000
A:
     0:    15000.013    15000.011    16062.001    20165.018    20822.003
     5:    20828.016    20878.026    20966.005    21594.009    21605.005
    10:    21633.009    21666.005    21846.009    21899.005    22050.009
    15:    23569.005    23595.009    23602.005    23637.009    23686.005
    20:    23800.009    24405.001    26748.003    27149.005    27153.009
    25:    27254.005    27326.009    27763.001    29908.003    30454.001
    30:    32256.003    33785.005    34012.009    34098.005    34134.009
    35:    34642.001    34750.003    34764.001    36784.003    36814.001
    40:    37165.003    37601.001    40090.003    40636.001    40653.003
    45:    40683.001    40697.003    40732.001    41595.003    41646.001
    50:    41724.003    41793.001    41979.003    42510.001    42981.003
    55:    43075.001    43221.003    43731.001    44069.003    44103.001
    60:    44845.003    45525.001    45698.003    45801.001    48087.003
    65:    49188.005    50083.009    54220.001    54441.003    54476.001
    70:    56587.003    57069.005    57192.009    57423.005    57573.009
    75:    57591.005    57640.009    58298.001    58341.003    58371.001
    80:    60904.003    61561.005    61582.009    61998.001    62068.003
    85:    62124.001    64391.003    65086.001    67125.003    67639.001
    90:    69736.003    72340.005    72723.009    74165.001    74235.003
    95:    74279.001    74339.003    74354.001    75937.003    75994.001
   100:    76209.003    77507.005    77661.009    77709.005    77811.009
   105:    78141.001    82244.018    82550.003    82556.016    82606.026
   110:    82641.005    83718.009    83723.005    83822.009    83871.005
   115:    84198.009    84877.005    85231.009    85270.005    85281.009
   120:    86131.001    87692.003    88224.001    88463.003    88472.001
   125:    90029.003    90657.005    90663.009    90666.005    90997.009
   130:    91022.005    91162.009    91180.005    91399.009    92052.001
   135:    94005.003    94780.001    96865.003    98807.001   100157.003
   140:   102279.005   102647.009   105623.005   105821.009   108329.001
   145:   109913.003   110295.005   110558.009   110588.005   110983.009
   150:   112384.001   114660.003   115541.005   115758.009   116193.001
   155:   116729.003   117277.001   118931.003   118964.001   119092.003
   160:   119717.005   119876.009   120313.001   122036.003   122519.001
   165:   122630.003   122645.001   122674.003   122724.001   123685.003
   170:   123697.001   123869.003   125450.005   125461.009   125964.005
   175:   126058.009   129494.005   129586.009   130321.001   130532.003
   180:   130565.001   132271.003   132328.001   132437.003   132895.005
   185:   133209.009   134612.005   134616.009   134918.001   135005.003
   190:   135261.001   136084.003   136478.001   136502.003   136932.005
   195:   137029.009   137036.005   137169.009   137550.001   137850.003
   200:   137866.001   137915.003   137939.001   139491.003   139894.005
   205:   140072.009   140344.005   140656.009   140691.005   140714.009
   210:   140970.005   141231.009   141282.005   141436.009   143536.001
   215:   145449.003   146488.005   146809.009   149601.001   151214.003
   220:   151479.005   151508.009   151529.005   151543.009   152961.005
   225:   152970.009   153164.005   153281.009   153931.001   156123.003
   230:   156227.001   156243.003   157724.001   157743.003   159075.005
   235:   159181.009   159603.005   159808.009   160534.005   160544.009
   240:   160550.005   160602.009   161547.001   163224.003   163702.005
   245:   164217.009   164303.005   164399.009   164689.005   164723.009
   250:   165673.001   165739.003   165748.001   167773.003   168817.005
   255:   169035.009   169058.005   169245.009   169303.005   169452.009
   260:   170008.001   171678.003   172127.005   172449.009   173308.001
   265:   176069.003   176960.005   177200.009   177765.001   179315.003
   270:   181040.005   181196.009   182505.001   183106.003   183895.005
   275:   184044.009   184672.005   184886.009   185228.005   185338.009
   280:   186632.005   186714.009   186802.005   186850.009   186868.005
   285:   186894.009   186907.005   187136.009   187229.005   187255.009
   290:   187261.005   187272.009   187280.005   187295.009   187729.001
   295:   190368.003   190758.005   190784.009   190996.005   191105.009
   300:   191875.001   193953.003   195067.005   195243.009   195301.005
   305:   195419.009   195863.001   197924.003   198809.005   198997.009
   310:   200752.001   200856.003   200901.001   201056.003   201068.001
   315:   202653.003   204090.005   204514.009   207018.005   207399.009
   320:   207499.005   207704.009   208785.001   209710.003   211887.005
   325:   212124.009   215325.005   215412.009   217392.001   219333.003
   330:   219729.005   219827.009   220665.001   223924.003   224666.005
   335:   224776.009   224877.005   224952.009   226395.005   226414.009
   340:   226461.005   226502.009   226548.005   226562.009   226599.005
   345:   226815.009   227583.001   230244.003   230991.005   231088.009
   350:   233229.005   233251.009   233256.005   233379.009   234612.001
   355:   236561.003   236619.001   236745.003   239285.001   239402.003
   360:   240130.001   243036.003   245024.005   245440.009   245442.005
   365:   245472.009   246369.005   246505.009   246618.005   247037.009
   370:   247102.005   247272.009   248059.001   248540.003   248631.001
   375:   250676.003   251365.005   251460.009   254858.001   257007.003
   380:   258050.005   258217.009   258405.005   258469.009   258639.005
   385:   258672.009   259107.001   261401.003   261965.005   262132.009
   390:   262715.001   265380.003   266294.005   266318.009   266670.005
   395:   266976.009   267063.005   267127.009   267204.005   267228.009
   400:   267567.001   268498.003   268538.001   270316.003   270821.005
   405:   270936.009   271225.005   271370.009   271760.005   272454.009
   410:   273160.001   275731.003   276354.005   276501.009   277086.001
   415:   279954.003   280889.005   281012.009   282308.005   282457.009
   420:   283410.001   286547.003   287461.001   290438.003   291491.005
   425:   291644.009   292606.005   292638.009   297223.005   297243.009
   430:   297252.005   297405.009   297432.005   297481.009   297744.005
   435:   297860.009   298385.001   300092.003   300109.001   300274.003
   440:   300312.001   300393.003   300705.001   302714.003   303177.005
   445:   303421.009   303741.005   303768.009   303796.005   303845.009
   450:   304180.001   306457.003   306548.001   306567.003   308179.001
   455:   309174.003   309327.001   309974.003   310329.005   310356.009
   460:   310381.005   310408.009   310442.005   310454.009   310468.005
   465:   310505.009   310554.005   310602.009   311737.005   311745.009
   470:   311836.005   311979.009   312092.005   312189.009   318056.005
   475:   318216.009   318386.005   321166.009   322002.005   322666.009
   480:   323321.005   323333.009   332102.001   334872.003   334901.001
   485:   335082.003   335991.005   336131.009   337415.001   339017.003
   490:   341761.005   341904.009   341978.005   342026.009   342348.001
   495:   345378.003   346852.001   350768.003   351918.005   352133.009
   500:   352298.005   352321.009   352713.001   355550.003   357282.001
   505:   357398.003   359084.001   361923.003   364251.005   364946.009
   510:   365106.005   365164.009   365179.005   365990.009   366756.001
   515:   367112.003   367125.001   367223.003   367282.001   369549.003
   520:   369676.001   369708.003   369838.001   369858.003   370460.005
   525:   370706.009   371240.001   374125.003   374745.001   377558.003
   530:   380718.005   381091.009   381634.001   385036.003   388004.001
   535:   390597.003   391482.005   392017.009   407784.005   408355.009
   540:   408391.005   408465.009   409749.001   409831.003   410022.001
   545:   411815.003   412870.005   413539.009   413712.005   413717.009
   550:   413789.005   413879.009   417389.001   417585.003   417599.001
   555:   417677.003   417835.001   417953.003   418012.001   418285.003
   560:   418366.001   419319.003   419364.001   419414.003   419534.001
   565:   419570.003   419598.001   419635.003   419703.001   419766.003
   570:   419777.001   419902.003   419918.001   420576.003   420903.001
   575:   420987.003   421038.001   422491.003   422507.001   422587.003
   580:   422601.001   424172.003   424721.005   425087.009   425448.001
   585:   425600.003   425614.001   427626.003   428061.001   430470.003
   590:   431144.001   431188.003   432062.005   432219.009   432631.001
   595:   434914.003   435142.001   435179.003   436194.001   440126.003
   600:   440619.005   441065.009   441270.005   441433.009   441911.001
   605:   443993.003   444340.005   444531.009   444779.001   445568.003
   610:   445610.001   445685.003   445945.005   446038.009   446410.001
   615:   450513.018   450773.003   450779.016   450829.026   450833.001
   620:   450868.003   450891.005   451665.009   451673.005   452385.009
   625:   452401.005   452426.009   452477.005   453001.009   453639.005
   630:   453780.009   453819.005   453847.009   453860.005   453882.009
   635:   455109.001   455316.003   455384.001   455627.003   457008.001
   640:   457688.003   457747.001   457854.003   459131.001   459867.003
   645:   460202.005   461065.009   461965.001   465059.003   465429.005
   650:   465801.009   466195.001   469388.003   470561.001   470646.003
   655:   471565.005   471583.009   471601.005   471628.009   472039.005
   660:   472344.009   472879.005   473106.009   473950.001   473982.003
   665:   474048.001   476622.003   476789.001   476830.003   476986.001
   670:   477155.003   478104.001   481775.003   483648.001   486478.003
   675:   487090.001   487142.003   487386.005   487549.009   487557.005
   680:   487609.009   488282.001   489711.003   489739.001   491137.003
   685:   491397.005   491911.009   492034.005   492041.009   493339.001
   690:   493554.003   493620.001   493779.003   493867.001   493991.003
   695:   494034.001   494577.003   494702.001   494896.003   494949.001
   700:   495437.003   496408.005   496587.009   496624.005   496840.009
   705:   497260.001   497451.003   497483.001   498439.003   498458.001
   710:   498944.003   499375.001   499524.003   499542.001   503092.003
   715:   503808.005   503954.009   504013.005   504080.009   504195.005
   720:   504296.009   505416.005   505589.009   506358.001   509438.003
   725:   509864.005   510144.009   510439.005   510513.009   511477.001
   730:   511889.003   512193.001   514902.003   514956.001   515510.003
   735:   516738.005   517133.009   517156.005   517163.009   518362.001
   740:   521317.003   521775.005   521903.009   527058.005   527279.009
   745:   527303.005   527366.009   540803.005   541046.009   541983.005
   750:   542249.009   543020.001   543137.003   543303.001   543340.003
   755:   544508.001   544748.003   544853.001   545099.003   555723.005
   760:   556152.009   556269.005   556322.009   581112.005   581144.009
   765:   581166.005   581195.009   584428.005   584547.009   594379.001
   770:   597624.003   598423.005   598522.009   598863.005   599148.009
   775:   599537.001   601793.003   602199.001   604923.003   606307.005
   780:   606440.009   606531.005   606589.009   607568.001   607603.003
   785:   607648.001   607872.003   607915.001   610742.003   613715.005
   790:   613997.009   614642.001   617629.003   618170.005   618191.009
   795:   618921.005   619077.009   620032.001   623914.003   624655.005
   800:   624888.009   624923.005   625062.009   625642.001   625798.003
   805:   625895.001   628258.003   629056.005   629221.009   630898.005
   810:   631222.009   631962.001   632025.003   632052.001   634217.003
   815:   634653.005   634776.009   634798.005   634874.009   635126.005
   820:   635197.009   635232.005   635249.009   635818.001   638537.003
   825:   639747.005   639847.009   640199.001   642899.003   643944.005
   830:   644181.009   644371.005   644825.009   644916.005   644956.009
   835:   645879.001   646354.003   647255.001   650439.003   651536.005
   840:   651970.009   652413.005   652652.009   652760.005   652812.009
   845:   652875.005   652911.009   653357.005   653384.009   653539.005
   850:   653624.009   658676.005   658823.009   659977.001   660019.003
   855:   660102.001   660713.003   661166.001   663935.003   664490.005
   860:   664921.009   665099.005   665127.009   667704.005   667741.009
   865:   667801.005   667894.009   677242.005   677653.009   677703.005
   870:   677858.009   685727.001   685923.003   686019.001   686141.003
   875:   686611.001   686956.003   687060.001   687332.003   687727.005
   880:   687871.009   687923.005   687982.009   688581.001   690847.003
   885:   691228.005   691338.009   691467.005   691681.009   692243.001
   890:   694863.003   695527.001   698949.003   699880.005   700029.009
   895:   702668.001   704209.003   704307.005   704530.009   704586.005
   900:   704746.009   704869.005   704875.009   704890.005   704967.009
   905:   704997.005   705022.009   710641.005   710677.009   710700.005
   910:   710712.009   710735.005   710877.009   710893.005   710928.009
   915:   710963.005   710977.009   721140.005   721319.009   721769.005
   920:   722850.009   724690.005   725133.009   725186.005   726394.009
   925:   728838.005   728982.009   731199.001   731663.003   731690.001
   930:   731744.003   731855.001   732040.003   732183.001   732679.003
   935:   733097.001   733131.003   733174.001   733309.003   733327.001
   940:   733851.003   733873.001   734761.003   734804.001   734937.003
   945:   735025.001   735309.003   735885.001   736714.003   736764.001
   950:   737038.003   737220.001   737416.003   737516.001   737560.003
   955:   737587.001   737984.003   738017.001   738130.003   738149.001
   960:   738482.003   738498.001   739189.003   739277.001   739369.003
   965:   739408.001   739590.003   740148.005   740612.009   741314.001
   970:   743592.003   744187.005   744631.009   744893.005   746000.009
   975:   746006.005   746025.009   746082.005   746152.009   746195.005
   980:   746209.009   746216.005   747337.009   747505.005   747936.009
   985:   747959.005   747983.009   748857.001   752069.003   754070.005
   990:   754135.009   754152.005   754316.009   754685.005   754689.009
   995:   754712.005   754775.009   754793.005   754894.009   755098.005
  1000:   755149.009   756041.001   759436.003   759814.005   759845.009
  1005:   759860.005   759887.009   760333.005   760714.009   761144.005
  1010:   761351.009   761436.005   761926.009   763564.005   763678.009
  1015:   763756.005   763915.009   764756.001   764820.003   764851.001
  1020:   767614.003   767935.005   768070.009   768378.005   768484.009
  1025:   768582.005   768665.009   772320.005   773005.009   777196.005
  1030:   777401.009   841960.005   841989.009   842077.005   842568.009
  1035:   846917.005   847577.009   853194.005   853287.009   854241.001
  1040:   854444.003   854978.005   855003.009   855512.001   858018.003
  1045:   859114.005   859120.009   859134.005   859248.009   859706.001
  1050:   862811.003   864185.005   864588.009   867737.005   867859.009
  1055:   885443.005   885470.009   885576.005   885817.009   885850.005
  1060:   886049.009   886184.005   886202.009   886231.005   886321.009
  1065:   890495.005   890528.009   890553.005   890813.009   891003.005
  1070:   891068.009   895307.005   895389.009   897868.005   897883.009
  1075:   899885.005   900476.009   901192.001   901269.003   901810.001
  1080:   904484.003   905005.005   905181.009   905230.005   905447.009
  1085:   905472.005   905865.009   906850.001   909701.003   910267.005
  1090:   910273.009   910301.005   910518.009   911594.005   911800.009
  1095:   911834.005   911916.009   912260.005   912328.009   912853.001
  1100:   915207.003   915866.001   918276.003   918809.001   920918.003
  1105:   921470.005   921509.009   923191.005   923475.009   923878.005
  1110:   924092.009   925362.001   927714.003   928208.005   928524.009
  1115:   928822.005   928832.009   935832.005   936084.009   938178.005
  1120:   938210.009   941941.005   941969.009   941989.005   942039.009
  1125:   944412.005   944777.009   944816.005   944892.009   947803.005
  1130:   947832.009   970326.005   970398.009   970699.005   970802.009
  1135:   970810.005   970824.009  1040169.005  1040427.009  1045359.001
  1140:  1045725.003  1046206.001  1047214.003  1047269.001  1047426.003
  1145:  1047592.001  1047762.003  1048671.001  1050344.003  1061015.001
  1150:  1061706.003  1062471.001  1064083.003  1064673.001  1065137.003
  1155:  1065738.001  1068046.003  1068445.005  1068487.009  1068494.005
  1160:  1069227.009  1073270.005  1073355.009  1073428.005  1073446.009
  1165:  1074248.005  1074259.009  1097029.005  1097202.009  1161587.005
  1170:  1161671.009  1162135.005  1162214.009  1162330.005  1162344.009
  1175:  1162345.005  1162350.009  1162388.005  1163000.009  1163049.005
  1180:  1163083.009  1163087.005  1163292.009  1163454.005  1163485.009
  1185:  1163571.005  1164362.009  1165219.001  1165282.003  1165358.001
  1190:  1165427.003  1165531.001  1165645.003  1165687.001  1165827.003
  1195:  1165888.001  1166072.003  1166364.001  1166954.003  1168435.005
  1200:  1168595.009  1168781.005  1168876.009  1217137.005  1217150.009
  1205:  1217177.005  1217360.009  1217458.005  1217542.009  1218452.005
  1210:  1218462.009  1220749.001  1222942.003  1225462.005  1225806.009
  1215:  1226451.001  1228244.003  1228906.001  1232690.003  1233107.005
  1220:  1233232.009  1233330.005  1233378.009  1233763.001  1237255.003
  1225:  1237791.005  1238545.009  1238608.005  1238658.009  1239940.005
  1230:  1240235.009  1240922.001  1241166.003  1241469.001  1244317.003
  1235:  1244774.005  1244801.009  1244867.005  1244990.009  1245127.005
  1240:  1245203.009  1245758.001  1249184.003  1250315.005  1250364.009
  1245:  1250572.005  1250680.009  1250696.005  1250775.009  1251190.001
  1250:  1253302.003  1253672.001  1256868.003  1257786.001  1258091.003
  1255:  1258681.005  1258696.009  1258817.005  1259271.009  1260086.001
  1260:  1263799.003  1264556.005  1264572.009  1265017.005  1265191.009
  1265:  1268057.001  1268657.003  1269465.005  1269790.009  1270063.005
  1270:  1270078.009  1270332.005  1270522.009  1270524.005  1270539.009
  1275:  1270581.005  1270606.009  1270630.005  1270765.009  1270778.005
  1280:  1272177.009  1272194.005  1272458.009  1272531.005  1272945.009
  1285:  1274525.005  1274552.009  1274565.005  1274718.009  1274840.005
  1290:  1274868.009  1274962.005  1275020.009  1275091.005  1275395.009
  1295:  1278114.001  1278558.003  1319534.005  1319730.009  1366809.005
  1300:  1366911.009  1366922.005  1367405.009  1367564.005  1367933.009
  1305:  1368207.005  1368309.009  1368408.005  1368432.009  1368458.005
  1310:  1368483.009  1368656.005  1368660.009  1372751.005  1372837.009
  1315:  1372871.005  1373068.009  1373135.005  1373227.009  1373315.005
  1320:  1373680.009  1373733.005  1373742.009  1373955.005  1374733.009
  1325:  1472795.005  1472822.009  1474147.005  1474257.009  1474299.005
  1330:  1474828.009  1476289.001  1476445.003  1476829.001  1477392.003
  1335:  1478459.005  1478916.009  1479181.005  1479208.009  1479216.005
  1340:  1479231.009
B:
     0:        0.000      277.000        0.000      277.000        0.000
     5:      388.000        0.000        0.000        0.000      388.000
    10:        0.000        1.000        0.000        1.000        0.000
    15:        0.000        3.000        0.000        3.000        0.000
    20:        0.000        0.000        0.000        0.000        0.000
    25:        0.000        3.000        0.000        0.000        0.000
    30:        0.000
D:
     0:  1479630.000  1479068.000  1479631.000
E:
     0:     4102.500     4102.500
P:
     0:        0.000     4760.000     2343.000     2145.000     1802.000
     5:      108.000     2020.000      351.000     2489.000       17.000
    10:       14.000      863.000       78.000      186.000      471.000
    15:      146.000      338.000      742.000      173.000     2286.000
    20:      221.000     2111.000       43.000     2533.000       70.000
    25:     2267.000     2039.000     2097.000       70.000       60.000
    30:     1583.000      215.000     4409.000     1561.000      239.000
    35:     1557.000     1953.000     2085.000     1350.000     1584.000
    40:     2276.000      536.000     1654.000      128.000     1723.000
    45:      111.000       29.000      961.000      172.000      211.000
    50:     1706.000      109.000       87.000      823.000       24.000
    55:      300.000       49.000     1552.000     1913.000     1613.000
    60:     2192.000       16.000       19.000     1677.000       66.000
    65:     2025.000     1670.000     2761.000     1550.000      601.000
    70:     2639.000     2078.000     2061.000      104.000      155.000
    75:     1585.000      925.000     1941.000     3259.000     2661.000
    80:     1949.000      126.000      117.000     2906.000      481.000
    85:     2045.000     2149.000     2294.000     2665.000      931.000
    90:     1778.000     2571.000     2868.000     3137.000     2977.000
    95:     1707.000      165.000       81.000     2009.000     2277.000
   100:       19.000      995.000      647.000     2770.000      181.000
   105:     1602.000     3030.000     3916.000     2837.000      116.000
   110:     2839.000      356.000       98.000     2267.000       32.000
   115:       20.000     2885.000     2813.000     3402.000     2593.000
   120:       82.000     1793.000      196.000       78.000      118.000
   125:      273.000      953.000       50.000       36.000       37.000
   130:       63.000      125.000      658.000       84.000     1453.000
   135:       80.000     1571.000      152.000     2012.000     2409.000
   140:       44.000     2283.000       37.000     3932.000     2082.000
   145:      789.000       75.000     4363.000       35.000      207.000
   150:      243.000      680.000      107.000      736.000     3094.000
   155:     3193.000       85.000       32.000     2574.000       41.000
   160:      169.000     3671.000     2830.000       52.000     1429.000
   165:     1398.000      215.000      159.000      124.000      543.000
   170:      194.000      488.000      191.000      956.000      486.000
   175:      149.000     3550.000     3080.000      412.000     2709.000
   180:      554.000     2955.000      117.000       37.000      240.000
   185:      246.000     3245.000     2256.000     2724.000       35.000
   190:      224.000     2827.000     2987.000     3882.000      156.000
   195:     2363.000       63.000     2165.000     2719.000     2700.000
   200:      475.000     3184.000       42.000      611.000     2769.000
   205:      196.000      122.000      345.000      272.000     2266.000
   210:     2620.000     3422.000     1541.000      464.000       54.000
   215:      185.000      496.000       34.000      135.000      524.000
   220:      888.000      133.000      284.000      829.000      274.000
   225:      196.000       44.000      397.000      113.000      333.000
   230:      691.000       92.000      182.000     2278.000     3212.000
   235:     3395.000       64.000     2763.000      203.000     2506.000
   240:     3105.000       77.000     2674.000     2851.000     2354.000
   245:     2410.000     2109.000     2352.000      366.000     1008.000
   250:      157.000      170.000     1673.000      691.000     1612.000
   255:      464.000     2308.000       63.000       69.000      114.000
   260:      140.000      184.000      590.000     2193.000     1793.000
   265:     3784.000     3492.000      244.000     2848.000     3426.000
   270:     2112.000     3196.000      305.000     3713.000      600.000
   275:      444.000      156.000      563.000
R:
     0:        1.000  2074683.379        0.000
T:
     0:        0.000        0.000        0.000        0.000
W:
     0:        0.000        0.000        0.000
