File: C:\MED-PC IV\Data\Reyes\AW\AW1045.999


Start Date: 08/13/24
End Date: 08/13/24
Subject: 45
Experiment: AW
Group: EXP20
Box: 1
Start Time: 16:10:09
End Time: 17:00:09
MSN: DRRD_exp_20
C:       0.000
F:       0.000
G:       0.000
H:       1.000
I:       0.000
J:       0.000
K:    1037.000
L:       0.000
M:       0.000
N:       0.000
O:       0.000
P:       0.000
Q:       0.000
R:       0.000
S:       0.000
U: 3414793.000
V:       0.000
X:       0.000
Y:    2776.000
Z:       0.000
A:
     0:     3085.005     3685.009     7080.005     7167.009     7432.005
     5:     7583.009    10667.005    10801.009    15000.013    15000.011
    10:    16671.001    16695.003    17471.001    17650.003    17909.001
    15:    18008.003    18020.001    18044.003    18073.001    18495.003
    20:    18782.005    18892.009    20765.001    20827.003    21101.001
    25:    21589.003    23335.001    23520.003    23778.001    23894.003
    30:    23902.001    24045.003    24069.001    24390.003    24503.001
    35:    24711.003    24804.005    25435.009    25505.005    25514.009
    40:    25635.005    25971.009    26894.001    27045.003    27283.001
    45:    27298.003    27343.001    27371.003    27380.001    27447.003
    50:    27459.001    27778.003    27785.001    28268.003    28508.005
    55:    28930.009    29765.001    29790.003    29872.001    29890.003
    60:    29922.001    30441.018    30508.003    30514.016    30517.001
    65:    30564.026    30652.003    30782.005    31400.009    32757.001
    70:    32955.003    33262.001    33372.003    33489.001    33589.003
    75:    33810.001    33834.003    33931.001    34021.003    34037.001
    80:    34128.003    34158.001    34196.003    34238.001    34757.018
    85:    34834.003    34840.016    34872.001    34890.026    34909.003
    90:    35026.005    35737.009    36782.001    36902.003    36934.001
    95:    36953.003    37005.001    37113.003    37201.001    37315.003
   100:    37347.001    37866.018    37914.003    37920.016    37970.026
   105:    38080.005    38772.009    39535.001    39577.003    39581.001
   110:    39658.003    39674.001    39937.003    39982.001    40079.003
   115:    40091.001    40230.003    40239.001    40758.018    41148.003
   120:    41154.016    41155.001    41204.026    41314.003    41415.005
   125:    42032.009    46772.005    46781.009    46799.005    46828.009
   130:    47100.001    47191.003    47249.001    47340.003    47371.001
   135:    47475.003    47490.001    47581.003    47626.001    47859.003
   140:    47873.001    48099.003    48180.001    48314.003    48324.001
   145:    48352.003    48381.001    48688.003    48733.001    48764.003
   150:    49450.001    49475.003    49504.001    49539.003    49582.001
   155:    49671.003    49683.001    49702.003    49718.001    49736.003
   160:    49752.001    49774.003    49788.001    49867.003    49881.001
   165:    50400.018    51136.003    51142.016    51165.001    51192.026
   170:    51331.003    51435.005    51974.009    52029.005    52037.009
   175:    52295.001    52314.003    52500.001    52517.003    52532.001
   180:    52612.003    52622.001    52711.003    52725.001    52763.003
   185:    52775.001    52811.003    52817.001    53338.018    53546.003
   190:    53552.016    53564.001    53602.026    53758.003    53815.001
   195:    53840.003    53871.005    54432.009    54765.001    54889.003
   200:    54982.001    55015.003    55064.001    55177.003    55197.001
   205:    55219.003    55287.001    55671.003    55680.001    56199.018
   210:    57698.003    57704.016    57754.026    57918.005    58397.009
   215:    60273.001    60792.018    61029.003    61035.016    61085.026
   220:    61151.005    61600.009    64156.001    64246.003    64319.001
   225:    64442.003    64457.001    64481.003    64484.001    64526.003
   230:    64540.001    64646.003    64789.001    64977.003    65002.001
   235:    65228.003    65241.001    65370.003    65415.001    65498.003
   240:    65731.005    65879.009    66099.001    66179.003    66227.001
   245:    66251.003    66267.001    66289.003    66301.001    66328.003
   250:    66344.001    66425.003    66433.001    66833.003    66836.001
   255:    67360.018    67506.003    67512.016    67562.026    67684.005
   260:    68432.009    68636.001    68676.003    68691.001    68783.003
   265:    68849.001    68885.003    68954.001    68985.003    68986.001
   270:    69512.018    69559.003    69565.016    69574.001    69615.026
   275:    69729.003    69848.005    70330.009    70702.001    71041.003
   280:    71139.001    71658.018    72118.003    72124.016    72174.026
   285:    72220.005    72992.009    73032.005    73405.009    74099.001
   290:    74145.003    74461.001    74570.003    74605.001    74782.003
   295:    74812.001    74896.003    74932.001    74991.003    75032.001
   300:    75079.003    75228.001    75412.003    75749.005    76108.009
   305:    76502.001    76543.003    76679.001    76699.003    76711.001
   310:    76748.003    76755.001    76777.003    76966.001    77002.003
   315:    77021.001    77140.003    77362.001    77404.003    77417.001
   320:    77483.003    77492.001    77670.003    77688.001    77821.003
   325:    77867.001    77912.003    77948.001    78215.003    78247.001
   330:    78462.003    80088.001    80104.003    80113.001    80193.003
   335:    80297.001    80444.003    80463.001    80520.003    80539.001
   340:    81058.018    81187.003    81193.016    81243.026    81327.005
   345:    81844.009    83489.001    83815.003    86457.005    86478.009
   350:    86673.001    86790.003    87073.001    87207.003    87248.001
   355:    87292.003    87303.001    87389.003    87392.001    87429.003
   360:    87438.001    87556.003    87852.005    87962.009    88210.001
   365:    88327.003    88340.001    88355.003    88375.001    88395.003
   370:    88413.001    88450.003    88452.001    88488.003    88495.001
   375:    88764.003    88774.001    89293.018    90468.003    90474.016
   380:    90524.026    90698.005    91032.009    93558.001    93595.003
   385:    93650.001    93829.003    93872.001    93920.003    93933.001
   390:    94020.003    94032.001    94146.003    94153.001    94249.003
   395:    94251.001    94487.003    94610.001    94643.003    94811.005
   400:    94908.009    95061.001    95218.003    95228.001    95479.003
   405:    95512.001    95554.003    95780.001    96299.018    96535.003
   410:    96541.016    96546.001    96591.026    96696.003    96779.005
   415:    97302.009    97520.001    97546.003    99509.001    99641.003
   420:    99770.001   100289.018   100309.003   100315.016   100332.001
   425:   100365.026   100522.003   100645.005   101173.009   103021.001
   430:   103251.003   103955.001   104124.003   104150.001   104182.003
   435:   104215.001   104390.003   105988.005   106249.009   108587.001
   440:   108626.003   108864.001   108952.003   108983.001   109265.003
   445:   109269.001   109792.018   109836.003   109842.016   109892.026
   450:   109980.005   110462.009   114413.001   114596.003   114604.001
   455:   114879.003   115263.005   115294.009   115952.001   115987.003
   460:   116006.001   116021.003   116030.001   116086.003   116104.001
   465:   116118.003   116133.001   116369.003   116372.001   116420.003
   470:   116442.001   116474.003   116508.001   116724.003   116832.001
   475:   116999.003   117017.001   117242.003   117309.001   117516.003
   480:   117645.005   117786.009   117961.001   118159.003   118172.001
   485:   118397.003   118429.001   118716.003   118760.001   118798.003
   490:   118800.001   118840.003   118959.001   118995.003   119087.001
   495:   119131.003   119161.001   119305.003   119307.001   119717.003
   500:   119848.005   119968.009   120374.001   120654.003   120721.001
   505:   121240.018   122067.003   122073.016   122123.026   122305.005
   510:   122860.009   122862.005   122912.009   127547.001   127738.003
   515:   127815.001   128000.003   128142.001   128508.003   128772.005
   520:   128893.009   129094.001   129217.003   129290.001   129357.003
   525:   129378.001   129505.003   129512.001   129538.003   129540.001
   530:   129980.003   130010.001   130156.003   130216.001   130245.003
   535:   130274.001   130476.003   130613.001   130643.003   130653.001
   540:   130716.003   130736.001   130755.003   130767.001   130935.003
   545:   131053.001   131572.018   131602.003   131608.016   131653.001
   550:   131658.026   131723.003   131836.005   132707.009   132737.005
   555:   132808.009   135339.005   135386.009   136053.001   136141.003
   560:   136294.001   136813.018   137244.003   137250.016   137300.026
   565:   137455.005   138039.009   143517.001   143609.003   143710.001
   570:   143822.003   143889.001   143939.003   143969.001   144332.003
   575:   146048.001   146085.003   146096.001   146121.003   146133.001
   580:   146199.003   146247.001   146766.018   146885.003   146891.016
   585:   146941.026   146954.001   147063.003   147157.005   147640.009
   590:   147752.005   147944.009   148760.001   148855.003   148939.001
   595:   149008.003   149018.001   149537.018   149745.003   149751.016
   600:   149801.026   150033.005   150516.009   153902.001   153965.003
   605:   154079.001   154204.003   154247.001   154346.003   154552.001
   610:   154812.003   154827.001   155346.018   155795.003   155801.016
   615:   155851.026   155968.005   156917.009   156922.005   157020.009
   620:   157040.005   157728.009   157767.005   157797.009   157819.005
   625:   158811.009   159031.005   159100.009   163192.001   163221.003
   630:   163285.001   163306.003   163322.001   163351.003   163371.001
   635:   163480.003   163528.001   164000.003   164215.001   164385.003
   640:   164640.005   164734.009   165424.001   165560.003   165780.001
   645:   165802.003   166079.001   166237.003   166459.001   166798.003
   650:   167531.001   167630.003   168226.001   168344.003   168390.001
   655:   168579.003   169522.001   169834.003   170098.001   170122.003
   660:   171074.001   171168.003   171798.001   172081.003   172127.001
   665:   172297.003   172314.001   172456.003   172548.005   172767.009
   670:   177529.001   178048.018   178250.003   178256.016   178268.001
   675:   178288.003   178297.001   178306.026   178482.003   178524.001
   680:   178565.003   178616.005   179314.009   190080.005   190113.009
   685:   190123.005   190145.009   196161.005   197741.009   198517.001
   690:   198865.003   198899.001   199418.018   199433.003   199439.016
   695:   199447.001   199489.026   199651.003   199723.005   200567.009
   700:   201112.001   201200.003   201249.001   201280.003   201530.001
   705:   201554.003   201567.001   201613.003   201615.001   201764.003
   710:   201847.001   202366.018   202523.003   202529.016   202553.001
   715:   202579.026   202698.003   202836.005   203251.009   203258.005
   720:   203291.009   205002.001   205058.003   205148.001   205216.003
   725:   205349.001   205387.003   205444.001   205963.018   206503.003
   730:   206509.016   206559.026   206809.005   208353.009   208878.005
   735:   209980.009   214206.001   214450.003   214478.001   214633.003
   740:   214704.001   214814.003   214826.001   215031.003   215711.005
   745:   215729.009   215734.005   215786.009   216056.001   216284.003
   750:   216290.001   216513.003   216559.001   216978.003   217064.001
   755:   217583.018   217848.003   217854.016   217904.026   218228.001
   760:   218708.003   219064.005   220071.009   220132.005   220261.009
   765:   221439.001   221657.003   221722.001   221741.003   222408.001
   770:   222438.003   222454.001   222621.003   222656.001   222819.003
   775:   222986.001   223305.003   223356.001   223589.003   223663.001
   780:   223782.003   224072.005   224515.009   224979.005   225364.009
   785:   225426.005   225475.009   226367.001   226680.003   226757.001
   790:   226782.003   226900.001   226985.003   227059.001   227088.003
   795:   227120.001   227532.003   227571.001   227610.003   227646.001
   800:   227891.003   228001.001   228438.003   229266.001   229383.003
   805:   229468.001   229500.003   229553.001   229569.003   229581.001
   810:   229606.003   229625.001   229740.003   229749.001   230268.018
   815:   230348.003   230354.016   230404.026   230516.001   230534.003
   820:   230834.001   230913.003   231033.001   231108.003   231130.001
   825:   231323.003   231578.005   232332.009   233231.001   233257.003
   830:   233307.001   233407.003   233426.001   233945.018   233949.003
   835:   233955.016   234005.026   234032.001   234350.003   234551.005
   840:   235774.009   252629.005   252814.009   253640.001   253901.003
   845:   253946.001   254278.003   254328.001   254816.003   256591.005
   850:   256874.009   263211.001   263730.018   264961.003   264967.016
   855:   265017.026   265268.005   265849.009   266952.001   266979.003
   860:   267067.001   267098.003   267175.001   267226.003   267288.001
   865:   267395.003   267442.001   267961.018   268872.003   268878.016
   870:   268928.026   269130.005   269485.009   269506.005   269572.009
   875:   271533.001   271595.003   271610.001   271631.003   271642.001
   880:   271735.003   271760.001   272279.018   272294.003   272300.016
   885:   272308.001   272350.026   272529.003   272644.005   273351.009
   890:   275064.001   275113.003   275291.001   275403.003   275434.001
   895:   275466.003   275480.001   275615.003   275682.001   275916.003
   900:   275957.001   276398.003   277176.001   277235.003   277285.001
   905:   277318.003   277327.001   277365.003   277378.001   277417.003
   910:   277425.001   277472.003   277480.001   277640.003   277690.001
   915:   277877.003   277900.001   278347.003   278353.001   278733.003
   920:   278779.001   279298.018   279331.003   279337.016   279340.001
   925:   279387.026   279559.003   279636.001   280140.003   280393.005
   930:   281725.009   282165.001   282233.003   282744.001   282807.003
   935:   283005.001   283201.003   283227.001   283321.003   283323.001
   940:   283848.018   284296.003   284298.001   284302.016   284352.026
   945:   284531.003   284629.001   284678.003   284688.001   284944.003
   950:   285024.001   285114.003   285492.005   286374.009   290149.001
   955:   290443.003   290544.001   290577.003   290588.001   290618.003
   960:   290630.001   291149.018   291696.003   291702.016   291752.026
   965:   291940.005   292938.009   295555.001   295573.003   295587.001
   970:   295615.003   295628.001   295648.003   295676.001   295702.003
   975:   295709.001   295805.003   295812.001   296059.003   296108.001
   980:   296160.003   296254.001   296282.003   296298.001   296497.003
   985:   296501.001   296837.003   296986.001   297020.003   297262.005
   990:   297663.009   297678.005   298407.009   298450.005   298474.009
   995:   298485.005   298511.009   302507.001   302760.003   302842.001
  1000:   302942.003   303040.001   303093.003   303163.001   303233.003
  1005:   303316.001   303361.003   303762.005   304089.009   304409.001
  1010:   304518.003   304964.001   305020.003   306237.001   306400.003
  1015:   306884.005   307205.009   307365.005   307396.009   307698.001
  1020:   307854.003   307991.001   308026.003   308047.001   308065.003
  1025:   308092.001   308123.003   308137.001   308255.003   308263.001
  1030:   308649.003   308682.001   309201.018   309272.003   309278.016
  1035:   309328.026   309342.001   309411.003   309553.005   310286.009
  1040:   311992.001   312048.003   312076.001   312188.003   312209.001
  1045:   312272.003   312365.001   312405.003   312421.001   312440.003
  1050:   312452.001   312509.003   312516.001   313036.018   313360.003
  1055:   313366.016   313385.001   313416.026   313421.003   313605.005
  1060:   314588.009   317811.001   317928.003   318050.001   318127.003
  1065:   318142.001   318163.003   318181.001   318214.003   318272.001
  1070:   318366.003   318650.001   318832.003   318888.001   318955.003
  1075:   319054.001   319142.003   319474.001   319609.003   319620.001
  1080:   319864.003   319966.001   320115.003   322248.001   322515.003
  1085:   323040.005   323480.009   323793.001   323846.003   323876.001
  1090:   323948.003   323968.001   323987.003   324008.001   324101.003
  1095:   324115.001   324210.003   324224.001   324743.018   324835.003
  1100:   324841.016   324873.001   324891.026   325079.003   325185.005
  1105:   325748.009   325766.005   325967.009   329585.001   329640.003
  1110:   330099.001   330172.003   330230.001   330274.003   330285.001
  1115:   330313.003   330328.001   330356.003   330368.001   330480.003
  1120:   330571.001   330591.003   330606.001   331125.003   331131.016
  1125:   331181.026   331359.005   332291.009   332681.001   332894.003
  1130:   333146.001   333185.003   333208.001   333233.003   333252.001
  1135:   333383.003   333449.001   333908.003   334236.001   334344.003
  1140:   334479.001   334510.003   334523.001   334628.003   334653.001
  1145:   334720.003   334925.001   334948.003   335003.001   335522.018
  1150:   335531.003   335537.016   335587.026   335805.005   336542.009
  1155:   337175.005   337538.009   338420.001   338445.003   338463.001
  1160:   338501.003   338512.001   338783.003   338805.001   339265.003
  1165:   339328.001   339401.003   339471.001   339806.003   340238.005
  1170:   340361.009   341215.001   341250.003   341494.001   341522.003
  1175:   341544.001   341573.003   341586.001   341632.003   341649.001
  1180:   341987.003   342186.001   342403.003   342439.001   342537.003
  1185:   343114.001   343134.003   343139.001   343224.003   343245.001
  1190:   343266.003   343281.001   343800.018   343970.003   343976.016
  1195:   344026.026   344217.005   344858.009   347729.005   347748.009
  1200:   349564.001   349582.003   349602.001   349728.003   350004.001
  1205:   350106.003   350256.001   350442.003   350470.001   350711.003
  1210:   350735.001   350913.003   350927.001   351149.003   351176.001
  1215:   351304.003   352158.001   352257.003   352304.001   352326.003
  1220:   352538.001   352616.003   352687.001   352732.003   352806.001
  1225:   352974.003   353002.001   353048.003   353066.001   353112.003
  1230:   353273.001   353393.003   353431.001   353487.003   353512.001
  1235:   354031.018   354200.003   354206.016   354256.026   354341.001
  1240:   354362.003   354496.005   355480.009   360651.001   360746.003
  1245:   360842.001   361087.003   361161.001   361241.003   361370.001
  1250:   361498.003   361520.001   361786.003   375368.001   375499.003
  1255:   375826.001   375849.003   376297.001   376323.003   376528.001
  1260:   376575.003   376590.001   376789.003   376966.001   376995.003
  1265:   377354.001   377460.003   378315.005   378340.009   384355.001
  1270:   384399.003   384525.001   384615.003   384656.001   384673.003
  1275:   384763.001   384971.003   385099.001   385147.003   385187.001
  1280:   385254.003   385512.001   385774.003   386851.001   386886.003
  1285:   386925.001   387029.003   411135.005   411328.009   411721.001
  1290:   411952.003   411973.001   412180.003   413076.001   413595.018
  1295:   414618.003   414624.016   414674.026   414824.005   415357.009
  1300:   430800.005   430818.009   430830.005   430956.009   431482.001
  1305:   432001.018   432526.003   432532.016   432582.026   432705.005
  1310:   433300.009   437959.001   438011.003   438059.001   438090.003
  1315:   438104.001   438129.003   438140.001   438197.003   438201.001
  1320:   438232.003   438242.001   438299.003   438310.001   438436.003
  1325:   438440.001   438963.018   439144.003   439150.016   439200.026
  1330:   439215.001   439500.003   439761.005   440580.009   444215.001
  1335:   444454.003   444550.001   444603.003   444674.001   444714.003
  1340:   444744.001   445014.003   445088.001   445607.018   446295.003
  1345:   446301.016   446351.026   446563.005   447371.009   453518.005
  1350:   453666.009   453694.005   453826.009   454737.001   454814.003
  1355:   454879.001   455398.018   455590.003   455596.016   455646.026
  1360:   455798.005   456356.009   456368.005   456418.009   459934.001
  1365:   459977.003   460217.001   460308.003   460371.001   460492.003
  1370:   460515.001   460929.003   463987.001   464506.018   464574.003
  1375:   464580.016   464594.001   464630.026   464710.003   464835.005
  1380:   465501.009   467760.001   468279.018   469291.003   469297.016
  1385:   469347.026   469500.005   470557.009   472364.001   472456.003
  1390:   472693.001   473212.018   473600.003   473606.016   473627.001
  1395:   473656.026   473764.003   473886.005   474462.009   474489.005
  1400:   474988.009   476766.001   476787.003   476881.001   476933.003
  1405:   476939.001   477106.003   477156.001   477510.003   477691.001
  1410:   477806.003   477937.001   478213.003   478577.001   478643.003
  1415:   480589.001   480752.003   480793.001   480846.003   480857.001
  1420:   480891.003   480944.001   480977.003   480996.001   481027.003
  1425:   481035.001   481334.003   481341.001   481369.003   481378.001
  1430:   481897.018   482732.003   482738.016   482748.001   482788.026
  1435:   483057.003   483206.005   484121.009   485346.001   485402.003
  1440:   485575.001   486094.018   486635.003   486641.016   486691.026
  1445:   486912.005   487468.009   489419.001   489506.003   489661.001
  1450:   489708.003   489945.001   490223.003   490229.001   490750.018
  1455:   491673.003   491679.016   491729.026   491996.005   492707.009
  1460:   492776.005   492796.009   494742.001   494825.003   495204.001
  1465:   495723.018   496325.003   496331.016   496381.026   496577.005
  1470:   497632.009   498660.001   498702.003   499940.001   500114.003
  1475:   500241.001   500760.018   501278.003   501284.016   501334.026
  1480:   501409.005   502108.009   506206.005   506370.009   507262.001
  1485:   507781.018   507909.003   507915.016   507965.026   508120.005
  1490:   509350.009   511401.001   511441.003   511454.001   511885.003
  1495:   512001.001   512124.003   512380.005   512789.009   513300.001
  1500:   513819.018   514982.003   514988.016   515038.026   515231.005
  1505:   516108.009   518236.001   518755.018   519181.003   519187.016
  1510:   519237.026   519418.005   520465.009   523236.005   523397.009
  1515:   524478.001   524922.003   524930.001   525410.003   525683.005
  1520:   526025.009   526351.001   526530.003   526856.001   527101.003
  1525:   527110.001   527365.003   527482.001   528001.018   528329.003
  1530:   528335.016   528379.001   528385.026   528463.003   528604.005
  1535:   529100.009   530060.001   530140.003   530843.001   530884.003
  1540:   530895.001   530936.003   530948.001   531467.018   532156.003
  1545:   532162.016   532212.026   532402.005   532769.009   532946.005
  1550:   533225.009   533287.005   533303.009   535557.001   535641.003
  1555:   535918.001   536018.003   536045.001   536213.003   536301.001
  1560:   536418.003   536442.001   536652.003   536670.001   536736.003
  1565:   537094.001   537201.003   537488.001   537616.003   537983.005
  1570:   538216.009   538851.001   538982.003   538993.001   539032.003
  1575:   539041.001   539560.018   540218.003   540224.016   540274.026
  1580:   540413.005   541147.009   542936.001   543028.003   543108.001
  1585:   543211.003   543261.001   543335.003   543383.001   543864.003
  1590:   543897.001   543940.003   544080.001   544180.003   544336.001
  1595:   544770.003   545827.001   546346.018   547463.003   547469.016
  1600:   547519.026   547718.005   549395.009   553098.001   553180.003
  1605:   553397.001   553561.003   553648.001   554167.018   554526.003
  1610:   554532.016   554582.026   554768.005   555781.009   555788.005
  1615:   556024.009   557892.001   558291.003   558455.001   558484.003
  1620:   558575.001   558599.003   558650.001   559169.018   559448.003
  1625:   559454.016   559504.026   559546.001   559594.003   559714.005
  1630:   560551.009   560592.005   560614.009   560682.005   560699.009
  1635:   560792.005   560801.009   560809.005   560853.009   561702.005
  1640:   562809.009   566973.001   567434.003   567542.001   567597.003
  1645:   567973.001   568017.003   568255.005   568416.009   592613.005
  1650:   592809.009   608550.001   609007.003   609266.001   609614.003
  1655:   609663.001   609730.003   609927.005   610057.009   610982.001
  1660:   611374.003   613025.001   613066.003   613806.001   614325.018
  1665:   614704.003   614710.016   614760.026   614819.001   614838.003
  1670:   614956.005   615468.009   618059.001   618148.003   618235.001
  1675:   618354.003   618440.001   618652.003   618725.001   619215.003
  1680:   619491.001   619814.003   620174.001   620262.003   620307.001
  1685:   620348.003   620357.001   620630.003   620641.001   620845.003
  1690:   621939.001   622458.018   623497.003   623503.016   623553.026
  1695:   623564.001   623681.003   623821.005   624456.009   629958.001
  1700:   630332.003   630420.001   630830.003   630873.001   631063.003
  1705:   631371.005   631753.009   632149.001   632196.003   632395.001
  1710:   632493.003   632576.001   632616.003   632629.001   633148.018
  1715:   633261.003   633267.016   633317.026   633322.001   633453.003
  1720:   633587.005   634096.009   635596.001   636115.003   636121.016
  1725:   636171.026   636199.001   636385.003   636462.005   636949.009
  1730:   636953.005   637119.009   638407.001   638565.003   638611.001
  1735:   638803.003   639659.001   640178.018   640220.003   640226.016
  1740:   640276.026   640363.001   640393.003   640519.005   641628.009
  1745:   641983.005   642034.009   642167.005   642225.009   642235.005
  1750:   642283.009   645559.001   645924.003   646004.001   646068.003
  1755:   646410.001   646531.003   646774.001   646844.003   646996.001
  1760:   647459.003   648044.001   648104.003   648223.001   648742.018
  1765:   648883.003   648889.016   648939.026   649157.005   649812.009
  1770:   651834.001   651947.003   652660.001   652710.003   652754.001
  1775:   653224.003   653497.001   653812.003   655247.001   655766.018
  1780:   656280.003   656286.016   656336.026   656495.005   657025.009
  1785:   657109.005   657158.009   664205.001   664724.018   664845.003
  1790:   664851.016   664874.001   664901.026   665020.003   665138.005
  1795:   665793.009   670898.001   671157.003   671859.001   672217.003
  1800:   672534.001   672580.003   674053.001   674071.003   674095.001
  1805:   674124.003   674143.001   674294.003   674298.001   674821.018
  1810:   675084.003   675090.016   675140.026   675305.005   676372.009
  1815:   683115.005   683138.009   683164.005   683187.009   683883.001
  1820:   684111.003   684334.001   684853.018   685152.003   685158.016
  1825:   685208.026   685392.005   686476.009   686513.005   686563.009
  1830:   686620.005   686703.009   687630.001   687728.003   687762.001
  1835:   687980.003   688016.001   688344.003   688428.001   688466.003
  1840:   688479.001   688657.003   688672.001   689191.018   689901.003
  1845:   689907.016   689922.001   689957.026   689979.003   690122.005
  1850:   690793.009   698470.001   698626.003   698678.001   698889.003
  1855:   698980.001   699156.003   699242.001   699276.003   699281.001
  1860:   699564.003   699714.001   699796.003   700013.005   700472.009
  1865:   700500.005   700946.009   701451.001   701639.003   701713.001
  1870:   701756.003   701929.001   702007.003   702022.001   702152.003
  1875:   702173.001   702284.003   702292.001   702811.018   703189.003
  1880:   703195.016   703245.026   703438.005   704377.009   707227.001
  1885:   707342.003   707445.001   707500.003   707604.001   707638.003
  1890:   707712.001   708231.018   708868.003   708874.016   708890.001
  1895:   708924.026   709035.003   709130.005   709914.009   710222.005
  1900:   710274.009   711388.001   711466.003   712626.001   712973.003
  1905:   713061.001   713402.003   713462.001   713497.003   713657.001
  1910:   714176.018   714448.003   714454.016   714504.026   714772.005
  1915:   715358.009   720660.001   721125.003   721136.001   721280.003
  1920:   721296.001   721327.003   721330.001   721588.003   722083.005
  1925:   722217.009   722459.001   722621.003   722733.001   722788.003
  1930:   722801.001   723320.018   725926.003   725932.016   725982.026
  1935:   726116.005   726754.009   726772.005   726840.009   731827.001
  1940:   731961.003   732006.001   732284.003   732294.001   732813.018
  1945:   733227.003   733233.016   733283.026   733510.005   734112.009
  1950:   734114.005   734261.009   738761.001   738834.003   739190.001
  1955:   739213.003   739229.001   739305.003   739311.001   739332.003
  1960:   739360.001   739879.018   739950.003   739956.016   740006.026
  1965:   740039.001   740061.003   740187.005   740930.009   740955.005
  1970:   741084.009   744104.001   744623.018   745338.003   745344.016
  1975:   745394.026   745752.005   746123.009   750288.005   750324.009
  1980:   751115.001   751194.003   751522.001   751567.003   751962.001
  1985:   752264.003   752328.001   752475.003   752685.001   752736.003
  1990:   752771.001   752884.003   753049.001   753517.003   754703.001
  1995:   754721.003   754757.001   754788.003   754809.001   754839.003
  2000:   754865.001   755233.003   755236.001   755760.018   755883.003
  2005:   755889.016   755939.026   756136.005   756701.009   766491.001
  2010:   766866.003   767499.001   767639.003   767788.001   768248.003
  2015:   768314.001   768712.003   770585.001   771104.018   771158.003
  2020:   771164.016   771203.001   771214.026   771331.003   771497.005
  2025:   772411.009   776535.001   776625.003   776762.001   776820.003
  2030:   778009.001   778079.003   778473.001   778537.003   779625.005
  2035:   779734.009   868130.005   868437.009   874178.001   874602.003
  2040:   874627.001   874672.003   874849.001   875368.018   875888.003
  2045:   875894.016   875899.001   875944.026   876129.003   876150.001
  2050:   876178.003   876546.005   877192.009   883148.001   883397.003
  2055:   883507.001   883530.003   883545.001   883570.003   883587.001
  2060:   883607.003   883618.001   883729.003   883748.001   884047.003
  2065:   884167.001   884385.003   884411.001   884722.003   884736.001
  2070:   884856.003   884983.001   885439.003   885672.005   885801.009
  2075:   886185.001   886256.003   886356.001   886374.003   886392.001
  2080:   886423.003   886446.001   886488.003   886503.001   886529.003
  2085:   886559.001   886685.003   886740.001   886855.003   886888.001
  2090:   887033.003   887040.001   887233.003   887327.001   887375.003
  2095:   887384.001   887437.003   887505.001   887638.003   887677.001
  2100:   887731.003   887746.001   887911.003   887984.001   888497.003
  2105:   888535.001   888559.003   891528.001   891544.003   891575.001
  2110:   891614.003   891624.001   891702.003   891725.001   891740.003
  2115:   891766.001   891927.003   892043.001   892446.003   892645.001
  2120:   892806.003   892880.001   893022.003   893029.001   893364.003
  2125:   893386.001   893500.003   893643.005   893823.009   894484.001
  2130:   894506.003   894525.001   894542.003   894555.001   894599.003
  2135:   894611.001   894640.003   894643.001   895167.018   896762.003
  2140:   896768.016   896818.026   897078.005   897536.009   902063.001
  2145:   902150.003   902424.001   902931.003   902946.001   903198.003
  2150:   903214.001   903733.018   903973.003   903979.016   904029.026
  2155:   904210.005   904695.009   905797.001   905948.003   906335.001
  2160:   906355.003   906456.001   906487.003   906562.001   906611.003
  2165:   906659.001   907178.018   908201.003   908207.016   908257.026
  2170:   908381.005   909210.009   912526.001   912784.003   912861.001
  2175:   913026.003   913247.001   913570.003   913640.001   913939.003
  2180:   913950.001   914373.003   914592.005   914732.009   915414.001
  2185:   915433.003   915454.001   915479.003   915506.001   915604.003
  2190:   915615.001   915746.003   915755.001   916274.018   916583.003
  2195:   916589.016   916639.026   916845.005   917626.009   925534.001
  2200:   925723.003   925756.001   925814.003   925897.001   926006.003
  2205:   926130.001   926153.003   926273.001   926682.003   926818.001
  2210:   927337.018   927373.003   927379.016   927429.026   927637.005
  2215:   928144.009   930895.001   930994.003   931011.001   931479.003
  2220:   931643.001   931686.003   931720.001   932124.003   932855.001
  2225:   932885.003   932903.001   932946.003   932955.001   932996.003
  2230:   933012.001   933531.018   934349.003   934355.016   934399.001
  2235:   934405.026   934502.003   934601.005   935536.009   935539.005
  2240:   935559.009   937220.001   937298.003   937381.001   937410.003
  2245:   937590.001   937686.003   937700.001   937741.003   937791.001
  2250:   938310.018   939420.003   939426.016   939476.026   939777.005
  2255:   940387.009   941818.001   942011.003   942071.001   942111.003
  2260:   942299.001   942318.003   942391.001   942453.003   942520.001
  2265:   943039.018   943348.003   943354.016   943369.001   943404.026
  2270:   943420.003   943477.001   943534.003   943644.005   944173.009
  2275:   945159.001   945634.003   945719.001   945771.003   946000.001
  2280:   946519.018   948344.003   948350.016   948400.026   948571.005
  2285:   948943.009   949141.005   949534.009   956098.001   956145.003
  2290:   956220.001   956357.003   956436.001   956543.003   956632.001
  2295:   956735.003   956798.001   957181.003   958492.001   958571.003
  2300:   958598.001   958617.003   958669.001   958693.003   958721.001
  2305:   958753.003   958770.001   959289.018   960603.003   960609.016
  2310:   960659.026   960837.005   961466.009   962945.001   963009.003
  2315:   963484.001   963773.003   963825.001   963868.003   964551.001
  2320:   964617.003   964751.001   965270.018   965554.003   965560.016
  2325:   965610.026   965886.005   966443.009   968313.001   968359.003
  2330:   968373.001   968892.018   969794.003   969800.016   969850.026
  2335:   970052.005   970731.009   972688.001   973207.018   973582.003
  2340:   973588.016   973638.026   973873.005   974512.009   974517.005
  2345:   974672.009   976822.001   976861.003   977001.001   977075.003
  2350:   978255.001   978626.003   979124.001   979347.003   979816.005
  2355:   979833.009   979843.005   979882.009   980584.001   980702.003
  2360:   980708.001   981229.018   981970.003   981976.016   982021.001
  2365:   982026.026   982238.003   982379.005   982985.009   983034.005
  2370:   983201.009   983259.005   983306.009   990219.001   990459.003
  2375:   990714.001   990751.003   990771.001   991174.003   991846.001
  2380:   991917.003   992097.001   992545.003   992739.001   992949.003
  2385:   993226.001   993438.003   994574.001   994600.003   994625.001
  2390:   994644.003   994665.001   994706.003   994726.001   994770.003
  2395:   994778.001   995297.018   995364.003   995368.001   995370.016
  2400:   995402.003   995420.026   995686.005   996170.009   997641.001
  2405:   997691.003   997872.001   997903.003   997974.001   998101.003
  2410:   998136.001   998240.003   998418.001   998545.003   998621.001
  2415:   998791.003   998802.001   999321.018   999379.003   999385.016
  2420:   999406.001   999435.026   999518.003   999607.005  1000250.009
  2425:  1000297.005  1000356.009  1000374.005  1000411.009  1002324.001
  2430:  1002843.018  1003188.003  1003194.016  1003244.026  1003533.005
  2435:  1004084.009  1007329.001  1007361.003  1007378.001  1007402.003
  2440:  1007422.001  1007592.003  1007637.001  1007739.003  1007868.001
  2445:  1008154.003  1008200.001  1008253.003  1008290.001  1008342.003
  2450:  1008833.001  1008861.003  1008887.001  1009406.018  1009473.003
  2455:  1009479.016  1009526.001  1009529.026  1009620.003  1009760.005
  2460:  1010539.009  1013272.001  1013310.003  1013521.001  1013536.003
  2465:  1013711.001  1013748.003  1013826.001  1013946.003  1013956.001
  2470:  1014208.003  1014226.001  1014283.003  1014301.001  1014594.003
  2475:  1015020.001  1015133.003  1015232.001  1015574.003  1015608.001
  2480:  1015631.003  1015651.001  1016122.003  1017036.001  1017080.003
  2485:  1017179.001  1017206.003  1017304.001  1017332.003  1017547.001
  2490:  1017964.003  1018038.001  1018557.018  1018959.003  1018965.016
  2495:  1019015.026  1019178.005  1019186.009  1019224.005  1019901.009
  2500:  1056440.001  1056601.003  1056634.001  1056867.003  1056961.001
  2505:  1057060.003  1057088.001  1057121.003  1057195.001  1057215.003
  2510:  1057273.001  1057306.003  1057327.001  1057345.003  1057382.001
  2515:  1057413.003  1057434.001  1057453.003  1057474.001  1057556.003
  2520:  1057584.001  1057783.003  1057855.001  1057981.003  1058910.001
  2525:  1058945.003  1059273.001  1059290.003  1059374.001  1059416.003
  2530:  1059486.001  1059539.003  1059554.001  1059686.003  1059699.001
  2535:  1060103.003  1061316.001  1061459.003  1061514.001  1061539.003
  2540:  1061883.001  1061980.003  1062195.001  1062714.018  1062726.003
  2545:  1062732.016  1062782.026  1063088.005  1063801.009  1072318.005
  2550:  1072410.009  1072422.005  1072444.009  1072973.001  1073164.003
  2555:  1073293.001  1073434.003  1073551.001  1073794.003  1073820.001
  2560:  1073953.003  1073977.001  1073998.003  1074015.001  1074134.003
  2565:  1074142.001  1074175.003  1074187.001  1074297.003  1074327.001
  2570:  1074768.003  1075975.001  1076009.003  1076045.001  1076076.003
  2575:  1076249.001  1076378.003  1076390.001  1076909.018  1077270.003
  2580:  1077276.016  1077326.026  1077366.001  1077381.003  1077483.005
  2585:  1078196.009  1078197.005  1078234.009  1090011.001  1090123.003
  2590:  1091961.001  1092398.003  1093463.005  1093505.009  1093506.005
  2595:  1093546.009  1094494.001  1095013.018  1095025.003  1095031.016
  2600:  1095081.026  1095286.005  1096301.009  1163019.005  1163193.009
  2605:  1163201.005  1163293.009  1163298.005  1163588.009  1164064.001
  2610:  1164302.003  1164382.001  1164546.003  1167199.001  1167605.003
  2615:  1168173.001  1168229.003  1180273.005  1180289.009  1180808.001
  2620:  1181246.003  1181341.001  1181860.018  1182816.003  1182822.016
  2625:  1182872.026  1183030.005  1183567.009  1252699.001  1253218.018
  2630:  1253703.003  1253709.016  1253711.001  1253759.026  1253932.003
  2635:  1254061.005  1254976.009  1255019.005  1255133.009  1266662.005
  2640:  1266699.009  1266700.005  1266889.009  1267217.005  1267253.009
  2645:  1268912.001  1269247.003  1269301.001  1269820.018  1270022.003
  2650:  1270028.016  1270078.026  1270118.001  1270166.003  1270335.005
  2655:  1270703.009  1278955.001  1279377.003  1421717.001  1422187.003
  2660:  1422228.001  1422703.003  1422841.001  1423296.003  1423878.001
  2665:  1423945.003  1424502.001  1425021.018  1426243.003  1426249.016
  2670:  1426299.026  1426602.005  1427353.009  1427369.005  1427604.009
  2675:  1441707.001  1442190.003  1442214.001  1442256.003  1442317.001
  2680:  1442836.018  1443627.003  1443633.016  1443643.001  1443683.026
  2685:  1443782.003  1443941.005  1444567.009  1446968.001  1447027.003
  2690:  1447531.001  1447594.003  1448080.001  1448599.018  1448754.003
  2695:  1448760.016  1448788.001  1448810.026  1448875.003  1449000.005
  2700:  1449908.009  1449924.005  1449958.009  1449989.005  1450254.009
  2705:  1451776.001  1451833.003  1452766.001  1452837.003  1453878.001
  2710:  1454397.018  1454480.003  1454486.016  1454536.026  1454805.005
  2715:  1455454.009  1455471.005  1455524.009  1455637.005  1455659.009
  2720:  1455668.005  1455753.009  1455981.005  1456004.009  1481067.001
  2725:  1481247.003  1481315.001  1481337.003  1482986.001  1483106.003
  2730:  1483121.001  1483253.003  1483400.001  1483919.018  1484017.003
  2735:  1484023.016  1484073.026  1484290.005  1484874.009  1486322.001
  2740:  1486566.003  1486613.001  1486671.003  1486692.001  1486709.003
  2745:  1486851.001  1486996.003  1487032.001  1487267.003  1487364.001
  2750:  1487410.003  1488145.001  1488664.018  1488862.003  1488868.016
  2755:  1488918.026  1489276.005  1489721.009  1489810.005  1489855.009
  2760:  1489887.005  1490123.009  1490215.005  1490372.009  1490472.005
  2765:  1490538.009  1498169.001  1498242.003  1498866.001  1498925.003
  2770:  1499025.001  1499120.003  1499146.001  1499249.003  1499307.001
  2775:  1499826.018
B:
     0:        0.000      956.000        0.000      955.000        0.000
     5:      258.000        0.000        0.000        0.000      258.000
    10:        0.000        1.000        0.000        1.000        0.000
    15:        0.000      116.000        0.000      115.000        0.000
    20:        0.000        0.000        0.000        0.000        0.000
    25:        0.000      116.000        0.000        0.000        0.000
    30:        0.000
D:
     0:  4914798.000  4914100.000  4914042.000
E:
     0:      518.500      518.500
T:
     0:        0.000        0.000        0.000        0.000
W:
     0:        2.000        0.000        0.000
