File: C:\MED-PC IV\Data\Reyes\AW\AW1044.999


Start Date: 08/13/24
End Date: 08/13/24
Subject: 44
Experiment: AW
Group: EXP10
Box: 6
Start Time: 15:00:44
End Time: 15:50:44
MSN: DRRD_exp_10
C:       0.000
F:       0.000
G:       0.000
H:       0.000
I:       0.000
J:       0.000
K:    1899.000
L:       0.000
M:       0.000
N:       0.000
O:       0.000
P:       0.000
Q:       0.000
R:       0.000
S:       0.000
U: 1332228.000
V:       0.000
X:       0.000
Y:    2321.000
Z:       0.000
A:
     0:     7070.005     7173.009     7265.005     7321.009     9498.005
     5:     9606.009    15000.013    15000.011    15518.001    15617.003
    10:    16181.005    16494.009    17004.001    17225.003    17450.001
    15:    17715.003    17779.001    17895.003    17925.001    18480.003
    20:    18960.001    19682.003    20492.001    21117.003    21606.001
    25:    22428.003    23234.001    24184.018    24227.003    24233.016
    30:    24283.026    24438.005    25242.009    25249.005    25274.009
    35:    27508.001    27727.003    28186.001    28584.003    28602.001
    40:    29209.003    29709.001    30192.003    30244.001    30631.003
    45:    31383.001    32124.003    32147.001    32732.003    33202.001
    50:    34152.018    34236.003    34242.016    34292.026    34462.005
    55:    35328.009    35373.005    35402.009    35614.005    35663.009
    60:    35685.005    35839.009    35886.005    35975.009    36026.005
    65:    36043.009    36064.005    36094.009    37111.001    37159.003
    70:    37391.001    37641.003    37752.001    37795.003    37985.001
    75:    38518.003    38671.001    38979.003    38993.001    39060.003
    80:    39765.001    40715.018    40764.003    40770.016    40820.026
    85:    40985.005    41618.009    41641.005    41750.009    43597.001
    90:    43762.003    43809.001    43919.003    43997.001    44629.003
    95:    44675.001    44732.003    45053.001    45574.003    46831.001
   100:    47258.003    48060.001    48578.003    48794.005    48957.009
   105:    49453.001    50241.003    50691.001    51323.003    51365.001
   110:    51918.003    52286.001    53029.003    53348.001    54298.018
   115:    54325.003    54331.016    54381.026    54598.005    55282.009
   120:    55288.005    55367.009    56634.001    57384.003    57767.001
   125:    57811.003    57899.001    58380.003    59196.005    59527.009
   130:    59999.001    60617.003    60724.001    60752.003    60800.001
   135:    60915.003    60972.001    61008.003    61064.001    61648.003
   140:    62021.001    62044.003    62064.001    62835.003    63344.001
   145:    64294.018    64996.003    65002.016    65052.026    65211.005
   150:    65819.009    70135.005    70206.009    71867.001    71914.003
   155:    72150.001    72194.003    72248.001    72650.003    72875.001
   160:    73144.003    73818.001    73912.003    73937.001    74210.003
   165:    74220.001    74453.003    74917.001    75042.003    75143.001
   170:    75707.003    75932.001    76161.003    76173.001    76282.003
   175:    76389.001    76470.003    76714.001    76748.003    76788.001
   180:    77306.003    77341.001    77750.003    78121.001    78789.003
   185:    79134.005    79251.009    79455.005    79915.009    82208.001
   190:    83048.003    83336.001    83401.003    84514.001    84558.003
   195:    84673.001    84722.003    84753.001    84796.003    84889.001
   200:    85477.003    86666.001    86880.003    86930.001    86977.003
   205:    87029.001    87121.003    87319.001    87349.003    87374.001
   210:    87428.003    87501.001    87827.003    87993.001    88202.003
   215:    88464.001    88543.003    88576.001    89526.018    90007.003
   220:    90013.016    90063.026    90229.005    90843.009    99967.001
   225:   100074.003   100227.001   100968.003   101878.001   102284.003
   230:   102309.001   102794.003   103058.001   103209.003   103224.001
   235:   103595.003   104336.001   104441.003   104521.001   105471.018
   240:   105816.003   105822.016   105872.026   106044.005   107300.009
   245:   114727.001   115192.003   115838.005   115975.009   116517.001
   250:   116552.003   116671.001   116719.003   116975.001   117513.003
   255:   118023.001   118973.018   119025.003   119031.016   119081.026
   260:   119254.005   119931.009   124473.005   124549.009   127081.001
   265:   127127.003   127402.001   127437.003   128052.001   128886.003
   270:   130101.001   130216.003   130255.001   130667.003   130681.001
   275:   131468.003   131835.001   131981.003   132048.001   132423.003
   280:   132697.001   133104.003   134901.001   135570.003   136061.001
   285:   136189.003   136217.001   137145.003   138067.001   139017.018
   290:   139081.003   139087.016   139137.026   139307.005   140658.009
   295:   141768.001   141807.003   142150.001   142633.003   142684.001
   300:   143032.003   143991.001   144475.003   144498.001   144618.003
   305:   145279.001   145490.003   145508.001   146278.003   146629.005
   310:   146644.009   146660.005   146781.009   152181.001   152489.003
   315:   152697.001   152975.003   153011.001   153217.003   153236.001
   320:   153251.003   153984.001   154011.003   154048.001   154484.003
   325:   154496.001   154510.003   154683.001   154793.003   154847.001
   330:   154856.003   155264.001   156009.003   156244.001   156320.003
   335:   156427.001   156809.003   156925.001   156993.003   157056.001
   340:   157788.003   159515.005   159538.009   159553.005   160230.009
   345:   160956.001   161414.003   161432.001   161672.003   161741.001
   350:   161825.003   161880.001   162263.003   162286.001   162345.003
   355:   163091.001   164041.018   164298.003   164304.016   164354.026
   360:   164558.005   165161.009   168226.005   168298.009   168744.001
   365:   169106.003   169128.001   169266.003   169366.001   170316.018
   370:   170647.003   170653.016   170703.026   170918.005   171669.009
   375:   171731.005   171742.009   172761.001   173475.003   173622.001
   380:   174367.003   175133.001   175895.003   176721.001   177671.018
   385:   178103.003   178109.016   178159.026   178363.005   178946.009
   390:   179191.005   179385.009   181282.001   181369.003   181407.001
   395:   182018.003   182784.001   183734.018   184010.003   184016.016
   400:   184066.026   184249.005   185017.009   185337.005   185454.009
   405:   186657.001   186877.003   186919.001   187253.003   187685.001
   410:   187910.003   187926.001   188263.003   188996.001   189492.003
   415:   189732.001   190682.018   190955.003   190961.016   191011.026
   420:   191169.005   191617.009   191716.005   191817.009   192802.001
   425:   193210.003   193275.001   194155.003   194165.001   194351.003
   430:   195141.001   195849.003   197143.001   197317.003   197507.001
   435:   197670.003   197688.001   198316.003   198980.005   199102.009
   440:   199545.001   199777.003   199841.001   200255.003   200458.001
   445:   201034.003   203433.001   204286.003   204861.001   205195.003
   450:   205221.001   205649.003   205665.001   206144.003   207308.001
   455:   208258.018   209422.003   209428.016   209450.001   209478.026
   460:   209600.003   209765.005   210355.009   210446.005   210559.009
   465:   211239.001   211668.003   211927.001   212877.018   213589.003
   470:   213595.016   213607.001   213645.026   213789.003   213912.005
   475:   214487.009   215062.005   215083.009   224245.001   224934.003
   480:   225413.001   225761.003   225780.001   226391.003   226823.001
   485:   227773.018   228172.003   228178.016   228228.026   228417.005
   490:   228955.009   230254.001   230298.003   230842.001   231792.018
   495:   231959.003   231965.016   231980.001   232015.026   232180.003
   500:   232364.005   233037.009   234948.001   235898.018   236772.003
   505:   236778.016   236828.026   237075.005   237564.009   239536.001
   510:   240486.018   240515.003   240521.016   240571.026   240652.001
   515:   240708.003   241031.005   241517.009   242840.001   243790.018
   520:   243960.003   243966.016   244012.001   244016.026   244201.003
   525:   244357.005   245212.009   245315.005   245362.009   246473.001
   530:   246566.003   246680.001   247630.018   247845.003   247851.016
   535:   247901.026   248067.005   248654.009   248759.005   248909.009
   540:   249655.001   250605.018   251755.003   251761.016   251811.026
   545:   251980.005   252391.009   253808.001   254168.003   254309.001
   550:   254912.003   254934.001   255652.003   256130.001   257041.003
   555:   257459.001   257782.003   258117.001   258864.003   259685.001
   560:   260040.003   260096.001   260355.003   260390.001   261284.003
   565:   261934.001   262053.003   262562.001   263443.003   263502.001
   570:   264031.003   265056.005   265495.009   265633.005   265640.009
   575:   266071.001   266149.003   266248.001   266472.003   266698.001
   580:   266944.003   267312.005   267329.009   267340.005   268625.009
   585:   268648.005   269256.009   269358.005   269366.009   269390.005
   590:   269621.009   270611.001   270766.003   270960.001   271143.003
   595:   271961.001   272367.003   272957.005   273389.009   276427.001
   600:   277138.003   277281.001   277378.003   277693.001   278202.003
   605:   278307.001   278362.003   278713.001   279081.003   279508.005
   610:   279825.009   280326.001   280486.003   280566.001   281107.003
   615:   281954.001   282550.003   282560.001   283479.003   284045.001
   620:   284086.003   284113.001   285063.018   285163.003   285169.016
   625:   285219.026   285389.005   285980.009   290441.005   290514.009
   630:   295673.001   295742.003   295941.001   296311.003   296330.001
   635:   296638.003   297470.001   297985.003   298481.001   298769.003
   640:   298783.001   299631.003   300218.001   300463.003   300488.001
   645:   301417.003   301874.001   302824.018   303184.003   303190.016
   650:   303240.026   303383.005   303944.009   304557.001   305467.003
   655:   305560.001   306015.003   306741.001   307143.003   308072.001
   660:   309022.018   309122.003   309128.016   309178.026   309304.005
   665:   309760.009   309779.005   309924.009   313769.001   314040.003
   670:   314629.001   315020.003   315361.001   315809.003   315831.001
   675:   316133.003   317325.001   317442.003   317512.001   318402.003
   680:   318427.001   318545.003   319002.001   319050.003   319189.001
   685:   319463.003   319483.001   319574.003   319665.001   319982.003
   690:   320558.001   320641.003   321016.001   321313.003   321322.001
   695:   322272.018   322676.003   322682.016   322688.001   322732.026
   700:   322765.003   322944.005   323566.009   325746.001   326370.003
   705:   326396.001   326787.003   326804.001   327272.003   328268.001
   710:   328957.003   329528.001   330176.003   331071.001   331218.003
   715:   331575.001   331784.003   332385.005   332403.009   335012.005
   720:   335121.009   335578.001   336148.003   336291.001   336494.003
   725:   336673.001   336728.003   337222.001   337427.003   337612.001
   730:   338092.003   338109.001   338698.003   339036.001   339569.003
   735:   339597.001   340547.018   340626.003   340632.016   340682.026
   740:   340806.005   341585.009   342549.001   343353.003   343372.001
   745:   344322.018   344358.003   344364.016   344414.026   344586.005
   750:   345811.009   346463.001   347011.003   347048.001   347998.003
   755:   348004.016   348054.026   348180.005   348636.009   348664.005
   760:   348678.009   348707.005   348711.009   348764.005   348968.009
   765:   352753.001   353703.018   353798.003   353804.016   353854.026
   770:   354055.005   354629.009   355861.001   356008.003   357011.001
   775:   357205.003   357701.001   358387.003   358981.001   359679.003
   780:   359696.001   360346.003   361099.001   361277.003   361288.001
   785:   362238.018   362489.003   362495.016   362545.026   362686.005
   790:   363280.009   363394.005   363423.009   373185.001   373590.003
   795:   374081.001   374321.003   374896.005   374908.009   375440.001
   800:   376060.003   376509.001   377091.003   377107.001   377260.003
   805:   377749.001   378699.018   379455.003   379461.016   379511.026
   810:   379652.005   380102.009   380118.005   380316.009   384259.001
   815:   384406.003   384719.001   385669.018   385742.003   385748.016
   820:   385798.026   386046.005   386559.009   386563.005   386739.009
   825:   386791.005   386872.009   388863.001   389140.003   389157.001
   830:   389390.003   389822.005   390035.009   390491.001   391441.018
   835:   391513.003   391519.016   391569.026   391734.005   392436.009
   840:   392578.005   392590.009   394087.001   394800.003   395246.001
   845:   395831.003   395853.001   396372.003   396693.001   396813.003
   850:   396857.001   397071.003   397095.001   397941.003   398298.001
   855:   398409.003   398552.001   399015.003   399037.001   399730.003
   860:   400800.001   401750.018   402205.003   402211.016   402261.026
   865:   402409.005   402849.009   404909.001   405589.003   405954.001
   870:   406118.003   406410.001   407360.018   407549.003   407555.016
   875:   407605.026   407710.005   408447.009   408470.005   408477.009
   880:   413905.005   413993.009   414356.001   415056.003   415562.001
   885:   415610.003   415842.001   416081.003   418481.001   418595.003
   890:   419177.005   419285.009   423869.001   424120.003   424468.001
   895:   425418.018   425811.003   425817.016   425867.026   426027.005
   900:   426650.009   430451.001   431398.003   431813.001   432683.003
   905:   433532.001   434482.018   435380.003   435386.016   435436.026
   910:   435587.005   436422.009   438537.001   439087.003   439490.005
   915:   439782.009   440517.001   440942.003   442126.001   442438.003
   920:   442622.001   442932.003   442970.001   443146.003   443178.001
   925:   443483.003   443497.001   443981.003   457660.005   457728.009
   930:   459755.005   459766.009   459791.005   460009.009   461670.001
   935:   461933.003   462208.001   462481.003   463116.001   464066.018
   940:   464188.003   464194.016   464244.026   464349.005   464699.009
   945:   470181.001   470215.003   471110.001   472060.018   472205.003
   950:   472211.016   472261.026   472374.005   473356.009   474444.001
   955:   474798.003   474982.001   475307.003   475330.001   475537.003
   960:   475924.001   476874.018   477372.003   477378.016   477428.026
   965:   477589.005   478337.009   485315.005   485403.009   486433.001
   970:   486696.003   487950.001   488186.003   488365.001   489315.018
   975:   489462.003   489468.016   489518.026   489621.005   490331.009
   980:   491312.001   491395.003   491876.001   492215.003   492242.001
   985:   492988.003   493579.001   494529.018   494709.003   494715.016
   990:   494765.026   494869.005   495762.009   501287.001   502237.018
   995:   502283.003   502289.016   502339.026   502540.005   503408.009
  1000:   503485.005   503500.009   503513.005   503670.009   504531.001
  1005:   504623.003   504746.001   505128.003   505750.005   506063.009
  1010:   507065.001   507149.003   507250.001   507313.003   507816.001
  1015:   508678.003   508872.005   509403.009   509512.005   509563.009
  1020:   510285.001   510553.003   510694.001   510854.003   511300.001
  1025:   512250.018   512295.003   512301.016   512351.026   512399.005
  1030:   513148.009   514768.001   515660.003   516501.001   516840.003
  1035:   517224.001   518174.018   518395.003   518401.016   518451.026
  1040:   518572.005   519203.009   519223.005   519289.009   520471.001
  1045:   521268.003   522243.005   522382.009   522975.001   523874.003
  1050:   524351.001   524918.003   525243.001   526193.018   526472.003
  1055:   526478.016   526528.026   526643.005   527484.009   531782.001
  1060:   532012.003   532043.001   532486.003   532562.001   532900.003
  1065:   534190.001   535140.018   535298.003   535304.016   535328.001
  1070:   535354.026   535454.003   535570.005   535956.009   535957.005
  1075:   536014.009   536265.005   536384.009   536528.005   536543.009
  1080:   538619.001   539569.018   539931.003   539937.016   539987.026
  1085:   540076.005   540961.009   541102.005   541324.009   542646.001
  1090:   543596.018   543905.003   543911.016   543961.026   544062.005
  1095:   544807.009   544830.005   545065.009   545099.005   545134.009
  1100:   545343.005   545404.009   545412.005   545512.009   546879.001
  1105:   547829.018   548191.003   548197.016   548247.026   548249.017
  1110:   548380.005   548793.009   555267.001   556312.018   557032.003
  1115:   557038.016   557088.026   557181.005   557816.009   559698.001
  1120:   560743.018   560934.003   560940.016   560990.026   561096.005
  1125:   561566.009   561722.005   561869.009   564204.001   564509.003
  1130:   564945.001   565990.018   566715.003   566721.016   566771.026
  1135:   566855.005   567153.009   571362.001   572093.003   572118.001
  1140:   572364.003   572565.005   572888.009   572911.005   573119.009
  1145:   573454.001   574499.018   574989.003   574995.016   575045.026
  1150:   575147.005   575394.009   579227.001   580260.003   580988.001
  1155:   581631.003   581645.001   582248.003   583190.001   583650.003
  1160:   583667.001   583895.003   583916.001   584414.003   585084.001
  1165:   585517.003   585595.001   585683.003   585874.001   586142.003
  1170:   586189.001   586334.003   586899.001   587944.018   588227.003
  1175:   588233.016   588283.026   588397.005   588973.009   592025.001
  1180:   592120.003   593143.001   593604.003   594067.005   594081.009
  1185:   594095.005   594478.009   595000.001   595960.003   595988.001
  1190:   596196.003   597172.001   597242.003   597857.001   598902.018
  1195:   599536.003   599542.016   599592.026   599740.005   599961.009
  1200:   604039.001   604483.003   605308.001   606311.003   606856.001
  1205:   607901.018   608246.003   608252.016   608302.026   608447.005
  1210:   608953.009   609066.005   609096.009   610630.005   610954.009
  1215:   617900.005   617937.009   636172.001   636907.003   641752.005
  1220:   641831.009   644690.001   645273.003   646765.001   646936.003
  1225:   647493.001   648209.003   648698.005   648731.009   648743.005
  1230:   648904.009   650198.001   650639.003   651324.001   652369.018
  1235:   652383.003   652389.016   652439.026   652539.005   653316.009
  1240:   654643.005   654810.009   655395.001   655798.003   656430.001
  1245:   657133.003   657161.001   657649.003   661827.001   662787.003
  1250:   663717.001   664238.003   664256.001   664420.003   665243.001
  1255:   666288.018   666730.003   666736.016   666786.026   666942.005
  1260:   667689.009   670349.001   670583.003   672396.001   672547.003
  1265:   672680.001   673412.003   675151.001   676196.018   676432.003
  1270:   676438.016   676488.026   676593.005   677476.009   689413.001
  1275:   689729.003   690379.001   691268.003   691302.001   691617.003
  1280:   693941.001   693994.003   694264.001   694554.003   694593.001
  1285:   694899.003   695739.001   696426.003   696439.001   696573.003
  1290:   702515.001   703501.003   704046.005   704321.009   704328.005
  1295:   704360.009   705190.001   705356.003   706312.001   707357.018
  1300:   707885.003   707891.016   707941.026   708044.005   708813.009
  1305:   708837.005   709013.009   709058.005   709082.009   709102.005
  1310:   709142.009   718075.001   718597.003   718908.001   719843.003
  1315:   720690.001   721369.003   721964.001   722464.003   722942.005
  1320:   723344.009   739555.001   739947.003   740158.001   740427.003
  1325:   740609.001   740821.003   741650.001   742311.003   743017.001
  1330:   743862.003   744011.005   744374.009   750356.001   751235.003
  1335:   751728.001   752633.003   753303.001   754287.003   754739.001
  1340:   755784.018   756306.003   756312.016   756362.026   756452.005
  1345:   757554.009   757565.005   757566.009   762472.001   762702.003
  1350:   762799.001   763160.003   764164.001   764948.003   765464.001
  1355:   766041.003   766051.001   766661.003   767397.001   768442.018
  1360:   768938.003   768944.016   768994.026   769108.005   769688.009
  1365:   769760.005   769923.009   772183.001   772950.003   773132.001
  1370:   773277.003   773309.001   774354.018   774420.003   774426.016
  1375:   774476.026   774598.005   775430.009   778136.001   779181.018
  1380:   779487.003   779493.016   779543.026   779696.005   780203.009
  1385:   790207.005   790213.009   790269.005   790280.009   790421.005
  1390:   790561.009   791401.001   792187.003   792405.001   792666.003
  1395:   794164.001   794980.003   795588.001   795770.003   795999.001
  1400:   797044.018   797133.003   797139.016   797189.026   797318.005
  1405:   797773.009   797843.005   798018.009   798061.005   798145.009
  1410:   801566.005   801627.009   802291.001   803336.018   803778.003
  1415:   803784.016   803834.026   803945.005   804703.009   807072.001
  1420:   807392.003   808011.001   808981.003   810031.001   811020.003
  1425:   811032.001   811390.003   812245.001   813290.018   813774.003
  1430:   813780.016   813830.026   813948.005   815096.009   826389.001
  1435:   827048.003   827599.001   828280.003   828586.001   829360.003
  1440:   829380.001   829469.003   830448.001   831493.018   831574.003
  1445:   831580.016   831630.026   831695.005   832676.009   832684.005
  1450:   832715.009   832896.005   833059.009   833918.001   834963.018
  1455:   835265.003   835271.016   835321.026   835471.005   836398.009
  1460:   836489.005   836548.009   837447.001   837693.003   838285.001
  1465:   838465.003   838537.001   839097.003   839121.001   839279.003
  1470:   840146.001   841191.018   841256.003   841262.016   841312.026
  1475:   841406.005   841730.009   841733.005   841744.009   848591.005
  1480:   848626.009   849292.001   850337.018   851049.003   851055.016
  1485:   851105.026   851232.005   851710.009   851731.005   851758.009
  1490:   851853.005   851878.009   851926.005   852048.009   852328.005
  1495:   852366.009   852382.005   852539.009   852676.005   852690.009
  1500:   853919.005   853925.009   854751.001   855796.018   856144.003
  1505:   856150.016   856200.026   856202.017   856289.001   856299.003
  1510:   856459.005   856706.009   864018.001   864505.003   865223.001
  1515:   865648.003   865664.001   866004.003   866165.005   866532.009
  1520:   867405.001   868484.003   869069.001   870157.003   870175.001
  1525:   870378.003   870812.001   871868.003   872564.005   872752.009
  1530:   878638.001   879058.003   880369.001   881037.003   882732.001
  1535:   883103.003   883315.005   883688.009   884734.001   885806.003
  1540:   907654.001   908628.003   908922.001   909297.003   909927.005
  1545:   910058.009   910652.001   910951.003   911249.001   912122.003
  1550:   912593.001   913742.018   913856.003   913862.016   913912.026
  1555:   914060.005   914483.009   929247.001   929998.003   930501.001
  1560:   931100.003   931665.001   932378.003   932397.001   932902.003
  1565:   933343.001   933958.003   933986.001   934074.003   934108.001
  1570:   934667.003   935205.001   936271.003   936609.001   937575.003
  1575:   937647.001   937827.003   937862.001   938822.003   939114.005
  1580:   939411.009   939796.001   940945.018   941112.003   941118.016
  1585:   941168.026   941298.005   941914.009   942112.005   942481.009
  1590:   951867.001   951922.003   952229.001   952808.003   953701.001
  1595:   954251.003   954824.001   955957.003   956700.001   957849.018
  1600:   958021.003   958027.016   958077.026   958157.005   959415.009
  1605:   965601.001   966492.003   967684.001   968168.003   968564.001
  1610:   968654.003   968798.001   969816.003   971581.001   972730.018
  1615:   973046.003   973052.016   973102.026   973215.005   974187.009
  1620:   976017.001   976658.003   978874.001   979128.003   979163.001
  1625:   979359.003   979436.001   980355.003   981431.001   982369.003
  1630:   983298.001   984447.018   984507.003   984513.016   984528.001
  1635:   984563.026   984726.003   984882.005   985501.009   988393.001
  1640:   988966.003   989330.001   990221.003   990420.005   990430.009
  1645:   990436.005   990876.009   991280.005   991409.009   991753.001
  1650:   992902.018   992955.003   992961.016   993011.026   993153.005
  1655:   993686.009   993941.005   994023.009   996695.001   997690.003
  1660:   997923.001   998929.003   999512.001  1000661.018  1001106.003
  1665:  1001112.016  1001162.026  1001294.005  1001758.009  1006002.005
  1670:  1006102.009  1006613.001  1007762.018  1009153.003  1009159.016
  1675:  1009209.026  1009324.005  1009833.009  1009862.005  1009870.009
  1680:  1010173.005  1010326.009  1011099.005  1011101.009  1014088.001
  1685:  1015173.003  1016234.001  1017375.003  1018071.001  1018831.003
  1690:  1019473.001  1019656.003  1019745.001  1020182.003  1020202.001
  1695:  1020610.003  1021325.001  1021602.003  1021682.001  1022750.003
  1700:  1023842.001  1023965.003  1023991.001  1025140.018  1025297.003
  1705:  1025303.016  1025353.026  1025552.005  1025907.009  1025924.005
  1710:  1026167.009  1033621.001  1034687.003  1040252.001  1040537.003
  1715:  1041156.001  1041809.003  1042492.001  1043641.018  1043821.003
  1720:  1043827.016  1043877.026  1043983.005  1044630.009  1049212.005
  1725:  1049275.009  1049762.001  1050911.018  1051585.003  1051591.016
  1730:  1051641.026  1052262.005  1052795.009  1052824.005  1052851.009
  1735:  1052976.005  1053662.009  1053719.005  1053737.009  1054347.005
  1740:  1054357.009  1058134.005  1058181.009  1058880.001  1059463.003
  1745:  1060702.001  1061221.003  1061782.005  1062180.009  1063230.001
  1750:  1063772.003  1063819.001  1064527.003  1065169.001  1066316.003
  1755:  1067053.001  1068181.003  1068708.001  1068996.003  1069042.001
  1760:  1069515.003  1069527.001  1069749.003  1070161.005  1070169.009
  1765:  1070181.005  1071054.009  1071239.005  1071373.009  1072320.001
  1770:  1073116.003  1073616.005  1073766.009  1075060.001  1076051.003
  1775:  1076544.005  1076758.009  1077507.001  1078092.003  1078796.001
  1780:  1079945.018  1080096.003  1080102.016  1080152.026  1080273.005
  1785:  1081000.009  1081527.005  1081545.009  1081639.005  1081930.009
  1790:  1083435.001  1084152.003  1084602.001  1085284.003  1085683.001
  1795:  1086797.003  1086826.001  1087395.003  1087761.001  1088320.003
  1800:  1088403.001  1088479.003  1088784.001  1089933.018  1089956.003
  1805:  1089962.016  1090012.026  1090274.005  1090777.009  1090888.005
  1810:  1090891.009  1098635.001  1098950.003  1099314.001  1100463.018
  1815:  1100518.003  1100524.016  1100574.026  1100634.005  1101493.009
  1820:  1101911.005  1102204.009  1103896.001  1105045.018  1105745.003
  1825:  1105751.016  1105801.026  1105980.005  1107057.009  1109847.001
  1830:  1109993.003  1110806.005  1110932.009  1111320.001  1112050.003
  1835:  1112071.001  1112601.003  1113002.005  1113510.009  1113969.001
  1840:  1114233.003  1114270.001  1114813.003  1115004.001  1115724.003
  1845:  1116106.001  1116718.003  1116737.001  1116928.003  1116978.001
  1850:  1117487.003  1118133.001  1118534.003  1118596.001  1119635.003
  1855:  1120200.001  1120600.003  1120675.001  1120768.003  1121594.001
  1860:  1122365.003  1122454.001  1123007.003  1123324.001  1124387.003
  1865:  1124968.001  1125797.003  1126161.005  1126306.009  1127243.001
  1870:  1127469.003  1127514.001  1128270.003  1128693.001  1129842.018
  1875:  1130034.003  1130040.016  1130090.026  1130226.005  1131033.009
  1880:  1131098.005  1131112.009  1136186.005  1136407.009  1137293.001
  1885:  1137348.003  1138243.001  1138569.003  1139144.001  1139489.003
  1890:  1140802.001  1141144.003  1142644.001  1143663.003  1144650.001
  1895:  1145799.018  1145855.003  1145861.016  1145911.026  1146115.005
  1900:  1147078.009  1149765.005  1149825.009  1150351.001  1151355.003
  1905:  1151788.005  1152175.009  1152587.001  1153178.003  1153822.001
  1910:  1154523.003  1154624.001  1155581.003  1156230.001  1157309.003
  1915:  1158100.001  1159248.003  1160411.001  1160575.003  1160973.001
  1920:  1161009.003  1161788.001  1162197.003  1162226.001  1162972.003
  1925:  1163369.001  1163399.003  1163433.001  1163886.003  1163943.001
  1930:  1164525.003  1164572.001  1164705.003  1165231.001  1166380.018
  1935:  1166985.003  1166991.016  1167041.026  1167197.005  1167731.009
  1940:  1202896.001  1203381.003  1204824.001  1205063.003  1205085.001
  1945:  1205586.003  1218452.001  1218743.003  1218803.001  1219407.003
  1950:  1233146.001  1233346.003  1233823.001  1234473.003  1235375.001
  1955:  1235412.003  1235455.001  1235555.003  1235687.001  1236098.003
  1960:  1237007.005  1237091.009  1237837.001  1238736.003  1239396.001
  1965:  1240545.018  1240693.003  1240699.016  1240749.026  1240888.005
  1970:  1241867.009  1247967.001  1248239.003  1248983.001  1249307.003
  1975:  1249744.005  1250006.009  1250010.005  1250116.009  1250144.005
  1980:  1250232.009  1250807.001  1251049.003  1251353.001  1252218.003
  1985:  1253070.001  1254218.003  1254752.001  1255901.018  1255964.003
  1990:  1255970.016  1256020.026  1256178.005  1257070.009  1260991.001
  1995:  1261719.003  1261865.001  1262584.003  1263224.001  1264373.018
  2000:  1264384.003  1264390.016  1264440.026  1264572.005  1265513.009
  2005:  1266388.005  1266403.009  1267370.001  1267423.003  1267652.001
  2010:  1268801.018  1268821.003  1268827.016  1268877.026  1269002.005
  2015:  1269257.009  1269284.005  1269297.009  1278851.001  1280000.018
  2020:  1280495.003  1280501.016  1280551.026  1280726.005  1281843.009
  2025:  1281870.005  1282314.009  1282637.005  1282650.009  1296508.001
  2030:  1296687.003  1297285.001  1297424.003  1298372.001  1298752.003
  2035:  1299758.001  1300545.003  1301404.001  1301847.003  1301880.001
  2040:  1302476.003  1303091.001  1304240.018  1304286.003  1304292.016
  2045:  1304342.026  1304456.005  1304866.009  1304920.005  1304942.009
  2050:  1304982.005  1305108.009  1305361.005  1305545.009  1305783.005
  2055:  1306159.009  1306284.005  1306295.009  1306313.005  1306384.009
  2060:  1306432.005  1306442.009  1306454.005  1306613.009  1314085.001
  2065:  1315234.018  1315816.003  1315822.016  1315872.026  1315889.001
  2070:  1316082.003  1316369.005  1317321.009  1317650.005  1317701.009
  2075:  1317719.005  1317933.009  1318156.005  1318223.009  1318331.005
  2080:  1318432.009  1319198.005  1319226.009  1319797.001  1320022.003
  2085:  1320119.001  1320440.003  1321073.001  1321914.003  1322110.005
  2090:  1322639.009  1322722.005  1322865.009  1323424.001  1324573.018
  2095:  1324576.003  1324582.016  1324632.026  1324726.005  1325182.009
  2100:  1327559.001  1328080.003  1329026.001  1329951.003  1330365.001
  2105:  1331481.003  1331497.001  1331697.003  1332231.001  1333380.018
  2110:  1333425.003  1333431.016  1333481.026  1333611.005  1334306.009
  2115:  1336878.001  1337895.003  1338426.001  1339575.018  1339868.003
  2120:  1339874.016  1339924.026  1340048.005  1340602.009  1340615.005
  2125:  1340658.009  1340678.005  1340737.009  1340979.005  1341457.009
  2130:  1347172.005  1347176.009  1347527.001  1348073.003  1348767.005
  2135:  1348786.009  1348828.005  1348846.009  1350210.001  1351359.018
  2140:  1351505.003  1351511.016  1351561.026  1351701.005  1352117.009
  2145:  1354444.001  1355189.003  1355710.001  1356683.003  1357340.001
  2150:  1358274.003  1359721.001  1360870.018  1361274.003  1361280.016
  2155:  1361330.026  1361443.005  1361990.009  1371079.001  1372015.003
  2160:  1372727.001  1373876.018  1373923.003  1373929.016  1373979.026
  2165:  1373990.001  1373999.003  1374119.005  1374578.009  1374589.005
  2170:  1374713.009  1374781.005  1374821.009  1375085.005  1375103.009
  2175:  1375410.005  1375493.009  1377067.001  1378216.018  1378266.003
  2180:  1378272.016  1378322.026  1378437.005  1379576.009  1381713.001
  2185:  1382498.003  1383434.001  1384369.003  1384394.001  1384539.003
  2190:  1384994.001  1385272.003  1385288.001  1386186.003  1387068.001
  2195:  1387914.003  1388487.001  1389636.018  1389638.003  1389644.016
  2200:  1389694.026  1389996.005  1390462.009  1392588.001  1393014.003
  2205:  1393538.001  1394608.003  1395479.001  1395569.003  1396332.001
  2210:  1397326.003  1398004.001  1398570.003  1398987.001  1400136.018
  2215:  1400309.003  1400315.016  1400365.026  1400605.005  1401164.009
  2220:  1409173.001  1410322.018  1411829.003  1411835.016  1411885.026
  2225:  1412172.005  1412676.009  1418239.001  1418877.003  1421254.001
  2230:  1421479.003  1422411.001  1423037.003  1434539.001  1434844.003
  2235:  1435838.001  1436358.003  1439669.001  1439717.003  1440069.001
  2240:  1440284.003  1440727.001  1441458.003  1442217.001  1443217.003
  2245:  1444279.001  1445428.018  1445903.003  1445909.016  1445959.026
  2250:  1446142.005  1446839.009  1452136.005  1452241.009  1454006.001
  2255:  1454791.003  1456715.001  1456757.003  1458126.001  1458453.003
  2260:  1459183.001  1460293.003  1460777.001  1461775.003  1462293.001
  2265:  1463430.003  1463878.001  1463941.003  1464111.001  1465193.003
  2270:  1465224.001  1465405.003  1465753.001  1466902.018  1466934.003
  2275:  1466940.016  1466959.001  1466990.026  1467085.003  1467232.005
  2280:  1468373.009  1468412.005  1468572.009  1478186.001  1478867.003
  2285:  1479445.001  1479791.003  1480070.001  1480551.003  1481386.001
  2290:  1482216.003  1482598.001  1482998.003  1483006.001  1483583.003
  2295:  1484031.001  1485093.003  1485479.001  1485729.003  1485776.001
  2300:  1486014.003  1486280.001  1486937.003  1487183.001  1488115.003
  2305:  1488133.001  1488333.003  1488632.001  1489731.003  1489748.001
  2310:  1489894.003  1490037.001  1490497.003  1490779.005  1491723.009
  2315:  1491865.005  1492057.009  1499296.001  1499363.003  1499721.001
  2320:  1499773.003
B:
     0:        0.000      685.000        0.000      685.000        0.000
     5:      306.000        0.000        0.000        0.000      306.000
    10:        0.000        1.000        0.000        1.000        0.000
    15:        0.000      112.000        2.000      111.000        0.000
    20:        0.000        0.000        0.000        0.000        0.000
    25:        0.000      112.000        0.000        0.000        0.000
    30:        0.000
D:
     0:  2832000.000  2831949.000  2832001.000
E:
     0:      949.500     1148.895
T:
     0:        0.000        0.000        0.000        0.000
W:
     0:        0.000        0.000        0.000
