File: C:\MED-PC IV\Data\Reyes\AW\AW1039.999


Start Date: 08/21/24
End Date: 08/21/24
Subject: 39
Experiment: AW
Group: LINEAR
Box: 1
Start Time: 14:23:41
End Time: 15:13:41
MSN: DRRD_lin
C:       0.000
F:       0.000
G:       0.000
H:       0.000
I:       0.000
J:       0.000
K:   10000.000
L:       0.000
M:       0.000
N:       0.000
O:       0.000
P:       0.000
Q:       0.000
R:       0.000
S:       0.000
U: 3914889.000
V:       0.000
X:       0.000
Y:    1339.000
Z:       0.000
A:
     0:     5826.005     5854.009     5875.005     5888.009    14073.005
     5:    14155.009    15000.013    15000.011    15989.005    16109.009
    10:    17024.005    17100.009    17526.001    17676.003    17753.001
    15:    22222.003    22483.005    22628.009    22785.005    22966.009
    20:    23797.001    28797.018    30629.003    30635.016    30685.026
    25:    30795.005    31178.009    31202.005    31297.009    32200.001
    30:    32288.003    32353.001    37353.018    38870.003    38876.016
    35:    38926.026    39059.005    39448.009    39480.005    39504.009
    40:    39548.005    39565.009    39567.005    39617.009    41891.001
    45:    41931.003    42129.001    46656.003    46917.005    47262.009
    50:    47342.005    47380.009    48315.001    53315.018    53711.003
    55:    53717.016    53767.026    53868.005    54934.009    57920.001
    60:    59055.003    59244.001    62920.003    64695.001    68319.003
    65:    70017.001    73252.003    75103.001    78449.003    78867.005
    70:    79351.009    80586.001    80660.003    80918.001    85055.003
    75:    85751.001    85868.003    86013.001    91013.018    91128.003
    80:    91134.016    91184.026    91260.005    91784.009    91794.005
    85:    91955.009    93353.001    97416.003    97493.001    97607.003
    90:    97915.001    98038.003    98344.001   102827.003   103786.001
    95:   104830.003   104866.001   107997.003   108202.005   108459.009
   100:   109756.001   109793.003   109836.001   114832.003   116306.001
   105:   121097.003   121608.001   122071.003   122129.001   122186.003
   110:   123299.001   127448.003   128855.001   129024.003   129038.001
   115:   134038.018   134330.003   134336.016   134383.001   134386.026
   120:   134413.003   134504.005   134950.009   135905.001   136036.003
   125:   136197.001   140834.003   140919.001   140993.003   141462.001
   130:   146385.003   146963.001   151167.003   151759.001   155469.003
   135:   156065.001   159502.003   161057.001   165032.003   166443.001
   140:   170173.003   171335.001   171564.003   171609.001   176231.003
   145:   177643.001   177716.003   177944.001   182944.018   183071.003
   150:   183077.016   183100.001   183127.026   183154.003   183242.005
   155:   183958.009   183991.005   184287.009   185346.001   190346.018
   160:   190547.003   190553.016   190603.026   190709.005   192263.009
   165:   193072.001   198072.018   198537.003   198543.016   198593.026
   170:   198702.005   199147.009   199155.005   199340.009   199423.005
   175:   199521.009   200122.001   200852.003   200898.001   205482.003
   180:   206505.001   206589.003   206643.001   211643.018   211910.003
   185:   211916.016   211966.026   212044.001   212103.005   212139.003
   190:   212587.009   214765.001   219133.003   219693.001   219759.003
   195:   219866.001   224214.003   225816.001   230634.003   232423.001
   200:   237222.003   237285.001   237375.003   237803.001   237830.003
   205:   238072.001   243072.018   243075.003   243081.016   243131.026
   210:   243222.005   244723.009   244776.005   245008.009   245866.001
   215:   246263.003   246307.001   250036.003   250670.001   255670.018
   220:   256738.003   256744.016   256794.026   256941.005   257650.009
   225:   258710.001   263710.018   264458.003   264464.016   264514.026
   230:   264624.005   265402.009   267550.001   272550.018   273078.003
   235:   273084.016   273134.026   273248.005   274273.009   274276.005
   240:   274800.009   275776.001   280776.018   281545.003   281551.016
   245:   281601.026   281745.005   282205.009   282215.005   282333.009
   250:   282385.005   282397.009   282414.005   282427.009   282514.005
   255:   282581.009   285884.001   290884.018   291614.003   291620.016
   260:   291670.026   291798.005   292219.009   292336.005   292377.009
   265:   293994.001   298883.003   299407.001   299533.003   299633.001
   270:   304633.018   304785.003   304791.016   304841.026   304986.005
   275:   305505.009   305520.005   305668.009   305681.005   305758.009
   280:   306802.001   306863.003   306906.001   311906.018   312083.003
   285:   312089.016   312139.026   312253.005   312742.009   312824.005
   290:   312868.009   314203.001   318195.003   318606.001   323053.003
   295:   324411.001   329089.003   329151.001   329258.003   330167.001
   300:   334070.003   335495.001   339557.003   339803.001   344005.003
   305:   344967.001   345677.003   345692.001   349829.003   349833.001
   310:   349906.003   351037.001   351054.003   351322.001   351345.003
   315:   351392.001   351454.003   351500.001   356227.003   356369.001
   320:   356945.003   358524.001   358668.003   358700.001   363338.003
   325:   363368.001   363386.003   365111.001   365191.003   365207.001
   330:   365700.003   365900.001   370330.003   370861.005   370884.009
   335:   370929.005   371080.009   372087.001   376863.003   378178.001
   340:   382142.003   382637.001   387537.003   387953.005   388331.009
   345:   389491.001   394491.018   394573.003   394579.016   394629.026
   350:   394692.005   396198.009   397293.005   397307.009   397328.005
   355:   397369.009   397956.001   402956.018   402979.003   402985.016
   360:   403035.026   403150.005   403997.009   406769.001   407602.003
   365:   407627.001   411353.003   411909.001   411961.003   412000.001
   370:   416998.003   417353.001   417467.003   417791.001   417940.003
   375:   417985.001   422141.003   424056.001   428104.003   429138.001
   380:   429172.003   429223.001   429270.003   429472.001   429514.003
   385:   429554.001   429626.003   429641.001   429975.003   430032.001
   390:   430265.003   430334.001   433682.003   434763.001   434810.003
   395:   434852.001   435376.003   435406.001   439551.003   440056.005
   400:   440417.009   440427.005   440448.009   440576.005   440827.009
   405:   440835.005   441543.009   442945.001   447857.003   448307.005
   410:   448474.009   448585.005   448643.009   449901.001   453014.003
   415:   453440.005   453939.009   453976.005   453986.009   454021.005
   420:   454268.009   454270.005   454917.009   455600.005   455669.009
   425:   456024.005   456064.009   456590.005   456599.009   457084.005
   430:   457108.009   457155.005   457896.009   458506.001   458782.003
   435:   459334.001   463802.003   464602.001   469124.003   469774.001
   440:   474036.003   474476.005   474516.009   474521.005   474650.009
   445:   475337.001   479734.003   480401.001   480532.003   480569.001
   450:   480619.003   483093.001   483347.003   483534.005   483690.009
   455:   483721.005   483822.009   484327.001   489327.018   489841.003
   460:   489847.016   489897.026   489997.005   490529.009   490573.005
   465:   490810.009   490968.005   491312.009   491824.001   495996.003
   470:   496697.001   501697.018   502337.003   502343.016   502393.026
   475:   502517.005   503316.009   503480.005   503700.009   504340.001
   480:   509263.003   509378.001   509525.003   509865.001   514865.018
   485:   514922.003   514928.016   514978.026   515125.005   515474.009
   490:   515499.005   515518.009   515538.005   515548.009   515623.005
   495:   515647.009   515675.005   515714.009   517572.001   522572.018
   500:   523063.003   523069.016   523119.026   523292.005   525343.009
   505:   525384.005   525440.009   525448.005   525488.009   525503.005
   510:   525599.009   526085.001   531085.018   531432.003   531438.016
   515:   531488.026   531639.005   532176.009   532191.005   532233.009
   520:   532269.005   532332.009   532353.005   532403.009   532427.005
   525:   532571.009   533912.001   534033.003   534067.001   539055.003
   530:   539651.001   544651.018   545705.003   545711.016   545761.026
   535:   545871.005   546352.009   546525.005   546536.009   547919.001
   540:   548001.003   548075.001   552180.003   552790.001   553509.003
   545:   553525.001   557157.003   557661.001   557724.003   557822.001
   550:   557902.003   557918.001   561520.003   561560.001   561688.003
   555:   562996.001   566819.003   567934.001   568076.003   568232.001
   560:   572035.003   572240.001   572325.003   573354.001   573590.003
   565:   573639.001   576923.003   578157.001   578208.003   591584.005
   570:   591679.009   592691.001   592811.003   592839.001   597839.018
   575:   597841.003   597847.016   597897.026   598020.005   598557.009
   580:   598588.005   598821.009   599699.001   599803.003   599855.001
   585:   604354.003   604845.001   609765.003   610404.001   610465.003
   590:   610481.001   614326.003   614712.001   614806.003   615450.001
   595:   615484.003   615847.001   619916.003   621537.001   621695.003
   600:   621738.001   621790.003   621832.001   625910.003   627095.001
   605:   627152.003   627199.001   627257.003   627273.001   630949.003
   610:   631627.001   635878.003   637390.001   637633.003   637644.001
   615:   641591.003   642111.005   642337.009   643561.001   647772.003
   620:   648648.001   648740.003   648868.001   653791.003   654642.001
   625:   654702.003   654826.001   654896.003   655017.001   658789.003
   630:   659186.005   659871.009   661063.001   665381.003   665861.005
   635:   665957.009   666593.001   666659.003   666713.001   671630.003
   640:   671680.001   671801.003   672131.001   672159.005   672182.003
   645:   672617.009   673719.001   678629.003   678658.001   678782.003
   650:   678964.001   678991.003   679144.001   679182.003   679232.001
   655:   684232.018   684376.003   684382.016   684397.001   684432.026
   660:   684462.003   684572.005   685707.009   686684.001   690949.003
   665:   691494.001   695077.003   695614.001   695651.003   695713.001
   670:   699882.003   700664.001   703473.003   703778.005   703803.009
   675:   703805.005   703865.001   703954.009   704056.005   704066.003
   680:   704167.009   706876.001   711695.003   712202.005   713463.009
   685:   714901.001   718957.003   719383.005   721375.009   730589.001
   690:   730625.003   730683.001   730820.003   731760.001   731836.003
   695:   732023.001   736958.003   737010.001   737128.003   737915.001
   700:   742365.003   743405.001   748328.003   748757.005   748920.009
   705:   748934.005   748994.009   749750.001   754750.018   754974.003
   710:   754980.016   755030.026   755137.005   756308.009   757581.001
   715:   762581.018   762629.003   762635.016   762685.026   762784.005
   720:   763522.009   763525.005   763907.009   763931.005   763956.009
   725:   763958.005   764088.009   764251.005   764295.009   765156.001
   730:   769873.003   770303.001   770400.003   770523.001   770586.003
   735:   770638.001   770670.003   770722.001   775049.003   775790.001
   740:   780790.018   780823.003   780829.016   780879.026   781007.005
   745:   781807.009   783113.001   787180.003   787944.001   787975.003
   750:   788094.001   792797.003   793759.001   798651.003   799244.001
   755:   804244.018   804790.003   804796.016   804846.026   804950.005
   760:   805501.009   805561.005   805650.009   807086.001   811695.003
   765:   812333.001   812393.003   812449.001   817449.018   817798.003
   770:   817804.016   817854.026   817979.005   818574.009   818606.005
   775:   818718.009   820235.005   820261.009   821073.001   821194.003
   780:   821547.001   826547.018   826832.003   826838.016   826888.026
   785:   827131.005   828049.009   828167.005   828216.009   829656.001
   790:   834656.018   835295.003   835301.016   835351.026   835487.005
   795:   836069.009   836107.005   836226.009   837869.001   837908.003
   800:   838008.001   842398.003   842967.001   843030.003   843089.001
   805:   847330.003   847990.001   852675.003   853225.001   857936.003
   810:   858747.001   862728.003   863869.001   866537.003   881343.001
   815:   881462.003   881931.001   882055.003   882061.001   886548.003
   820:   886790.005   886898.009   886926.005   887009.009   887089.005
   825:   887097.009   888249.001   891635.003   902546.001   907546.018
   830:   907844.003   907850.016   907900.026   907996.005   908833.009
   835:   908843.005   909236.009   909356.005   909540.009   912165.005
   840:   912194.009   912663.001   912728.003   912954.001   917386.003
   845:   917872.001   917915.003   917935.001   922013.003   923044.001
   850:   927116.003   928366.001   928654.003   928742.001   929504.003
   855:   930342.005   931267.009   931306.005   931451.009   937992.001
   860:   938133.003   938313.005   938344.009   938350.005   938579.009
   865:   940256.001   940398.003   940837.001   944541.003   945213.005
   870:   945322.009   945349.005   946035.009   953154.001   953455.003
   875:   953981.001   954408.003   954432.001   958744.003   959173.005
   880:   959506.009   959540.005   959563.009   960537.001   960924.003
   885:   960970.001   965410.003   966011.005   966466.009   969631.005
   890:   969698.009   970314.001   970399.003   970699.001   970839.003
   895:   970863.001   975410.003   977187.001   977374.003   977675.005
   900:   978249.009   978297.005   978310.009   978488.005   978675.009
   905:   979612.001   979698.003   979756.001   984143.003   984249.001
   910:   984363.003   985240.001   985351.003   985580.001   986721.003
   915:   986779.001   990737.003   998783.005   998887.009   998998.005
   920:   999248.009   999775.001   999983.003  1000360.001  1005360.018
   925:  1005374.003  1005380.016  1005430.026  1005519.005  1006021.009
   930:  1006042.005  1006054.009  1006066.005  1006379.009  1006929.005
   935:  1007031.009  1007090.005  1007191.009  1007978.001  1012978.018
   940:  1013026.003  1013032.016  1013082.026  1013207.005  1013763.009
   945:  1013786.005  1013873.009  1015183.001  1015318.003  1015584.001
   950:  1019542.003  1020387.001  1024028.003  1024706.001  1024772.003
   955:  1024811.001  1025196.003  1025234.001  1028184.003  1028943.001
   960:  1028991.003  1029469.001  1033478.003  1034238.001  1034392.003
   965:  1034722.001  1034836.003  1034850.001  1037462.003  1038308.001
   970:  1041375.003  1043061.001  1043154.003  1043159.001  1046723.003
   975:  1047309.005  1047346.009  1053192.001  1053298.003  1054040.001
   980:  1054550.003  1054579.001  1058775.003  1060581.001  1060643.003
   985:  1060956.001  1061017.003  1062643.001  1064689.003  1064713.001
   990:  1064859.003  1065125.005  1065283.009  1065299.005  1065325.009
   995:  1066585.001  1070734.003  1076542.005  1076786.009  1078032.001
  1000:  1078380.003  1078615.001  1078893.003  1078908.001  1078956.003
  1005:  1078997.001  1082589.003  1083796.001  1086219.003  1086267.001
  1010:  1086505.003  1086622.005  1086733.009  1086826.005  1086886.009
  1015:  1088091.005  1088127.009  1091775.001  1094640.003  1094990.005
  1020:  1095145.009  1096101.001  1096816.003  1096851.001  1098880.003
  1025:  1099237.001  1099265.003  1099415.005  1099498.009  1100372.001
  1030:  1104086.003  1104590.005  1104652.009  1104669.005  1104825.009
  1035:  1104853.005  1105378.009  1106577.001  1109884.003  1110410.001
  1040:  1110526.003  1110646.001  1114088.003  1114518.005  1115461.009
  1045:  1115816.005  1117521.009  1117601.005  1117889.009  1117983.005
  1050:  1118538.009  1118743.005  1118837.009  1118979.005  1118995.009
  1055:  1119730.001  1122954.003  1123376.005  1123476.009  1123967.001
  1060:  1126396.003  1126498.001  1126561.003  1127239.001  1129531.003
  1065:  1130609.001  1132898.003  1133395.001  1133437.003  1134223.005
  1070:  1134381.009  1135093.001  1135115.003  1135206.001  1138088.003
  1075:  1138378.005  1138971.009  1141300.005  1141580.009  1141661.005
  1080:  1141893.009  1149889.001  1150158.003  1150603.001  1151324.003
  1085:  1151356.001  1153335.003  1153853.001  1153903.003  1154321.001
  1090:  1156335.003  1156819.005  1156862.009  1157342.001  1160259.003
  1095:  1160875.001  1160968.003  1160978.001  1164214.003  1165471.001
  1100:  1165602.003  1165625.001  1168928.003  1169830.001  1172864.003
  1105:  1172884.001  1173074.003  1173452.005  1173611.009  1173824.005
  1110:  1173858.009  1174374.001  1178411.003  1178484.001  1178654.003
  1115:  1179312.001  1184071.003  1184966.001  1188976.003  1189359.005
  1120:  1189527.009  1190453.001  1194194.003  1195086.001  1199098.003
  1125:  1199528.005  1199656.009  1200794.001  1205198.003  1205626.005
  1130:  1205747.009  1206935.001  1211795.003  1211948.001  1212049.003
  1135:  1212346.001  1212466.005  1212505.003  1212825.009  1213694.001
  1140:  1217829.003  1218433.001  1222532.003  1222944.005  1223117.009
  1145:  1223632.001  1227229.003  1227625.005  1227791.009  1228667.001
  1150:  1232070.003  1238861.005  1238885.009  1238927.005  1239105.009
  1155:  1240129.001  1244667.003  1244912.005  1245139.009  1245982.001
  1160:  1250262.003  1250967.001  1255333.003  1255525.001  1255639.003
  1165:  1256376.005  1256981.009  1257654.001  1258478.003  1258550.001
  1170:  1261461.003  1261933.005  1262273.009  1262841.001  1267355.003
  1175:  1267473.001  1267548.003  1268406.001  1268619.003  1269041.001
  1180:  1271218.003  1271385.001  1271472.003  1271491.005  1271914.009
  1185:  1276238.001  1276491.003  1276506.001  1276827.003  1277993.001
  1190:  1281734.003  1282133.005  1282214.009  1282218.005  1282413.009
  1195:  1282960.001  1285528.003  1285835.005  1285988.009  1286639.001
  1200:  1286688.003  1286807.001  1287509.003  1287519.001  1289211.003
  1205:  1289555.005  1290443.009  1291843.001  1292034.003  1292209.005
  1210:  1292374.009  1292970.001  1293082.003  1293156.001  1297171.003
  1215:  1297573.005  1297984.009  1302681.001  1303173.003  1303223.001
  1220:  1307372.003  1307805.005  1309073.009  1309606.005  1309624.009
  1225:  1309653.005  1309670.009  1309740.005  1309864.009  1309905.005
  1230:  1309915.009  1310238.001  1310391.003  1310421.001  1314172.003
  1235:  1314504.005  1314852.009  1318017.001  1318117.003  1318158.001
  1240:  1318282.003  1318296.001  1321581.003  1321757.005  1322071.009
  1245:  1322118.005  1322141.009  1322913.001  1325674.003  1344920.001
  1250:  1345175.003  1345877.001  1346451.003  1346984.001  1347442.003
  1255:  1347925.001  1348256.003  1348521.001  1348840.003  1348868.001
  1260:  1351468.003  1351575.001  1351653.003  1351832.005  1352401.009
  1265:  1360349.001  1360644.003  1363636.001  1366334.003  1366390.001
  1270:  1366532.003  1366851.001  1366871.003  1366983.005  1367144.009
  1275:  1367232.005  1367327.009  1378437.001  1378924.003  1379232.005
  1280:  1379581.009  1381114.001  1381704.003  1382008.005  1382241.009
  1285:  1382834.001  1383286.003  1383789.001  1386776.003  1387105.001
  1290:  1392051.003  1392569.001  1392684.003  1392724.001  1396648.003
  1295:  1397497.001  1401177.003  1401614.005  1401659.009  1401672.005
  1300:  1401772.009  1402261.001  1405483.003  1405856.005  1406154.009
  1305:  1406838.001  1409944.003  1410384.005  1410475.009  1411014.001
  1310:  1411078.003  1411404.001  1411634.003  1412201.005  1412486.009
  1315:  1428799.005  1428815.009  1428849.005  1428920.009  1485245.005
  1320:  1485423.009  1486338.005  1486473.009  1486868.001  1487152.003
  1325:  1487636.001  1487727.003  1487841.001  1487892.003  1487964.001
  1330:  1489639.003  1489792.001  1490093.003  1490171.001  1490294.003
  1335:  1490302.005  1490697.009  1490729.005  1491597.009
B:
     0:        0.000      392.000        0.000      392.000        0.000
     5:      221.000        0.000        0.000        0.000      221.000
    10:        0.000        1.000        0.000        1.000        0.000
    15:        0.000       37.000        0.000       37.000        0.000
    20:        0.000        0.000        0.000        0.000        0.000
    25:        0.000       37.000        0.000        0.000        0.000
    30:        0.000
D:
     0:  5405182.000  5405060.000  5405183.000
E:
     0:     5000.000     5000.000
T:
     0:        0.000        0.000        0.000        0.000
W:
     0:        0.000        0.000        0.000
