File: C:\MED-PC IV\Data\Reyes\AW\AW1047.999


Start Date: 08/20/24
End Date: 08/20/24
Subject: 47
Experiment: AW
Group: LINEAR
Box: 3
Start Time: 15:26:58
End Time: 16:16:59
MSN: DRRD_lin
C:       0.000
F:       1.000
G:       0.000
H:       0.000
I:       0.000
J:       0.000
K:    7500.000
L:       0.000
M:       0.000
N:       0.000
O:       0.000
P:       0.000
Q:       0.000
R:       0.000
S:       0.000
U: 2314475.000
V:       0.000
X:       0.000
Y:    1886.000
Z:       0.000
A:
     0:      461.005      486.009     2408.005     2417.009     2565.005
     5:     2902.009     2991.005     3073.009     3971.001     3999.003
    10:     4269.001     4308.003     4584.001     4606.003    10964.005
    15:    11060.009    13972.005    14118.009    14335.005    14343.009
    20:    14363.005    14673.009    15000.013    15000.011    15263.001
    25:    15361.003    15699.001    15760.003    15806.001    16000.003
    30:    16011.001    16164.003    16175.001    16568.003    16578.001
    35:    17000.003    17003.001    17683.003    17791.005    17864.009
    40:    18536.001    19105.003    19127.001    19316.003    19326.001
    45:    20347.003    20817.001    20913.003    20922.001    21289.003
    50:    21298.001    22586.003    22847.001    22889.003    23185.001
    55:    25322.003    25327.001    28018.003    28080.001    28267.003
    60:    28415.001    28519.003    28568.001    30359.003    31006.001
    65:    31086.003    31092.001    33683.003    33708.001    33820.003
    70:    33987.001    34146.003    34198.001    34424.003    34443.001
    75:    37222.003    37630.001    40614.003    40636.001    40753.003
    80:    40867.001    41029.003    41084.001    41214.003    41238.001
    85:    41280.003    41338.001    42586.003    42593.001    45617.003
    90:    45644.001    45996.003    46241.005    46398.009    48684.001
    95:    48753.003    48801.001    48902.003    49942.001    50569.003
   100:    50765.001    50834.003    50860.001    51213.003    51239.001
   105:    51260.003    51325.001    54940.003    54962.001    55307.003
   110:    55429.001    55512.003    55644.005    55706.009    56048.001
   115:    56120.003    56197.001    56627.003    56628.001    59792.003
   120:    59810.001    60341.003    60407.001    60542.003    60550.001
   125:    61910.003    61917.001    64529.003    64553.001    64776.003
   130:    64865.001    65037.003    65058.001    65266.003    65286.001
   135:    65412.003    65466.001    68600.003    68625.001    68748.003
   140:    68906.001    69053.003    69498.001    70612.003    70622.001
   145:    73291.003    73318.001    73742.003    73914.005    74363.009
   150:    75231.001    75254.003    75383.001    78563.003    79655.001
   155:    79681.003    79704.001    80138.003    80325.001    80418.003
   160:    80497.001    84247.018    84289.003    84295.016    84345.026
   165:    84478.005    85133.009    98532.001    99250.003    99502.001
   170:    99611.003    99651.001   101069.003   101080.001   102886.003
   175:   102908.001   103009.003   103340.001   103645.003   103658.001
   180:   105808.003   105828.001   106241.003   106617.001   106737.003
   185:   106755.001   107878.003   107924.001   108193.003   108637.001
   190:   109160.003   109189.001   109403.003   109453.001   110121.003
   195:   110147.001   112498.003   113562.001   113832.003   113864.001
   200:   113907.003   113911.001   116932.003   117435.001   117640.003
   205:   117668.001   117691.003   118097.001   118123.003   118150.001
   210:   119237.003   119296.001   119616.003   119783.001   119817.003
   215:   120392.001   124142.018   124543.003   124549.016   124574.001
   220:   124599.026   124619.003   124755.005   125336.009   127836.001
   225:   131063.003   131074.001   134305.003   134330.001   134461.003
   230:   134656.001   136672.003   138823.001   138872.003   138929.001
   235:   142679.018   144227.003   144233.016   144283.026   144454.005
   240:   144969.009   146696.001   150446.018   150452.003   150458.016
   245:   150508.026   150654.005   151577.009   151580.005   151595.009
   250:   151613.005   151628.009   151650.005   151657.009   151785.005
   255:   151792.009   151804.005   153183.009   154266.001   154290.003
   260:   154305.001   154540.003   154544.001   157947.003   157970.001
   265:   157989.003   158535.001   159223.003   159229.001   161900.003
   270:   161923.001   162101.003   162118.001   163711.003   164364.001
   275:   164465.003   166048.001   166664.003   166704.001   169911.003
   280:   169936.001   170163.003   171537.001   171823.003   171862.001
   285:   171975.003   172026.001   173321.003   173333.001   175871.003
   290:   176588.001   180338.018   181392.003   181398.016   181416.001
   295:   181448.026   181501.003   181581.005   182183.009   183581.001
   300:   184490.003   184501.001   188082.003   188104.001   188193.003
   305:   188722.001   189564.003   189580.001   192810.003   193896.001
   310:   193979.003   194031.001   194526.003   194581.001   194728.003
   315:   194738.001   196035.003   196038.001   198829.003   199465.001
   320:   200764.003   200774.001   201133.003   201137.001   201959.003
   325:   201976.001   204395.003   205603.001   205757.003   205765.001
   330:   205854.003   205860.001   209612.018   210002.003   210008.016
   335:   210058.026   210187.005   210542.009   214421.001   214523.003
   340:   214579.001   214641.003   214711.001   218461.018   218970.003
   345:   218976.016   219026.026   219148.005   220186.009   221553.001
   350:   221623.003   222235.001   222259.003   222454.001   222933.003
   355:   222942.001   226608.003   226627.001   226763.003   226874.001
   360:   226951.003   227548.001   227717.003   227753.001   227954.003
   365:   227959.001   231712.018   233485.003   233491.016   233541.026
   370:   233669.005   234054.009   235759.001   235833.003   235863.001
   375:   235897.003   235908.001   236612.003   236613.001   238461.003
   380:   238469.001   239194.003   239236.001   241563.003   241591.001
   385:   241705.003   242139.001   245609.003   247249.001   249569.003
   390:   249583.001   251922.003   252397.001   252508.003   252552.001
   395:   252603.003   253410.001   254522.003   254535.001   256146.003
   400:   256148.001   258462.003   258818.001   259076.003   260214.001
   405:   260837.003   260855.001   260895.003   260909.001   261598.003
   410:   261606.001   263826.003   264153.001   264341.003   264379.001
   415:   264424.003   264445.001   264537.003   264582.001   266777.003
   420:   266800.001   268354.003   268772.001   268817.003   269306.001
   425:   269412.003   269482.001   273232.018   273622.003   273628.016
   430:   273678.026   273812.005   274350.009   278909.001   279128.003
   435:   279383.001   280155.003   280307.001   280380.003   280437.001
   440:   280677.003   280721.001   280905.003   280957.001   281055.003
   445:   281060.001   281848.003   281938.001   282044.003   282045.001
   450:   282473.003   282538.001   282611.003   282662.001   284745.003
   455:   284767.001   284935.003   284994.001   285112.003   285441.001
   460:   285771.003   285790.001   287008.003   287016.001   290244.003
   465:   290270.001   290564.003   290877.001   291209.003   291359.001
   470:   291806.003   291819.001   295240.003   295262.001   295566.003
   475:   295668.001   295929.003   296088.001   299838.018   300450.003
   480:   300456.016   300506.026   300664.005   301064.009   303030.001
   485:   303148.003   303158.001   303297.003   303304.001   304121.003
   490:   304127.001   306984.003   307005.001   307327.003   307747.005
   495:   307843.009   308228.001   308300.003   308308.001   312058.018
   500:   312159.003   312165.016   312188.001   312215.026   312273.003
   505:   312385.005   312870.009   316399.001   316473.003   316618.001
   510:   316689.003   316720.001   317037.003   317090.001   317205.003
   515:   317250.001   317475.003   317547.001   321297.018   321908.003
   520:   321914.016   321954.001   321964.026   321981.003   321998.001
   525:   322085.003   322212.005   322912.009   325114.001   325272.003
   530:   325286.001   329036.018   329148.003   329154.016   329204.026
   535:   329349.005   330175.009   332810.001   334006.003   334014.001
   540:   336796.003   336817.001   337157.003   337188.001   337269.003
   545:   337321.001   337480.003   337546.001   337690.003   337699.001
   550:   339501.003   339946.001   343360.003   344044.005   344087.009
   555:   346020.001   346062.003   346203.001   346231.003   346250.001
   560:   346663.003   346665.001   347155.003   347167.001   349698.003
   565:   349723.001   349977.003   350172.001   351532.003   351562.001
   570:   351801.003   351809.001   354981.003   355011.001   355243.003
   575:   355417.001   355510.003   355545.001   358135.003   358171.001
   580:   358450.003   360615.001   361056.003   361104.001   361401.003
   585:   361415.001   361469.003   361482.001   364840.003   364907.001
   590:   365013.003   365122.001   365306.003   365526.001   365833.003
   595:   366038.005   366192.009   367614.001   371345.003   371581.001
   600:   372381.003   376381.001   376829.003   376897.001   377042.003
   605:   377049.001   378827.003   378874.001   380456.003   380530.001
   610:   380898.003   380949.001   381408.003   381963.005   382006.009
   615:   382993.001   383357.003   383362.001   387115.018   387191.003
   620:   387197.016   387218.001   387247.026   387255.003   387379.005
   625:   387763.009   389693.001   389731.003   389824.001   389892.003
   630:   389925.001   392649.003   392676.001   392786.003   393624.001
   635:   396937.003   396958.001   398567.003   399018.001   399049.003
   640:   399086.001   399120.003   399179.001   399295.003   399484.001
   645:   403234.018   403553.003   403559.016   403579.001   403609.026
   650:   403650.003   403723.005   404198.009   405596.001   409346.018
   655:   409493.003   409499.016   409549.026   409572.001   409665.003
   660:   409730.001   409747.003   409780.005   410250.009   412389.005
   665:   412881.009   413674.001   417424.018   417954.003   417960.016
   670:   417977.001   418010.026   418075.003   418154.005   418842.009
   675:   421352.001   425046.003   425515.001   429125.003   430453.001
   680:   430656.003   430663.001   434240.003   434262.001   434442.003
   685:   434809.001   438559.018   438612.003   438618.016   438634.001
   690:   438668.026   438754.003   438856.005   439580.009   440548.005
   695:   440655.009   445681.001   445757.003   446013.001   446480.003
   700:   446492.001   449784.003   450327.001   452936.003   452957.001
   705:   455694.003   456140.001   458307.003   458330.001   458395.003
   710:   458403.001   458524.003   458542.001   461796.003   461823.001
   715:   461969.003   463420.001   465130.003   465173.001   468035.003
   720:   468080.001   468210.003   468668.001   472246.003   473262.001
   725:   473342.003   473352.001   473521.003   474158.001   474188.003
   730:   474198.001   474563.003   474566.001   477206.003   478697.001
   735:   479069.003   479111.001   479241.003   479318.001   479344.003
   740:   479427.001   479474.003   479559.001   480887.003   481310.001
   745:   482485.003   483511.001   483538.003   483703.001   483903.003
   750:   483916.001   487555.003   488154.001   488186.003   488490.001
   755:   488544.003   488576.001   488990.003   489349.001   491883.003
   760:   492421.001   494242.003   495755.001   496748.003   496753.001
   765:   500414.003   500439.001   500603.003   501013.001   503348.003
   770:   503363.001   503523.003   503708.001   504233.003   504276.001
   775:   504306.003   504466.001   505432.003   506804.001   510162.003
   780:   510210.001   510378.003   511015.001   514765.018   515225.003
   785:   515231.016   515258.001   515281.026   515328.003   515413.005
   790:   516535.009   517080.005   517191.009   519237.001   522461.003
   795:   522488.001   522636.003   523383.001   523455.003   523524.001
   800:   526976.003   527533.001   530296.003   530332.001   531525.003
   805:   532420.001   534977.003   535002.001   535131.003   535549.001
   810:   535653.003   535662.001   538467.003   538503.001   538641.003
   815:   538964.001   539003.003   539274.001   543024.018   543070.003
   820:   543076.016   543091.001   543126.026   543163.003   543319.005
   825:   543811.009   546531.001   546641.003   546772.001   546945.003
   830:   546974.001   547160.003   547175.001   547352.003   547367.001
   835:   547493.003   547556.001   549286.003   549587.001   549659.003
   840:   550296.001   552080.003   552084.001   554722.003   554750.001
   845:   554892.003   555584.001   556940.003   556950.001   558103.003
   850:   558104.001   561015.003   561612.001   561703.003   561729.001
   855:   562116.003   562164.001   565768.003   566628.001   566693.003
   860:   566787.001   570537.018   570812.003   570818.016   570868.026
   865:   571013.005   571567.009   578729.002   578754.004   579096.005
   870:   579195.009   579207.005   579232.009   581171.001   583091.003
   875:   583110.001   585656.003   586171.001   586945.003   587536.001
   880:   587709.003   588018.001   589377.003   590582.001   590660.003
   885:   591408.001   591486.003   591956.001   592162.003   592175.001
   890:   595215.003   595238.001   595398.003   595825.001   599575.018
   895:   599934.003   599940.016   599960.001   599990.026   600093.003
   900:   600188.005   600691.009   605799.001   605875.003   605908.001
   905:   606399.003   606729.001   609559.003   609584.001   609771.003
   910:   610406.001   613879.003   613905.001   614047.003   614625.001
   915:   618178.003   618210.001   618377.003   618724.001   622123.003
   920:   622153.001   622323.003   623093.001   626814.003   626836.001
   925:   626985.003   627397.001   630783.003   631501.001   631527.003
   930:   632475.001   635877.003   636640.001   638646.003   638650.001
   935:   640790.003   640815.001   640967.003   641680.001   644906.003
   940:   645465.001   645540.003   645556.001   649036.003   649060.001
   945:   649275.003   649501.001   652399.003   652815.001   653533.003
   950:   655472.001   656056.003   657434.001   657725.003   657735.001
   955:   660572.003   660597.001   660739.003   664970.001   665459.003
   960:   665470.001   668739.003   668768.001   668916.003   669441.005
   965:   671027.009   671057.005   671874.009   674784.001   677484.003
   970:   678457.001   679768.003   679776.001   682897.003   682921.001
   975:   683068.003   683503.001   683696.003   683702.001   686946.003
   980:   686967.001   687191.003   687521.001   687643.003   687649.001
   985:   690464.003   690867.001   690968.003   691035.001   693954.003
   990:   693984.001   694109.003   694474.001   697392.003   697936.001
   995:   698895.003   698900.001   700194.003   701262.005   701616.009
  1000:   704875.001   708514.003   710022.001   713629.003   713935.001
  1005:   714298.003   714332.001   717529.003   717555.001   717740.003
  1010:   718379.005   718466.009   719955.001   721285.003   721306.001
  1015:   721431.003   721498.001   724365.003   724852.001   725474.003
  1020:   725681.001   727370.003   727809.001   728073.003   728103.001
  1025:   728760.003   728863.001   729561.003   730456.001   731094.003
  1030:   740402.001   740710.003   740723.001   741505.003   741546.001
  1035:   744751.003   744777.001   744935.003   745830.001   746707.003
  1040:   746729.001   746774.003   747060.001   747540.003   747758.001
  1045:   748301.003   748326.001   752076.018   752118.003   752124.016
  1050:   752164.001   752174.026   752243.003   752316.005   752839.009
  1055:   756510.001   756613.003   757028.001   757899.003   757914.001
  1060:   758228.003   758229.001   761416.003   762029.001   762443.003
  1065:   762475.001   765267.003   765982.001   766075.003   766107.001
  1070:   766194.003   766233.001   766678.003   766870.001   766937.003
  1075:   766956.001   769821.003   770612.001   774362.018   774642.003
  1080:   774648.016   774663.001   774698.026   774771.003   774846.005
  1085:   775320.009   776470.005   776479.009   777451.001   777728.003
  1090:   777754.001   778355.003   778399.001   778961.003   778970.001
  1095:   780212.003   780218.001   782155.003   782178.001   782378.003
  1100:   782835.001   786280.003   786302.001   786806.003   787137.005
  1105:   787518.009   789813.001   792362.003   792914.001   792963.003
  1110:   793085.001   793207.003   793446.001   795460.003   796019.005
  1115:   796159.009   797663.001   800824.003   801420.001   804577.003
  1120:   805292.001   808396.003   809305.001   809839.003   810780.005
  1125:   811174.009   812659.001   815954.003   817120.001   819753.003
  1130:   820431.001   823026.003   823493.001   824625.003   825408.001
  1135:   828359.003   829401.001   830068.003   830731.001   830982.003
  1140:   831252.001   832824.003   833579.001   834057.003   834358.001
  1145:   835664.005   835742.009   835829.003   835861.001   835902.003
  1150:   836233.001   836361.003   836386.001   836682.003   836741.001
  1155:   838446.003   838826.001   840605.003   840635.001   840816.003
  1160:   840864.001   842559.003   843123.001   843796.003   844087.001
  1165:   844262.003   844437.001   844491.003   844511.001   844558.003
  1170:   844600.001   844661.003   844841.001   845070.003   845082.001
  1175:   848267.003   849471.005   849502.009   851306.001   851335.003
  1180:   851484.001   854851.003   854906.001   855037.003   855325.001
  1185:   855536.003   855900.001   855951.003   856196.001   859946.018
  1190:   860254.003   860260.016   860296.001   860310.026   860357.003
  1195:   860432.005   861034.009   863080.001   866039.003   866666.001
  1200:   867000.003   868182.001   868258.003   868550.001   871615.003
  1205:   871638.001   871797.003   873847.001   873942.003   874220.001
  1210:   877406.003   881942.001   882724.003   882787.001   882878.003
  1215:   882927.001   885553.003   886048.001   889334.003   889945.001
  1220:   889978.003   890159.001   893051.003   894533.001   894608.003
  1225:   894769.001   897890.003   897939.001   898103.003   898824.001
  1230:   902275.003   903019.001   906129.003   906158.001   906300.003
  1235:   907179.005   907383.009   908075.001   911825.018   912718.003
  1240:   912724.016   912757.001   912774.026   912805.003   912851.005
  1245:   913452.009   916130.001   918653.003   918679.001   918825.003
  1250:   919190.001   919245.003   919262.001   922743.003   922766.001
  1255:   922895.003   923662.001   923971.003   923985.001   927188.003
  1260:   927215.001   927499.003   928011.005   928166.009   928828.001
  1265:   928896.003   928910.001   931830.003   932689.001   933182.003
  1270:   933257.001   936160.003   937197.001   937274.003   937350.001
  1275:   939548.003   939674.001   939886.003   940022.001   941616.003
  1280:   941644.001   941739.003   941836.001   941932.003   942600.001
  1285:   944061.003   946576.001   946748.003   947526.001   951107.003
  1290:   951920.001   955049.003   955096.001   955228.003   955595.001
  1295:   959141.003   959374.001   959748.003   960103.001   963292.003
  1300:   963321.001   963493.003   964557.001   968307.018   968353.003
  1305:   968359.016   968409.026   968550.005   969777.009   972722.005
  1310:   973329.009   973770.001   977088.003   977609.005   977812.009
  1315:   978282.001   982032.018   982242.003   982248.016   982298.026
  1320:   982431.005   982832.009   982842.005   982868.009   989243.001
  1325:   989446.003   989525.001   989835.003   989871.001   992670.003
  1330:   993193.001   996616.003   997070.001  1000090.003  1001328.001
  1335:  1001412.003  1002155.001  1002477.003  1002490.001  1002543.003
  1340:  1002555.001  1005352.003  1005386.001  1005580.003  1005880.001
  1345:  1007569.003  1007580.001  1009458.003  1010281.001  1013492.003
  1350:  1014234.001  1016995.003  1017356.001  1017620.003  1018197.001
  1355:  1019907.003  1019926.001  1021657.003  1022274.005  1022419.009
  1360:  1022789.001  1026539.018  1026776.003  1026782.016  1026832.026
  1365:  1026950.005  1028175.009  1033552.005  1033584.009  1033589.005
  1370:  1033635.009  1035929.001  1039318.003  1039344.001  1039505.003
  1375:  1039947.001  1043159.003  1043579.005  1043704.009  1043717.005
  1380:  1043758.009  1043787.005  1043837.009  1045351.001  1048959.003
  1385:  1050025.001  1050450.003  1050468.001  1050515.003  1050524.001
  1390:  1053452.003  1053483.001  1053644.003  1054289.005  1054727.009
  1395:  1057746.001  1061496.018  1061567.003  1061573.016  1061599.001
  1400:  1061623.026  1061681.003  1061763.005  1062141.009  1066493.001
  1405:  1069091.003  1069111.001  1069237.003  1069664.005  1070456.009
  1410:  1071329.001  1071413.003  1071464.001  1071809.003  1071819.001
  1415:  1074495.003  1075222.001  1078440.003  1078710.001  1079327.003
  1420:  1079337.001  1081840.003  1082984.001  1086178.003  1087003.001
  1425:  1090247.003  1090278.001  1090397.003  1090670.001  1091039.003
  1430:  1091552.005  1091692.009  1093446.001  1096774.003  1097307.001
  1435:  1100357.003  1101103.001  1104745.003  1104776.001  1104988.003
  1440:  1105512.001  1107517.003  1107554.001  1108395.003  1108423.001
  1445:  1108582.003  1108745.001  1109051.003  1109489.001  1109552.003
  1450:  1109622.001  1109639.003  1109673.001  1110144.003  1110151.001
  1455:  1112903.003  1112930.001  1113114.003  1113532.001  1116580.003
  1460:  1117249.001  1117275.003  1117353.001  1117523.003  1117541.001
  1465:  1119286.003  1119307.001  1119530.003  1119562.001  1121326.003
  1470:  1121546.001  1121926.003  1122521.001  1123256.003  1123507.001
  1475:  1127257.018  1127388.003  1127394.016  1127444.026  1127611.005
  1480:  1128110.009  1130002.001  1130685.003  1131331.001  1131650.003
  1485:  1131692.001  1134074.003  1134689.001  1134715.003  1134762.001
  1490:  1135877.003  1136557.001  1136589.003  1150129.001  1150508.003
  1495:  1150564.001  1152764.003  1153226.001  1156570.003  1157355.001
  1500:  1157407.003  1157531.001  1157966.003  1159346.001  1162251.003
  1505:  1164365.001  1164658.003  1164668.001  1167189.003  1167226.001
  1510:  1167298.003  1167955.001  1170973.003  1171010.001  1171208.003
  1515:  1171639.001  1171795.003  1171815.001  1173219.003  1173273.001
  1520:  1174110.003  1174266.001  1174292.003  1174370.001  1174401.003
  1525:  1174437.001  1175754.003  1175779.001  1175912.003  1177185.005
  1530:  1177215.009  1177235.005  1177421.009  1179795.001  1179858.003
  1535:  1180059.001  1180183.003  1180224.001  1180290.003  1180476.001
  1540:  1180882.003  1180896.001  1183148.003  1183199.001  1183336.003
  1545:  1183741.005  1184348.009  1186414.001  1186479.003  1186488.001
  1550:  1189339.003  1189948.001  1193409.003  1193447.001  1193599.003
  1555:  1194336.001  1197705.003  1197764.001  1197959.003  1198507.001
  1560:  1201773.003  1202524.005  1202830.009  1203299.001  1206176.003
  1565:  1206224.001  1207708.003  1210377.001  1213317.003  1213361.001
  1570:  1213441.003  1213741.005  1214835.009  1216660.001  1220263.003
  1575:  1221236.001  1224317.003  1224401.001  1224811.003  1225192.001
  1580:  1228337.003  1228765.005  1228923.009  1229337.001  1232730.003
  1585:  1232753.001  1232920.003  1233215.005  1233360.009  1233847.001
  1590:  1237597.018  1237601.003  1237607.016  1237657.026  1237792.005
  1595:  1238188.009  1238259.005  1238837.009  1240268.001  1240306.003
  1600:  1240558.001  1240600.003  1241176.005  1241630.009  1242171.001
  1605:  1242598.003  1242803.001  1243588.003  1243616.001  1245776.003
  1610:  1245920.001  1245962.003  1246321.001  1249255.003  1249806.001
  1615:  1249887.003  1249913.001  1249946.003  1250950.001  1254700.018
  1620:  1254878.003  1254884.016  1254934.026  1255098.005  1255697.009
  1625:  1257646.001  1257674.003  1257781.001  1261324.003  1262245.005
  1630:  1262331.009  1262997.001  1263549.003  1263551.001  1266608.003
  1635:  1266637.001  1266880.003  1267416.001  1271166.018  1271979.003
  1640:  1271985.016  1272035.026  1272206.005  1272620.009  1273463.005
  1645:  1273499.009  1273503.005  1274058.009  1274828.001  1274952.003
  1650:  1275039.001  1277832.003  1277882.001  1278099.003  1279210.001
  1655:  1279989.003  1280002.001  1282897.003  1282922.001  1283043.003
  1660:  1283637.001  1286725.003  1287833.001  1291396.003  1292155.005
  1665:  1292252.009  1292616.001  1296163.003  1297833.001  1300743.003
  1670:  1300791.001  1301082.003  1301988.001  1302795.003  1302895.001
  1675:  1303263.003  1303479.001  1306445.003  1306477.001  1306615.003
  1680:  1306665.001  1306881.003  1306921.001  1307035.003  1307153.001
  1685:  1310226.003  1311192.001  1314335.003  1315901.001  1319427.003
  1690:  1319472.001  1319637.003  1320971.001  1324154.003  1324190.001
  1695:  1324337.003  1324628.001  1324908.003  1325263.001  1329013.018
  1700:  1329869.003  1329875.016  1329925.026  1330093.005  1330878.009
  1705:  1332125.001  1335071.003  1335095.001  1335253.003  1335626.001
  1710:  1335973.003  1336001.001  1338885.003  1340505.001  1344109.003
  1715:  1344820.001  1344847.003  1344929.001  1345124.003  1346135.001
  1720:  1346446.003  1346452.001  1349583.003  1349747.001  1349774.003
  1725:  1350892.001  1351362.003  1351369.001  1353589.003  1354705.001
  1730:  1358455.018  1359185.003  1359191.016  1359213.001  1359241.026
  1735:  1359330.003  1359419.005  1360603.009  1360693.005  1360717.009
  1740:  1362371.005  1362474.009  1362936.001  1365957.003  1366974.001
  1745:  1369504.003  1370250.001  1373688.003  1373830.001  1373997.003
  1750:  1374196.001  1376985.003  1377017.001  1377132.003  1377813.005
  1755:  1377838.009  1377854.005  1377958.009  1378336.001  1381230.003
  1760:  1382242.001  1385361.003  1385428.001  1385486.003  1386090.001
  1765:  1388683.003  1389369.001  1392302.003  1394319.001  1396281.003
  1770:  1396282.001  1398694.003  1398722.001  1398833.003  1399332.005
  1775:  1399367.009  1399378.005  1399426.009  1399456.005  1399558.009
  1780:  1399945.001  1403695.018  1404402.003  1404408.016  1404451.001
  1785:  1404458.026  1404520.003  1404587.005  1405402.009  1405418.005
  1790:  1405428.009  1408620.001  1410804.003  1410856.001  1411006.003
  1795:  1411368.005  1411504.009  1411916.001  1414980.003  1415026.001
  1800:  1415157.003  1415699.001  1419062.003  1419914.001  1422816.003
  1805:  1423622.001  1426109.003  1426532.001  1429343.003  1429368.001
  1810:  1429499.003  1430328.001  1430697.003  1430715.001  1432694.003
  1815:  1433165.005  1433380.009  1433907.001  1437277.003  1437302.001
  1820:  1437434.003  1437487.001  1437771.003  1438504.001  1438622.003
  1825:  1438844.001  1439103.003  1439128.001  1442007.003  1442035.001
  1830:  1442157.003  1443187.005  1443386.009  1443974.001  1447144.003
  1835:  1448372.005  1448653.009  1449280.001  1452433.003  1453339.001
  1840:  1456047.003  1456519.001  1456565.003  1456625.001  1456652.003
  1845:  1456748.001  1456810.003  1456830.001  1457093.003  1457165.001
  1850:  1457311.003  1457519.001  1457535.003  1457689.001  1458014.003
  1855:  1458157.001  1460683.003  1460708.001  1461451.003  1461945.001
  1860:  1462625.003  1462635.001  1466131.003  1466439.001  1466641.003
  1865:  1468081.001  1470188.003  1470228.001  1471830.003  1472619.001
  1870:  1476369.018  1476839.003  1476845.016  1476895.026  1477037.005
  1875:  1477575.009  1477596.005  1477608.009  1477797.005  1477808.009
  1880:  1477879.005  1477893.009  1477895.005  1478080.009  1486988.005
  1885:  1487107.009
B:
     0:        0.000      766.000        1.000      766.000        1.000
     5:      118.000        0.000        0.000        0.000      118.000
    10:        0.000        1.000        0.000        1.000        0.000
    15:        0.000       38.000        0.000       38.000        0.000
    20:        0.000        0.000        0.000        0.000        0.000
    25:        0.000       38.000        0.000        0.000        0.000
    30:        0.000
D:
     0:  3791313.000  3787094.000  3791314.000
E:
     0:     3750.000     3750.000
T:
     0:        0.000        0.000        0.000        0.000
W:
     0:        0.000        0.000        0.000
