File: C:\MED-PC IV\Data\Reyes\AW\AW044.999


Start Date: 08/11/24
End Date: 08/11/24
Subject: 44
Experiment: AW
Group: EXP10
Box: 6
Start Time: 14:27:12
End Time: 15:17:12
MSN: DRRD_exp_10
C:       0.000
F:       2.000
G:       0.000
H:       0.000
I:       0.000
J:       0.000
K:     500.000
L:       0.000
M:       0.000
N:       0.000
O:       0.000
P:       0.000
Q:       0.000
R:       0.000
S:       0.000
U:  133318.000
V:       0.000
X:       0.000
Y:    2482.000
Z:       0.000
A:
     0:      277.005      536.009    13550.005    13585.009    13596.005
     5:    13668.009    13712.005    13803.009    14066.005    14469.009
    10:    15000.013    15000.011    15783.005    16050.009    16059.005
    15:    16407.009    16550.005    16587.009    16886.005    17353.009
    20:    17991.001    18241.018    18488.003    18494.016    18544.026
    25:    18802.005    19890.009    19947.005    20160.009    21948.005
    30:    22221.009    22497.005    22872.009    22924.005    22987.009
    35:    23758.001    23858.003    24631.005    24860.009    24869.005
    40:    25150.009    25706.001    25770.003    26320.005    26583.009
    45:    26723.005    26822.009    27532.001    27628.003    28086.005
    50:    28379.009    28828.001    28996.003    29808.001    29956.003
    55:    30665.005    30909.009    30958.005    31234.009    32637.001
    60:    32794.003    33773.001    33890.003    34056.001    34077.003
    65:    34219.001    34310.003    34852.001    35102.018    35292.003
    70:    35298.016    35348.026    35631.005    36550.009    38862.005
    75:    39151.009    41238.005    41429.009    41490.005    41639.009
    80:    43765.001    43851.003    44188.005    44443.009    45152.001
    85:    45207.003    45834.001    46084.018    46104.003    46110.016
    90:    46160.026    46162.001    46226.003    46538.005    47583.009
    95:    49303.005    49478.009    51215.001    51465.018    51676.003
   100:    51682.016    51732.026    52696.001    52781.003    52853.001
   105:    52956.003    53694.005    54549.009    54584.005    54596.009
   110:    56473.001    56617.003    56723.001    56758.003    56797.001
   115:    56854.003    57995.005    58517.009    58846.001    58975.003
   120:    59569.005    59963.009    60228.001    60332.003    60432.001
   125:    60491.003    60620.001    60834.003    61186.001    61224.003
   130:    63083.005    63301.009    64813.001    64869.003    65049.001
   135:    65299.018    65635.003    65641.016    65691.026    65914.005
   140:    66976.009    67023.005    67126.009    68726.001    68868.003
   145:    70139.001    70349.003    70371.001    70621.018    70656.003
   150:    70662.016    70712.026    70944.005    71762.009    71770.005
   155:    72061.009    72088.005    72255.009    73830.001    73875.003
   160:    74571.005    74753.009    78506.001    78543.003    81620.005
   165:    81773.009    88674.005    88735.009    88780.005    88862.009
   170:    89862.001    89923.003    91650.001    91900.018    92132.003
   175:    92138.016    92188.026    92502.005    93616.009    94377.001
   180:    94498.003    94751.001    94859.003    95548.005    95920.009
   185:    96040.005    96055.009    96670.001    96791.003    96846.001
   190:    97041.003    97920.005    98279.009    98363.005    98449.009
   195:    99478.001    99515.003    99568.001    99779.003   100065.001
   200:   100180.003   101489.005   101801.009   103099.001   103349.018
   205:   104809.003   104815.016   104865.026   105111.005   105696.009
   210:   107153.001   107278.003   107746.001   107996.018   108181.003
   215:   108187.016   108203.001   108237.026   108356.003   108541.005
   220:   109695.009   111547.005   111648.009   112833.001   113074.003
   225:   113626.005   113688.009   114247.001   114358.003   114579.001
   230:   114829.018   115910.003   115916.016   115966.026   116108.001
   235:   116259.003   117296.005   117652.009   118455.005   118795.009
   240:   120625.005   120720.009   128227.005   128599.009   130439.001
   245:   130607.003   130681.001   130931.018   131029.003   131035.016
   250:   131085.026   131396.005   132196.009   132231.005   132487.009
   255:   132515.005   132634.009   133576.001   133646.003   134110.005
   260:   134273.009   135046.001   135087.003   135666.001   135827.003
   265:   136552.005   136942.009   137584.001   137746.003   137777.001
   270:   138027.018   138670.003   138676.016   138726.026   138988.005
   275:   139239.009   139430.005   139604.009   140063.005   140089.009
   280:   141213.001   141463.018   141628.003   141634.016   141684.026
   285:   142072.005   142985.009   143240.005   143714.009   145285.005
   290:   145407.009   150383.001   150555.003   150673.001   150923.018
   295:   151167.003   151173.016   151223.026   151630.005   152142.009
   300:   152196.005   152385.009   153902.001   154031.003   154523.005
   305:   154937.009   155220.001   155276.003   155502.001   155752.018
   310:   155886.003   155892.016   155942.026   156174.005   156698.009
   315:   157378.001   157403.003   157461.001   157605.003   158007.001
   320:   158257.018   158491.003   158497.016   158547.026   158954.005
   325:   160019.009   160666.001   160916.018   161089.003   161095.016
   330:   161145.026   161473.005   161933.009   162757.005   162878.009
   335:   165048.005   165243.009   165595.005   165670.009   165682.005
   340:   166009.009   166572.001   166619.003   166728.001   166978.018
   345:   166987.003   166993.016   167043.026   167348.005   167617.009
   350:   167686.005   167865.009   169244.001   169303.003   170333.005
   355:   170548.009   171977.001   172040.003   172598.005   172899.009
   360:   173371.001   173547.003   173975.005   174182.009   174543.001
   365:   174646.003   174732.001   174775.003   175800.005   176548.009
   370:   176861.001   177095.003   177266.001   177456.003   177612.001
   375:   177828.003   178659.001   178909.018   178955.003   178961.016
   380:   179011.026   179351.005   180130.009   180584.005   180773.009
   385:   181501.005   181575.009   183349.005   183533.009   183539.005
   390:   183555.009   184297.001   184329.003   184509.001   184637.003
   395:   184973.001   185179.003   186836.005   186998.009   187318.001
   400:   187359.003   187409.001   187602.003   188152.005   188946.009
   405:   190039.001   190289.018   190292.003   190298.016   190348.026
   410:   190637.005   191353.009   191410.005   191419.009   191514.005
   415:   192010.009   192505.001   192733.003   192849.001   192923.003
   420:   192964.001   193056.003   193568.001   193715.003   194121.001
   425:   194152.003   194248.001   194498.018   194844.003   194850.016
   430:   194900.026   195660.005   197067.009   197948.001   198198.018
   435:   199232.003   199238.016   199288.026   199991.005   201108.009
   440:   201194.005   201376.009   204327.005   204583.009   206298.001
   445:   206485.003   207109.005   207484.009   207506.005   207540.009
   450:   207672.005   207996.009   208131.005   208213.009   209796.005
   455:   209966.009   227834.005   227940.009   229585.001   229676.003
   460:   230021.005   230418.009   230495.005   230626.009   230717.005
   465:   230769.009   231320.001   231432.003   231864.005   232045.009
   470:   232530.001   232686.003   233107.005   233427.009   233713.001
   475:   233963.018   233971.003   233977.016   234027.026   234372.005
   480:   235336.009   236986.001   237236.018   237479.003   237485.016
   485:   237535.026   238027.005   239547.009   239581.005   239604.009
   490:   239812.005   239840.009   240834.001   241009.003   241508.005
   495:   241772.009   241836.005   241860.009   241864.005   242230.009
   500:   242252.005   242262.009   242565.001   242727.003   243040.001
   505:   243290.018   244072.003   244078.016   244092.001   244128.026
   510:   244243.003   244384.005   245752.009   246699.001   246949.018
   515:   247103.003   247109.016   247159.026   247167.001   247207.003
   520:   247570.005   248742.009   248788.005   248826.009   252765.001
   525:   252895.003   252985.001   253235.018   253245.003   253251.016
   530:   253268.001   253301.026   253405.003   253727.005   254724.009
   535:   257377.001   257627.018   257835.003   257841.016   257848.001
   540:   257891.026   258092.003   258322.005   259209.009   259259.005
   545:   259268.009   259272.005   260384.009   262226.001   262476.018
   550:   263194.003   263200.016   263250.026   263638.005   263967.009
   555:   265015.005   265243.009   266759.001   267009.018   267164.003
   560:   267170.016   267220.026   267691.005   269307.009   271310.005
   565:   271601.009   272209.001   272431.003   272614.001   272864.018
   570:   272933.003   272939.016   272989.026   273384.005   274275.009
   575:   275027.001   275277.018   275319.003   275325.016   275375.026
   580:   275609.005   277328.009   277382.005   277558.009   281624.001
   585:   281645.003   281668.001   281689.003   282701.005   282947.009
   590:   283004.005   283029.009   283030.005   283065.009   283673.005
   595:   283709.009   283982.001   284084.003   284958.001   285208.018
   600:   285230.003   285236.016   285286.026   285361.001   285377.003
   605:   285606.005   286303.009   286305.005   286308.009   286311.005
   610:   286342.009   287599.001   287723.003   287879.001   288055.003
   615:   288464.005   288474.009   288475.005   288767.009   288997.001
   620:   289087.003   289197.001   289258.003   289813.001   289919.003
   625:   290259.001   290509.018   290692.003   290698.016   290748.026
   630:   291012.005   291830.009   293056.001   293116.003   293510.001
   635:   293760.018   293799.003   293805.016   293855.026   294191.005
   640:   294795.009   294935.005   295521.009   295622.005   295626.009
   645:   298631.001   298808.003   299150.005   299349.009   302431.001
   650:   302681.018   302960.003   302966.016   303016.026   303242.005
   655:   304343.009   305178.001   305428.018   305530.003   305536.016
   660:   305586.026   305743.005   306735.009   306869.005   306875.009
   665:   309596.001   309728.003   309929.001   310065.003   310379.001
   670:   310517.003   310545.001   310789.003   311785.001   311933.003
   675:   312867.001   312952.003   313844.005   314129.009   314756.001
   680:   315006.018   315383.003   315389.016   315439.026   315797.005
   685:   316721.009   316739.005   316755.009   316790.005   316878.009
   690:   319120.001   319370.018   319448.003   319454.016   319504.026
   695:   319736.005   320413.009   320981.005   321013.009   321032.005
   700:   321068.009   322199.001   322449.018   323154.003   323160.016
   705:   323210.026   323212.017   323381.005   324569.009   324907.005
   710:   325119.009   328151.005   328367.009   330389.005   330735.009
   715:   331658.001   331715.003   332418.005   332756.009   333966.001
   720:   334165.003   335504.001   335688.003   335763.001   336038.018
   725:   336190.003   336196.016   336246.026   336388.001   336459.003
   730:   336643.005   337971.009   338024.005   338212.009   338713.001
   735:   338988.018   338994.003   339000.016   339050.026   339122.001
   740:   339144.003   339295.005   342000.009   343459.001   343543.003
   745:   343968.001   344243.018   344531.003   344537.016   344587.026
   750:   344820.005   345561.009   346761.001   346806.003   347212.001
   755:   347255.003   347368.001   347643.018   347857.003   347863.016
   760:   347913.026   347918.001   347947.003   348197.005   349052.009
   765:   349152.005   349303.009   354037.001   354312.018   354752.003
   770:   354758.016   354808.026   354956.005   354968.009   354977.005
   775:   354982.009   355096.005   355378.009   355412.005   356872.009
   780:   358548.001   358735.003   359555.005   359718.009   360544.001
   785:   360819.018   360849.003   360855.016   360905.026   361223.005
   790:   362045.009   362056.005   362073.009   362184.005   362405.009
   795:   363609.001   363884.018   364182.003   364188.016   364238.026
   800:   364513.005   365730.009   377196.001   377294.003   377744.001
   805:   377834.003   378727.005   379058.009   379100.005   379106.009
   810:   381549.001   381676.003   383182.001   383457.018   383567.003
   815:   383573.016   383623.026   383647.001   383922.018   384009.003
   820:   384015.016   384065.026   384337.005   385076.009   386466.001
   825:   386592.003   386826.001   386918.003   387054.001   387329.018
   830:   387767.003   387773.016   387823.026   388006.005   388827.009
   835:   388835.005   389193.009   390974.001   390994.003   391858.001
   840:   391938.003   392353.001   392628.018   393141.003   393147.016
   845:   393197.026   393373.005   394204.009   394276.005   394286.009
   850:   408368.005   408405.009   408423.005   408437.009   409540.001
   855:   409777.003   409918.001   410081.003   410512.005   410865.009
   860:   412108.001   412383.018   412757.003   412763.016   412807.001
   865:   412813.026   412998.003   413121.005   413722.009   415422.005
   870:   415489.009   415651.005   415673.009   417019.001   417080.003
   875:   417145.001   417420.018   417669.003   417675.016   417725.026
   880:   417875.005   419006.009   419011.005   419260.009   422205.001
   885:   422333.003   422777.001   423052.018   423974.003   423980.016
   890:   424030.026   424247.005   425035.009   425048.005   425092.009
   895:   425121.005   425243.009   425352.005   425387.009   427491.001
   900:   427724.003   427767.001   428042.018   428150.003   428156.016
   905:   428206.026   428473.005   429233.009   430589.001   430655.003
   910:   430933.001   431208.018   431293.003   431299.016   431349.026
   915:   431541.005   432629.009   436735.005   437086.009   438037.001
   920:   438241.003   438692.001   438967.018   439092.003   439098.016
   925:   439148.026   439355.005   439931.009   440052.005   440162.009
   930:   444616.001   444799.003   445671.005   445787.009   445801.005
   935:   445968.009   446735.001   446950.003   447030.001   447305.018
   940:   447615.003   447621.016   447671.026   447998.005   448002.009
   945:   448033.005   448052.009   448057.005   449383.009   449457.005
   950:   449519.009   449528.005   449865.009   450962.001   451237.018
   955:   451281.003   451287.016   451337.026   451618.005   452553.009
   960:   452783.005   452831.009   452850.005   452970.009   454347.001
   965:   454384.003   454716.001   454889.003   454995.001   455033.003
   970:   455450.005   455900.009   456997.001   457272.018   457611.003
   975:   457617.016   457667.026   457968.005   458974.009   458997.005
   980:   459019.009   459288.005   459326.009   459333.005   459403.009
   985:   460466.001   460710.003   460972.001   461194.003   461224.001
   990:   461499.018   461533.003   461539.016   461589.026   461814.005
   995:   462722.009   462743.005   462760.009   464807.001   464823.003
  1000:   464862.001   464981.003   465728.001   465909.003   466185.001
  1005:   466460.018   466922.003   466928.016   466978.026   467275.005
  1010:   469068.009   469180.005   469192.009   470396.001   470667.003
  1015:   471221.005   471416.009   472191.001   472466.018   472702.003
  1020:   472708.016   472758.026   472979.005   473597.009   473628.005
  1025:   473650.009   473661.005   473672.009   473699.005   473711.009
  1030:   473714.005   473746.009   475140.001   475353.003   475982.001
  1035:   476257.018   476545.003   476551.016   476601.026   476799.005
  1040:   477730.009   479863.001   480138.018   480207.003   480213.016
  1045:   480263.026   480411.005   481350.009   481367.005   481658.009
  1050:   482626.005   482707.009   484301.001   484561.003   484578.001
  1055:   484777.003   485629.001   485904.018   485928.003   485934.016
  1060:   485984.026   486371.005   487358.009   488008.001   488164.003
  1065:   488608.001   488813.003   488991.001   489090.003   489301.001
  1070:   489576.018   489635.003   489641.016   489691.026   489969.005
  1075:   491339.009   491515.005   491551.009   491565.005   491611.009
  1080:   491630.005   491711.009   493751.001   493983.003   494311.005
  1085:   494763.009   494954.005   497668.009   501262.001   501537.018
  1090:   501782.003   501788.016   501838.026   502001.005   502810.009
  1095:   503968.005   503994.009   506932.001   507207.018   508092.003
  1100:   508098.016   508148.026   508386.005   509020.009   510116.005
  1105:   510316.009   510334.005   510462.009   510894.001   511169.018
  1110:   511292.003   511298.016   511348.026   511350.017   511493.005
  1115:   511502.009   511996.005   513152.009   513846.005   513975.009
  1120:   514090.005   514395.009   516092.001   516264.003   516407.001
  1125:   516710.018   516802.003   516808.016   516858.026   517101.005
  1130:   518078.009   519759.005   519908.009   520853.005   520869.009
  1135:   523070.001   523373.018   523718.003   523724.016   523774.026
  1140:   523997.005   524683.009   525875.005   525892.009   564206.001
  1145:   564306.003   564877.005   564989.009   565071.005   565223.009
  1150:   575898.001   576024.003   576444.005   576822.009   577427.001
  1155:   577491.003   578498.001   578728.003   578872.001   579175.018
  1160:   579307.003   579313.016   579363.026   579562.005   580233.009
  1165:   580241.005   580272.009   580332.005   580404.009   581624.005
  1170:   581650.009   581680.005   581707.009   590233.005   590979.009
  1175:   592348.001   592591.003   595031.001   595334.018   595656.003
  1180:   595662.016   595696.001   595712.026   595802.003   595953.005
  1185:   598511.009   603720.001   603915.003   603995.001   604225.003
  1190:   604621.001   604780.003   605688.001   605991.018   606119.003
  1195:   606125.016   606175.026   606554.005   607973.009   607995.005
  1200:   608617.009   609601.005   609630.009   611564.001   611867.018
  1205:   612058.003   612064.016   612114.026   612819.005   614098.009
  1210:   615100.005   615108.009   615152.005   615303.009   616631.001
  1215:   616934.018   617150.003   617156.016   617206.026   617208.017
  1220:   617387.005   618436.009   618587.005   618617.009   618650.005
  1225:   618815.009   619927.005   619972.009   620242.005   620251.009
  1230:   623558.001   623668.003   624370.001   624476.003   624517.001
  1235:   624850.018   624919.003   624925.016   624975.026   625190.005
  1240:   626087.009   626718.005   626821.009   626832.005   626879.009
  1245:   629508.001   629841.018   630006.003   630012.016   630062.026
  1250:   630230.005   631248.009   631251.005   631278.009   634260.001
  1255:   634556.003   635032.005   635245.009   635290.005   635342.009
  1260:   636233.001   636566.018   637148.003   637154.016   637204.026
  1265:   637423.005   638223.009   642047.001   642380.018   642522.003
  1270:   642528.016   642578.026   642875.005   644259.009   646508.001
  1275:   646736.003   647036.001   647304.003   647621.005   647643.009
  1280:   647660.005   647965.009   649074.001   649233.003   649492.001
  1285:   649825.018   650098.003   650104.016   650154.026   650358.005
  1290:   651524.009   653127.001   653165.003   653196.001   653324.003
  1295:   654235.001   654329.003   654440.001   654680.003   655116.001
  1300:   655178.003   655274.001   655295.003   655318.001   655649.003
  1305:   657471.001   657660.003   658777.001   658964.003   659168.005
  1310:   659471.009   660507.001   660806.003   661348.001   661681.018
  1315:   661709.003   661715.016   661737.001   661765.026   662087.003
  1320:   662368.005   663008.009   665168.001   665501.018   666218.003
  1325:   666224.016   666232.001   666274.026   666430.003   666592.005
  1330:   667789.009   667817.005   667855.009   669418.001   669642.003
  1335:   669828.001   670161.018   670297.003   670303.016   670353.026
  1340:   670709.005   671462.009   672422.005   672459.009   672461.005
  1345:   672500.009   674514.001   674847.018   675106.003   675112.016
  1350:   675162.026   675408.005   676322.009   679762.001   680095.018
  1355:   680201.003   680207.016   680257.026   680259.017   680533.005
  1360:   681586.009   682109.005   682150.009   682219.005   682222.009
  1365:   684952.001   685319.018   685459.003   685465.016   685515.026
  1370:   685683.005   686264.009   686281.005   686287.009   690396.005
  1375:   690523.009   704444.001   704811.018   705466.003   705472.016
  1380:   705522.026   705688.005   705695.009   705909.005   706885.009
  1385:   706908.005   706938.009   707637.005   707675.009   711570.001
  1390:   711717.003   712062.001   712199.003   712783.005   712919.009
  1395:   713230.005   713254.009   713272.005   713718.009   714037.001
  1400:   714404.018   714484.003   714490.016   714540.026   714972.005
  1405:   715828.009   715843.005   716381.009   716819.005   716886.009
  1410:   718048.001   718162.003   718810.001   719177.018   719322.003
  1415:   719328.016   719378.026   719556.005   720492.009   723716.001
  1420:   723824.003   724782.005   725190.009   725853.001   726075.003
  1425:   726595.001   726914.003   727523.001   727600.003   727799.005
  1430:   728681.009   729628.001   729995.018   730525.003   730531.016
  1435:   730581.026   730738.005   731737.009   731922.005   731936.009
  1440:   732764.005   732915.009   736966.001   737113.003   737741.001
  1445:   738097.003   739108.005   739270.009   740342.001   740709.018
  1450:   741054.003   741060.016   741110.026   741292.005   741955.009
  1455:   741976.005   742001.009   743284.005   743319.009   743343.005
  1460:   743481.009   745348.001   745715.018   745814.003   745820.016
  1465:   745870.026   746097.005   746759.009   751962.001   752172.003
  1470:   752961.001   753328.018   754186.003   754192.016   754242.026
  1475:   754488.005   755169.009   767275.001   767432.003   767573.001
  1480:   767924.003   768256.005   768962.009   768967.005   768982.009
  1485:   771392.001   771759.018   771840.003   771846.016   771896.026
  1490:   772062.005   772403.009   778466.001   778567.003   778597.001
  1495:   778964.018   778974.003   778980.016   779030.026   779239.005
  1500:   779709.009   782539.005   782625.009   784168.001   784535.018
  1505:   784747.003   784753.016   784803.026   785027.005   785256.009
  1510:   788133.005   788140.009   796287.005   796435.009   797187.001
  1515:   797554.018   797673.003   797679.016   797729.026   797731.017
  1520:   797991.005   798244.009   800096.005   800229.009   800666.005
  1525:   801141.009   803811.001   804214.018   804292.003   804298.016
  1530:   804348.026   804435.001   804461.003   804608.005   805164.009
  1535:   808272.005   808331.009   809415.001   809709.003   809800.001
  1540:   809971.003   810199.005   810771.009   811509.001   811799.003
  1545:   812724.005   813049.009   813707.001   813819.003   814479.001
  1550:   814882.018   814942.003   814948.016   814998.026   815175.005
  1555:   815674.009   852873.001   853062.003   853104.001   853507.018
  1560:   853586.003   853592.016   853642.026   853797.005   854992.009
  1565:   860555.001   860861.003   860950.001   861080.003   861382.005
  1570:   862004.009   862526.001   862628.003   862786.001   863140.003
  1575:   863394.001   863557.003   863684.001   864032.003   865223.001
  1580:   865294.003   866027.001   866430.018   866756.003   866762.016
  1585:   866812.026   867016.005   867385.009   874207.001   874284.003
  1590:   874352.001   874653.003   875341.001   875744.018   876155.003
  1595:   876161.016   876211.026   876394.005   877143.009   877165.005
  1600:   877208.009   877257.005   877428.009   878080.005   878111.009
  1605:   878164.005   878187.009   878223.005   878257.009   878269.005
  1610:   878298.009   883652.005   883765.009   885041.001   885444.018
  1615:   885672.003   885678.016   885728.026   885915.005   886674.009
  1620:   886700.005   886718.009   886767.005   886951.009   887126.005
  1625:   887140.009   887214.005   887486.009   892372.001   892775.018
  1630:   892862.003   892868.016   892918.026   892920.017   893149.005
  1635:   893979.009   893997.005   894022.009   894063.005   894086.009
  1640:   894199.005   894218.009   912817.001   912963.003   916920.001
  1645:   917227.003   918840.001   918979.003   919052.001   919495.018
  1650:   919670.003   919676.016   919726.026   919925.005   920707.009
  1655:   920764.005   920786.009   922152.001   922374.003   922556.001
  1660:   922999.018   923005.003   923011.016   923061.026   923274.005
  1665:   923283.009   923284.005   924312.009   926083.001   926365.003
  1670:   926994.005   927270.009   927917.001   928360.018   928498.003
  1675:   928504.016   928554.026   928827.005   929969.009   930384.005
  1680:   930441.009   933656.001   933673.003   933707.001   934150.018
  1685:   934159.003   934165.016   934215.026   934458.005   935226.009
  1690:   935254.005   935307.009   936244.005   936264.009   938057.001
  1695:   938399.003   939148.005   939690.009   940444.001   940841.003
  1700:   941582.001   942025.018   942274.003   942280.016   942330.026
  1705:   942628.005   943550.009   946866.001   946928.003   947559.001
  1710:   948002.018   948033.003   948039.016   948089.026   948299.005
  1715:   948310.009   948315.005   948905.009   952286.001   952440.003
  1720:   952766.001   953209.018   953219.003   953225.016   953275.026
  1725:   953465.005   953726.009   956954.001   957397.018   957469.003
  1730:   957475.016   957525.026   957867.005   958305.009   960045.005
  1735:   960075.009   966392.001   966757.003   966849.001   967102.003
  1740:   967339.001   967464.003   967731.001   968082.003   968744.001
  1745:   969085.003   969790.001   970233.018   970317.003   970323.016
  1750:   970373.026   970556.005   971303.009   971320.005   971354.009
  1755:   971710.005   971821.009   977463.001   977906.018   977913.003
  1760:   977919.016   977969.026   978185.005   978421.009   982390.001
  1765:   982449.003   982794.001   983229.003   984954.001   985397.018
  1770:   985549.003   985555.016   985605.026   985928.005   987045.009
  1775:   987419.005   987478.009   990172.001   990324.003   990429.001
  1780:   990576.003   992980.001   993319.003   994231.001   994674.018
  1785:   995042.003   995048.016   995098.026   995279.005   996176.009
  1790:   998363.001   998806.018   998892.003   998898.016   998948.026
  1795:   999145.005   999778.009  1001630.005  1001667.009  1001680.005
  1800:  1001716.009  1004012.001  1004455.018  1004478.003  1004484.016
  1805:  1004534.026  1004536.017  1004764.005  1005339.009  1007111.005
  1810:  1007119.009  1007143.005  1007796.009  1007914.005  1008060.009
  1815:  1011772.005  1011862.009  1012597.001  1012969.003  1013022.001
  1820:  1013248.003  1014200.001  1014688.018  1014922.003  1014928.016
  1825:  1014968.001  1014978.026  1015070.003  1015296.005  1016294.009
  1830:  1018148.001  1018470.003  1018711.005  1019215.009  1020520.001
  1835:  1021008.018  1021300.003  1021306.016  1021356.026  1021516.005
  1840:  1021526.009  1021559.005  1022348.009  1022620.005  1022756.009
  1845:  1022787.005  1022930.009  1025922.001  1026342.003  1027227.001
  1850:  1027512.003  1027763.001  1028251.018  1028266.003  1028272.016
  1855:  1028322.026  1028709.005  1030042.009  1035024.001  1035322.003
  1860:  1035352.001  1035825.003  1036639.001  1036704.003  1036778.001
  1865:  1037266.018  1037594.003  1037600.016  1037650.026  1037860.005
  1870:  1038819.009  1049598.001  1050086.018  1050336.003  1050342.016
  1875:  1050392.026  1050794.005  1051466.009  1051498.005  1051524.009
  1880:  1052035.005  1052214.009  1052806.005  1052866.009  1052880.005
  1885:  1053398.009  1053436.005  1053475.009  1057872.001  1058311.003
  1890:  1058825.005  1058958.009  1059014.005  1059105.009  1059735.001
  1895:  1060080.003  1060160.001  1060648.018  1060779.003  1060785.016
  1900:  1060835.026  1061048.005  1061684.009  1065465.001  1065840.003
  1905:  1066952.001  1067440.018  1067532.003  1067538.016  1067588.026
  1910:  1067795.005  1068065.009  1069751.005  1070340.009  1088181.001
  1915:  1088523.003  1088606.001  1088754.003  1089452.005  1091000.009
  1920:  1091706.001  1092194.018  1092333.003  1092339.016  1092389.026
  1925:  1092598.005  1093030.009  1097204.001  1097450.003  1097606.001
  1930:  1097967.003  1098287.005  1098604.009  1098636.005  1098821.009
  1935:  1099463.001  1099606.003  1100000.001  1100488.018  1100516.003
  1940:  1100522.016  1100572.026  1100920.005  1101638.009  1101823.005
  1945:  1101915.009  1103887.001  1104141.003  1104156.001  1104288.003
  1950:  1105171.001  1105659.018  1105870.003  1105876.016  1105926.026
  1955:  1106196.005  1107346.009  1110144.001  1110276.003  1111096.001
  1960:  1111249.003  1111337.001  1111661.003  1112690.001  1113178.018
  1965:  1113208.003  1113214.016  1113264.026  1113487.005  1115604.009
  1970:  1116818.001  1116919.003  1117359.001  1117610.003  1118430.001
  1975:  1118918.018  1118986.003  1118992.016  1119042.026  1119296.005
  1980:  1119301.009  1119304.005  1119768.009  1121856.005  1121888.009
  1985:  1121910.005  1121937.009  1121963.005  1122009.009  1123578.001
  1990:  1124066.018  1124427.003  1124433.016  1124483.026  1125030.005
  1995:  1125376.009  1126429.005  1126636.009  1135806.005  1135880.009
  2000:  1137323.001  1137397.003  1137783.001  1137960.003  1138390.001
  2005:  1138878.018  1138911.003  1138917.016  1138967.026  1139254.005
  2010:  1140170.009  1140182.005  1140385.009  1140403.005  1140689.009
  2015:  1146968.001  1147058.003  1147151.001  1147639.018  1147749.003
  2020:  1147755.016  1147805.026  1148123.005  1149341.009  1151435.001
  2025:  1151923.018  1151932.003  1151938.016  1151988.026  1152195.005
  2030:  1152574.009  1159154.001  1159642.018  1159725.003  1159731.016
  2035:  1159781.026  1159783.017  1160054.005  1160607.009  1164457.001
  2040:  1164833.003  1165138.005  1165641.009  1169054.001  1169199.003
  2045:  1169418.001  1169860.003  1170140.005  1170280.009  1170936.001
  2050:  1171016.003  1171657.001  1172193.018  1172276.003  1172282.016
  2055:  1172332.026  1172669.005  1173639.009  1188564.001  1188776.003
  2060:  1189139.001  1189336.003  1189426.001  1189666.003  1190190.001
  2065:  1190466.003  1190554.001  1191056.003  1192507.001  1193043.018
  2070:  1193522.003  1193528.016  1193554.001  1193578.026  1193861.003
  2075:  1194501.005  1195360.009  1199556.001  1199855.003  1200147.001
  2080:  1200614.003  1200890.005  1201391.009  1201415.005  1201550.009
  2085:  1202349.001  1202486.003  1202938.001  1202980.003  1203061.001
  2090:  1203569.003  1204299.005  1204317.009  1205568.001  1205659.003
  2095:  1206431.001  1206758.003  1207216.001  1207752.018  1207841.003
  2100:  1207847.016  1207897.026  1208003.001  1208019.003  1208253.005
  2105:  1209427.009  1209768.005  1209925.009  1213569.001  1213649.003
  2110:  1214145.001  1214529.003  1214547.001  1214789.003  1215737.001
  2115:  1216273.018  1217173.003  1217179.016  1217229.026  1217472.005
  2120:  1219023.009  1221219.001  1221755.018  1221981.003  1221987.016
  2125:  1222037.026  1222189.005  1222835.009  1223419.005  1223712.009
  2130:  1223846.005  1223976.009  1231330.001  1231866.018  1232250.003
  2135:  1232256.016  1232306.026  1232308.017  1232818.005  1232829.009
  2140:  1232842.005  1233859.009  1235787.005  1235820.009  1237413.001
  2145:  1237795.003  1238409.005  1238828.009  1239659.001  1240249.018
  2150:  1240374.003  1240380.016  1240430.026  1241709.005  1242635.009
  2155:  1243656.005  1243680.009  1245482.005  1245496.009  1245520.005
  2160:  1245600.009  1247471.001  1247827.003  1248321.005  1248342.009
  2165:  1248346.005  1248758.009  1250315.001  1250430.003  1250532.001
  2170:  1250688.003  1251429.005  1252197.009  1252242.005  1252368.009
  2175:  1255515.001  1255559.003  1258264.001  1258621.003  1259156.005
  2180:  1259642.009  1260194.001  1260347.003  1261480.001  1261687.003
  2185:  1261860.001  1262129.003  1262593.005  1263414.009  1265670.001
  2190:  1265821.003  1266106.001  1266281.003  1266932.005  1267431.009
  2195:  1268353.001  1268830.003  1269303.005  1269602.009  1270638.001
  2200:  1271092.003  1271366.005  1271754.009  1271829.005  1272130.009
  2205:  1273696.001  1273776.003  1274129.001  1274598.003  1275130.005
  2210:  1275466.009  1276509.001  1277041.003  1277748.001  1277997.003
  2215:  1278102.001  1278382.003  1278397.001  1278662.003  1279435.005
  2220:  1279669.009  1280140.001  1280193.003  1280433.001  1281023.018
  2225:  1281179.003  1281185.016  1281235.026  1281637.005  1282532.009
  2230:  1282798.005  1282833.009  1282853.005  1282946.009  1285087.001
  2235:  1285261.003  1286557.005  1286560.009  1286579.005  1286807.009
  2240:  1287214.001  1287490.003  1288309.001  1288527.003  1289117.001
  2245:  1289707.018  1289896.003  1289902.016  1289952.026  1290110.005
  2250:  1291106.009  1291462.005  1291683.009  1347562.001  1347870.003
  2255:  1347993.001  1348258.003  1348662.005  1348690.009  1348707.005
  2260:  1348903.009  1349334.001  1349501.003  1350213.001  1350330.003
  2265:  1350675.001  1351056.003  1351083.001  1351295.003  1351585.005
  2270:  1351880.009  1352227.001  1352411.003  1352840.001  1352986.003
  2275:  1353307.001  1353351.003  1353474.001  1354064.018  1354137.003
  2280:  1354143.016  1354193.026  1354362.005  1354947.009  1354956.005
  2285:  1355124.009  1355168.005  1355185.009  1355269.005  1355357.009
  2290:  1355388.005  1355650.009  1356839.005  1356854.009  1358318.001
  2295:  1358701.003  1360254.001  1360672.003  1361034.001  1361606.003
  2300:  1361877.005  1362290.009  1362446.005  1362648.009  1363234.001
  2305:  1363289.003  1363609.001  1363820.003  1363961.001  1364532.003
  2310:  1364986.001  1365053.003  1365161.001  1365751.018  1366019.003
  2315:  1366025.016  1366075.026  1366167.001  1366186.003  1366348.005
  2320:  1366975.009  1367287.005  1367524.009  1367857.005  1367980.009
  2325:  1369440.001  1370030.018  1370054.003  1370060.016  1370110.026
  2330:  1370322.005  1370878.009  1370894.005  1371196.009  1381793.001
  2335:  1382095.003  1382222.001  1382438.003  1382765.001  1382829.003
  2340:  1382966.001  1383085.003  1383544.001  1383579.003  1384306.005
  2345:  1384563.009  1387605.001  1388195.018  1388231.003  1388237.016
  2350:  1388287.026  1388496.005  1389081.009  1389097.005  1389129.009
  2355:  1389203.005  1389228.009  1389294.005  1389390.009  1389678.005
  2360:  1389689.009  1389696.005  1389815.009  1389826.005  1390006.009
  2365:  1390122.005  1390250.009  1390269.005  1390278.009  1391853.001
  2370:  1392088.003  1392194.001  1392650.003  1393866.001  1394387.003
  2375:  1395137.005  1395456.009  1396238.001  1396828.018  1397305.003
  2380:  1397311.016  1397361.026  1397694.005  1398782.009  1400851.001
  2385:  1401076.003  1401764.001  1402354.018  1402828.003  1402834.016
  2390:  1402884.026  1403228.005  1404030.009  1404245.005  1404289.009
  2395:  1404326.005  1404366.009  1404447.005  1404553.009  1404864.005
  2400:  1404900.009  1421021.005  1421046.009  1421053.005  1421143.009
  2405:  1454855.001  1455445.018  1455569.003  1455575.016  1455625.026
  2410:  1455745.005  1457948.009  1460576.001  1461070.003  1462296.001
  2415:  1462546.003  1462902.001  1463113.003  1463823.001  1464413.018
  2420:  1464561.003  1464567.016  1464617.026  1464848.005  1465391.009
  2425:  1465401.005  1465784.009  1465956.005  1465995.009  1466151.005
  2430:  1466298.009  1474241.001  1474378.003  1474422.001  1474673.003
  2435:  1476074.001  1476252.003  1476678.001  1477215.003  1477271.001
  2440:  1477392.003  1477798.001  1478156.003  1478685.001  1478831.003
  2445:  1479126.005  1479439.009  1480391.001  1480981.018  1481047.003
  2450:  1481053.016  1481103.026  1481440.005  1482203.009  1482530.005
  2455:  1482604.009  1482761.005  1482889.009  1485853.001  1486280.003
  2460:  1487352.001  1487942.018  1487968.003  1487974.016  1488024.026
  2465:  1488334.005  1488980.009  1493998.001  1494588.018  1494690.003
  2470:  1494696.016  1494746.026  1494995.005  1495763.009  1497210.005
  2475:  1497251.009  1497351.005  1497423.009  1497440.005  1497509.009
  2480:  1497551.005  1497628.009
B:
     0:        0.000      483.000        0.000      483.000        0.000
     5:      517.000        0.000        0.000        0.000      517.000
    10:        0.000        1.000        0.000        1.000        0.000
    15:        0.000      157.000        9.000      157.000        0.000
    20:        0.000        0.000        0.000        0.000        0.000
    25:        0.000      157.000        0.000        0.000        0.000
    30:        0.000
D:
     0:  1628007.000  1627316.000  1628008.000
E:
     0:      250.000      589.487
T:
     0:        0.000        0.000        0.000        0.000
W:
     0:        0.000        0.000        0.000
