File: C:\MED-PC IV\Data\Reyes\AW\AW1043.999


Start Date: 08/17/24
End Date: 08/17/24
Subject: 43
Experiment: AW
Group: LINEAR
Box: 5
Start Time: 14:18:56
End Time: 15:08:57
MSN: DRRD_lin
C:       0.000
F:       0.000
G:       0.000
H:       0.000
I:       0.000
J:       0.000
K:    5500.000
L:       0.000
M:       0.000
N:       0.000
O:       0.000
P:       0.000
Q:       0.000
R:       0.000
S:       0.000
U:  119337.000
V:       0.000
X:       0.000
Y:    1521.000
Z:       0.000
A:
     0:     8006.005     8387.009    10141.005    10419.009    11698.005
     5:    11809.009    11934.005    11966.009    12150.005    12253.009
    10:    15000.013    15000.011    16173.001    17108.003    17626.001
    15:    17909.003    17936.001    18026.003    18054.001    19302.003
    20:    19344.001    19539.003    20064.005    20162.009    20386.001
    25:    22422.003    22805.001    23216.003    23250.001    23617.003
    30:    23635.001    24837.003    25159.001    26049.003    26088.001
    35:    26151.003    26522.001    27203.003    30740.005    31084.009
    40:    31621.001    31901.003    31935.001    32292.003    42969.005
    45:    42980.009    42997.005    43133.009    43222.005    43554.009
    50:    46808.001    46977.003    47007.001    47444.003    47482.001
    55:    48403.003    48412.001    48508.003    48521.001    49083.003
    60:    49957.001    52216.003    52798.001    53495.003    53513.001
    65:    55505.003    55987.001    58737.018    58769.003    58775.016
    70:    58825.026    58955.005    59471.009    59564.005    59584.009
    75:    59612.005    59692.009    61032.005    61259.009    61759.001
    80:    64440.003    64978.001    67467.003    71283.001    72545.003
    85:    72565.001    75315.018    75542.003    75548.016    75598.026
    90:    75746.005    76730.009    76751.005    76773.009    76849.005
    95:    76903.009    78515.005    78827.009    79329.001    79407.003
   100:    79433.001    79768.003    79788.001    82233.003    83910.005
   105:    84052.009    84455.001    84633.003    84692.001    84717.003
   110:    84795.001    86145.003    86188.001    87558.003    91837.001
   115:    93298.003    95907.005    96238.009    96778.001    96821.003
   120:    96840.001    99475.003   100152.005   100212.009   102569.005
   125:   102654.009   102978.001   105728.018   106057.003   106063.016
   130:   106113.026   106270.005   107437.009   107520.005   107659.009
   135:   108945.001   109507.003   109556.001   111916.003   112656.001
   140:   112693.003   112706.001   115375.003   116143.001   118656.003
   145:   119196.005   119201.009   119536.005   119744.009   119977.001
   150:   122695.003   123383.001   125456.003   126305.001   129055.018
   155:   129081.003   129087.016   129137.026   129264.005   130064.009
   160:   130089.005   130181.009   132904.005   133012.009   133042.005
   165:   133059.009   133446.001   135866.003   136573.001   136722.003
   170:   136738.001   139304.003   140319.001   142819.003   143752.001
   175:   144509.003   144524.001   146459.003   146996.005   147237.009
   180:   147483.001   150129.003   150146.001   150274.003   151235.001
   185:   153985.018   154350.003   154356.016   154406.026   154558.005
   190:   155163.009   155179.005   155198.009   155204.005   155281.009
   195:   156855.005   156878.009   156898.005   156922.009   156937.005
   200:   156968.009   157465.001   160215.018   161958.003   161964.016
   205:   162014.026   162136.005   162844.009   162870.005   163453.009
   210:   163566.005   163714.009   163770.005   163922.009   179195.001
   215:   179917.003   179929.001   181409.003   182065.001   182879.003
   220:   182902.001   182981.003   183001.001   184875.003   185601.001
   225:   186247.003   186262.001   188382.003   189330.001   190955.003
   230:   190967.001   192386.003   192984.005   193404.009   193828.001
   235:   195965.003   195990.001   197957.003   198824.001   200005.003
   240:   200021.001   200413.003   200437.001   202379.003   202928.001
   245:   204597.003   204614.001   205676.003   208164.005   208502.009
   250:   208872.001   211385.003   211446.001   212671.003   212983.005
   255:   213517.009   215430.001   218162.003   218665.005   218764.009
   260:   219211.001   219312.003   219324.001   219859.003   219872.001
   265:   220826.003   220836.001   222010.003   222227.005   222403.009
   270:   222661.001   225411.018   225487.003   225493.016   225543.026
   275:   225679.005   226235.009   226237.005   226281.009   227972.005
   280:   228261.009   229219.001   231589.003   233026.001   235776.018
   285:   236007.003   236013.016   236063.026   236219.005   237104.009
   290:   237120.005   237128.009   237134.005   237193.009   240288.001
   295:   243008.003   244485.005   244660.009   245082.001   245158.003
   300:   245212.001   247711.003   250580.001   251123.003   251231.001
   305:   251359.003   251413.001   251717.003   251813.001   251931.003
   310:   251963.001   253730.003   254771.001   254786.003   254831.001
   315:   257581.018   257595.003   257601.016   257651.026   257770.005
   320:   258239.009   258297.005   258313.009   258498.005   260660.009
   325:   260714.005   260720.009   262204.005   262410.009   262557.005
   330:   262816.009   267677.005   267833.009   267999.005   268024.009
   335:   268034.005   268039.009   268409.001   268706.003   287907.005
   340:   287920.009   288335.001   288699.003   288738.001   290292.003
   345:   290804.001   290853.003   290879.001   292867.003   293669.005
   350:   293859.009   294754.005   295254.009   295289.005   295309.009
   355:   295324.005   296462.009   298418.005   298539.009   298932.001
   360:   299163.003   299190.001   300947.003   301685.001   302309.003
   365:   302336.001   303819.003   304328.001   304616.003   304636.001
   370:   304699.003   304733.001   306683.003   307800.001   310441.003
   375:   311411.005   311581.009   312243.005   312278.009   312545.001
   380:   312617.003   312655.001   314635.003   315753.001   316278.003
   385:   316313.001   316742.003   316767.001   318904.003   319632.001
   390:   322297.003   322523.005   323017.009   323348.001   324043.003
   395:   324062.001   324848.003   324864.001   325780.003   325801.001
   400:   327191.003   328401.005   328537.009   328977.001   329101.003
   405:   329128.001   329476.003   329495.001   332245.018   332590.003
   410:   332596.016   332646.026   332796.005   333714.009   333727.005
   415:   334040.009   336562.005   336591.009   336601.005   336710.009
   420:   336729.005   336923.009   337580.001   337862.003   337917.001
   425:   339308.003   339313.001   340294.003   341832.001   341987.003
   430:   342003.001   342196.003   342229.001   344711.003   347352.005
   435:   347473.009   348492.001   348669.003   348824.001   349048.003
   440:   349094.001   349120.003   349155.001   349177.003   349433.001
   445:   349636.003   349687.001   352437.018   353000.003   353006.016
   450:   353056.026   353199.005   353742.009   353773.005   353780.009
   455:   357194.005   357291.009   357902.001   358819.003   358837.001
   460:   360965.003   362662.001   365311.003   381254.005   381592.009
   465:   382393.001   385143.018   385175.003   385181.016   385231.026
   470:   385388.005   385975.009   386001.005   386003.009   386028.005
   475:   386703.009   386717.005   387399.009   389717.005   389956.009
   480:   390703.001   392998.003   393875.001   394902.003   394914.001
   485:   395639.003   395693.001   396794.003   398129.001   398310.003
   490:   398354.001   400955.003   402089.001   404839.018   405193.003
   495:   405199.016   405249.026   405389.005   406392.009   408189.005
   500:   408227.009   408833.001   411353.003   412297.001   414958.003
   505:   416347.001   418999.003   419798.001   422548.018   422619.003
   510:   422625.016   422675.026   422837.005   423426.009   424626.005
   515:   424798.009   425708.001   425719.003   425741.001   426381.003
   520:   427152.001   429259.003   430393.001   433143.018   433373.003
   525:   433379.016   433429.026   433586.005   434358.009   436343.005
   530:   436367.009   436385.005   436436.009   437994.001   440211.003
   535:   441972.001   444191.003   445169.001   447754.003   448714.001
   540:   450774.003   451811.001   453923.003   455068.001   455801.003
   545:   455824.001   457434.003   460123.001   460360.003   460392.001
   550:   462974.003   465198.001   467305.003   468255.001   470806.003
   555:   471838.001   474083.003   475694.001   475765.003   475846.001
   560:   478115.003   478880.001   481200.003   482248.001   484998.018
   565:   485062.003   485068.016   485118.026   485289.005   485874.009
   570:   487967.005   487979.009   487986.005   488184.009   491356.001
   575:   493447.003   494505.001   496967.003   497936.001   498117.003
   580:   498134.001   500673.003   501765.001   504515.018   504787.003
   585:   504793.016   504843.026   505039.005   505745.009   507935.005
   590:   508087.009   508099.005   508166.009   509531.001   509911.003
   595:   509940.001   510184.003   510391.001   511725.003   515997.001
   600:   518619.003   519466.001   519628.003   519662.001   520890.003
   605:   520903.001   522031.003   523997.001   526747.018   526887.003
   610:   526893.016   526943.026   527114.005   527932.009   529639.005
   615:   529823.009   530435.001   533185.018   533310.003   533316.016
   620:   533366.026   533539.005   534004.009   534075.005   534163.009
   625:   536970.005   537037.009   537045.005   537068.009   537097.005
   630:   537117.009   538247.001   539487.003   539541.001   540615.003
   635:   541313.005   541436.009   542464.001   544893.003   546092.001
   640:   548626.003   549528.001   552278.018   552472.003   552478.016
   645:   552528.026   552690.005   553321.009   555358.005   555435.009
   650:   557121.001   559215.003   559952.001   562400.003   563339.001
   655:   563374.003   563428.001   566056.003   567350.001   569857.003
   660:   570818.001   572960.003   573662.005   573688.009   573703.005
   665:   573899.009   573940.005   574233.009   574552.001   576669.003
   670:   577757.001   578109.003   578117.001   580032.003   581491.001
   675:   581764.003   581785.001   583730.003   584675.001   586463.003
   680:   587228.001   589344.003   590031.001   592504.003   593808.001
   685:   596309.003   597106.005   597123.009   597142.005   597154.009
   690:   597695.005   598342.009   601157.005   601456.009   601554.005
   695:   601720.009   602156.001   603619.003   604327.001   606746.003
   700:   607766.001   609271.003   609286.001   610515.003   611408.001
   705:   613989.003   614737.001   615174.003   615201.001   617735.003
   710:   618502.001   621117.003   621856.001   624416.003   625153.005
   715:   625297.009   625476.001   628226.018   628598.003   628604.016
   720:   628654.026   628819.005   629551.009   630787.005   630981.009
   725:   631129.005   631159.009   631176.005   631205.009   632131.001
   730:   632217.003   632319.001   632455.003   632787.001   634383.003
   735:   635300.001   638050.018   638247.003   638253.016   638303.026
   740:   638412.005   639106.009   640930.005   640961.009   640967.005
   745:   640990.009   641058.005   641071.009   641608.001   644358.018
   750:   644922.003   644928.016   644978.026   645092.005   645637.009
   755:   645765.005   647266.009   647375.005   647389.009   648830.001
   760:   651184.003   652425.001   654666.003   657165.001   657224.003
   765:   657245.001   659995.018   660177.003   660183.016   660233.026
   770:   660373.005   660966.009   660994.005   661185.009   662295.005
   775:   662441.009   663379.001   664964.003   665770.001   666315.003
   780:   666444.001   666558.003   666579.001   667308.003   667326.001
   785:   668032.003   668066.001   669132.003   670333.001   671929.003
   790:   672994.001   675499.003   676342.001   676832.003   676858.001
   795:   677547.003   677586.001   678512.003   679786.001   680384.003
   800:   680400.001   682134.003   683261.001   683791.003   683805.001
   805:   685362.003   690942.005   691304.009   691776.001   692234.003
   810:   698860.001   699938.003   700216.005   700251.009   700325.005
   815:   700474.009   700823.001   702464.003   703412.001   705024.003
   820:   705712.005   705856.009   706073.001   707230.003   707236.001
   825:   708383.003   709290.001   711436.003   712448.001   714155.003
   830:   714808.005   714967.009   715242.001   717688.003   718651.001
   835:   720204.003   721709.001   722221.003   722246.001   724245.003
   840:   724382.005   724875.009   725988.001   728051.003   728761.001
   845:   730665.003   730914.005   731124.009   732055.001   732149.003
   850:   732160.001   733694.003   733782.001   733940.003   733957.001
   855:   734955.003   735937.001   738056.003   739160.001   741438.003
   860:   742377.001   743627.003   743643.001   744780.003   745801.001
   865:   748180.003   748949.005   748960.009   748983.005   749015.009
   870:   749098.005   749127.009   750679.005   750706.009   750712.005
   875:   750792.009   752016.001   754239.003   774673.005   774677.009
   880:   774691.005   774890.009   784106.001   785069.003   785467.005
   885:   785487.009   785519.005   785650.009   785967.001   786127.003
   890:   786150.001   788717.003   789383.005   789557.009   789590.005
   895:   789651.009   790253.001   793003.018   793354.003   793360.016
   900:   793410.026   793544.005   794081.009   794097.005   794196.009
   905:   795999.005   796127.009   796573.001   797853.003   798467.001
   910:   799978.003   801025.001   803201.003   804144.001   804833.003
   915:   804855.001   806846.003   807718.001   810468.018   810538.003
   920:   810544.016   810594.026   810757.005   811244.009   811295.005
   925:   811375.009   813570.005   813753.009   816094.001   818119.003
   930:   818871.001   821424.003   828706.001   830826.003   831537.005
   935:   831719.009   833247.005   833391.009   833861.001   836211.003
   940:   837337.001   839814.003   840502.001   843184.003   844026.001
   945:   846675.003   847507.001   849978.003   850954.001   853121.003
   950:   854046.001   854092.003   854123.001   855467.003   855503.001
   955:   856335.003   857479.001   859752.003   860548.001   862719.003
   960:   863561.001   865606.003   866431.001   866683.003   866692.001
   965:   866704.003   866716.001   866923.003   866936.001   869228.003
   970:   870164.001   872746.003   873628.001   876147.003   876914.001
   975:   877730.003   877775.001   879261.003   880227.005   880561.009
   980:   880945.001   882738.003   883716.001   884022.003   884050.001
   985:   886321.003   886904.001   889418.003   890302.001   890351.003
   990:   890371.001   892390.003   893252.005   893276.009   893309.005
   995:   893511.009   893740.001   893789.003   893802.001   895693.003
  1000:   896393.001   898397.003   899024.001   900397.003   900935.001
  1005:   903321.003   904009.005   904168.009   904596.001   906714.003
  1010:   907207.001   909859.003   910590.001   913205.003   914207.005
  1015:   914412.009   918673.005   918774.009   919112.005   919393.009
  1020:   919530.005   919609.009   920006.001   922756.018   923076.003
  1025:   923082.016   923132.026   923278.005   924126.009   925443.005
  1030:   925650.009   927003.001   928469.003   929142.001   931413.003
  1035:   932525.001   934988.003   935997.001   936133.003   936158.001
  1040:   938338.003   939701.001   942215.003   943425.001   945266.003
  1045:   946254.001   948601.003   949428.001   951474.003   951485.001
  1050:   952560.003   953827.001   956517.003   957538.001   958156.003
  1055:   958178.001   959360.003   959411.001   960422.003   961175.005
  1060:   961372.009   962332.001   962424.003   962539.001   962619.003
  1065:   962642.001   964268.003   964892.005   965012.009   967880.001
  1070:   970228.003   971224.001   971382.003   971415.001   973359.003
  1075:   973441.001   974471.003   975229.005   975353.009   975406.005
  1080:   975613.009   976015.001   978765.018   978871.003   978877.016
  1085:   978927.026   979033.005   979981.009   981784.005   981789.009
  1090:   981806.005   982395.009   983228.001   984531.003   985439.001
  1095:   986339.003   986367.001   987263.003   988182.001   988887.003
  1100:   988930.001   990763.003   991420.001   993596.003   994549.005
  1105:   994973.009   995444.001   997810.003   998835.001  1000789.003
  1110:  1001688.001  1002366.003  1002390.001  1004023.003  1005132.001
  1115:  1007882.018  1007891.003  1007897.016  1007947.026  1008106.005
  1120:  1008514.009  1008566.005  1008717.009  1008736.005  1008936.009
  1125:  1009192.005  1009717.009  1009752.005  1009886.009  1009962.005
  1130:  1010281.009  1011954.005  1012098.009  1012992.001  1013214.003
  1135:  1013305.001  1013896.003  1015264.001  1016701.003  1017987.001
  1140:  1020023.003  1020943.001  1023006.003  1024340.001  1024392.003
  1145:  1024626.005  1024653.009  1024691.005  1024946.009  1027488.005
  1150:  1027564.009  1027720.005  1028177.009  1028833.001  1030994.003
  1155:  1031945.001  1034695.018  1034852.003  1034858.016  1034908.026
  1160:  1035049.005  1035678.009  1036153.005  1036295.009  1036374.005
  1165:  1036391.009  1036398.005  1036852.009  1036889.005  1037368.009
  1170:  1038707.005  1038715.009  1038736.005  1038787.009  1039861.001
  1175:  1041353.003  1041870.005  1042048.009  1042976.001  1044913.003
  1180:  1046142.001  1048418.003  1050008.001  1050188.003  1050218.001
  1185:  1051892.003  1052927.001  1054891.003  1055921.005  1056116.009
  1190:  1056511.001  1057838.003  1058575.001  1060368.003  1061713.001
  1195:  1061804.003  1061822.001  1063989.003  1065318.001  1067406.003
  1200:  1068263.001  1070715.003  1071604.001  1071719.003  1071745.001
  1205:  1072402.003  1072418.001  1073962.003  1074738.005  1074856.009
  1210:  1075161.001  1077087.003  1078132.005  1078267.009  1078490.001
  1215:  1080636.003  1081509.001  1083784.003  1084808.001  1086640.003
  1220:  1087359.001  1087401.003  1087430.001  1090011.003  1090956.001
  1225:  1093119.003  1093987.001  1094010.003  1094028.001  1095986.003
  1230:  1096016.001  1096237.003  1097796.005  1097959.009  1098034.005
  1235:  1098169.009  1098432.001  1100476.003  1101108.001  1103106.003
  1240:  1104033.001  1104675.003  1104700.001  1106274.003  1110765.001
  1245:  1111058.003  1111456.001  1112875.003  1113457.005  1113632.009
  1250:  1114250.001  1115242.003  1116200.001  1118586.003  1119442.005
  1255:  1119729.009  1120126.001  1120687.003  1121811.001  1123879.003
  1260:  1124500.001  1126830.003  1128202.001  1130752.003  1132670.001
  1265:  1135196.003  1135943.005  1136106.009  1145407.005  1145571.009
  1270:  1146098.001  1148145.003  1148642.005  1148899.009  1148958.005
  1275:  1149290.009  1153893.001  1155605.003  1156179.005  1156189.009
  1280:  1156620.001  1157443.003  1157949.001  1158017.003  1158051.001
  1285:  1160412.003  1161128.005  1161235.009  1161563.001  1161902.003
  1290:  1161940.001  1161988.003  1162004.001  1162612.003  1162669.001
  1295:  1164194.003  1165692.001  1167959.003  1168959.001  1168991.003
  1300:  1169035.001  1170889.003  1171829.001  1172066.003  1172089.001
  1305:  1174438.003  1175314.001  1177735.003  1179813.001  1182117.003
  1310:  1183591.001  1186030.003  1186437.005  1186910.009  1189291.005
  1315:  1189335.009  1191569.005  1191728.009  1201738.005  1201814.009
  1320:  1215288.005  1215320.009  1215458.005  1215571.009  1215690.005
  1325:  1216326.009  1216518.005  1216665.009  1216677.005  1217200.009
  1330:  1222843.005  1222938.009  1223368.001  1224107.003  1225723.001
  1335:  1226009.003  1226356.005  1227149.009  1228265.001  1230872.003
  1340:  1231637.005  1231766.009  1232245.005  1232350.009  1232377.005
  1345:  1232604.009  1233265.005  1233782.009  1236297.001  1237137.003
  1350:  1251932.005  1252434.009  1253066.001  1253416.003  1258030.001
  1355:  1258131.003  1259328.005  1260004.009  1261769.005  1261828.009
  1360:  1262887.001  1263264.003  1263355.001  1264475.003  1265371.005
  1365:  1266002.009  1266017.005  1266051.009  1266145.005  1266299.009
  1370:  1268223.001  1270072.003  1270874.001  1273296.003  1274055.001
  1375:  1276063.003  1276130.001  1277635.003  1279384.001  1281620.003
  1380:  1320770.005  1320797.009  1320851.005  1321094.009  1327679.005
  1385:  1327697.009  1327982.005  1328346.009  1340602.005  1340677.009
  1390:  1340818.005  1341040.009  1341133.005  1341174.009  1344328.005
  1395:  1344401.009  1344435.005  1344695.009  1344860.005  1344879.009
  1400:  1344932.005  1345228.009  1346563.001  1346707.003  1349044.005
  1405:  1349371.009  1349444.005  1349741.009  1350548.001  1352498.003
  1410:  1353370.001  1356087.003  1356944.001  1357837.003  1357862.001
  1415:  1359828.003  1361218.001  1363968.018  1364103.003  1364109.016
  1420:  1364159.026  1364287.005  1365106.009  1365259.005  1365351.009
  1425:  1365661.005  1365958.009  1366007.005  1366327.009  1366855.005
  1430:  1367647.009  1368556.001  1370995.003  1372405.001  1374210.003
  1435:  1375161.001  1377465.003  1379469.001  1381904.003  1384195.001
  1440:  1384371.003  1384413.001  1386892.003  1391389.001  1394139.018
  1445:  1394189.003  1394195.016  1394245.026  1394506.005  1395286.009
  1450:  1398085.005  1398900.009  1398934.005  1398940.009  1398964.005
  1455:  1399297.009  1400902.001  1401795.003  1402765.001  1405361.003
  1460:  1406578.005  1407134.009  1407151.005  1407769.009  1409632.005
  1465:  1409930.009  1410973.001  1413594.003  1433927.005  1434589.009
  1470:  1456766.005  1456799.009  1456821.005  1456864.009  1457015.005
  1475:  1457025.009  1457045.005  1457237.009  1462580.005  1463032.009
  1480:  1463048.005  1463153.009  1463670.005  1463677.009  1464195.001
  1485:  1465958.003  1466841.001  1467421.003  1467473.001  1469539.003
  1490:  1470635.001  1470776.003  1470798.001  1473548.018  1473585.003
  1495:  1473591.016  1473641.026  1473773.005  1474372.009  1475893.005
  1500:  1476336.009  1479291.001  1479857.003  1482334.005  1482853.009
  1505:  1483897.001  1485734.003  1487963.005  1488349.009  1489070.001
  1510:  1489216.003  1489245.001  1489908.003  1490850.001  1490963.003
  1515:  1490997.001  1493571.003  1496197.001  1498854.003  1498878.001
  1520:  1499221.003
B:
     0:        0.000      443.000        0.000      443.000        0.000
     5:      267.000        0.000        0.000        0.000      267.000
    10:        0.000        1.000        0.000        1.000        0.000
    15:        0.000       33.000        0.000       33.000        0.000
    20:        0.000        0.000        0.000        0.000        0.000
    25:        0.000       33.000        0.000        0.000        0.000
    30:        0.000
D:
     0:  1618557.000  1618215.000  1618558.000
E:
     0:     2750.000     2750.000
T:
     0:        0.000        0.000        0.000        0.000
W:
     0:        0.000        0.000        0.000
