File: C:\MED-PC IV\Data\Reyes\AW\AW144.999


Start Date: 08/12/24
End Date: 08/12/24
Subject: 44
Experiment: AW
Group: EXP10
Box: 6
Start Time: 15:12:26
End Time: 16:02:26
MSN: DRRD_exp_10
C:       0.000
F:       1.000
G:       0.000
H:       0.000
I:       0.000
J:       0.000
K:    1179.000
L:       0.000
M:       0.000
N:       0.000
O:       0.000
P:       0.000
Q:       0.000
R:       0.000
S:       0.000
U:    6792.000
V:       0.000
X:       0.000
Y:    3005.000
Z:       0.000
A:
     0:    10028.005    10359.009    15000.013    15000.011    15773.001
     5:    16073.003    16436.001    16565.003    16605.001    16942.003
    10:    17774.001    17928.003    18934.001    19000.003    19290.001
    15:    19755.003    19937.001    20437.003    21440.005    21465.009
    20:    23777.001    23862.003    24127.001    24152.003    24231.001
    25:    24700.003    24957.001    25547.018    25604.003    25610.016
    30:    25660.026    25906.005    26881.009    29974.001    30498.003
    35:    30997.001    31038.003    31127.001    31243.003    31417.001
    40:    31750.003    32722.005    32730.009    32737.005    32862.009
    45:    33880.001    34470.018    35327.003    35333.016    35383.026
    50:    35578.005    36235.009    37471.001    37871.003    38115.001
    55:    38510.003    39071.001    39407.003    39741.005    40022.009
    60:    40516.001    40580.003    40624.001    41024.003    41090.001
    65:    41363.003    41845.001    42435.018    43127.003    43133.016
    70:    43183.026    43412.005    44155.009    45564.001    45684.003
    75:    46356.001    46502.003    46648.001    46719.003    47722.001
    80:    48135.003    48486.001    48536.003    48845.001    49005.003
    85:    49271.001    49469.003    49492.001    49725.003    49904.001
    90:    49950.003    50125.001    50531.003    50585.001    50615.003
    95:    50699.001    50765.003    51582.001    51725.003    51797.001
   100:    51859.003    51903.001    52493.018    52704.003    52710.016
   105:    52760.026    53118.005    53828.009    54920.001    55028.003
   110:    55204.001    55551.003    55628.001    55687.003    55868.001
   115:    55899.003    55979.001    56266.003    56296.001    56372.003
   120:    56606.001    56636.003    57561.001    57744.003    58478.001
   125:    58514.003    58844.001    58949.003    59975.001    60287.003
   130:    62030.001    62067.003    62757.005    62984.009    63939.001
   135:    64529.018    65001.003    65007.016    65057.026    65401.005
   140:    66048.009    70745.001    70915.003    71031.001    71105.003
   145:    71154.001    71651.003    72331.001    72407.003    72464.001
   150:    72566.003    72682.001    73060.003    73067.001    73210.003
   155:    73328.001    73918.018    74031.003    74037.016    74043.001
   160:    74087.026    74226.003    74393.005    74994.009    81383.001
   165:    81533.003    81586.001    81750.003    81873.001    82040.003
   170:    82146.001    82536.003    82933.001    83048.003    83226.001
   175:    83768.003    83855.001    83942.003    84054.001    84248.003
   180:    84505.001    85071.003    87404.005    87596.009    88009.001
   185:    88386.003    88481.001    88940.003    89011.001    89321.003
   190:    89408.001    89998.018    90153.003    90159.016    90209.026
   195:    90599.005    91500.009    94195.005    94244.009    94936.001
   200:    95087.003    95149.001    95696.003    95902.001    95961.003
   205:    96012.001    96404.003    96423.001    96728.003    96966.001
   210:    97522.003    97954.005    98437.009   100103.001   100625.003
   215:   101033.001   101310.003   101339.001   101761.003   102401.005
   220:   102680.009   103173.005   103649.009   104179.001   104729.003
   225:   105200.005   105214.009   105230.005   105363.009   105533.001
   230:   105619.003   105763.001   105791.003   105858.001   106130.003
   235:   106698.001   106767.003   106881.001   107190.003   107369.001
   240:   107530.003   108233.001   108278.003   108357.001   108552.003
   245:   109320.001   109384.003   109996.001   110147.003   110226.001
   250:   110604.003   110624.001   111002.003   111030.001   111409.003
   255:   112060.001   112650.018   112855.003   112861.016   112911.026
   260:   113183.005   114008.009   115737.001   115885.003   116881.001
   265:   116996.003   117328.001   117610.003   117881.001   117919.003
   270:   118074.001   118094.003   118671.001   118820.003   118994.001
   275:   119584.018   120320.003   120326.016   120376.026   120536.005
   280:   120993.009   121038.005   121063.009   126752.001   127033.003
   285:   127581.005   127648.009   127905.001   128204.003   128282.001
   290:   128347.003   128402.001   128583.003   128742.001   129186.003
   295:   129253.001   129516.003   129562.001   130063.003   130294.005
   300:   130567.009   130682.005   130884.009   131194.001   131232.003
   305:   131524.001   131562.003   131633.001   131785.003   131809.001
   310:   132399.018   132655.003   132661.016   132711.026   132925.005
   315:   133591.009   133711.005   133930.009   146063.001   146133.003
   320:   146325.001   146621.003   146770.001   146853.003   146873.001
   325:   146886.003   147755.001   147919.003   148017.001   148445.003
   330:   148466.001   148645.003   150309.001   150471.003   150525.001
   335:   150665.003   150704.001   151007.003   151025.001   151294.003
   340:   152053.001   152643.018   152855.003   152861.016   152911.026
   345:   153202.005   153787.009   153919.005   154173.009   156413.001
   350:   156864.003   157617.001   158207.018   159131.003   159137.016
   355:   159187.026   159562.005   160267.009   168783.005   168884.009
   360:   168915.005   168934.009   169178.001   169311.003   169557.001
   365:   169643.003   169927.001   170116.003   170207.001   170554.003
   370:   170570.001   170776.003   171321.001   171720.003   171739.001
   375:   172329.018   172458.003   172464.016   172514.026   172839.001
   380:   173051.003   173177.001   173303.003   173406.001   173548.003
   385:   173601.001   174191.018   174489.003   174495.016   174545.026
   390:   174728.005   175486.009   182007.001   182100.003   182204.001
   395:   182709.003   183711.001   183956.003   184026.001   184539.003
   400:   184956.001   185007.003   185070.001   185395.003   185419.001
   405:   185874.003   186349.005   186366.009   186382.005   187103.009
   410:   187109.005   187352.009   187745.005   187836.009   188312.001
   415:   188902.018   188915.003   188921.016   188971.026   189207.005
   420:   189782.009   189792.005   189823.009   189919.005   190022.009
   425:   190839.005   191059.009   192172.001   192253.003   192471.001
   430:   193061.018   193255.003   193261.016   193311.026   193509.005
   435:   194167.009   194267.005   194318.009   200456.001   200637.003
   440:   200670.001   201054.003   201070.001   201419.003   201434.001
   445:   201606.003   202516.005   204067.009   205301.001   205527.003
   450:   205654.001   206244.018   206339.003   206345.016   206395.026
   455:   206557.005   207215.009   207250.005   207268.009   208755.001
   460:   209139.003   209319.001   209412.003   209892.005   210055.009
   465:   210612.001   211202.018   211281.003   211287.016   211337.026
   470:   211548.005   213009.009   213044.005   213055.009   214088.001
   475:   214269.003   214320.001   214579.003   214598.001   214858.003
   480:   215085.005   215216.009   215391.001   215752.003   215790.001
   485:   216380.018   216661.003   216667.016   216680.001   216717.026
   490:   216795.003   216979.005   217679.009   219754.001   220261.003
   495:   220492.001   220694.003   220812.001   221402.018   221761.003
   500:   221767.016   221817.026   222090.005   222907.009   222963.005
   505:   223066.009   224569.001   225159.018   225934.003   225940.016
   510:   225957.001   225990.026   226125.003   226309.005   227104.009
   515:   228479.001   228742.003   228766.001   228903.003   229478.001
   520:   230068.018   230212.003   230218.016   230268.026   230428.005
   525:   230771.009   231542.005   231567.009   231590.005   231605.009
   530:   238561.001   239151.018   240252.003   240258.016   240308.026
   535:   240382.001   240625.003   240676.001   241167.003   241199.001
   540:   241564.003   242424.005   243197.009   244411.001   245001.018
   545:   245134.003   245140.016   245190.026   245544.001   245912.003
   550:   246570.001   247160.018   247200.003   247206.016   247256.026
   555:   247297.001   247321.003   247533.005   248552.009   248570.005
   560:   248619.009   248653.005   248948.009   254045.005   254076.009
   565:   254983.001   255210.003   255485.001   255737.003   255786.001
   570:   256376.018   256478.003   256484.016   256501.001   256534.026
   575:   256633.003   256836.005   257696.009   259191.001   259781.018
   580:   259821.003   259827.016   259877.026   259957.005   260907.009
   585:   262436.001   262827.003   262853.001   263008.003   263194.005
   590:   263575.009   264096.001   264663.003   264774.001   264841.003
   595:   266272.001   266771.003   266914.001   267117.003   267142.001
   600:   267366.003   267755.001   268345.018   268435.003   268441.016
   605:   268491.026   268514.001   268532.003   268688.005   269483.009
   610:   269495.005   269679.009   271201.001   271578.003   271609.001
   615:   271767.003   271827.001   272417.018   272785.003   272791.016
   620:   272841.026   273053.005   273787.009   275175.001   275765.003
   625:   275771.016   275821.026   276059.005   276706.009   277880.001
   630:   278393.003   279188.001   279778.018   280135.003   280141.016
   635:   280191.026   280423.005   281135.009   286159.001   286387.003
   640:   286567.001   287157.018   287200.003   287206.016   287256.026
   645:   287539.005   288290.009   288571.005   288576.009   289907.001
   650:   290282.003   290344.001   290427.003   290627.001   290712.003
   655:   290791.001   290910.003   291022.001   291071.003   291109.001
   660:   291699.018   291828.003   291834.016   291884.026   292090.005
   665:   292627.009   294106.001   294600.003   294726.001   294768.003
   670:   294988.005   295343.009   295388.005   295514.009   296270.001
   675:   296860.018   296895.003   296901.016   296951.026   297253.005
   680:   298125.009   299382.001   299972.018   300042.003   300048.016
   685:   300098.026   300326.005   301097.009   302967.001   303140.003
   690:   303185.001   303420.003   303435.001   303705.003   304919.001
   695:   305271.003   305290.001   305428.003   305513.001   306103.018
   700:   306122.003   306128.016   306155.001   306175.003   306178.026
   705:   306204.001   306440.003   306662.005   307201.009   308601.001
   710:   308839.003   308888.001   308952.003   309076.001   309666.018
   715:   309866.003   309872.016   309922.026   310117.005   310652.009
   720:   311612.001   311829.003   311862.001   311894.003   312032.001
   725:   312070.003   312113.001   312703.018   312799.003   312805.016
   730:   312855.026   313101.005   313736.009   313743.005   313789.009
   735:   315902.001   316492.018   316524.003   316530.016   316580.026
   740:   316791.005   318109.009   325134.001   325326.003   325349.001
   745:   325604.003   325933.001   326507.003   327096.005   327253.009
   750:   330726.001   331316.018   331325.003   331331.016   331381.026
   755:   331527.005   332114.009   332151.005   332180.009   332301.005
   760:   332336.009   333893.001   333962.003   334124.001   334252.003
   765:   334279.001   334848.003   335434.001   336024.018   336088.003
   770:   336094.016   336144.026   336278.005   337091.009   337095.005
   775:   337103.009   338301.001   338456.003   338716.001   339306.018
   780:   339482.003   339488.016   339538.026   339899.005   340544.009
   785:   341862.005   341981.009   343363.001   343439.003   343487.001
   790:   343567.003   343639.001   344043.003   344064.001   344342.003
   795:   344544.005   344781.009   344797.005   345000.009   345448.001
   800:   345543.003   345597.001   345752.003   345808.001   346398.018
   805:   346569.003   346575.016   346625.026   346822.005   347406.009
   810:   349410.001   349657.003   349676.001   349805.003   350437.001
   815:   351027.018   351304.003   351310.016   351360.026   351560.005
   820:   352164.009   353535.005   353560.009   353585.005   353606.009
   825:   355115.001   355185.003   355292.001   355441.003   355526.001
   830:   356068.003   356474.001   356673.003   356694.001   357284.018
   835:   357355.003   357361.016   357411.026   357428.001   357521.003
   840:   357688.005   358693.009   359818.001   360408.018   361653.003
   845:   361659.016   361676.001   361709.026   361872.003   362024.005
   850:   362676.009   363078.005   363126.009   364756.001   365346.018
   855:   366005.003   366011.016   366061.026   366600.005   367605.009
   860:   370604.001   371194.018   371391.003   371397.016   371421.001
   865:   371447.026   371527.003   371682.005   372494.009   374266.001
   870:   374351.003   374736.001   375285.003   375914.001   376504.018
   875:   377093.003   377099.016   377149.026   377419.005   377962.009
   880:   379202.001   379792.018   380019.003   380025.016   380075.026
   885:   380246.005   380777.009   380893.005   380908.009   383810.001
   890:   384161.003   384179.001   384272.003   385348.001   385938.018
   895:   386446.003   386452.016   386502.026   386706.005   387669.009
   900:   388770.001   389360.018   389458.003   389464.016   389505.001
   905:   389514.026   389641.003   389805.005   390534.009   390624.005
   910:   390779.009   393251.001   393841.018   393856.003   393862.016
   915:   393912.026   394289.005   394775.009   395558.001   395634.003
   920:   396118.001   396708.018   396821.003   396827.016   396877.026
   925:   397058.005   397583.009   399539.005   399561.009   401423.001
   930:   402013.018   402070.003   402076.016   402126.026   402456.005
   935:   402899.009   404254.005   404471.009   407636.001   408209.003
   940:   409074.001   409136.003   409150.001   409740.018   410007.003
   945:   410013.016   410063.026   410343.005   410839.009   414881.001
   950:   415061.003   415323.001   415577.003   415643.001   415845.003
   955:   416089.001   416418.003   417393.001   417688.003   417697.001
   960:   417962.003   418854.005   419261.009   419512.001   419719.003
   965:   419777.001   419919.003   420038.001   420144.003   420360.001
   970:   420864.003   420923.001   421122.003   421688.005   421760.009
   975:   421815.005   421989.009   423511.001   423757.003   423814.001
   980:   424404.018   424564.003   424570.016   424620.026   424938.005
   985:   425577.009   425611.005   425771.009   426459.001   426509.003
   990:   426659.001   426801.003   427044.001   427161.003   427241.001
   995:   427735.003   428308.005   428578.009   428777.001   429350.003
  1000:   429854.001   430444.018   430605.003   430611.016   430614.001
  1005:   430661.026   430801.003   430947.005   431504.009   431767.001
  1010:   432357.018   432390.003   432396.016   432446.026   432475.001
  1015:   432524.003   432699.005   433771.009   435959.001   436549.018
  1020:   436952.003   436958.016   437008.026   437229.005   437907.009
  1025:   439300.005   439325.009   440584.001   440799.003   440832.001
  1030:   441154.003   441783.001   442373.018   442649.003   442655.016
  1035:   442705.026   442938.005   443569.009   444739.001   444819.003
  1040:   444970.001   445560.018   445931.003   445937.016   445953.001
  1045:   445987.026   446107.003   446247.005   446663.009   447669.005
  1050:   447688.009   447702.005   447844.009   448910.001   448940.003
  1055:   448978.001   449443.003   449471.001   449811.003   449954.001
  1060:   450019.003   450220.001   450810.018   450883.003   450889.016
  1065:   450903.001   450939.026   451090.003   451280.005   451591.009
  1070:   452278.005   452338.009   452804.001   452903.003   453566.001
  1075:   453834.003   454128.001   454718.018   454849.003   454855.016
  1080:   454905.026   455284.005   455776.009   456576.005   456642.009
  1085:   458724.001   459314.018   459387.003   459393.016   459443.026
  1090:   459618.005   460426.009   462946.001   463292.003   463745.001
  1095:   464175.003   464197.001   464635.003   464643.001   464959.003
  1100:   465021.001   465611.018   465636.003   465642.016   465692.026
  1105:   466040.005   466767.009   466967.005   466996.009   469481.001
  1110:   470004.003   470409.001   470999.018   471047.003   471053.016
  1115:   471103.026   471321.005   472048.009   472055.005   472181.009
  1120:   473822.001   474157.003   474458.005   474736.009   475127.001
  1125:   475302.003   475493.001   475579.003   475665.001   476083.003
  1130:   476108.001   476232.003   476371.001   476463.003   476488.001
  1135:   476575.003   476795.001   477072.003   477090.001   477680.018
  1140:   477706.003   477712.016   477762.026   477955.005   478549.009
  1145:   480446.001   480756.003   481350.001   481940.018   481983.003
  1150:   481989.016   482039.026   482222.005   482637.009   510347.001
  1155:   510926.003   511294.005   511582.009   511993.001   512030.003
  1160:   512456.001   512483.003   512570.001   512779.003   512825.001
  1165:   513152.003   513172.001   513352.003   513858.001   513905.003
  1170:   513952.001   514542.018   514839.003   514845.016   514895.026
  1175:   515095.005   515682.009   517082.001   517529.003   518135.001
  1180:   518725.018   518833.003   518839.016   518889.026   519099.005
  1185:   519831.009   521912.001   522044.003   523139.001   523687.003
  1190:   524829.005   524848.009   524850.005   525030.009   525893.001
  1195:   526288.003   526621.001   527211.018   527378.003   527384.016
  1200:   527434.026   527914.005   528587.009   529353.001   529436.003
  1205:   530443.001   530535.003   530863.001   531446.003   531779.005
  1210:   532357.009   532373.005   533655.009   534984.001   535526.003
  1215:   536073.001   536277.003   536581.005   536732.009   540600.001
  1220:   541162.003   541327.001   541624.003   542625.001   543193.003
  1225:   543769.001   544267.003   544506.001   544675.003   545067.001
  1230:   545657.018   546155.003   546161.016   546211.026   546413.005
  1235:   547094.009   547142.005   547158.009   548100.001   548222.003
  1240:   548339.001   548389.003   548575.001   549165.018   549341.003
  1245:   549347.016   549397.026   549575.005   550186.009   555042.001
  1250:   555506.003   555521.001   555799.003   556101.005   556364.009
  1255:   556667.001   556737.003   556794.001   557384.018   557712.003
  1260:   557718.016   557768.026   557968.005   558741.009   559967.001
  1265:   560344.003   560352.001   560661.003   561139.005   561156.009
  1270:   561167.005   561484.009   561535.005   561748.009   562212.001
  1275:   562357.003   562643.001   563233.018   563305.003   563311.016
  1280:   563361.026   563563.005   564203.009   564339.005   564393.009
  1285:   565508.001   565542.003   565965.001   566327.003   566757.005
  1290:   566855.009   568297.001   568778.003   568873.001   569163.003
  1295:   569939.001   570504.003   570606.001   571196.018   571974.003
  1300:   571980.016   572030.026   572205.005   573072.009   573992.001
  1305:   574107.003   574251.001   574743.003   575430.001   576020.018
  1310:   576757.003   576763.016   576813.026   577325.005   578135.009
  1315:   579421.001   579475.003   579578.001   580101.003   580549.001
  1320:   581139.018   581486.003   581492.016   581542.026   581711.005
  1325:   582114.009   589405.005   589441.009   590266.001   590357.003
  1330:   590433.001   591004.003   591164.001   591640.003   591707.001
  1335:   591789.003   591937.001   592527.018   593483.003   593489.016
  1340:   593539.026   593787.005   594384.009   595413.001   595807.003
  1345:   596535.001   597125.018   597349.003   597355.016   597405.026
  1350:   597557.005   597953.009   600241.001   600355.003   600663.001
  1355:   601253.018   601423.003   601429.016   601479.026   601683.005
  1360:   602712.009   603248.001   603653.003   603834.001   604184.003
  1365:   604720.001   605207.003   605356.001   605401.003   605427.001
  1370:   605554.003   605699.001   606289.018   606586.003   606592.016
  1375:   606642.026   606808.005   607231.009   609231.001   609344.003
  1380:   609814.001   610222.003   611254.001   611739.003   612382.005
  1385:   612442.009   613387.001   613568.003   613596.001   613731.003
  1390:   613906.001   613929.003   613997.001   614587.018   614782.003
  1395:   614788.016   614838.026   615020.005   615511.009   616816.001
  1400:   617320.003   617541.005   617824.009   617888.005   617894.009
  1405:   618632.001   618788.003   619428.001   620018.018   620332.003
  1410:   620338.016   620388.026   620539.005   620549.009   620560.005
  1415:   620571.009   620733.005   621433.009   623173.001   623618.003
  1420:   624646.005   624665.009   625866.001   626456.018   626756.003
  1425:   626762.016   626782.001   626812.026   626889.003   627019.005
  1430:   627646.009   628709.001   629173.003   629187.001   629430.003
  1435:   629630.005   630017.009   630799.001   630865.003   631076.001
  1440:   631422.003   631945.001   632218.003   632403.001   632624.003
  1445:   633586.001   634176.018   634717.003   634723.016   634773.026
  1450:   635043.005   635711.009   637019.005   637115.009   637129.005
  1455:   637150.009   637166.005   637208.009   638447.001   639037.018
  1460:   639149.003   639155.016   639205.026   639444.005   639863.009
  1465:   640540.005   640596.009   640608.005   640617.009   640644.005
  1470:   640757.009   641859.001   642449.018   642704.003   642710.016
  1475:   642760.026   642762.017   643040.005   643323.009   646870.001
  1480:   646917.003   646970.001   647504.003   648139.001   648572.003
  1485:   648698.001   648823.003   648858.001   649411.003   649753.001
  1490:   650402.018   650419.003   650425.016   650475.026   650930.005
  1495:   651372.009   652549.005   652860.009   653818.001   653901.003
  1500:   654168.001   654477.003   654562.001   654766.003   655477.001
  1505:   655795.003   655813.001   656428.003   657000.005   657293.009
  1510:   658214.001   658700.003   658817.001   658871.003   658895.001
  1515:   659120.003   659175.001   659824.018   659972.003   659978.016
  1520:   660028.026   660195.005   660642.009   660712.005   660913.009
  1525:   662643.001   663292.018   663675.003   663681.016   663731.026
  1530:   663905.005   664460.009   666171.001   666577.003   667103.005
  1535:   667289.009   667635.001   668284.018   668480.003   668486.016
  1540:   668536.026   668744.005   669581.009   669653.005   669681.009
  1545:   672561.001   673208.003   673975.001   674624.018   674864.003
  1550:   674870.016   674920.026   675019.005   675624.009   679819.005
  1555:   679945.009   680864.001   681245.003   681283.001   681343.003
  1560:   681722.001   682235.003   683008.001   683657.018   683664.003
  1565:   683670.016   683720.026   683903.005   684744.009   685943.001
  1570:   685961.003   686879.001   687322.003   688124.001   688626.003
  1575:   689190.001   689590.003   689883.005   690197.009   690211.005
  1580:   690469.009   695561.001   695794.003   695942.001   696591.018
  1585:   696864.003   696870.016   696920.026   697084.005   697650.009
  1590:   698657.001   698711.003   698993.001   699559.003   700290.005
  1595:   700512.009   701359.001   702008.018   702227.003   702233.016
  1600:   702283.026   702429.005   702998.009   708569.001   709218.018
  1605:   709471.003   709477.016   709527.026   709900.005   710545.009
  1610:   710983.001   711374.003   711616.001   711738.003   711811.001
  1615:   712422.003   713233.001   713598.003   714405.001   715054.018
  1620:   715163.003   715169.016   715219.026   715360.005   715963.009
  1625:   716758.001   717407.018   717741.003   717747.016   717797.026
  1630:   717955.005   718423.009   722672.001   723193.003   723821.001
  1635:   724470.018   724563.003   724569.016   724619.026   724813.005
  1640:   725292.009   728277.001   728907.003   729374.005   729702.009
  1645:   730347.001   730799.003   731482.001   732131.018   732167.003
  1650:   732173.016   732223.026   732608.005   733340.009   734289.001
  1655:   734476.003   734766.001   735295.003   735886.001   736117.003
  1660:   736134.001   736746.003   737325.005   737593.009   738312.001
  1665:   738961.018   739241.003   739247.016   739297.026   739547.005
  1670:   740311.009   761602.001   761630.003   761951.001   762106.003
  1675:   762624.005   762631.009   763506.001   763820.003   764283.001
  1680:   764817.003   765670.001   765744.003   766046.005   766306.009
  1685:   767544.001   768193.018   768982.003   768988.016   769038.026
  1690:   769225.005   769653.009   771081.001   771220.003   771375.001
  1695:   771670.003   771989.005   772135.009   772922.001   773467.003
  1700:   773841.001   773929.003   773962.001   774569.003   774581.001
  1705:   774885.003   775197.001   775477.003   777266.001   777321.003
  1710:   777378.001   777858.003   777975.001   778069.003   778114.001
  1715:   778662.003   779581.001   779965.003   780478.001   780757.003
  1720:   780794.001   781443.018   781532.003   781538.016   781549.001
  1725:   781588.026   781666.003   781857.005   782450.009   782477.005
  1730:   782626.009   782672.005   782706.009   783639.001   784288.018
  1735:   784582.003   784588.016   784638.026   784807.005   785336.009
  1740:   787355.001   787941.003   788706.001   789355.018   789892.003
  1745:   789898.016   789948.026   790228.005   790819.009   792182.001
  1750:   792536.003   792788.001   793032.003   794215.001   794864.018
  1755:   794961.003   794967.016   795017.026   795186.005   796049.009
  1760:   797694.001   798152.003   798814.001   799381.003   799850.001
  1765:   800353.003   800799.001   800846.003   800897.001   801361.003
  1770:   801920.001   802149.003   802273.001   802523.003   802615.001
  1775:   802869.003   803490.001   803904.003   805023.001   805672.018
  1780:   806061.003   806067.016   806081.001   806117.026   806306.003
  1785:   806428.005   807218.009   808687.001   808818.003   809861.001
  1790:   810510.018   811158.003   811164.016   811211.001   811214.026
  1795:   811370.003   811572.005   812316.009   812366.005   812442.009
  1800:   813050.001   813137.003   813347.001   813405.003   813449.001
  1805:   814098.018   814438.003   814444.016   814494.026   814703.005
  1810:   815147.009   815255.005   815280.009   815301.005   815418.009
  1815:   817067.001   817122.003   817393.001   817657.003   817681.001
  1820:   817843.003   818405.005   818435.009   818439.005   818587.009
  1825:   819306.001   819955.018   820426.003   820432.016   820482.026
  1830:   820804.005   821372.009   824217.001   824866.018   826300.003
  1835:   826306.016   826356.026   826758.005   827351.009   831465.005
  1840:   831543.009   833088.001   833734.003   834470.005   834489.009
  1845:   834560.005   834717.009   835145.001   835203.003   835292.001
  1850:   835452.003   835676.001   836004.003   836446.001   836819.003
  1855:   837040.001   837219.003   838105.001   838563.003   838589.001
  1860:   838839.003   838991.001   839163.003   840367.001   841016.018
  1865:   841044.003   841050.016   841100.026   841361.005   842147.009
  1870:   843903.001   844552.018   844707.003   844713.016   844763.026
  1875:   845104.005   845791.009   845873.005   845890.009   846050.005
  1880:   846079.009   847582.001   848004.003   848046.001   848327.003
  1885:   848630.005   848897.009   849431.001   849574.003   850314.001
  1890:   850963.018   851347.003   851353.016   851403.026   851594.005
  1895:   852178.009   853234.001   853883.018   854363.003   854369.016
  1900:   854419.026   854652.005   855188.009   859526.001   859974.003
  1905:   860715.001   861245.003   861803.001   862452.018   862486.003
  1910:   862492.016   862542.026   862780.005   863321.009   871234.005
  1915:   871313.009   872458.001   872811.003   873157.001   873806.018
  1920:   873815.003   873821.016   873871.026   873894.001   874099.003
  1925:   874478.005   875277.009   878077.001   878529.003   879263.001
  1930:   879659.003   879916.005   880043.009   880274.005   880519.009
  1935:   880560.005   880586.009   881060.001   881264.003   881333.001
  1940:   881982.018   882347.003   882353.016   882403.026   882600.005
  1945:   883332.009   884830.001   885091.003   885115.001   885248.003
  1950:   886298.001   886520.003   886555.001   886693.003   886771.001
  1955:   886849.003   887045.005   887400.009   899197.001   899318.003
  1960:   899375.001   899922.003   900728.005   900887.009   901924.001
  1965:   902297.003   903427.001   903646.003   903672.001   903837.003
  1970:   904283.005   904320.009   904323.005   904808.009   906537.001
  1975:   906644.003   907636.001   908050.003   908300.001   908359.003
  1980:   908855.005   909001.009   915834.005   916276.009   917651.001
  1985:   917928.003   918074.001   918243.003   919528.001   919692.003
  1990:   919717.001   920287.003   920912.005   921134.009   921989.001
  1995:   922226.003   922242.001   922499.003   922763.005   923140.009
  2000:   923198.005   925384.009   931307.005   931376.009   932001.001
  2005:   932149.003   932277.001   932504.003   933254.001   933484.003
  2010:   933583.001   934232.018   934914.003   934920.016   934970.026
  2015:   935012.001   935028.003   935586.005   936084.009   936380.005
  2020:   936504.009   936651.005   936831.009   943770.001   943832.003
  2025:   944321.001   944733.003   945086.001   945710.003   946110.005
  2030:   946289.009   946943.001   947223.003   948265.001   948614.003
  2035:   948627.001   948904.003   949166.001   949815.018   950282.003
  2040:   950288.016   950338.026   950585.005   951215.009   953320.001
  2045:   953798.003   954218.001   954337.003   954418.001   955067.018
  2050:   955079.003   955085.016   955135.026   955453.005   956102.009
  2055:   957405.001   957934.003   957947.001   958276.003   958897.001
  2060:   959308.003   959776.001   960118.003   960140.001   960694.003
  2065:   961169.001   961299.003   961357.001   961952.003   962009.001
  2070:   962280.003   962812.005   963329.009   963776.001   963792.003
  2075:   964232.001   964477.003   964503.001   965152.018   965177.003
  2080:   965183.016   965233.026   965432.005   966537.009   967825.001
  2085:   968460.003   969244.001   969893.018   970014.003   970020.016
  2090:   970070.026   970318.005   970945.009   971128.005   971227.009
  2095:   972153.001   972289.003   972431.001   972487.003   972643.001
  2100:   973111.003   973576.005   973594.009   974168.001   974604.003
  2105:   975258.001   975791.003   975822.001   975999.003   976250.005
  2110:   976568.009   976964.001   977438.003   978036.001   978685.018
  2115:   979029.003   979035.016   979085.026   979315.005   979880.009
  2120:   979995.005   980052.009   981561.001   981756.003   981833.001
  2125:   982482.018   982620.003   982626.016   982676.026   982886.005
  2130:   984148.009   989908.001   990399.003   990984.001   991023.003
  2135:   991639.001   991912.003   992122.001   992258.003   992292.001
  2140:   992591.003   992826.001   993475.018   993490.003   993496.016
  2145:   993546.026   993814.005   994712.009   996607.001   997256.018
  2150:   997484.003   997490.016   997540.026   997835.005   998293.009
  2155:  1000290.001  1000759.003  1001408.005  1001588.009  1002021.001
  2160:  1002670.018  1002727.003  1002733.016  1002783.026  1002991.005
  2165:  1003004.009  1003016.005  1003544.009  1010480.001  1010610.003
  2170:  1010630.001  1010645.003  1012939.005  1012952.009  1013849.001
  2175:  1014487.003  1015275.001  1015736.003  1016786.001  1017342.003
  2180:  1017378.001  1017483.003  1018408.001  1018465.003  1018503.001
  2185:  1019152.018  1019254.003  1019260.016  1019310.026  1019551.005
  2190:  1020821.009  1022141.001  1022790.018  1023109.003  1023115.016
  2195:  1023165.026  1023591.005  1024055.009  1026172.001  1026821.018
  2200:  1027149.003  1027155.016  1027205.026  1027207.017  1027442.005
  2205:  1027883.009  1032128.001  1032692.003  1032706.001  1032817.003
  2210:  1033732.005  1033746.009  1033758.005  1033887.009  1034089.005
  2215:  1034279.009  1034824.001  1035538.018  1035821.003  1035827.016
  2220:  1035877.026  1036033.005  1036796.009  1037561.001  1037597.003
  2225:  1038122.001  1038836.018  1038882.003  1038888.016  1038938.026
  2230:  1039164.005  1039924.009  1042153.001  1042655.003  1043149.005
  2235:  1043170.009  1043182.005  1043334.009  1044002.001  1044479.003
  2240:  1045049.001  1045519.003  1045718.001  1046067.003  1046677.001
  2245:  1046998.003  1047022.001  1047736.018  1047922.003  1047928.016
  2250:  1047978.026  1048238.005  1048789.009  1050498.001  1050717.003
  2255:  1050839.001  1051166.003  1052216.001  1052653.003  1052667.001
  2260:  1052902.003  1053283.001  1053346.003  1053397.001  1053913.003
  2265:  1054055.001  1054271.003  1054286.001  1054459.003  1055091.001
  2270:  1055583.003  1055664.001  1056107.003  1056999.005  1057567.009
  2275:  1058244.001  1058711.003  1059228.005  1059492.009  1068697.001
  2280:  1068816.003  1068902.001  1069616.018  1069634.003  1069640.016
  2285:  1069690.026  1069994.005  1070708.009  1070729.005  1070754.009
  2290:  1070787.005  1070822.009  1070864.005  1070903.009  1071893.001
  2295:  1072044.003  1072165.001  1072328.003  1073048.001  1073604.003
  2300:  1074179.001  1074893.018  1075188.003  1075194.016  1075244.026
  2305:  1075386.005  1075837.009  1075842.005  1076020.009  1076706.005
  2310:  1076743.009  1076745.005  1076751.009  1076776.005  1076814.009
  2315:  1076822.005  1076883.009  1076890.005  1076898.009  1078475.001
  2320:  1078965.003  1079320.001  1080032.003  1080509.005  1080536.009
  2325:  1081102.001  1081816.018  1082165.003  1082171.016  1082221.026
  2330:  1082360.005  1083048.009  1084653.001  1085367.018  1085523.003
  2335:  1085529.016  1085579.026  1085828.005  1086398.009  1104197.005
  2340:  1104235.009  1106522.001  1106715.003  1106744.001  1107061.003
  2345:  1108418.001  1109132.018  1109237.003  1109243.016  1109293.026
  2350:  1109628.005  1110385.009  1110463.005  1110572.009  1110758.005
  2355:  1110902.009  1111974.001  1112688.018  1112780.003  1112786.016
  2360:  1112836.026  1112994.005  1113896.009  1115338.001  1116052.018
  2365:  1116102.003  1116108.016  1116158.026  1116160.017  1116371.005
  2370:  1116736.009  1116738.005  1116896.009  1118319.001  1118856.003
  2375:  1119352.001  1119397.003  1119541.001  1119876.003  1119897.001
  2380:  1120060.003  1120818.001  1121321.003  1121640.005  1121946.009
  2385:  1122418.001  1122791.003  1123543.005  1123958.009  1124490.001
  2390:  1125275.018  1125340.003  1125346.016  1125396.026  1125601.005
  2395:  1126134.009  1127430.001  1128147.003  1128587.005  1128596.009
  2400:  1128616.005  1128737.009  1129038.001  1129557.003  1129581.001
  2405:  1129940.003  1130961.001  1131601.003  1132499.001  1133284.018
  2410:  1133495.003  1133501.016  1133514.001  1133551.026  1133695.003
  2415:  1133858.005  1134990.009  1136377.001  1137162.018  1137267.003
  2420:  1137273.016  1137323.026  1137537.005  1138066.009  1139886.001
  2425:  1140671.018  1141118.003  1141124.016  1141174.026  1141467.005
  2430:  1142198.009  1147453.001  1148021.003  1148082.001  1148447.003
  2435:  1148478.001  1148637.003  1149222.001  1150007.018  1150350.003
  2440:  1150356.016  1150406.026  1150656.005  1151133.009  1151359.005
  2445:  1151365.009  1151386.005  1151614.009  1153861.001  1154470.003
  2450:  1156417.001  1156754.003  1156867.001  1157049.003  1157123.001
  2455:  1157205.003  1159011.001  1159796.018  1160019.003  1160025.016
  2460:  1160075.026  1160280.005  1160993.009  1161205.005  1161323.009
  2465:  1162261.001  1162417.003  1162594.001  1162674.003  1162776.001
  2470:  1163182.003  1163754.001  1164482.003  1164917.001  1165611.003
  2475:  1165711.001  1165735.003  1165943.005  1166221.009  1166453.001
  2480:  1167238.018  1167872.003  1167878.016  1167892.001  1167928.026
  2485:  1168130.003  1168301.005  1168902.009  1171456.001  1172241.018
  2490:  1172301.003  1172307.016  1172357.026  1172539.005  1173199.009
  2495:  1175003.001  1175602.003  1176420.001  1177205.018  1177276.003
  2500:  1177282.016  1177332.026  1177498.005  1177815.009  1177858.005
  2505:  1178149.009  1178709.001  1178809.003  1179777.001  1180465.003
  2510:  1181464.001  1181684.003  1181715.001  1182276.003  1183071.001
  2515:  1183590.003  1183673.001  1183761.003  1184205.005  1184622.009
  2520:  1185354.001  1185430.003  1185517.001  1185731.003  1185754.001
  2525:  1186539.018  1186616.003  1186622.016  1186639.001  1186672.026
  2530:  1186886.003  1186924.005  1187481.009  1198479.005  1198546.009
  2535:  1199284.001  1199775.003  1200390.005  1200561.009  1201480.001
  2540:  1201567.003  1201609.001  1201718.003  1202469.001  1203057.003
  2545:  1203516.005  1203805.009  1203818.005  1203859.009  1204282.005
  2550:  1204306.009  1204458.005  1204878.009  1205363.001  1206148.018
  2555:  1206733.003  1206739.016  1206789.026  1206966.005  1207542.009
  2560:  1208895.001  1209129.003  1209399.001  1210091.003  1210670.001
  2565:  1211455.018  1211546.003  1211552.016  1211602.026  1211900.005
  2570:  1212662.009  1213765.001  1214550.018  1214740.003  1214746.016
  2575:  1214796.026  1214956.005  1215472.009  1218030.001  1218358.003
  2580:  1219746.001  1220531.018  1220797.003  1220803.016  1220853.026
  2585:  1220982.005  1221783.009  1221952.005  1222120.009  1224182.001
  2590:  1224967.018  1224977.003  1224983.016  1225033.026  1225215.005
  2595:  1225799.009  1228545.001  1228874.003  1229153.001  1229222.003
  2600:  1229759.001  1230038.003  1230095.001  1230436.003  1231315.001
  2605:  1231462.003  1231730.001  1232515.018  1233111.003  1233117.016
  2610:  1233167.026  1233346.005  1233874.009  1233890.005  1233940.009
  2615:  1238216.001  1238700.003  1239475.001  1239966.003  1240908.001
  2620:  1241029.003  1241092.001  1241877.018  1242168.003  1242174.016
  2625:  1242224.026  1242389.005  1242811.009  1253058.005  1253158.009
  2630:  1254363.001  1254411.003  1255318.001  1256103.018  1256169.003
  2635:  1256175.016  1256225.026  1256412.005  1257805.009  1258519.001
  2640:  1259058.003  1259157.001  1259185.003  1260516.001  1260909.003
  2645:  1261498.001  1261622.003  1261681.001  1262423.003  1263095.001
  2650:  1263880.018  1264486.003  1264492.016  1264505.001  1264542.026
  2655:  1264628.003  1264755.005  1265626.009  1266961.001  1267746.018
  2660:  1267972.003  1267978.016  1268028.026  1268305.005  1269429.009
  2665:  1271402.001  1272187.018  1272569.003  1272575.016  1272625.026
  2670:  1272839.005  1273618.009  1274330.005  1274380.009  1275466.001
  2675:  1276251.018  1276392.003  1276398.016  1276448.026  1276450.017
  2680:  1276622.005  1277168.009  1277289.005  1277312.009  1277361.005
  2685:  1278015.009  1278059.005  1278069.009  1278766.001  1279480.003
  2690:  1281126.001  1281714.003  1282209.001  1282773.003  1283384.001
  2695:  1284248.018  1285006.003  1285012.016  1285062.026  1285188.005
  2700:  1286452.009  1286521.005  1286676.009  1291433.005  1291445.009
  2705:  1292595.001  1293459.018  1293518.003  1293524.016  1293574.026
  2710:  1293799.005  1294592.009  1294671.005  1294797.009  1294925.005
  2715:  1294969.009  1295981.001  1296811.003  1297317.005  1297777.009
  2720:  1298499.001  1298638.003  1299522.001  1300097.003  1300665.001
  2725:  1301445.003  1301940.001  1302804.018  1303553.003  1303559.016
  2730:  1303609.026  1303776.005  1304348.009  1304623.005  1304641.009
  2735:  1305274.001  1305711.003  1305988.001  1306326.003  1306910.001
  2740:  1307565.003  1307909.005  1308070.009  1308450.001  1308698.003
  2745:  1308782.001  1309646.018  1309948.003  1309954.016  1310004.026
  2750:  1310150.005  1310824.009  1311962.001  1312826.018  1313346.003
  2755:  1313352.016  1313402.026  1313554.005  1313796.009  1313811.005
  2760:  1313866.009  1319782.005  1319840.009  1320573.001  1321437.018
  2765:  1321476.003  1321482.016  1321532.026  1321534.017  1321737.005
  2770:  1322411.009  1323900.001  1324302.003  1324947.001  1325694.003
  2775:  1326330.001  1326989.003  1327520.001  1328470.018  1329002.003
  2780:  1329008.016  1329058.026  1329196.005  1329853.009  1330753.001
  2785:  1331703.018  1332235.003  1332241.016  1332291.026  1332455.005
  2790:  1332895.009  1340739.001  1341195.003  1341383.001  1341502.003
  2795:  1342082.001  1343032.018  1343570.003  1343576.016  1343626.026
  2800:  1343910.005  1344350.009  1344417.005  1344548.009  1345262.001
  2805:  1345466.003  1345708.001  1346658.018  1346718.003  1346724.016
  2810:  1346774.026  1346788.001  1346893.003  1347011.005  1347775.009
  2815:  1347992.005  1348164.009  1348171.005  1348250.009  1349188.001
  2820:  1349605.003  1349861.001  1350386.003  1350637.001  1351587.018
  2825:  1351844.003  1351850.016  1351900.026  1352057.005  1352924.009
  2830:  1353361.001  1354311.018  1356196.003  1356202.016  1356220.001
  2835:  1356252.026  1356339.003  1356473.005  1357189.009  1357216.005
  2840:  1357266.009  1357322.005  1357520.009  1362016.005  1362071.009
  2845:  1362982.001  1363622.003  1363649.001  1363904.003  1365151.001
  2850:  1366101.018  1366828.003  1366834.016  1366884.026  1367059.005
  2855:  1367632.009  1367702.005  1367790.009  1367823.005  1367838.009
  2860:  1370017.001  1370744.003  1371572.001  1371622.003  1371774.001
  2865:  1372217.003  1372333.001  1372406.003  1372883.001  1373575.003
  2870:  1373758.001  1374458.003  1374882.005  1375136.009  1377251.001
  2875:  1378035.003  1378763.001  1379092.003  1379131.001  1379522.003
  2880:  1379580.001  1380447.003  1382148.001  1382229.003  1382709.001
  2885:  1383006.003  1383032.001  1383513.003  1383887.005  1384269.009
  2890:  1385036.001  1385459.003  1385683.001  1385884.003  1387139.001
  2895:  1388089.018  1388198.003  1388204.016  1388254.026  1388420.005
  2900:  1389228.009  1389252.005  1389263.009  1389264.005  1389311.009
  2905:  1391073.001  1391439.003  1391458.001  1391499.003  1392448.001
  2910:  1393043.003  1393783.001  1394441.003  1394487.001  1394707.003
  2915:  1395204.005  1395518.009  1396482.001  1397432.018  1397733.003
  2920:  1397739.016  1397789.026  1398051.005  1398569.009  1400361.001
  2925:  1400516.003  1400580.001  1401345.003  1401369.001  1401675.003
  2930:  1402294.001  1403226.003  1403801.001  1404298.003  1404340.001
  2935:  1404593.003  1405418.001  1405459.003  1405479.001  1406429.018
  2940:  1406546.003  1406552.016  1406602.026  1406827.005  1407297.009
  2945:  1422667.005  1422677.009  1423235.001  1424185.018  1424993.003
  2950:  1424999.016  1425049.026  1425478.005  1426131.009  1426362.005
  2955:  1426391.009  1426480.005  1426909.009  1426960.005  1426991.009
  2960:  1427857.001  1428261.003  1428751.001  1429206.003  1429772.001
  2965:  1430722.018  1430999.003  1431005.016  1431055.026  1431265.005
  2970:  1431824.009  1431960.005  1432185.009  1432440.005  1432485.009
  2975:  1436578.001  1437235.003  1438060.001  1439010.018  1439521.003
  2980:  1439527.016  1439577.026  1439725.005  1440521.009  1441502.001
  2985:  1441624.003  1442309.001  1442912.003  1443639.001  1443809.003
  2990:  1443833.001  1444594.003  1446190.001  1446345.003  1446538.001
  2995:  1446668.003  1446936.001  1447057.003  1447536.001  1448486.018
  3000:  1448571.003  1448577.016  1448627.026  1448769.005  1449627.009
B:
     0:        0.000      815.000        0.000      815.000        0.000
     5:      407.000        0.000        0.000        0.000      407.000
    10:        0.000        1.000        0.000        1.000        0.000
    15:        0.000      185.000        5.000      184.000        0.000
    20:        0.000        0.000        0.000        0.000        0.000
    25:        0.000      185.000        0.000        0.000        0.000
    30:        0.000
D:
     0:  1455362.000  1454328.000  1455363.000
E:
     0:      589.500      949.396
T:
     0:        0.000        0.000        0.000        0.000
W:
     0:        0.000        0.000        0.000
