File: C:\MED-PC IV\Data\Reyes\AW\AW1043.999


Start Date: 08/28/24
End Date: 08/28/24
Subject: 43
Experiment: AW
Group: LINEAR
Box: 5
Start Time: 14:18:59
End Time: 15:08:59
MSN: DRRD_lin
C:       0.000
F:       0.000
G:       0.000
H:       0.000
I:       0.000
J:       0.000
K:    9000.000
L:       0.000
M:       0.000
N:       0.000
O:       0.000
P:       0.000
Q:       0.000
R:       0.000
S:       0.000
U:    2980.000
V:       0.000
X:       0.000
Y:     759.000
Z:       0.000
A:
     0:    11671.005    11769.009    11809.005    12628.009    12703.005
     5:    12986.009    13021.005    13343.009    15000.013    15000.011
    10:    15363.001    15425.003    15463.001    15520.003    15776.001
    15:    16078.003    16738.005    16866.009    17418.001    17572.003
    20:    17602.001    17931.003    17977.001    19346.003    19783.001
    25:    20286.003    20312.001    20508.003    20517.001    22097.003
    30:    22558.001    22901.003    23085.005    23575.009    23588.005
    35:    24161.009    43126.001    43170.003    43271.001    43352.003
    40:    43490.001    43550.003    43582.001    43620.003    43985.005
    45:    44111.009    44131.005    44256.009    47193.001    47904.003
    50:    48002.001    51573.003    51977.005    52694.009    52728.005
    55:    52958.009    54094.001    54220.003    54258.001    54360.003
    60:    54384.001    54846.003    54946.001    56190.003    56209.001
    65:    58776.003    59306.005    59339.009    59347.005    59469.009
    70:    59917.001    64417.018    64557.003    64563.016    64613.026
    75:    64699.005    65207.009    66148.005    67030.009    70212.001
    80:    70267.003    70290.001    71173.003    71189.001    73907.003
    85:    74647.001    76955.003    92322.005    92345.009    92355.005
    90:    92794.009    94471.001    94562.003    94607.001    94855.003
    95:    94897.001    95820.003    95838.001    96089.003    96166.001
   100:    97830.003    97912.001    98369.003    98442.001   100402.003
   105:   102038.001   102418.003   102714.005   103135.009   103457.001
   110:   104131.003   104156.001   107738.003   108224.001   108331.003
   115:   109096.001   110005.003   110049.001   114358.003   117348.005
   120:   117395.009   117535.005   117807.009   118545.005   118641.009
   125:   119412.001   119806.003   119851.001   122192.003   123196.001
   130:   126949.003   128485.005   128727.009   130970.001   131029.003
   135:   131136.001   131154.003   131227.001   131247.003   131297.001
   140:   131317.003   131459.001   132646.003   132702.001   132951.003
   145:   132986.001   134666.003   134681.001   135573.003   136228.001
   150:   136333.003   136355.001   137106.003   137119.001   138296.003
   155:   138308.001   139781.003   139801.001   139959.003   139980.001
   160:   140942.003   141814.001   141927.003   141947.001   146421.003
   165:   147567.005   147981.009   148561.001   150989.003   151010.001
   170:   152517.003   153388.005   153743.009   153765.005   153783.009
   175:   154165.001   156065.003   156090.001   157430.003   158357.001
   180:   158471.003   159059.005   159196.009   159588.001   160515.003
   185:   160535.001   161531.003   161610.001   162406.003   162416.001
   190:   165278.003   166819.005   166909.009   166913.005   166949.009
   195:   166983.005   166999.009   167017.005   167112.009   167527.001
   200:   172027.018   172259.003   172265.016   172315.026   172400.005
   205:   173766.009   174692.005   176226.009   176320.005   176389.009
   210:   176408.005   177016.009   178220.005   178422.009   178947.001
   215:   182262.003   183017.001   183537.003   183557.001   185674.003
   220:   185709.001   187176.003   187753.005   188099.009   188440.001
   225:   191837.003   191857.001   192316.005   192328.009   192777.003
   230:   193751.001   195058.003   195201.001   198734.003   199563.005
   235:   200032.009   200717.001   203838.003   203862.001   204888.003
   240:   206153.001   206255.003   206406.001   209873.003   211006.005
   245:   211179.009   211235.005   211381.009   212477.001   212723.003
   250:   213042.005   213075.009   213082.005   213370.009   213387.005
   255:   213449.009   214037.001   216437.003   216490.001   217839.003
   260:   217888.001   219009.003   220275.001   220517.003   220526.001
   265:   223833.003   224588.005   224917.009   225293.001   225452.003
   270:   225479.001   225703.003   225747.001   229184.003   230548.001
   275:   231272.003   231469.005   231815.009   233474.001   234658.003
   280:   234689.001   238738.003   239698.005   240835.009   240889.005
   285:   241665.009   242010.005   242981.009   243063.005   243722.009
   290:   244055.005   244313.009   244739.005   245139.009   245280.005
   295:   245577.009   246261.001   249427.003   250485.001   252071.003
   300:   252098.001   252242.003   252261.001   254452.003   255345.005
   305:   256040.009   258087.005   258259.009   259182.001   259463.003
   310:   260195.001   260435.003   260530.001   264874.003   266240.001
   315:   266283.003   266342.001   267184.003   267208.001   267242.003
   320:   267255.001   269631.003   271074.005   271203.009   272135.001
   325:   272610.003   272624.001   274468.003   295059.005   295068.009
   330:   295774.001   296063.003   296199.001   296238.003   296433.005
   335:   296546.009   296568.005   296821.009   318317.005   318319.009
   340:   318344.005   318512.009   318530.005   318564.009   318614.005
   345:   318872.009   319052.005   319061.009   319872.001   320471.003
   350:   322983.005   323119.009   323430.005   323486.009   323641.005
   355:   324229.009   331901.001   332822.003   333119.001   333400.003
   360:   333430.001   333673.003   334467.001   336741.003   336773.001
   365:   337793.003   338883.005   339341.009   340007.001   344507.018
   370:   344639.003   344645.016   344695.026   344824.005   345532.009
   375:   347681.005   348632.009   349797.001   352279.003   352305.001
   380:   353551.003   353610.001   354388.003   361682.005   361795.009
   385:   361857.005   361891.009   407429.005   407627.009   407672.005
   390:   407806.009   407891.005   408125.009   408137.005   408396.009
   395:   409037.001   409424.003   409766.001   410029.003   411329.001
   400:   415213.003   415818.005   416217.009   417215.001   421012.003
   405:   422391.005   422536.009   423133.001   425080.003   425106.001
   410:   429350.003   430585.005   430705.009   431823.001   433375.003
   415:   433425.001   435367.003   440499.001   440539.003   442283.001
   420:   445782.003   446750.005   447255.009   447612.001   448008.003
   425:   448031.001   451535.003   452327.005   452417.009   452797.001
   430:   456440.003   457838.005   457934.009   458478.005   458731.009
   435:   459540.001   460212.003   460244.001   463415.003   466312.005
   440:   466513.009   467179.001   471679.018   471871.003   471877.016
   445:   471927.026   472036.005   472620.009   474477.005   475486.009
   450:   475520.005   475614.009   476787.001   477528.003   477549.001
   455:   479339.003   479386.001   480532.003   480588.001   482735.003
   460:   485826.001   490326.018   490690.003   490696.016   490713.001
   465:   490746.026   490920.003   490961.001   490979.003   490996.005
   470:   491728.009   493280.005   493593.009   494733.001   496309.003
   475:   496326.001   497872.003   497892.001   499183.003   500857.005
   480:   501381.009   502147.005   503014.009   504207.001   507555.003
   485:   507579.001   507847.003   507887.001   508131.003   508165.001
   490:   509642.003   511377.001   512147.003   512175.001   513595.003
   495:   513603.001   515474.003   516110.005   516747.009   519615.005
   500:   519653.009   519656.005   519838.009   519855.005   519875.009
   505:   519903.005   520217.009   522103.001   525004.003   525023.001
   510:   526257.003   527485.005   527843.009   529635.001   533436.003
   515:   534170.005   534584.009   534630.005   534716.009   535063.001
   520:   536700.003   536780.001   537099.003   537113.001   537296.003
   525:   537316.001   539377.003   541942.005   542055.009   544607.005
   530:   545434.009   545864.001   546697.003   546710.001   550005.003
   535:   551008.001   552297.003   552365.001   552449.003   552473.001
   540:   553664.003   553712.001   554649.003   556266.005   556719.009
   545:   557331.001   560621.003   562027.001   563010.003   563039.001
   550:   564464.003   564480.001   565663.003   567079.005   567133.009
   555:   567723.005   567993.009   568404.001   570754.003   570785.001
   560:   573171.003   574340.001   577592.003   579127.005   579593.009
   565:   579996.005   580055.009   580129.005   580691.009   582265.001
   570:   582739.003   582762.001   586033.003   591801.005   592216.009
   575:   592239.005   592674.009   592798.005   592826.009   592843.005
   580:   592867.009   595745.001   598859.003   601534.005   602208.009
   585:   602925.001   604030.003   607181.001   607889.003   612715.001
   590:   612809.003   613927.001   615142.003   615160.001   617712.003
   595:   623104.001   624800.003   624847.001   625130.003   625345.001
   600:   626610.003   626631.001   628705.003   629801.005   630259.009
   605:   631061.001   632964.003   633002.001   633933.003   634825.005
   610:   635276.009   636245.001   637046.003   637065.001   637171.003
   615:   637241.001   639099.003   639124.001   640050.003   641137.005
   620:   641608.009   641686.005   641754.009   644671.001   646111.003
   625:   646166.001   646182.003   646313.001   648449.003   648505.001
   630:   649193.003   651266.005   651516.009   653929.001   655138.003
   635:   655174.001   656822.003   658066.005   658415.009   658709.001
   640:   660679.003   660732.001   661767.003   662985.001   663036.003
   645:   663077.001   664644.003   664660.001   666792.003   667723.005
   650:   668168.009   669871.001   671119.003   671136.001   673451.003
   655:   674674.005   675232.009   676328.001   677689.003   677710.001
   660:   678413.003   678472.001   679447.003   679511.001   680382.003
   665:   681656.005   682968.009   685855.001   686231.003   686276.001
   670:   686318.003   686376.001   687353.003   687377.001   687895.003
   675:   687926.001   688881.003   692086.005   693220.009   694193.005
   680:   695012.009   696640.001   698054.003   703244.005   703318.009
   685:   703594.001   703699.003   705149.001   706937.003   708104.001
   690:   709861.003   711042.005   711210.009   731369.005   731531.009
   695:   739247.005   739339.009   754496.005   754523.009   754703.005
   700:   754708.009   784467.001   784964.003   788106.005   788156.009
   705:   801689.005   801711.009   865042.005   865148.009  1045154.005
   710:  1045185.009  1045384.005  1045388.009  1046274.001  1046927.003
   715:  1050019.001  1050077.003  1106456.005  1106622.009  1131052.005
   720:  1131060.009  1131070.005  1131308.009  1163461.005  1163496.009
   725:  1164745.001  1164971.003  1165198.005  1165297.009  1165383.005
   730:  1166361.009  1166374.005  1166377.009  1264029.005  1264201.009
   735:  1264347.005  1264472.009  1264673.005  1264692.009  1265156.005
   740:  1265237.009  1265755.001  1266365.003  1411121.005  1411245.009
   745:  1411261.005  1411690.009  1420977.005  1420982.009  1422415.001
   750:  1423027.003  1425650.005  1425795.009  1443210.005  1443574.009
   755:  1443632.005  1443657.009  1444133.005  1444412.009
B:
     0:        0.000      220.000        0.000      220.000        0.000
     5:      151.000        0.000        0.000        0.000      151.000
    10:        0.000        1.000        0.000        1.000        0.000
    15:        0.000        5.000        0.000        5.000        0.000
    20:        0.000        0.000        0.000        0.000        0.000
    25:        0.000        5.000        0.000        0.000        0.000
    30:        0.000
D:
     0:  1426006.000  1425395.000  1426007.000
E:
     0:     4500.000     4500.000
T:
     0:        0.000        0.000        0.000        0.000
W:
     0:        0.000        0.000        0.000
