File: C:\MED-PC IV\Data\Reyes\AW\AW1047.999


Start Date: 08/13/24
End Date: 08/13/24
Subject: 47
Experiment: AW
Group: LINEAR
Box: 3
Start Time: 16:10:09
End Time: 17:00:09
MSN: DRRD_lin
C:       0.000
F:       0.000
G:       0.000
H:       0.000
I:       0.000
J:       0.000
K:    1500.000
L:       0.000
M:       0.000
N:       0.000
O:       0.000
P:       0.000
Q:       0.000
R:       0.000
S:       0.000
U: 3414793.000
V:       0.000
X:       0.000
Y:    4040.000
Z:       0.000
A:
     0:     5663.005     5817.009     6657.005     6680.009     6708.005
     5:     6718.009     6744.005     6945.009     7062.005     7298.009
    10:     7529.005     7721.009    11453.005    11535.009    11646.005
    15:    11747.009    12862.005    12940.009    15000.013    15000.011
    20:    15164.001    15186.003    15206.001    15404.003    15454.001
    25:    15841.003    15864.001    16166.003    16601.005    16621.009
    30:    16631.005    16723.009    16809.005    16836.009    17345.001
    35:    17602.003    17649.001    18023.003    18859.001    18917.003
    40:    18954.001    19027.003    19117.001    19542.003    19580.001
    45:    19823.003    19964.001    20077.003    20907.001    21335.003
    50:    21347.001    21909.003    22564.001    23166.003    23192.001
    55:    23442.003    23467.001    24045.003    24141.001    24235.003
    60:    24872.001    25365.003    25390.001    25715.003    25766.001
    65:    26046.003    26376.001    26498.003    27007.001    27503.003
    70:    28371.001    28746.003    28796.001    29331.003    30203.001
    75:    30412.003    30733.001    30937.003    30953.001    31345.003
    80:    32515.001    32615.003    32621.001    32722.003    32733.001
    85:    32884.003    32893.001    33338.003    33663.005    33814.009
    90:    34378.001    34509.003    34518.001    34713.003    34716.001
    95:    34806.003    34820.001    35306.003    35861.001    36010.003
   100:    36036.001    36786.018    37163.003    37169.016    37219.026
   105:    37318.005    37871.009    39584.001    39605.003    39607.001
   110:    39702.003    39736.001    39892.003    40365.001    40452.003
   115:    40469.001    40578.003    40608.001    40997.003    41338.001
   120:    41767.003    41953.005    42120.009    42527.001    42548.003
   125:    42645.001    42702.003    42708.001    42732.003    42735.001
   130:    42829.003    42855.001    43090.003    43696.001    43783.003
   135:    43788.001    44218.003    44950.001    44971.003    45003.001
   140:    45571.003    46564.001    46895.003    46919.001    47064.003
   145:    47107.001    47682.003    47759.001    48028.003    48135.005
   150:    48308.009    48833.001    48877.003    48893.001    49098.003
   155:    49123.001    49440.003    49744.001    49799.003    49806.001
   160:    50435.003    50876.001    51090.003    51118.001    51496.003
   165:    51976.005    52070.009    52335.001    52433.003    52462.001
   170:    52697.003    52735.001    53032.003    53083.001    53140.003
   175:    53578.005    53946.009    54156.001    54249.003    54272.001
   180:    55022.018    55497.003    55503.016    55553.026    55615.005
   185:    56155.009    57444.001    57755.003    57848.005    58125.009
   190:    58136.005    58171.009    58406.001    58501.003    58563.001
   195:    59313.018    59584.003    59590.016    59640.026    59730.005
   200:    60117.009    60735.001    60751.003    60770.001    61478.003
   205:    62104.001    62593.003    62750.005    62822.009    63399.001
   210:    63419.003    63433.001    63911.003    64231.001    64273.003
   215:    64284.001    64821.003    65204.001    65719.003    66048.001
   220:    66128.003    66143.001    66893.018    67253.003    67259.016
   225:    67309.026    67396.005    67932.009    68360.001    69110.018
   230:    69359.003    69365.016    69415.026    69618.005    70567.009
   235:    71694.001    72044.003    72060.001    72139.003    72164.001
   240:    72236.003    72299.001    72357.003    72886.001    73636.018
   245:    73931.003    73937.016    73987.026    74081.005    75102.009
   250:    75946.001    76197.003    77591.001    78095.003    78864.001
   255:    79369.003    79755.001    80505.018    80772.003    80778.016
   260:    80828.026    80903.005    81937.009    81950.005    81957.009
   265:    82755.001    83026.003    83036.001    83110.003    83146.001
   270:    83475.003    83482.001    83506.003    83518.001    83988.003
   275:    84440.001    84499.003    84529.001    84792.003    85287.001
   280:    85793.003    86320.005    86383.009    86670.001    87420.018
   285:    87517.003    87523.016    87573.026    87629.005    87971.009
   290:    88511.001    88692.003    88713.001    88835.003    88875.001
   295:    89129.003    89555.001    89753.003    89777.001    89938.003
   300:    90358.001    90692.003    90710.001    91171.003    91489.001
   305:    92005.003    92510.001    92715.003    92777.001    93448.003
   310:    94308.001    94340.003    94374.001    95124.018    95223.003
   315:    95229.016    95279.026    95432.005    96054.009    97684.001
   320:    97722.003    98042.001    98128.003    98143.001    98346.003
   325:    99670.005    99823.009   100524.001   100985.003   100997.001
   330:   101211.003   101265.001   101302.003   101805.005   101885.009
   335:   104375.001   104394.003   104414.001   104433.003   104462.001
   340:   104816.003   105135.001   105501.003   106009.001   106052.003
   345:   106081.001   106606.003   106624.001   107079.003   107376.001
   350:   107576.003   107582.001   108334.018   108638.003   108644.016
   355:   108694.026   108844.005   109207.009   109788.001   110021.003
   360:   110037.001   110418.003   110423.001   110605.003   111308.001
   365:   111372.003   111411.001   111686.003   111755.001   111799.003
   370:   111838.001   112295.003   112649.001   112692.003   112898.001
   375:   113367.003   113976.001   114492.003   114526.001   114626.003
   380:   114640.001   114735.003   115601.001   116056.003   116625.001
   385:   116718.003   116731.001   117335.003   117367.001   117918.003
   390:   118461.001   119211.018   119483.003   119489.016   119539.026
   395:   119629.005   121003.009   121637.001   121720.003   121854.001
   400:   122540.003   122544.001   123025.003   124060.005   124207.009
   405:   124763.001   124917.003   125249.001   125386.003   125413.001
   410:   125669.003   125704.001   126257.003   126641.001   126699.003
   415:   126737.001   127204.003   127563.001   128313.018   128350.003
   420:   128356.016   128406.026   128561.005   128971.009   129517.001
   425:   129584.003   129662.001   129808.003   129854.001   130058.003
   430:   130070.001   130737.003   130851.001   131599.003   131956.001
   435:   131974.003   131990.001   132740.018   133046.003   133052.016
   440:   133102.026   133187.005   133553.009   133906.001   133938.003
   445:   135120.001   135500.003   135514.001   135713.003   137360.001
   450:   137516.003   137564.001   137615.003   137717.001   137967.003
   455:   138455.001   138516.003   138560.001   138804.003   139289.001
   460:   139587.003   140093.001   140165.003   140175.001   140588.003
   465:   140663.001   141149.003   141510.001   141663.003   141888.001
   470:   141978.003   141985.001   142357.003   142789.001   142831.003
   475:   142868.001   143327.003   143369.001   143783.003   145020.001
   480:   145667.003   145868.001   145904.003   146415.001   146447.003
   485:   146464.001   146555.003   146565.001   146873.003   147047.005
   490:   147160.009   147449.001   147707.003   147726.001   147865.003
   495:   147872.001   148455.003   148519.001   148590.003   149317.001
   500:   149393.003   149402.001   150152.018   150400.003   150406.016
   505:   150456.026   150520.005   151050.009   151416.001   151596.003
   510:   151611.001   152110.003   153115.001   153507.003   153551.001
   515:   153985.003   153987.001   154064.003   154564.001   155314.018
   520:   155496.003   155502.016   155552.026   155624.005   156188.009
   525:   156643.001   157393.018   157668.003   157674.016   157724.026
   530:   157848.005   158997.009   160285.001   160485.003   160558.001
   535:   160746.003   161121.001   161532.003   162246.001   162995.003
   540:   163843.001   163913.003   163924.001   164209.003   164214.001
   545:   164624.003   165500.001   165563.003   165574.001   166324.018
   550:   166475.003   166481.016   166531.026   166645.005   167574.009
   555:   167577.005   167595.009   168625.001   168679.003   168715.001
   560:   168834.003   168932.001   169099.003   169115.001   169359.003
   565:   169737.005   169841.009   169923.005   170124.009   170459.001
   570:   170490.003   170536.001   170651.003   170793.001   171064.003
   575:   171110.001   171332.003   172171.001   172921.018   172962.003
   580:   172968.016   173018.026   173242.005   173875.009   174445.001
   585:   174855.003   174868.001   175589.003   176168.001   176231.003
   590:   176241.001   176924.003   177429.005   177476.009   177765.001
   595:   178515.018   178581.003   178587.016   178637.026   179056.005
   600:   179843.009   180480.001   180533.003   180553.001   180967.003
   605:   180978.001   181275.003   181811.001   181850.003   181864.001
   610:   182195.003   182753.001   182986.003   183020.001   183702.003
   615:   183703.001   183893.003   183925.001   184622.003   184814.005
   620:   185068.009   185390.001   185478.003   185503.001   186253.018
   625:   186395.003   186401.016   186451.026   186577.005   186970.009
   630:   187271.001   187332.003   187466.001   187590.003   187641.001
   635:   188228.003   188238.001   188358.003   188372.001   188802.003
   640:   189099.001   189270.003   189284.001   189464.003   189930.001
   645:   190666.003   190726.001   190781.003   191357.001   192107.018
   650:   192182.003   192188.016   192238.026   192306.005   192755.009
   655:   193700.001   194171.003   194205.001   194413.003   195072.001
   660:   195508.003   195653.005   195747.009   195966.001   196356.003
   665:   197458.001   197538.003   197555.001   197570.003   197578.001
   670:   198323.003   198912.001   199662.018   199979.003   199985.016
   675:   200035.026   200180.005   201077.009   201700.001   201836.003
   680:   201892.001   201970.003   201992.001   202184.003   202196.001
   685:   202595.003   203132.001   203199.003   203211.001   203842.003
   690:   204349.001   204871.003   205288.001   205683.003   206023.001
   695:   206167.003   206194.001   206582.003   206742.005   206853.009
   700:   207044.005   207087.009   207774.001   207818.003   207831.001
   705:   208134.003   208162.001   208367.003   208382.001   209132.018
   710:   209254.003   209260.016   209310.026   209371.005   210049.009
   715:   210523.001   211172.003   211221.001   211351.003   211469.001
   720:   211639.003   211653.001   212403.018   212444.003   212450.016
   725:   212500.026   212629.005   213056.009   213798.001   213960.003
   730:   213993.001   214444.003   215008.001   215758.018   215817.003
   735:   215823.016   215855.001   215873.026   216013.003   216154.005
   740:   216999.009   217655.001   218003.003   218186.001   218568.003
   745:   218925.005   219025.009   219225.001   219388.003   219446.001
   750:   219508.003   219570.001   219649.003   219684.001   220173.003
   755:   220547.001   221297.018   221371.003   221377.016   221427.026
   760:   221603.005   222011.009   222778.001   222802.003   222813.001
   765:   223462.003   224283.001   224350.003   224437.001   224574.003
   770:   224628.001   225378.018   225681.003   225687.016   225737.026
   775:   225823.005   226189.009   227240.001   227845.003   228603.001
   780:   229075.003   229371.001   229755.003   230237.001   230305.003
   785:   230317.001   230768.003   231226.001   231928.003   232451.001
   790:   233201.018   233223.003   233229.016   233279.026   233411.005
   795:   233756.009   234721.001   234848.003   234955.001   235223.003
   800:   235672.001   235710.003   235721.001   236099.003   236156.001
   805:   236217.003   236555.001   236907.003   237354.001   237845.003
   810:   238321.001   238631.003   238670.001   239153.003   239657.001
   815:   240407.018   240438.003   240444.016   240482.001   240494.026
   820:   240528.003   240667.005   241494.009   242077.001   242638.003
   825:   243487.001   243557.003   243596.001   243828.003   243835.001
   830:   244586.018   244596.003   244602.016   244627.001   244652.026
   835:   244663.003   244861.005   245468.009   246326.001   246625.003
   840:   246636.001   246786.003   246807.001   246851.003   246864.001
   845:   246967.003   246982.001   247454.003   248510.001   248524.003
   850:   248551.001   248762.003   248804.001   248854.003   248859.001
   855:   249399.003   249434.001   250014.003   250271.001   250710.003
   860:   251121.001   251444.003   251480.001   251586.003   251874.001
   865:   251914.003   251922.001   252368.003   252419.001   252581.003
   870:   252589.001   252959.003   253295.001   253347.003   253351.001
   875:   254009.003   254456.001   254841.003   258442.001   258677.003
   880:   258765.001   258989.003   260282.001   260455.003   261311.001
   885:   261502.003   261577.001   261602.003   261635.001   261772.003
   890:   261949.001   262281.003   262815.001   263565.018   264178.003
   895:   264184.016   264234.026   264393.005   264922.009   265420.001
   900:   265541.003   265557.001   265610.003   265612.001   265758.003
   905:   265765.001   265915.003   265920.001   266098.003   266114.001
   910:   266440.003   266480.001   266566.003   266576.001   266701.003
   915:   267312.001   268062.018   268148.003   268154.016   268195.001
   920:   268204.026   268392.003   268839.005   269282.009   270291.001
   925:   270371.003   270388.001   271138.018   271402.003   271408.016
   930:   271458.026   271585.005   271976.009   272055.005   272334.009
   935:   272889.001   273011.003   273060.001   273641.003   273685.001
   940:   274307.003   274471.001   274920.003   275454.001   276183.003
   945:   276710.001   276735.003   276763.001   277513.018   277689.003
   950:   277695.016   277697.001   277745.026   277917.003   278124.005
   955:   278866.009   279549.001   279603.003   279627.001   280230.003
   960:   280702.001   280739.003   280804.001   281307.003   281313.001
   965:   281862.003   281902.001   282368.003   282874.001   282956.003
   970:   283076.001   283105.003   283127.001   283200.003   283222.001
   975:   283669.003   284144.001   284894.018   285367.003   285373.016
   980:   285423.026   285528.005   286007.009   286740.001   287456.003
   985:   288600.001   288749.003   288791.001   288940.003   289385.001
   990:   289434.003   289447.001   290197.018   290267.003   290273.016
   995:   290323.026   290432.005   290955.009   291736.001   291771.003
  1000:   291784.001   292534.018   292691.003   292697.016   292747.026
  1005:   292935.005   293268.009   293986.001   294009.003   294055.001
  1010:   294329.003   294334.001   294458.003   294500.001   294665.003
  1015:   295133.001   295201.003   295213.001   295548.003   295999.001
  1020:   296032.003   296044.001   296395.003   296777.001   297045.003
  1025:   297082.001   297741.003   298206.001   298225.003   298243.001
  1030:   298667.003   299753.001   300503.018   300887.003   300893.016
  1035:   300943.026   301108.005   301533.009   301875.001   301994.003
  1040:   302303.001   302331.003   302350.001   302645.003   304138.001
  1045:   304168.003   304220.001   304791.003   304848.001   304900.003
  1050:   305482.001   305913.003   305953.001   306395.003   306889.005
  1055:   306900.009   306904.005   306990.009   307237.005   307298.009
  1060:   308190.005   308230.009   308590.001   308687.003   308746.001
  1065:   309006.003   309730.001   310143.003   311896.005   311941.009
  1070:   312443.005   312590.009   313038.005   313068.009   314144.001
  1075:   314249.003   314267.001   314507.003   314550.001   314603.003
  1080:   315025.001   315688.003   315735.001   315910.003   316438.001
  1085:   316480.003   316488.001   316950.003   317415.001   317517.003
  1090:   317783.001   318342.003   318498.005   318691.009   319856.001
  1095:   320373.003   320374.001   320853.003   321388.001   321439.003
  1100:   321445.001   322197.018   322364.003   322370.016   322420.026
  1105:   322512.005   322993.009   323393.001   323732.003   323751.001
  1110:   323839.003   323879.001   324092.003   324103.001   324216.003
  1115:   324255.001   324561.003   325226.001   325976.018   326042.003
  1120:   326048.016   326098.026   326283.005   327084.009   327906.001
  1125:   328282.003   328777.001   328876.003   328912.001   328948.003
  1130:   329055.001   329177.003   329669.001   329874.003   329895.001
  1135:   330048.003   330078.001   330331.003   330336.001   330590.003
  1140:   331246.001   331791.003   331804.001   331822.003   331826.001
  1145:   332034.003   332046.001   332228.003   332245.001   332869.003
  1150:   333152.001   333172.003   333194.001   333622.003   333663.001
  1155:   334172.003   334810.001   335560.018   335741.003   335747.016
  1160:   335797.026   335955.005   336347.009   336853.001   337464.003
  1165:   337486.001   337737.003   337790.001   338048.003   338658.001
  1170:   338739.003   338751.001   339126.003   339136.001   339855.003
  1175:   339861.001   340118.003   340974.001   341724.018   342005.003
  1180:   342011.016   342061.026   342157.005   342965.009   344216.005
  1185:   344340.009   344354.005   344365.009   344978.001   345107.003
  1190:   345115.001   345493.003   345508.001   345831.003   345953.001
  1195:   346389.003   346403.001   346892.003   347475.001   347643.003
  1200:   347673.001   347713.003   347733.001   348030.003   348677.001
  1205:   348715.003   348719.001   349370.003   349917.001   349937.003
  1210:   349954.001   350704.018   350945.003   350951.016   351001.026
  1215:   351143.005   351656.009   351909.001   351948.003   352062.001
  1220:   352590.003   352606.001   352623.003   352643.001   352918.003
  1225:   352919.001   353316.003   353738.001   353810.003   354018.001
  1230:   354196.003   354207.001   354429.003   354946.001   354977.003
  1235:   354987.001   355355.003   355372.001   355719.003   356695.001
  1240:   356763.003   356770.001   357116.003   357131.001   357604.003
  1245:   358101.001   358774.003   358824.001   358923.003   359075.005
  1250:   359128.009   359346.001   359855.003   359865.001   360142.003
  1255:   360151.001   360654.003   360962.001   361515.003   361528.001
  1260:   362122.003   362342.001   362401.003   362624.001   363056.003
  1265:   363677.001   364052.003   364064.001   364111.003   364116.001
  1270:   364869.018   365246.003   365252.016   365299.001   365302.026
  1275:   365402.003   365490.005   366271.009   367480.001   368135.003
  1280:   368153.001   368166.003   368167.001   368647.003   369181.001
  1285:   369676.003   369720.001   370038.003   370051.001   370106.003
  1290:   370117.001   370660.003   370680.001   371190.003   371548.005
  1295:   371635.009   372011.001   372132.003   372154.001   372215.003
  1300:   372249.001   372587.003   372628.001   372714.003   373042.001
  1305:   373413.003   373428.001   373630.003   373692.001   373747.003
  1310:   374184.001   374525.003   374549.001   374824.003   374854.001
  1315:   375348.003   375765.001   376082.003   376137.001   376538.003
  1320:   376558.001   376966.003   377054.005   377211.009   377711.001
  1325:   377764.003   377815.001   377951.003   378192.001   378272.003
  1330:   378273.001   378831.003   378845.001   379406.003   379981.001
  1335:   380271.003   380317.001   380780.003   380786.001   381538.018
  1340:   381594.003   381600.016   381650.026   381813.005   382299.009
  1345:   382773.001   383523.018   383718.003   383724.016   383774.026
  1350:   383927.005   384260.009   384965.001   385478.003   386089.001
  1355:   386839.018   387190.003   387196.016   387246.026   387393.005
  1360:   387751.009   388643.001   388752.003   388783.001   389533.018
  1365:   389693.003   389699.016   389749.026   389952.005   390527.009
  1370:   394613.001   394764.003   395123.001   395168.003   395860.001
  1375:   396016.003   396051.001   396325.003   404829.001   404911.003
  1380:   407101.005   407197.009   409993.005   410003.009   410496.001
  1385:   410669.003   410713.001   411004.003   411133.001   411471.003
  1390:   411792.001   411973.003   412024.001   412150.003   412185.001
  1395:   412230.003   412315.001   412385.003   412537.001   412764.003
  1400:   413188.001   413236.003   413291.001   413389.003   413722.001
  1405:   413904.003   414751.001   414904.003   415565.001   416315.018
  1410:   417346.003   417352.016   417370.001   417383.003   417402.026
  1415:   417586.005   417945.009   420815.001   420908.003   420968.001
  1420:   421116.003   421175.001   421447.003   421869.001   422619.018
  1425:   422757.003   422763.016   422813.026   423163.005   425007.009
  1430:   427403.001   427427.003   427464.001   427694.003   428186.001
  1435:   428527.003   428591.001   428964.003   429106.005   429244.009
  1440:   429693.001   429984.003   430568.001   430588.003   430595.001
  1445:   431153.003   431627.001   431648.003   431694.001   432444.018
  1450:   432503.003   432509.016   432559.026   432648.005   434181.009
  1455:   435824.001   436033.003   436180.001   436208.003   436231.001
  1460:   436788.003   437248.001   437274.003   437292.001   437901.003
  1465:   438220.001   438832.003   438847.001   439597.018   439646.003
  1470:   439652.016   439702.026   439786.005   441015.009   441024.005
  1475:   441052.009   441391.005   441499.009   441519.005   441527.009
  1480:   443937.001   444172.003   444401.001   444528.003   444563.001
  1485:   444766.003   444816.001   444910.003   445072.001   445502.003
  1490:   445888.001   446617.003   446902.001   447058.003   448973.001
  1495:   449051.003   449777.001   450314.003   450785.001   451212.003
  1500:   451941.005   452072.009   452668.001   452871.003   453172.001
  1505:   453256.003   453261.001   453685.003   454305.001   454387.003
  1510:   454429.001   455093.003   455515.005   455523.009   455745.001
  1515:   455778.003   455810.001   456345.003   456873.005   457157.009
  1520:   457836.005   457932.009   458244.001   458280.003   458336.001
  1525:   458837.003   458936.005   459111.009   459290.005   459298.009
  1530:   459316.005   459360.009   459618.001   460050.003   460061.001
  1535:   460811.018   460887.003   460893.016   460897.001   460943.026
  1540:   461083.003   461277.005   461921.009   463052.001   463444.003
  1545:   464139.001   464163.003   464173.001   464307.003   464316.001
  1550:   464692.003   464705.001   465271.003   466236.001   466319.003
  1555:   466328.001   467025.003   467463.001   468046.003   468620.001
  1560:   468651.003   468664.001   469372.003   469690.005   469716.009
  1565:   469735.005   469890.009   470115.001   470193.003   470202.001
  1570:   470883.003   471604.001   472239.003   473296.001   473392.003
  1575:   473398.001   473564.003   473568.001   474113.003   474429.001
  1580:   474987.003   475496.001   475783.003   475825.001   476219.003
  1585:   476831.001   477484.003   477521.001   477991.003   478633.005
  1590:   478858.009   479503.001   479739.003   480262.001   480346.003
  1595:   480356.001   480431.003   480446.001   480612.003   480622.001
  1600:   480836.003   480875.001   480931.003   481337.001   481385.003
  1605:   481391.001   481968.003   481975.001   482456.003   482479.001
  1610:   482769.003   482956.005   483287.009   483789.001   483873.003
  1615:   483884.001   484240.003   484880.001   485630.018   485833.003
  1620:   485839.016   485889.026   485980.005   486779.009   486797.005
  1625:   486808.009   488579.005   488638.009   488897.005   489011.009
  1630:   489736.001   489983.003   489987.001   490525.003   490910.001
  1635:   491085.003   491092.001   491417.003   492414.001   492488.003
  1640:   492548.001   492963.003   493015.001   493499.003   493547.001
  1645:   493600.003   494078.001   494136.003   494155.001   494212.003
  1650:   494266.001   494867.003   495639.001   495674.003   495688.001
  1655:   495706.003   495711.001   496464.018   496644.003   496650.016
  1660:   496700.026   496839.005   498407.009   498876.001   499436.003
  1665:   499450.001   499737.003   500713.001   501362.003   501416.001
  1670:   501970.003   502769.001   503519.018   503628.003   503634.016
  1675:   503639.001   503684.026   503729.003   503854.005   504239.009
  1680:   505317.001   505950.003   506781.001   507469.003   507947.001
  1685:   508261.003   508301.001   508725.003   508783.001   508847.003
  1690:   509565.001   509680.003   509700.001   510013.003   510022.001
  1695:   510274.003   510320.001   510746.003   510778.001   511038.003
  1700:   514338.001   514690.003   514739.001   515392.003   515598.001
  1705:   515704.003   515766.001   516480.003   517479.001   517535.003
  1710:   517642.001   517747.003   517784.001   518322.003   518761.001
  1715:   519121.003   519164.001   519914.018   520225.003   520231.016
  1720:   520281.026   520669.001   520715.003   520769.001   520805.003
  1725:   520867.001   520959.003   521069.001   521512.003   521842.005
  1730:   522300.009   523628.001   524094.003   524149.001   524216.003
  1735:   524247.001   524299.003   525030.001   525735.003   526350.001
  1740:   526636.003   526658.001   526939.003   527939.001   527983.003
  1745:   528010.001   528199.003   528211.001   528961.018   529086.003
  1750:   529092.016   529142.026   529257.005   529752.009   531150.001
  1755:   531900.018   532086.003   532092.016   532142.026   532168.001
  1760:   532247.003   532785.005   534315.009   535215.001   535252.003
  1765:   535274.001   536024.018   536356.003   536362.016   536412.026
  1770:   536559.005   538171.009   538281.005   538313.009   538685.005
  1775:   538837.009   539132.001   539188.003   539413.001   539474.003
  1780:   539501.001   540056.003   540664.001   541008.003   541103.001
  1785:   541153.003   541964.001   542502.003   543140.001   543183.003
  1790:   543238.001   543754.003   544332.001   544383.003   544400.001
  1795:   545150.018   545375.003   545381.016   545406.001   545431.026
  1800:   545458.003   545569.005   545957.009   546993.001   547688.003
  1805:   548231.001   548503.003   548809.001   548916.003   549497.001
  1810:   549583.003   549587.001   550123.003   551354.001   551570.003
  1815:   551628.001   551886.003   551898.001   552275.003   552796.005
  1820:   552875.009   553161.001   553503.003   553516.001   554152.003
  1825:   554583.005   554744.009   555014.001   555060.003   555067.001
  1830:   555818.018   556316.003   556322.016   556372.026   556505.005
  1835:   556898.009   557637.001   558083.003   558100.001   558355.003
  1840:   558405.001   558445.003   558839.001   559283.003   559296.001
  1845:   559706.003   560274.001   561024.018   561533.003   561539.016
  1850:   561589.026   561681.005   562382.009   563805.001   563905.003
  1855:   563918.001   564580.003   565197.001   565235.003   565248.001
  1860:   565998.018   566077.003   566083.016   566133.026   566157.001
  1865:   566287.003   566435.005   567025.009   569863.001   570200.003
  1870:   570803.001   570973.003   571684.001   571709.003   571729.001
  1875:   572127.003   573132.005   573242.009   573919.001   574566.003
  1880:   575529.001   575793.003   577923.005   577969.009   578606.001
  1885:   578792.003   578835.001   579074.003   580482.001   580495.003
  1890:   580574.001   580967.003   581034.001   581141.003   581182.001
  1895:   581578.003   582094.005   582302.009   582659.001   583409.018
  1900:   583508.003   583514.016   583564.026   583681.005   584756.009
  1905:   585667.001   586183.003   587002.001   587094.003   587140.001
  1910:   587459.003   588173.001   588718.003   588734.001   588848.003
  1915:   589491.001   589513.003   589562.001   589629.003   589645.001
  1920:   589960.003   589968.001   590409.003   591674.001   591945.003
  1925:   591954.001   592704.018   592807.003   592813.016   592863.026
  1930:   593041.005   593429.009   594133.001   594170.003   594223.001
  1935:   594561.003   594614.001   594802.003   595370.001   595582.003
  1940:   595598.001   595642.003   595658.001   595914.003   595946.001
  1945:   596414.003   596961.001   597289.003   597304.001   597355.003
  1950:   597364.001   597743.003   598600.001   599350.018   599905.003
  1955:   599911.016   599961.026   600133.005   600479.009   601355.001
  1960:   601991.003   602622.005   602765.009   603044.001   603238.003
  1965:   603242.001   603649.003   603660.001   604136.003   604707.001
  1970:   605111.003   605159.001   605626.003   606320.001   606980.003
  1975:   607270.005   607402.009   607612.001   607647.003   607667.001
  1980:   608417.018   608694.003   608700.016   608750.026   608827.005
  1985:   609713.009   610404.001   610458.003   610501.001   610977.003
  1990:   610992.001   611576.003   612164.001   612227.003   612237.001
  1995:   612854.003   612872.001   613121.003   613203.001   613247.003
  2000:   613802.001   613869.003   613883.001   614633.018   614859.003
  2005:   614865.016   614915.026   615088.005   615689.009   616372.001
  2010:   617122.018   617445.003   617451.016   617501.026   617675.005
  2015:   618594.009   619383.001   619585.003   619645.001   619766.003
  2020:   619794.001   620199.003   620242.001   620306.003   620992.001
  2025:   621451.003   621536.001   622167.003   622975.001   623654.003
  2030:   624368.001   624451.003   624459.001   625209.018   625328.003
  2035:   625334.016   625384.026   625439.005   626082.009   627149.001
  2040:   627899.018   627952.003   627958.016   628008.026   628123.005
  2045:   628477.009   628549.005   628683.009   629426.001   629766.003
  2050:   629849.001   629960.003   629967.001   630718.018   630872.003
  2055:   630878.016   630928.026   631125.005   632018.009   632349.005
  2060:   632549.009   633669.005   633762.009   634203.001   634243.003
  2065:   638041.001   638067.003   638108.001   638453.003   638483.001
  2070:   639150.003   639823.001   640482.003   641377.001   641411.003
  2075:   641470.001   641809.003   641826.001   642115.003   642156.001
  2080:   642365.003   642390.001   642565.003   643118.005   643146.009
  2085:   643157.005   643208.009   643213.005   643268.009   643624.001
  2090:   644093.003   644116.001   644703.003   645187.005   645486.009
  2095:   645998.001   646044.003   646099.001   646849.018   646954.003
  2100:   646960.016   647010.026   647149.001   647170.003   647295.005
  2105:   648058.009   648916.001   649056.003   649062.001   649328.003
  2110:   649378.001   649436.003   649452.001   650084.003   650666.001
  2115:   651144.003   651163.001   651271.003   651276.001   652029.018
  2120:   652204.003   652210.016   652246.001   652260.026   652423.003
  2125:   652557.005   656643.009   657452.001   657836.003   657947.001
  2130:   657990.003   657999.001   658575.003   659648.001   659712.003
  2135:   659746.001   660020.003   660065.001   660815.018   661003.003
  2140:   661009.016   661059.026   661157.005   661685.009   663119.001
  2145:   663501.003   664765.001   665121.003   666100.001   666168.003
  2150:   666198.001   666553.003   666619.001   667063.003   667822.001
  2155:   667852.003   667874.001   668402.003   668887.001   669031.003
  2160:   669059.001   669414.003   670516.001   670571.003   670590.001
  2165:   671066.003   671106.001   671578.003   673198.001   673221.003
  2170:   673253.001   673296.003   673322.001   673374.003   673395.001
  2175:   673719.003   673765.001   674259.003   674840.001   674946.003
  2180:   674948.001   675529.003   675794.001   675844.003   675865.001
  2185:   676615.018   676835.003   676841.016   676891.026   676996.005
  2190:   677597.009   678207.001   678535.003   678544.001   679111.003
  2195:   680189.001   680224.003   680242.001   680992.018   681369.003
  2200:   681375.016   681425.026   681448.001   681533.003   681657.005
  2205:   682067.009   683134.001   683642.003   683660.001   684232.003
  2210:   685001.001   685038.003   685055.001   685805.018   685898.003
  2215:   685904.016   685954.026   686029.005   686707.009   687560.001
  2220:   688310.018   688447.003   688453.016   688476.001   688503.026
  2225:   688651.003   688787.005   689469.009   689808.005   690155.009
  2230:   691447.001   691667.003   691751.001   692224.003   693080.001
  2235:   693120.003   693130.001   693535.003   693563.001   693587.003
  2240:   693615.001   693745.003   694467.001   694653.003   694685.001
  2245:   695023.003   695872.005   695887.009   695893.005   695980.009
  2250:   696356.001   696376.003   696391.001   696598.003   696645.001
  2255:   697395.018   697410.003   697416.016   697466.026   697562.005
  2260:   697969.009   698824.001   698960.003   699105.001   699855.018
  2265:   700142.003   700148.016   700198.026   700385.005   700871.009
  2270:   701776.001   701939.003   701977.001   702468.003   703787.001
  2275:   703861.003   703906.001   704112.003   704121.001   704493.003
  2280:   705462.001   706096.003   706578.001   706753.003   706772.001
  2285:   707502.003   708295.001   708688.003   708721.001   709233.003
  2290:   709716.005   709837.009   710180.001   710555.003   710569.001
  2295:   711319.018   711490.003   711496.016   711546.026   711680.005
  2300:   712264.009   712267.005   712276.009   713405.001   713957.003
  2305:   714587.001   714633.003   714640.001   715391.018   715433.003
  2310:   715439.016   715489.026   715617.005   716429.009   717375.001
  2315:   718030.003   718848.001   719223.003   719234.001   719593.003
  2320:   720380.001   720881.003   720904.001   721242.003   721788.005
  2325:   721815.009   721828.005   721858.009   722177.001   722207.003
  2330:   722254.001   723004.018   723081.003   723087.016   723091.001
  2335:   723137.026   723173.003   723306.005   723659.009   724578.001
  2340:   725328.018   725376.003   725382.016   725432.026   725541.005
  2345:   726090.009   727221.001   727704.003   729108.001   729542.003
  2350:   729605.001   729963.003   731053.001   731429.003   732107.001
  2355:   732857.018   732884.003   732890.016   732940.026   733075.005
  2360:   734054.009   735247.001   735997.018   736351.003   736357.016
  2365:   736407.026   736540.005   737182.009   738615.001   739365.018
  2370:   739509.003   739515.016   739565.026   739567.017   739640.005
  2375:   740667.009   741370.001   741843.003   742780.001   742850.003
  2380:   742866.001   743066.003   743660.001   743731.003   743744.001
  2385:   744092.003   744132.001   744559.003   745207.001   745266.003
  2390:   745311.001   745469.003   745483.001   746132.003   747108.001
  2395:   747169.003   747266.001   747503.003   747540.001   747608.003
  2400:   747615.001   747897.003   748852.001   748951.003   748958.001
  2405:   749172.003   749189.001   749928.003   750409.005   750722.009
  2410:   751020.001   751311.003   751354.001   751686.003   756055.001
  2415:   756286.003   756377.001   756392.003   756427.001   756487.003
  2420:   756519.001   756655.003   756691.001   756929.003   756974.001
  2425:   757036.003   758862.001   758899.003   758938.001   758976.003
  2430:   759013.001   759275.003   759323.001   759548.003   759606.001
  2435:   760039.003   760657.005   760757.009   761121.001   761199.003
  2440:   761252.001   762252.018   762268.003   762274.016   762324.026
  2445:   762402.005   762904.009   763846.001   764260.003   765236.001
  2450:   765764.003   767379.001   767791.003   771970.005   772041.009
  2455:   772640.001   772707.003   772812.001   773032.003   773086.001
  2460:   773254.003   773264.001   773617.003   774628.001   774791.003
  2465:   774848.001   775032.003   775076.001   775653.003   775668.001
  2470:   775824.003   776217.001   776268.003   776314.001   776435.003
  2475:   776471.001   776647.003   776674.001   777349.003   782435.001
  2480:   782747.003   783638.005   783713.009   788880.005   788885.009
  2485:   788908.005   789109.009   789603.001   789641.003   789671.001
  2490:   789938.003   790833.001   791519.003   791839.005   791969.009
  2495:   792216.001   792509.003   792513.001   792656.003   792693.001
  2500:   792767.003   793783.001   794485.003   794614.001   794986.003
  2505:   795028.001   795341.003   795400.001   795458.003   796050.005
  2510:   796174.009   796462.001   796508.003   796550.001   797550.018
  2515:   797579.003   797585.016   797635.026   797808.005   798193.009
  2520:   798800.001   799529.003   799612.001   800048.003   801400.001
  2525:   801463.003   801471.001   801996.003   802979.005   803126.009
  2530:   803419.001   803508.003   803632.001   804452.003   804511.001
  2535:   804641.003   805781.001   806160.003   806180.001   806499.003
  2540:   807363.001   807866.003   807903.001   808733.003   809585.001
  2545:   809666.003   809676.001   810637.003   811560.001   811766.003
  2550:   811799.001   812254.003   812262.001   812281.003   812310.001
  2555:   812880.003   813783.001   814478.003   815405.001   816199.003
  2560:   817051.001   817858.003   818270.001   818877.003   818924.001
  2565:   819115.003   819123.001   819355.003   819366.001   819827.003
  2570:   820533.001   820772.003   820873.001   821596.003   822017.001
  2575:   822389.003   823251.005   823353.009   823817.005   823837.009
  2580:   823934.005   824166.009   824178.005   824187.009   824217.005
  2585:   824251.009   825992.005   826071.009   828587.001   828683.003
  2590:   828706.001   828776.003   828831.001   829067.003   830193.001
  2595:   830662.003   831695.001   832240.003   832284.001   832724.003
  2600:   832786.001   832834.003   833284.001   833383.003   833409.001
  2605:   833660.003   833706.001   833908.003   833928.001   834080.003
  2610:   834117.001   834319.003   834372.001   834794.003   835322.001
  2615:   836322.018   836819.003   836825.016   836875.026   836947.005
  2620:   837547.009   838362.001   838475.003   838482.001   838795.003
  2625:   839331.005   839819.009   840342.001   840373.003   841250.001
  2630:   841703.003   842211.001   842656.003   843312.001   844161.003
  2635:   845570.001   845797.003   845817.001   846009.003   846827.001
  2640:   847265.003   847988.001   848645.003   850019.005   850043.009
  2645:   850120.005   850306.009   850628.001   850656.003   850675.001
  2650:   850927.003   851821.001   851953.003   851965.001   852690.003
  2655:   856579.005   858168.009   858174.005   860287.009   869571.001
  2660:   869694.003   869730.001   869993.003   871809.001   872075.003
  2665:   872665.005   872736.009   892531.005   892714.009   893635.005
  2670:   893652.009   896325.001   896744.003   902427.001   902578.003
  2675:   903302.005   903313.009   903317.005   904842.009   905793.005
  2680:   905829.009   906346.001   906439.003   906457.001   906576.003
  2685:   906788.001   906908.003   906929.001   907295.003   907892.001
  2690:   908141.003   908802.001   909119.003   914394.005   914498.009
  2695:   914550.005   914800.009   923568.001   923738.003   924931.005
  2700:   925099.009   928045.001   928156.003   928552.001   928654.003
  2705:   929341.001   930290.003   931150.001   931202.003   931237.001
  2710:   931426.003   931454.001   931522.003   933535.001   933600.003
  2715:   934676.005   934789.009   935292.001   935344.003   935421.001
  2720:   935628.003   937196.001   937312.003   939317.001   939404.003
  2725:   941313.001   941794.003   942921.001   943434.003   944147.005
  2730:   944160.009   944177.005   944291.009   944421.005   944979.009
  2735:   945597.001   945767.003   945821.001   946384.003   947083.001
  2740:   947126.003   947132.001   948076.003   949198.001   950055.003
  2745:   951270.001   951312.003   951360.001   951406.003   951467.001
  2750:   951758.003   952262.001   952957.003   953424.001   953859.003
  2755:   953902.001   954902.018   955012.003   955018.016   955068.026
  2760:   955081.001   955197.003   955343.005   956074.009   957126.001
  2765:   957285.003   957305.001   957415.003   957436.001   957708.003
  2770:   958362.001   958438.003   958473.001   959116.003   959652.005
  2775:   960089.009   960460.001   960654.003   960818.001   960869.003
  2780:   960885.001   961410.003   962108.001   962591.003   963040.001
  2785:   963454.003   964267.005   964355.009   964677.001   965036.003
  2790:   965093.001   965625.003   967835.001   967992.003   968026.001
  2795:   968333.003   968371.001   969088.003   969727.001   970669.003
  2800:   971281.001   971309.003   971350.001   972173.003   972637.001
  2805:   973196.003   973418.001   974418.018   974796.003   974802.016
  2810:   974852.026   974922.005   975517.009   976319.001   976361.003
  2815:   976416.001   976962.003   977722.001   977811.003   977827.001
  2820:   978528.003   978553.001   978899.003   979283.001   979378.003
  2825:   979391.001   979796.003   979848.001   980143.003   980945.001
  2830:   981785.003   982023.005   982159.009   982773.001   983529.003
  2835:   983639.005   983767.009   984314.001   984397.003   984434.001
  2840:   984770.003   984809.001   985117.003   985129.001   985707.003
  2845:   986767.001   986805.003   986815.001   987815.018   988168.003
  2850:   988174.016   988192.001   988224.026   988252.003   988354.005
  2855:   989475.009   990875.001   991259.003   991870.001   991912.003
  2860:   991929.001   992843.003   993905.001   993992.003   994081.001
  2865:   994245.003   994293.001   995013.003   995539.005   995568.009
  2870:   995969.001   996633.003   996652.001   996927.003   997836.001
  2875:   998112.003   998120.001   998296.003   998315.001   998692.003
  2880:   999892.005  1000166.009  1000574.001  1001564.003  1002021.001
  2885:  1002276.003  1002289.001  1002736.003  1002748.001  1003014.003
  2890:  1003031.001  1003144.003  1003532.005  1003540.009  1003909.001
  2895:  1004854.003  1004869.001  1005022.003  1005756.001  1006756.018
  2900:  1007559.003  1007565.016  1007615.026  1007675.005  1008174.009
  2905:  1008816.001  1009760.003  1010619.001  1011181.003  1012111.001
  2910:  1012278.003  1013238.001  1013296.003  1013313.001  1013806.003
  2915:  1013877.001  1014731.003  1015629.001  1016602.003  1017065.001
  2920:  1017606.003  1017627.001  1018027.003  1019277.005  1019388.009
  2925:  1019728.001  1020728.018  1021043.003  1021049.016  1021065.001
  2930:  1021099.026  1021109.003  1021237.005  1021698.009  1022653.001
  2935:  1023152.003  1024075.001  1024571.003  1025541.001  1026058.003
  2940:  1026639.001  1026917.003  1026938.001  1027219.003  1028050.001
  2945:  1028780.003  1030005.001  1030117.003  1030156.001  1030748.003
  2950:  1031542.001  1032448.003  1033344.001  1033382.003  1033447.001
  2955:  1034447.018  1034704.003  1034710.016  1034760.026  1035102.005
  2960:  1035870.009  1042224.001  1042893.003  1043516.001  1043865.003
  2965:  1044984.001  1045412.003  1046192.001  1046663.003  1046713.001
  2970:  1047234.003  1047880.005  1047980.009  1048260.001  1048316.003
  2975:  1048326.001  1048535.003  1048560.001  1048733.003  1048782.001
  2980:  1049660.003  1051075.001  1051173.003  1051200.001  1051753.003
  2985:  1052488.001  1052523.003  1052538.001  1052842.003  1052852.001
  2990:  1052989.003  1053024.001  1053543.003  1054394.001  1054731.003
  2995:  1054772.001  1054995.003  1055002.001  1055299.003  1056285.001
  3000:  1056590.003  1057207.001  1057271.003  1057288.001  1058202.003
  3005:  1059155.001  1059762.003  1060663.001  1060964.003  1060972.001
  3010:  1061849.003  1062169.005  1062405.009  1062662.001  1062835.003
  3015:  1062852.001  1063065.003  1063206.001  1064206.018  1065012.003
  3020:  1065018.016  1065068.026  1065323.005  1065744.009  1067358.001
  3025:  1067526.003  1067532.001  1067554.003  1067570.001  1067943.003
  3030:  1069464.001  1070044.003  1070552.001  1071552.018  1071627.003
  3035:  1071633.016  1071670.001  1071683.026  1071812.003  1071923.005
  3040:  1072277.009  1073936.001  1074017.003  1074068.001  1074619.003
  3045:  1075520.001  1076413.003  1076897.001  1077106.003  1077476.005
  3050:  1077610.009  1077998.001  1078245.003  1078283.001  1078362.003
  3055:  1078396.001  1078860.003  1078863.001  1079293.003  1080003.001
  3060:  1080495.003  1081505.001  1081962.003  1084005.001  1084273.003
  3065:  1084360.001  1084443.003  1084456.001  1084863.003  1085689.001
  3070:  1086169.003  1086177.001  1086776.003  1087311.001  1088200.003
  3075:  1088667.005  1088941.009  1089242.001  1089449.003  1089460.001
  3080:  1090393.003  1091654.001  1092137.003  1092154.001  1092876.003
  3085:  1093720.001  1094720.018  1094889.003  1094895.016  1094945.026
  3090:  1095023.005  1095518.009  1096417.001  1096796.003  1097964.001
  3095:  1098928.003  1099190.005  1099677.009  1100261.001  1100292.003
  3100:  1100323.001  1100898.003  1102295.001  1102386.003  1102420.001
  3105:  1103420.018  1103567.003  1103573.016  1103623.026  1103765.005
  3110:  1104158.009  1104680.001  1105348.003  1106227.001  1106724.003
  3115:  1106789.001  1107036.003  1108111.001  1108600.003  1109472.001
  3120:  1109723.003  1109734.001  1110478.003  1111238.005  1111361.009
  3125:  1115458.001  1115629.003  1117672.001  1117934.003  1118168.001
  3130:  1118448.003  1119079.005  1119156.009  1119463.001  1119601.003
  3135:  1120093.001  1120228.003  1120314.001  1120517.003  1121364.001
  3140:  1122364.018  1122517.003  1122523.016  1122573.026  1122641.005
  3145:  1123366.009  1124625.001  1125572.003  1126352.001  1127257.003
  3150:  1127830.001  1128830.018  1128865.003  1128871.016  1128921.026
  3155:  1129091.005  1130265.009  1134263.001  1134401.003  1135376.005
  3160:  1135495.009  1135934.001  1135988.003  1136045.001  1136469.003
  3165:  1137608.001  1137871.003  1137893.001  1137992.003  1138634.005
  3170:  1138771.009  1139169.001  1139267.003  1139327.001  1139949.003
  3175:  1140121.001  1140235.003  1141773.001  1141822.003  1141841.001
  3180:  1142142.003  1143383.001  1143896.003  1145096.001  1145434.003
  3185:  1146935.001  1147055.003  1148488.005  1148661.009  1149344.001
  3190:  1149457.003  1150595.005  1150744.009  1151314.001  1151394.003
  3195:  1151805.001  1151907.003  1153889.001  1154045.003  1154082.001
  3200:  1154142.003  1154353.001  1154489.003  1156436.001  1156465.003
  3205:  1156488.001  1156573.003  1156811.001  1156987.003  1157184.001
  3210:  1157551.003  1160857.005  1160882.009  1161110.005  1161162.009
  3215:  1161183.005  1161252.009  1162397.001  1162605.003  1163714.001
  3220:  1163832.003  1163843.001  1164213.003  1164717.001  1165321.003
  3225:  1165489.001  1165600.003  1165657.001  1165937.003  1166812.001
  3230:  1166864.003  1166906.001  1167021.003  1167550.005  1167764.009
  3235:  1168075.001  1168120.003  1168167.001  1168299.003  1168626.001
  3240:  1169392.003  1170100.001  1170172.003  1170228.001  1170612.003
  3245:  1170662.001  1170784.003  1171132.001  1172132.018  1172141.003
  3250:  1172147.016  1172197.026  1172437.005  1172898.009  1174072.001
  3255:  1174287.003  1174317.001  1174431.003  1174442.001  1174607.003
  3260:  1174628.001  1175108.003  1175795.001  1175852.003  1175941.001
  3265:  1176038.003  1176060.001  1176343.003  1178217.001  1178306.003
  3270:  1178349.001  1178477.003  1178495.001  1179222.003  1179609.005
  3275:  1179793.009  1180039.001  1180156.003  1180174.001  1181174.018
  3280:  1181454.003  1181460.016  1181510.026  1181660.005  1182245.009
  3285:  1183101.001  1183123.003  1183165.001  1183707.003  1183713.001
  3290:  1183904.003  1184120.001  1184618.003  1185056.005  1185158.009
  3295:  1185688.001  1185791.003  1185814.001  1186351.003  1186360.001
  3300:  1186928.003  1186947.001  1187203.003  1188092.001  1189092.018
  3305:  1189286.003  1189292.016  1189342.026  1189422.005  1189809.009
  3310:  1190722.001  1191328.003  1192382.001  1193082.003  1194047.001
  3315:  1195043.003  1195910.001  1196910.018  1197559.003  1197565.016
  3320:  1197615.026  1197754.005  1198163.009  1198857.001  1199338.003
  3325:  1199397.001  1199651.003  1200190.001  1201107.003  1201173.001
  3330:  1201316.003  1202126.001  1203067.003  1203501.001  1203834.003
  3335:  1204372.001  1205247.003  1206028.001  1206115.003  1206128.001
  3340:  1207128.018  1207290.003  1207296.016  1207346.026  1207435.005
  3345:  1207953.009  1208789.001  1208853.003  1208871.001  1209479.003
  3350:  1210001.005  1210024.009  1210040.005  1210078.009  1210481.001
  3355:  1210852.003  1210881.001  1211834.003  1212796.001  1212935.003
  3360:  1212948.001  1213615.003  1214886.001  1215067.003  1215080.001
  3365:  1216006.003  1216460.001  1216502.003  1216694.001  1217694.018
  3370:  1218168.003  1218174.016  1218224.026  1218445.005  1219363.009
  3375:  1220541.001  1220626.003  1220735.001  1221195.003  1221777.001
  3380:  1221873.003  1221888.001  1222888.018  1222968.003  1222974.016
  3385:  1223024.026  1223111.005  1223795.009  1225670.001  1225791.003
  3390:  1228291.001  1228446.003  1228546.001  1228596.003  1229808.001
  3395:  1229873.003  1229905.001  1229935.003  1229987.001  1230553.003
  3400:  1230692.001  1230748.003  1230789.001  1230904.003  1230915.001
  3405:  1231496.003  1232281.001  1232719.003  1232735.001  1233001.003
  3410:  1233721.005  1233740.009  1233751.005  1233814.009  1234172.001
  3415:  1235172.018  1235779.003  1235785.016  1235835.026  1235975.005
  3420:  1236493.009  1237785.001  1237905.003  1237963.001  1238963.018
  3425:  1239255.003  1239261.016  1239311.026  1239437.005  1239897.009
  3430:  1241351.001  1242124.003  1243179.001  1243250.003  1243262.001
  3435:  1243951.003  1243970.001  1244402.003  1245224.001  1246224.018
  3440:  1246259.003  1246265.016  1246315.026  1246444.005  1247645.009
  3445:  1248933.001  1249717.003  1250513.001  1250561.003  1251348.001
  3450:  1251433.003  1251468.001  1252092.003  1252170.001  1252741.003
  3455:  1252760.001  1252986.003  1253742.001  1254046.003  1254059.001
  3460:  1254879.003  1255797.001  1256714.003  1257935.001  1258158.003
  3465:  1258169.001  1258911.003  1259643.001  1259727.003  1259734.001
  3470:  1260735.018  1260808.003  1260814.016  1260864.026  1260965.005
  3475:  1261557.009  1262365.001  1263023.003  1263664.001  1263723.003
  3480:  1263735.001  1264235.003  1265265.001  1265801.003  1265863.001
  3485:  1265967.003  1266930.001  1267017.003  1267022.001  1267509.003
  3490:  1268077.001  1268542.003  1268550.001  1269041.003  1269918.001
  3495:  1270590.003  1271278.001  1271351.003  1271405.001  1272238.003
  3500:  1273033.001  1274033.018  1274455.003  1274461.016  1274511.026
  3505:  1274607.005  1275416.009  1276573.001  1277092.003  1277125.001
  3510:  1277477.003  1278264.001  1278447.003  1278458.001  1279144.003
  3515:  1280551.001  1281144.003  1281154.001  1281703.003  1282212.001
  3520:  1282355.003  1282360.001  1282873.003  1283591.001  1284150.003
  3525:  1284782.005  1284799.009  1285178.001  1285679.003  1291579.001
  3530:  1292279.003  1293052.001  1294052.018  1294235.003  1294241.016
  3535:  1294291.026  1294370.005  1294945.009  1296887.001  1297325.003
  3540:  1297424.001  1297457.003  1298251.001  1299251.018  1299707.003
  3545:  1299713.016  1299763.026  1299863.005  1300298.009  1301004.001
  3550:  1301570.003  1302393.001  1303257.003  1304139.001  1304732.003
  3555:  1305727.001  1305886.003  1305985.001  1306196.003  1306748.005
  3560:  1307095.009  1307347.001  1307379.003  1307453.001  1308311.003
  3565:  1308908.001  1308994.003  1308999.001  1310002.018  1310075.003
  3570:  1310081.016  1310131.026  1310239.005  1310693.009  1312007.001
  3575:  1312702.003  1312795.001  1312969.003  1312998.001  1313132.003
  3580:  1314272.001  1314404.003  1315434.001  1315480.003  1315499.001
  3585:  1316125.003  1316996.001  1317601.003  1318037.001  1318252.003
  3590:  1318459.001  1318837.003  1318855.001  1319265.003  1320250.001
  3595:  1320294.003  1320337.001  1320621.003  1320671.001  1321474.003
  3600:  1321758.005  1322058.009  1322323.001  1323265.003  1323916.001
  3605:  1323940.003  1324008.001  1324511.003  1324518.001  1324872.003
  3610:  1325666.001  1326496.003  1327399.005  1327500.009  1329159.001
  3615:  1329286.003  1330314.001  1330466.003  1330485.001  1330841.003
  3620:  1330844.001  1331255.003  1332535.001  1332574.003  1332676.001
  3625:  1332879.003  1332902.001  1333680.003  1335705.001  1335893.003
  3630:  1335941.001  1336409.003  1336867.005  1337022.009  1337337.005
  3635:  1337893.009  1338482.001  1339176.003  1340249.001  1340273.003
  3640:  1340313.001  1340423.003  1340439.001  1341105.003  1341747.001
  3645:  1342747.018  1342942.003  1342948.016  1342998.026  1343434.005
  3650:  1343848.009  1344859.001  1345639.003  1345959.005  1346531.009
  3655:  1347264.001  1347825.003  1348331.001  1348854.003  1349642.001
  3660:  1350642.018  1350696.003  1350702.016  1350752.026  1350849.005
  3665:  1351281.009  1352145.001  1352464.003  1352543.001  1352643.003
  3670:  1353368.001  1353504.003  1353524.001  1353867.003  1353938.001
  3675:  1354726.003  1355897.001  1356045.003  1356063.001  1356700.003
  3680:  1357382.005  1357547.009  1357808.001  1357866.003  1357883.001
  3685:  1358143.003  1358160.001  1358546.003  1359405.001  1359453.003
  3690:  1359462.001  1360462.018  1360476.003  1360482.016  1360532.026
  3695:  1360620.005  1361845.009  1363980.001  1364460.003  1364541.001
  3700:  1364796.003  1365599.001  1365785.003  1365820.001  1366493.003
  3705:  1366871.005  1367008.009  1367472.001  1368365.003  1370124.001
  3710:  1371124.018  1371240.003  1371246.016  1371296.026  1371432.005
  3715:  1371890.009  1372870.001  1372934.003  1372986.001  1373250.003
  3720:  1374349.001  1374437.003  1374453.001  1374574.003  1374628.001
  3725:  1375628.018  1375681.003  1375687.016  1375737.026  1375898.005
  3730:  1376355.009  1377158.001  1377879.003  1377957.001  1378126.003
  3735:  1378153.001  1378312.003  1378903.001  1378950.003  1379052.001
  3740:  1379597.003  1380623.001  1380708.003  1380742.001  1380869.003
  3745:  1380911.001  1381810.003  1383105.001  1383786.003  1384810.001
  3750:  1385810.018  1385890.003  1385896.016  1385946.026  1386164.005
  3755:  1386611.009  1387046.001  1387072.003  1387122.001  1387477.003
  3760:  1387547.001  1388102.003  1389131.001  1389970.003  1390050.001
  3765:  1390274.003  1390296.001  1390430.003  1390580.001  1390661.003
  3770:  1391320.001  1391738.003  1391769.001  1392191.003  1393108.001
  3775:  1393393.003  1393406.001  1393888.003  1394650.001  1394825.003
  3780:  1394875.001  1395510.003  1396507.001  1397426.003  1398218.001
  3785:  1399218.018  1399309.003  1399315.016  1399365.026  1399503.005
  3790:  1399880.009  1400636.001  1401382.003  1402379.001  1402529.003
  3795:  1402560.001  1403244.003  1404060.001  1405001.003  1405028.001
  3800:  1405132.003  1406115.001  1406188.003  1406212.001  1407212.018
  3805:  1407948.003  1407954.016  1408004.026  1408073.005  1408895.009
  3810:  1409817.001  1410817.018  1410839.003  1410845.016  1410895.026
  3815:  1410996.005  1411456.009  1412234.001  1412282.003  1412315.001
  3820:  1412507.003  1412522.001  1412770.003  1413618.001  1414339.003
  3825:  1415426.001  1415503.003  1415536.001  1415681.003  1415690.001
  3830:  1416438.003  1417214.001  1418214.018  1418219.003  1418225.016
  3835:  1418275.026  1418402.005  1418711.009  1419640.001  1419768.003
  3840:  1419798.001  1420118.003  1420900.001  1420986.003  1421013.001
  3845:  1421096.003  1421140.001  1421721.003  1421796.001  1421833.003
  3850:  1422738.001  1423738.018  1423904.003  1423910.016  1423960.026
  3855:  1424048.005  1424741.009  1425175.001  1425210.003  1425363.001
  3860:  1425398.003  1425432.001  1426095.003  1427058.001  1427489.003
  3865:  1428639.001  1429442.003  1430167.001  1430337.003  1430348.001
  3870:  1431348.018  1431655.003  1431661.016  1431711.026  1431791.005
  3875:  1432258.009  1433132.001  1434132.018  1434938.003  1434944.016
  3880:  1434994.026  1435963.005  1436171.009  1436556.001  1437334.003
  3885:  1438014.001  1438814.003  1438832.001  1438962.003  1438990.001
  3890:  1439127.003  1439778.001  1439832.003  1439843.001  1440487.003
  3895:  1441318.001  1441761.003  1441770.001  1442339.003  1443179.001
  3900:  1443954.003  1444811.001  1445811.018  1446174.003  1446180.016
  3905:  1446230.026  1446297.005  1446933.009  1447694.001  1447949.003
  3910:  1447985.001  1448269.003  1453518.001  1453651.003  1453694.001
  3915:  1454089.003  1454734.001  1455283.003  1455809.001  1455940.003
  3920:  1455965.001  1456846.003  1457676.001  1457856.003  1457872.001
  3925:  1458153.003  1458179.001  1458313.003  1459052.001  1459128.003
  3930:  1459154.001  1459246.003  1459258.001  1459892.003  1460433.001
  3935:  1461226.003  1461250.001  1461402.003  1462265.001  1462506.003
  3940:  1462510.001  1463514.018  1463644.003  1463650.016  1463700.026
  3945:  1463773.005  1464726.009  1465531.001  1466059.003  1466214.001
  3950:  1466240.003  1466332.001  1466487.003  1466502.001  1466880.003
  3955:  1466889.001  1467290.003  1468133.001  1468931.003  1469908.001
  3960:  1470872.003  1470904.001  1471014.003  1471829.001  1472829.018
  3965:  1473052.003  1473058.016  1473108.026  1473248.005  1473586.009
  3970:  1474630.001  1474654.003  1474819.001  1474925.003  1474951.001
  3975:  1475492.003  1475562.001  1475721.003  1476489.001  1476768.003
  3980:  1476778.001  1477328.003  1478391.001  1479184.003  1479207.001
  3985:  1479433.003  1480024.001  1480407.003  1481223.001  1482223.018
  3990:  1482393.003  1482399.016  1482449.026  1482605.005  1482945.009
  3995:  1484099.001  1484398.003  1484418.001  1484458.003  1484513.001
  4000:  1484669.003  1485366.001  1485414.003  1485443.001  1485503.003
  4005:  1485520.001  1486520.018  1486705.003  1486711.016  1486761.026
  4010:  1486897.005  1487544.009  1488378.001  1489378.018  1489534.003
  4015:  1489540.016  1489590.026  1489735.005  1490527.009  1492176.001
  4020:  1492273.003  1492309.001  1492608.003  1492710.001  1493118.003
  4025:  1494812.001  1494898.003  1495047.001  1495156.003  1495171.001
  4030:  1495784.003  1496476.001  1497476.018  1497671.003  1497677.016
  4035:  1497701.001  1497727.026  1497867.003  1497986.005  1498789.009
B:
     0:        0.000     1508.000        0.000     1508.000        0.000
     5:      302.000        0.000        0.000        0.000      302.000
    10:        0.000        1.000        0.000        1.000        0.000
    15:        0.000      139.000        1.000      139.000        0.000
    20:        0.000        0.000        0.000        0.000        0.000
    25:        0.000      139.000        0.000        0.000        0.000
    30:        0.000
D:
     0:  4912659.000  4912523.000  4912660.000
E:
     0:      750.000     1000.000
T:
     0:        0.000        0.000        0.000        0.000
W:
     0:        0.000        0.000        0.000
