File: C:\MED-PC IV\Data\Reyes\AW\AW1050.999


Start Date: 08/29/24
End Date: 08/29/24
Subject: 50
Experiment: AW
Group: EXP10
Box: 6
Start Time: 15:13:20
End Time: 16:03:20
MSN: DRRD_exp_10
C:       0.000
F:       0.000
G:       0.000
H:       0.000
I:       0.000
J:       0.000
K:    6431.000
L:       0.000
M:       0.000
N:       0.000
O:       0.000
P:       0.000
Q:       0.000
R:       0.000
S:       0.000
U: 1986981.000
V:       0.000
X:       0.000
Y:    1630.000
Z:       0.000
A:
     0:     3666.005     3686.009     3775.005     3792.009     3807.005
     5:     4251.009    15000.013    15000.011    18467.005    18625.009
    10:    19014.001    20257.003    21012.001    23747.003    24002.001
    15:    24152.003    24649.001    24862.003    24978.001    26876.003
    20:    27218.001    30095.003    30208.001    30218.003    30455.001
    25:    32520.003    32540.001    33226.003    33242.001    35134.003
    30:    35298.005    35586.009    36054.001    36315.003    36654.001
    35:    39870.018    40269.003    40275.016    40325.026    40379.005
    40:    41588.009    41610.005    41651.009    42445.005    42478.009
    45:    44016.001    44085.003    44652.005    44995.009    45008.005
    50:    45014.009    46769.005    46801.009    49655.005    49662.009
    55:    49671.005    49796.009    50587.001    53133.003    53731.001
    60:    55944.003    56027.001    56050.003    56183.001    58824.003
    65:    59027.001    59165.003    59456.001    62672.018    62693.003
    70:    62699.016    62749.026    62815.005    63448.009    63457.005
    75:    63542.009    63554.005    64710.009    64731.005    64768.009
    80:    64808.005    65570.009    65739.005    65875.009    66243.001
    85:    68358.003    69181.001    71753.003    72237.001    72318.003
    90:    72409.001    72492.003    73050.001    75622.003    78243.005
    95:    78352.009    78361.005    78364.009    78653.001    80556.003
   100:    80958.001    83170.003    83986.001    87100.003    87263.001
   105:    87300.003    88991.005    89136.009    89807.001    90278.003
   110:    90300.001    92766.003    92908.001    93000.003    94405.001
   115:    96878.003    98498.005    98654.009    98851.001   101418.003
   120:   101457.001   103212.003   103779.001   106995.018   107060.003
   125:   107066.016   107116.026   107155.005   107770.009   107778.005
   130:   107813.009   107901.005   108501.009   109039.005   109148.009
   135:   109169.005   109218.009   109697.001   111768.003   112468.001
   140:   115684.018   115805.003   115811.016   115861.026   115945.005
   145:   116327.009   116354.005   116402.009   116456.005   116607.009
   150:   116610.005   116693.009   116729.005   116736.009   116882.005
   155:   117069.009   117101.005   117180.009   117676.001   117723.003
   160:   117765.001   120574.003   120939.001   120983.003   121037.001
   165:   121598.003   121619.001   123800.003   124194.001   124219.003
   170:   124249.001   124397.003   126179.005   126503.009   126890.001
   175:   130106.018   130632.003   130638.016   130688.026   130745.005
   180:   131503.009   131544.005   131709.009   132821.001   132879.003
   185:   132916.001   132982.003   133001.001   135707.003   135950.001
   190:   136063.003   136478.001   139551.003   140215.001   142109.003
   195:   142126.001   143705.003   144840.001   144894.003   144906.001
   200:   148122.018   148403.003   148409.016   148459.026   148572.005
   205:   149273.009   149328.005   149376.009   149849.001   152567.003
   210:   153197.001   155797.003   155817.001   155937.003   156187.001
   215:   158501.003   159468.001   162676.003   163526.001   163696.003
   220:   163709.001   166925.018   166997.003   167003.016   167053.026
   225:   167125.005   167778.009   167786.005   167849.009   167892.005
   230:   167897.009   167916.005   168351.009   168389.005   168468.009
   235:   169850.001   172119.003   172561.001   172761.003   173149.001
   240:   176365.018   176486.003   176492.016   176542.026   176622.005
   245:   177619.009   177709.005   177730.009   178235.005   178448.009
   250:   178892.001   180958.003   181038.001   181194.003   181305.001
   255:   181389.003   181438.001   181495.003   181511.001   184727.018
   260:   184779.003   184785.016   184835.026   184919.005   185966.009
   265:   186063.005   186107.009   186945.001   187898.003   187908.001
   270:   188408.003   188423.001   189941.003   191716.001   194464.003
   275:   194882.001   195040.003   195054.001   198270.018   198464.003
   280:   198470.016   198520.026   198599.005   199467.009   199669.005
   285:   199780.009   199795.005   199831.009   200225.001   200467.003
   290:   200584.001   201157.003   201201.001   203351.003   205405.001
   295:   208621.018   209512.003   209518.016   209568.026   209636.001
   300:   209644.003   209653.005   210402.009   210420.005   210488.009
   305:   210797.005   211163.009   211576.001   214650.003   215892.001
   310:   215924.003   215994.001   218735.003   219916.001   219993.003
   315:   220321.001   223537.018   223808.003   223814.016   223864.026
   320:   223918.005   224290.009   224326.005   224427.009   224521.005
   325:   224542.009   225168.001   225298.003   225322.001   225415.003
   330:   225469.001   228266.003   229086.001   232302.018   232485.003
   335:   232491.016   232541.026   232601.005   233569.009   233587.005
   340:   233640.009   233803.005   233889.009   233898.005   233905.009
   345:   234988.001   238204.018   238660.003   238666.016   238716.026
   350:   238816.005   239611.009   239660.005   239686.009   240436.001
   355:   240701.003   241238.001   241712.003   241729.001   242703.003
   360:   242730.001   243789.003   244108.001   246739.003   247760.001
   365:   250341.003   250873.001   252676.003   252702.001   252814.003
   370:   252917.001   254295.003   254531.001   254934.003   254973.001
   375:   255149.003   255708.001   255970.003   255990.001   258715.003
   380:   259614.001   259719.003   259741.001   261902.003   263586.001
   385:   263751.003   264690.001   267871.003   268342.005   268526.009
   390:   268839.001   272055.018   272085.003   272091.016   272141.026
   395:   272161.001   272178.003   272225.005   272903.009   272920.005
   400:   273206.009   273299.005   273491.009   274130.001   274185.003
   405:   274225.001   274266.003   274326.001   274336.003   274407.001
   410:   275084.003   275109.001   277851.003   279029.001   281926.003
   415:   282258.001   285139.003   286579.001   289167.003   289282.001
   420:   289293.003   291195.001   293928.003   294100.001   294201.003
   425:   294622.001   295039.003   295050.001   298209.003   298240.001
   430:   298375.003   298642.005   298775.009   299016.001   302232.018
   435:   302714.003   302720.016   302770.026   302782.001   302825.003
   440:   302836.005   303480.009   303493.005   303536.009   303557.005
   445:   303852.009   304140.005   304174.009   304283.005   304650.009
   450:   305337.001   308296.003   308630.001   308914.003   308955.001
   455:   311907.003   312311.005   312407.009   312659.001   315875.018
   460:   315941.003   315947.016   315997.026   316085.005   316564.009
   465:   316623.005   316864.009   316872.005   316901.009   317721.001
   470:   319585.003   321892.005   322037.009   322419.001   322497.003
   475:   327788.005   327820.009   329164.005   329409.009   329838.001
   480:   332881.003   333150.001   335652.003   335900.001   338105.003
   485:   338579.001   338631.003   338644.001   341860.018   341940.003
   490:   341946.016   341996.026   342041.005   343028.009   343759.005
   495:   343828.009   343857.005   343868.009   344674.001   346853.003
   500:   346886.001   348629.003   349544.001   352063.003   352598.001
   505:   355542.003   357243.001   359650.003   360874.001   363893.003
   510:   365000.001   365293.003   365311.001   367253.003   371452.005
   515:   371629.009   371704.005   371979.009   372338.001   374982.003
   520:   376098.001   378868.003   380940.001   384156.018   385065.003
   525:   385071.016   385121.026   385167.005   386165.009   386210.005
   530:   386221.009   387463.005   387533.009   387562.005   387565.009
   535:   388642.001   391858.018   392074.003   392080.016   392130.026
   540:   392340.005   393126.009   393147.005   393259.009   393282.005
   545:   393431.009   393440.005   393446.009   393530.005   394401.009
   550:   394816.001   397671.003   398951.001   402167.018   402208.003
   555:   402214.016   402264.026   402346.005   402805.009   403111.005
   560:   403117.009   403167.005   403174.009   403208.005   403368.009
   565:   404048.001   407067.003   408037.001   411253.018   411278.003
   570:   411284.016   411334.026   411396.005   411958.009   412157.005
   575:   412313.009   412401.005   412435.009   412439.005   412858.009
   580:   413716.001   413994.003   414077.001   417075.003   417146.001
   585:   417372.003   417801.001   417901.003   418438.001   421654.018
   590:   422147.003   422153.016   422203.026   422311.005   422899.009
   595:   423037.005   423046.009   423090.005   423201.009   423212.005
   600:   423278.009   423701.001   426917.018   428045.003   428051.016
   605:   428101.026   428228.005   429502.009   433286.005   433718.009
   610:   434279.001   437495.018   437509.003   437515.016   437565.026
   615:   437567.017   437585.001   437599.003   437670.005   438110.009
   620:   438155.005   438619.009   438672.005   438695.009   438807.005
   625:   438949.009   439650.001   439760.003   439777.001   439901.003
   630:   439943.001   439983.003   440073.001   443272.003   445053.001
   635:   448591.018   449230.003   449236.016   449286.026   449370.005
   640:   450140.009   450170.005   450376.009   450442.005   450462.009
   645:   451232.001   453501.003   453515.001   454811.003   455744.001
   650:   458762.003   459782.001   459816.003   460442.001   460518.003
   655:   460536.001   463715.003   464821.005   464972.009   465240.001
   660:   468778.018   469443.003   469449.016   469499.026   469568.005
   665:   470256.009   470266.005   470457.009   470553.005   470579.009
   670:   471516.001   471601.003   471640.001   471795.003   471863.001
   675:   472592.003   472627.001   475579.003   476489.001   479091.003
   680:   479714.001   482479.003   483663.001   486866.003   487491.001
   685:   487738.003   487771.001   490761.003   491018.001   493348.003
   690:   493960.001   497498.018   497838.003   497844.016   497894.026
   695:   497942.005   498804.009   498853.005   499171.009   499177.005
   700:   499456.009   499465.005   500616.009   501117.005   501340.009
   705:   501762.001   502021.003   502055.001   505593.018   507045.003
   710:   507051.016   507101.026   507234.005   507594.009   507976.005
   715:   508271.009   509221.005   509603.009   510614.001   514152.018
   720:   514598.003   514604.016   514654.026   514678.001   514693.003
   725:   514787.005   515633.009   515948.005   516034.009   517273.001
   730:   517831.003   517953.001   517968.003   518240.001   521778.018
   735:   522676.003   522682.016   522732.026   522835.005   523507.009
   740:   523642.005   523679.009   523740.005   523875.009   523908.005
   745:   523941.009   523985.005   524164.009   524488.001   524940.003
   750:   524966.001   528504.018   531038.003   531044.016   531094.026
   755:   531238.005   531904.009   531910.005   531926.009   532183.005
   760:   532211.009   532427.005   532435.009   532504.005   532556.009
   765:   532579.005   532706.009   532728.005   532812.009   536829.005
   770:   536914.009   537452.001   540990.018   541462.003   541468.016
   775:   541518.026   541620.005   542015.009   542043.005   542058.009
   780:   542076.005   542334.009   542367.005   542408.009   542521.005
   785:   542577.009   543353.001   543443.003   543461.001   543566.003
   790:   543793.001   547331.018   547541.003   547547.016   547597.026
   795:   547777.005   548137.009   548171.005   548182.009   550530.001
   800:   553754.003   554862.005   555050.009   555348.005   555450.009
   805:   555680.001   556105.003   556147.001   559685.018   559993.003
   810:   559999.016   560049.026   560154.005   560779.009   560973.005
   815:   561054.009   561635.001   561862.003   561926.001   561950.003
   820:   562064.001   564915.003   565599.001   569137.018   570288.003
   825:   570294.016   570344.026   570436.005   571111.009   571260.005
   830:   571269.009   572012.001   575550.018   576546.003   576552.016
   835:   576602.026   576761.005   577201.009   577284.005   577831.009
   840:   577854.005   577982.009   578012.005   578015.009   578074.005
   845:   578092.009   578579.005   578624.009   578641.005   578693.009
   850:   578707.005   578744.009   578761.005   578778.009   578824.005
   855:   578829.009   578853.005   578870.009   579508.001   583046.018
   860:   584380.003   584386.016   584436.026   584438.017   584734.005
   865:   585654.009   585656.005   585683.009   586353.005   586580.009
   870:   587685.001   591576.018   592497.003   592503.016   592553.026
   875:   592657.005   593036.009   593043.005   593272.009   593298.005
   880:   593373.009   593415.005   593426.009   593504.005   593536.009
   885:   593904.001   597795.018   599334.003   599340.016   599390.026
   890:   599583.005   600075.009   600092.005   600143.009   600155.005
   895:   600615.009   600679.005   600696.009   600719.005   603169.009
   900:   603227.005   603231.009   603646.001   607537.018   608116.003
   905:   608122.016   608172.026   608174.017   608346.005   609518.009
   910:   610396.001   614676.018   615026.003   615032.016   615081.001
   915:   615082.026   615230.003   615314.005   615954.009   615978.005
   920:   616175.009   616199.005   616217.009   616896.005   616999.009
   925:   617481.001   617604.003   617653.001   617682.003   617884.001
   930:   622021.003   623009.005   623100.009   623230.005   623255.009
   935:   623530.001   627412.003   629251.001   632672.003   633364.001
   940:   636252.003   638477.001   638910.003   638930.001   642278.003
   945:   643056.005   643161.009   643197.005   643198.009   643268.005
   950:   643311.009   643535.001   647365.003   647875.001   652091.003
   955:   652622.005   652684.009   653933.005   654274.009   654667.001
   960:   658947.018   658992.003   658998.016   659048.026   659143.005
   965:   659917.009   659971.005   660075.009   660650.005   660714.009
   970:   660742.005   660825.009   661195.001   664050.003   664497.001
   975:   668359.003   668949.001   669214.003   669239.001   671892.003
   980:   672093.001   674635.003   675554.001   678878.003   679426.001
   985:   679446.003   679523.001   679566.003   679582.001   679614.003
   990:   680642.001   684285.003   684628.001   684646.003   684806.001
   995:   684912.003   685853.001   690133.018   690389.003   690395.016
  1000:   690445.026   690666.005   691192.009   691219.005   691383.009
  1005:   691385.005   691435.009   691463.005   691597.009   691630.005
  1010:   691641.009   693370.005   693876.009   693890.005   693933.009
  1015:   694256.001   697402.003   698085.001   702365.018   702515.003
  1020:   702521.016   702571.026   702748.005   703476.009   703507.005
  1025:   703527.009   703603.005   703621.009   704113.005   704236.009
  1030:   704635.005   704678.009   704693.005   704759.009   708381.001
  1035:   712661.018   712824.003   712830.016   712880.026   712921.001
  1040:   713001.003   713005.005   713794.009   713806.005   713818.009
  1045:   713926.005   713978.009   714011.005   714015.009   714799.001
  1050:   714881.003   715068.001   718925.003   719499.001   723779.018
  1055:   724703.003   724709.016   724759.026   724903.005   725452.009
  1060:   725455.005   725637.009   725650.005   725830.009   726002.005
  1065:   726028.009   726062.005   726135.009   726274.005   726321.009
  1070:   726353.005   726569.009   726608.005   726793.009   726811.005
  1075:   727013.009   727047.005   727060.009   727984.001   728093.003
  1080:   728138.001   732289.003   732933.001   736175.003   736757.001
  1085:   737040.003   737771.001   737968.003   737991.001   742271.018
  1090:   742546.003   742552.016   742602.026   742666.005   743364.009
  1095:   743406.005   743409.009   743572.005   743615.009   743664.005
  1100:   743711.009   743737.005   743809.009   743876.005   744085.009
  1105:   744601.001   748881.018   748954.003   748960.016   749010.026
  1110:   749148.005   750393.009   752309.005   752325.009   752340.005
  1115:   752386.009   752401.005   752409.009   752455.005   752477.009
  1120:   752530.005   752731.009   752748.005   752771.009   753237.001
  1125:   757272.003   758085.001   762365.018   762758.003   762764.016
  1130:   762814.026   762885.005   763612.009   763620.005   763637.009
  1135:   763675.005   763779.009   763791.005   763828.009   763977.005
  1140:   764201.009   764210.005   764218.009   764294.005   764337.009
  1145:   764428.005   764461.009   765192.001   768701.003   769350.001
  1150:   769448.003   769503.001   773783.018   774140.003   774146.016
  1155:   774196.026   774365.005   774687.009   787073.005   787124.009
  1160:   801255.005   801349.009   801742.001   802151.003   802772.005
  1165:   802812.009   802823.005   803032.009   821587.005   821614.009
  1170:   821645.005   821773.009   822045.001   825081.003   825347.001
  1175:   829627.018   830194.003   830200.016   830250.026   830325.005
  1180:   830765.009   830778.005   830817.009   830857.005   830936.009
  1185:   830950.005   831016.009   831045.005   831260.009   832473.005
  1190:   832518.009   832940.001   833054.003   833122.001   837402.018
  1195:   837628.003   837634.016   837684.026   837747.005   838805.009
  1200:   838852.005   839000.009   839065.005   839149.009   839250.005
  1205:   839474.009   840059.001   843406.003   843643.001   843776.003
  1210:   844315.001   848595.018   850020.003   850026.016   850076.026
  1215:   850260.005   851052.009   851086.005   851116.009   851184.005
  1220:   851407.009   852775.005   852792.009   853218.001   857498.018
  1225:   857573.003   857579.016   857629.026   857823.005   858254.009
  1230:   858285.005   858598.009   858646.005   858660.009   858756.005
  1235:   858876.009   858955.005   859108.009   859173.005   859231.009
  1240:   860360.001   864640.018   866326.003   866332.016   866382.026
  1245:   866384.017   866636.005   867532.009   867707.005   867738.009
  1250:   867755.005   867818.009   869331.001   873092.003   873510.001
  1255:   878218.018   878650.003   878656.016   878706.026   878790.005
  1260:   879552.009   879580.005   879831.009   879885.005   879901.009
  1265:   880790.005   880845.009   881396.001   886104.018   887805.003
  1270:   887811.016   887861.026   887961.005   888521.009   888554.005
  1275:   888989.009   889014.005   889066.009   889233.005   889412.009
  1280:   890476.001   894988.003   895715.001   900423.018   900833.003
  1285:   900839.016   900889.026   900968.005   901696.009   901736.005
  1290:   901798.009   901810.005   901839.009   902042.005   902054.009
  1295:   902318.005   902368.009   904698.005   904722.009   905118.001
  1300:   909826.018   910202.003   910208.016   910258.026   910385.005
  1305:   910943.009   911241.005   911382.009   911588.005   911626.009
  1310:   911719.005   911849.009   911915.005   911986.009   912539.001
  1315:   917247.018   918726.003   918732.016   918782.026   918784.017
  1320:   919014.005   919840.009   919852.005   919884.009   919934.005
  1325:   920250.009   920279.005   920567.009   920618.005   920642.009
  1330:   921052.001   925534.003   926873.001   930886.003   933024.005
  1335:   933155.009   933190.005   933201.009   933296.005   933331.009
  1340:   933625.001   937706.003   938283.005   938367.009   938814.001
  1345:   943274.003   945155.005   945236.009   945383.005   945805.009
  1350:   946148.001   949655.003   950463.001   953472.003   954343.001
  1355:   954400.003   954433.001   957641.003   958399.001   962348.003
  1360:   962966.005   963091.009   963585.005   963652.009   964087.001
  1365:   968698.003   969216.001   972351.003   975187.005   975279.009
  1370:   975375.005   975477.009   975503.005   975786.009   976338.001
  1375:   980274.003   980958.001   985662.003   986105.005   986920.009
  1380:   986940.005   986947.009   986959.005   987391.009   991184.005
  1385:   991214.009   991790.005   991804.009   992444.001   993200.003
  1390:   993251.001   997203.003   997813.001  1002639.003  1003591.001
  1395:  1006784.003  1008121.001  1008221.003  1008255.001  1008270.003
  1400:  1008302.001  1010734.003  1011140.005  1011364.009  1026755.005
  1405:  1026763.009  1026789.005  1026818.009  1056065.005  1056073.009
  1410:  1056798.001  1060944.003  1061216.001  1064402.003  1066123.005
  1415:  1066170.009  1067648.005  1067681.009  1068006.001  1071429.003
  1420:  1082203.005  1082238.009  1082248.005  1082293.009  1082352.005
  1425:  1082561.009  1084060.001  1088011.003  1088558.001  1088644.003
  1430:  1088676.001  1092654.003  1093848.005  1094471.009  1094786.001
  1435:  1095118.003  1095164.001  1099395.003  1099810.005  1100344.009
  1440:  1100699.001  1103856.003  1104231.005  1105678.009  1141370.001
  1445:  1146370.018  1146659.003  1146665.016  1146715.026  1146767.001
  1450:  1146793.003  1146820.005  1147709.009  1147974.005  1147983.009
  1455:  1148004.005  1148058.009  1155197.005  1155281.009  1155305.005
  1460:  1155424.009  1155957.001  1158632.003  1159257.001  1161674.003
  1465:  1162022.001  1164394.003  1165349.005  1165585.009  1185580.005
  1470:  1185760.009  1185825.005  1185875.009  1186437.001  1190196.003
  1475:  1191009.005  1191239.009  1197748.005  1197764.009  1198311.001
  1480:  1202152.003  1202647.005  1202712.009  1203328.005  1203377.009
  1485:  1203392.005  1203630.009  1203980.001  1204038.003  1204083.001
  1490:  1207613.003  1208115.005  1208265.009  1257540.001  1260415.003
  1495:  1260680.001  1263571.003  1264148.001  1267205.003  1268903.001
  1500:  1271586.003  1271990.005  1272221.009  1322629.001  1325458.003
  1505:  1326278.005  1326379.009  1342038.005  1342059.009  1342099.005
  1510:  1342215.009  1342322.005  1342337.009  1343668.001  1347142.003
  1515:  1361838.005  1361885.009  1361901.005  1362159.009  1362191.005
  1520:  1362741.009  1363409.001  1367670.003  1368330.005  1368456.009
  1525:  1368532.005  1368780.009  1369260.005  1369261.009  1369764.001
  1530:  1373840.003  1374332.001  1378379.003  1380116.005  1380595.009
  1535:  1384372.005  1384381.009  1384734.005  1385261.009  1385595.001
  1540:  1390332.003  1390997.001  1394451.003  1394887.005  1395148.009
  1545:  1395632.005  1395812.009  1396184.001  1399256.003  1401655.005
  1550:  1401695.009  1401885.005  1401902.009  1401919.005  1402653.009
  1555:  1402698.005  1402774.009  1403153.005  1403693.009  1404015.001
  1560:  1408770.003  1409349.005  1409451.009  1409482.005  1409956.009
  1565:  1410364.001  1414543.003  1415123.001  1420123.018  1420329.003
  1570:  1420335.016  1420385.026  1420490.005  1420769.009  1421136.005
  1575:  1421822.009  1424314.005  1424452.009  1424478.005  1425733.009
  1580:  1426531.001  1430542.003  1431723.001  1435701.003  1436412.001
  1585:  1440578.003  1441297.001  1444138.003  1444356.001  1447647.003
  1590:  1448374.001  1448640.003  1448991.005  1449377.009  1449705.005
  1595:  1450750.009  1451192.001  1455320.003  1455869.005  1459307.009
  1600:  1459322.005  1460306.009  1460391.005  1461623.009  1462326.001
  1605:  1466980.003  1467901.001  1472248.003  1472696.005  1473506.009
  1610:  1473538.005  1474037.009  1480975.005  1481110.009  1481170.005
  1615:  1481289.009  1481413.005  1481705.009  1481996.001  1486447.003
  1620:  1486993.001  1491143.003  1492235.001  1492257.003  1492284.001
  1625:  1495919.003  1496626.005  1496686.009  1496693.005  1496698.009
B:
     0:        0.000      336.000        0.000      336.000        0.000
     5:      381.000        0.000        0.000        0.000      381.000
    10:        0.000        1.000        0.000        1.000        0.000
    15:        0.000       63.000        5.000       63.000        0.000
    20:        0.000        0.000        0.000        0.000        0.000
    25:        0.000       63.000        0.000        0.000        0.000
    30:        0.000
D:
     0:  3482899.000  3479265.000  3482900.000
E:
     0:     3215.500     5000.000
T:
     0:        0.000        0.000        0.000        0.000
W:
     0:        0.000        0.000        0.000
