File: C:\MED-PC IV\Data\Reyes\AW\AW050.999


Start Date: 08/11/24
End Date: 08/11/24
Subject: 50
Experiment: AW
Group: PERC
Box: 6
Start Time: 15:31:41
End Time: 16:21:41
MSN: DRRD_perc
C:       0.000
F:       0.000
G:       0.000
H:       0.000
I:       0.000
J:       0.000
K:     500.000
L:       0.000
M:       0.000
N:       0.000
O:       0.000
Q:     433.450
S:     478.351
U:  135903.000
V:       0.000
X:       0.000
Y:    3506.000
Z:       0.000
A:
     0:    15000.013    15000.011    16154.001    16203.003    16439.001
     5:    16497.003    16516.001    16530.003    16847.001    16903.003
    10:    17309.001    17379.003    17709.001    17757.003    18318.001
    15:    18459.003    18716.001    18883.003    19039.001    19176.003
    20:    19473.001    19606.003    20097.001    20237.003    20658.001
    25:    20736.003    21254.001    21358.003    21722.005    21996.009
    30:    22267.001    22302.003    22722.001    22755.003    22965.005
    35:    23291.009    23304.005    23331.009    23539.001    23559.003
    40:    23615.001    23637.003    23696.001    23916.003    24922.001
    45:    25054.003    25284.005    25414.009    25910.001    25949.003
    50:    25983.001    26017.003    26057.001    26111.003    26313.005
    55:    26613.009    27173.001    27296.003    28030.005    28195.009
    60:    28749.001    28781.003    28870.001    28947.003    29276.001
    65:    29311.003    29495.005    29615.009    29980.001    30085.003
    70:    33035.005    33101.009    34322.001    34520.003    35159.001
    75:    35409.018    35597.003    35603.016    35653.026    35793.005
    80:    37066.009    37216.005    37290.009    37636.005    37868.009
    85:    38464.001    38515.003    38666.005    38964.009    39120.005
    90:    39494.009    39807.001    39913.003    40275.001    40399.003
    95:    40556.005    40742.009    40755.005    40796.009    40803.005
   100:    41044.009    41059.005    41062.009    41145.005    41166.009
   105:    41464.001    41498.003    41541.001    41565.003    42916.001
   110:    42966.003    43319.001    43559.003    44539.001    44667.003
   115:    45080.001    45258.003    45289.001    45310.003    45561.001
   120:    45606.003    45636.001    45677.003    46290.001    46386.003
   125:    46528.005    46634.009    46752.005    47112.009    47792.001
   130:    47847.003    47886.001    47963.003    48612.001    48687.003
   135:    48913.001    49142.003    49520.001    49770.018    49886.003
   140:    49892.016    49942.026    50014.005    50548.009    50569.005
   145:    50877.009    51828.005    52204.009    54737.005    54893.009
   150:    54896.005    54950.009    55379.001    55532.003    55847.001
   155:    55877.003    56546.001    56654.003    56838.001    56998.003
   160:    57014.001    57133.003    58044.001    58086.003    58251.001
   165:    58290.003    58769.001    58813.003    58930.001    59097.003
   170:    59707.001    59957.018    60191.003    60197.016    60219.001
   175:    60247.026    60472.003    60974.005    61986.009    62047.005
   180:    62138.009    62146.005    62163.009    62247.005    62334.009
   185:    62906.005    63214.009    63502.005    63626.009    64358.001
   190:    64390.003    64535.005    65088.009    66822.001    66881.003
   195:    67037.005    67144.009    67182.005    67482.009    67788.001
   200:    67817.003    67841.001    67917.003    68679.005    68779.009
   205:    69054.001    69157.003    69630.001    69723.003    69731.017
   210:    69922.001    70157.003    70165.017    70367.001    70508.003
   215:    70553.001    70813.018    70880.003    70886.016    70936.026
   220:    71028.001    71257.003    71565.005    72913.009    72918.005
   225:    72982.009    74172.005    74454.009    74959.001    75000.003
   230:    75051.001    75087.003    75243.005    75596.009    75784.001
   235:    75812.003    75903.001    75925.003    76660.001    76809.003
   240:    77054.001    77119.003    77165.001    77200.003    77532.005
   245:    77627.009    78099.001    78154.003    78195.001    78314.003
   250:    78642.001    78691.003    78717.001    78804.003    79014.005
   255:    79385.009    80152.001    80185.003    80225.001    80246.003
   260:    81006.001    81133.003    81167.001    81197.003    81225.001
   265:    81348.003    81628.001    81649.003    81720.001    81754.003
   270:    82633.001    82651.003    83815.001    84075.018    84202.003
   275:    84208.016    84254.001    84258.026    84288.003    84497.005
   280:    85222.009    85356.005    85373.009    86471.001    86514.003
   285:    87424.001    87447.003    88156.001    88182.003    88339.001
   290:    88417.003    88769.005    89016.009    89172.005    89533.009
   295:    91192.001    91413.003    91753.001    91853.003    91925.001
   300:    92037.003    92416.001    92676.018    92688.003    92694.016
   305:    92729.001    92744.026    93008.018    93116.003    93122.016
   310:    93163.001    93172.026    93183.003    93202.001    93360.003
   315:    93486.005    94249.009    94383.005    94807.009    95228.001
   320:    95296.003    95574.001    95628.003    95667.001    95694.003
   325:    95922.005    96116.009    96712.001    96955.003    97067.001
   330:    97131.003    97694.001    97714.003    97756.001    97840.003
   335:    98694.001    98954.018    98988.003    98994.016    99044.026
   340:    99108.001    99227.003    99388.005   100342.009   101383.001
   345:   101415.003   101493.001   101602.003   101750.005   101957.009
   350:   102049.005   102232.009   103151.005   103228.009   103828.001
   355:   104088.018   104216.003   104222.016   104272.026   104335.001
   360:   104515.003   104523.017   104535.005   105465.009   105504.005
   365:   105551.009   106207.001   106469.018   106535.003   106541.016
   370:   106591.026   106594.017   106597.005   107670.009   110527.005
   375:   110685.009   110988.001   111014.003   111303.001   111369.003
   380:   111392.001   111606.003   112060.001   112086.003   112131.001
   385:   112151.003   112767.001   112941.003   113238.005   113522.009
   390:   114125.001   114146.003   114190.001   114409.003   114427.001
   395:   114553.003   114643.001   114782.003   115141.001   115328.003
   400:   115727.005   115740.009   115753.005   115879.009   117401.001
   405:   117576.003   117627.001   117901.018   118401.003   118407.016
   410:   118457.026   118460.017   118791.005   119526.009   120428.005
   415:   120716.009   120829.005   120866.009   121849.005   121941.009
   420:   124135.001   124183.003   124497.001   124596.003   125033.001
   425:   125113.003   125169.001   125499.003   125507.017   125517.001
   430:   125702.003   126147.001   126473.003   127046.001   127102.003
   435:   127362.005   127662.009   128122.001   128152.003   128307.001
   440:   128665.018   128789.003   128795.016   128809.001   128845.026
   445:   128848.017   128958.003   128966.017   129063.005   129618.009
   450:   130594.001   130639.003   130647.017   130919.005   131144.009
   455:   132328.001   132633.003   132641.017   133096.001   133138.003
   460:   133163.001   133204.003   133299.001   133676.018   133778.003
   465:   133784.016   133834.026   133837.017   133886.005   134487.009
   470:   134528.005   134568.009   135491.001   135542.003   135601.001
   475:   135628.003   135898.005   136127.009   136375.001   136561.003
   480:   136665.001   136673.003   137082.001   137354.003   137374.001
   485:   137453.003   138039.005   138190.009   138640.001   138674.003
   490:   138707.001   138853.003   138889.001   138990.003   139285.001
   495:   139312.003   139355.001   139379.003   139414.001   139812.018
   500:   139997.003   140003.016   140020.001   140053.026   140109.003
   505:   140196.005   140987.009   141676.001   141717.003   141732.001
   510:   141784.003   141828.001   141846.003   141964.001   142362.018
   515:   142580.003   142586.016   142636.026   142663.005   143570.009
   520:   143589.005   143636.009   144135.005   145036.009   146372.005
   525:   146553.009   146577.005   146681.009   147190.001   147278.003
   530:   147306.001   147441.003   147460.001   147591.003   147985.001
   535:   148011.003   148036.001   148064.003   148495.001   148893.018
   540:   148997.003   149003.016   149033.001   149053.026   149117.003
   545:   149136.001   149319.003   149743.001   149877.003   149962.005
   550:   150783.009   151319.005   151336.009   151506.005   151674.009
   555:   153256.005   153575.009   153616.005   153948.009   154489.005
   560:   154554.009   155305.001   155312.003   156176.001   156369.003
   565:   156425.001   156724.003   156760.001   157030.003   157061.001
   570:   157094.003   157119.001   157159.003   157214.001   157243.003
   575:   157561.005   157739.009   157780.005   158028.009   158601.001
   580:   158999.018   159277.003   159283.016   159333.026   159441.005
   585:   160120.009   160146.005   160506.009   160668.005   160703.009
   590:   161413.005   161516.009   162918.001   163143.003   163366.005
   595:   163579.009   163606.005   163611.009   164056.001   164110.003
   600:   164146.001   164184.003   164355.001   164410.003   164458.001
   605:   164537.003   164966.001   164994.003   165024.001   165051.003
   610:   165090.001   165488.018   165496.003   165502.016   165552.026
   615:   165597.001   165721.003   165910.005   166614.009   167617.001
   620:   167648.003   168261.001   168395.003   168624.001   168874.003
   625:   168907.001   169057.003   169089.001   169462.003   169536.001
   630:   169604.003   169644.001   169797.003   170293.001   170322.003
   635:   170690.001   170917.003   171313.005   171410.009   171604.005
   640:   171611.009   171631.005   172083.009   172086.005   172098.009
   645:   172343.005   172604.009   172957.001   172980.003   173010.001
   650:   173023.003   173557.001   173622.003   174077.005   174273.009
   655:   178294.005   178348.009   179324.001   179372.003   179435.001
   660:   179801.003   180206.001   180604.018   180882.003   180888.016
   665:   180938.026   181115.005   181731.009   182636.001   182760.003
   670:   182938.005   183194.009   183968.001   184005.003   184721.001
   675:   185119.018   185155.003   185161.016   185211.026   185333.005
   680:   186265.009   186284.005   186340.009   187185.001   187240.003
   685:   187276.001   187336.003   187546.005   187873.009   187889.005
   690:   188341.009   189272.005   189305.009   190790.001   190816.003
   695:   190828.001   191027.003   191256.001   191341.003   191691.001
   700:   191850.003   191920.001   192282.003   192421.001   192533.003
   705:   192613.001   192681.003   192702.001   192767.003   192779.001
   710:   193177.018   193205.003   193211.016   193261.026   193452.005
   715:   194045.009   196197.005   196278.009   196283.005   196292.009
   720:   196324.005   196629.009   196706.005   196710.009   197544.001
   725:   197559.003   198361.001   198440.003   198487.001   198567.003
   730:   199242.001   199331.003   199646.001   200044.018   200128.003
   735:   200134.016   200145.001   200184.026   200390.003   200523.005
   740:   201398.009   201469.005   201490.009   202663.001   202795.003
   745:   202824.001   203066.003   203313.005   203610.009   204692.001
   750:   204720.003   204749.001   205147.018   205193.003   205199.016
   755:   205214.001   205249.026   205339.003   205475.005   206162.009
   760:   206200.005   206345.009   206349.005   206441.009   206716.005
   765:   206812.009   207182.001   207202.003   208012.005   208081.009
   770:   208671.001   208826.003   208991.001   209389.018   209759.003
   775:   209765.016   209815.026   209818.017   209906.005   210436.009
   780:   210445.005   210460.009   210497.005   210564.009   210882.001
   785:   210991.003   211042.001   211110.003   211327.001   211726.018
   790:   211941.003   211947.016   211997.026   212000.017   212171.005
   795:   212602.009   213342.001   213639.003   213647.017   213869.001
   800:   213900.003   214252.001   214275.003   214320.001   214378.003
   805:   214693.001   214911.003   215536.001   215688.003   216015.001
   810:   216046.003   216448.001   216565.003   216766.005   217272.009
   815:   217958.001   218082.003   218106.001   218205.003   218469.005
   820:   218564.009   218643.005   218822.009   219104.001   219117.003
   825:   219136.001   219140.003   219161.001   219285.003   219322.001
   830:   219735.003   220240.001   220328.003   221482.001   221570.003
   835:   221739.001   221781.003   221868.001   222143.003   222263.001
   840:   222309.003   223278.005   223301.009   223428.005   223670.009
   845:   224594.001   224772.003   225320.001   225419.003   225453.001
   850:   225599.003   226680.005   226943.009   227531.001   227632.003
   855:   227701.001   227757.003   227841.001   227929.003   228677.001
   860:   228766.003   229562.001   229638.003   230558.001   230587.003
   865:   230621.001   230669.003   230826.001   231004.003   231242.001
   870:   231271.003   231550.005   231783.009   232167.005   232181.009
   875:   232193.005   232201.009   232559.001   232586.003   232807.001
   880:   232941.003   233202.005   233485.009   233870.001   233957.003
   885:   234002.001   234172.003   234270.001   234360.003   234402.001
   890:   234433.003   234457.001   234894.018   235137.003   235143.016
   895:   235159.001   235193.026   235214.003   236009.005   236645.009
   900:   237349.001   237402.003   237575.001   237752.003   237953.005
   905:   238322.009   238445.005   238616.009   238635.005   238646.009
   910:   238977.001   238989.003   239032.001   239433.003   239512.001
   915:   239663.003   240660.001   241097.018   241319.003   241325.016
   920:   241360.001   241375.026   241456.003   241648.005   242238.009
   925:   243339.001   243517.003   243752.001   243884.003   244428.001
   930:   244621.003   245070.001   245122.003   245610.005   245808.009
   935:   248728.001   248763.003   249037.001   249200.003   249247.001
   940:   249317.003   250085.001   250125.003   250167.001   250179.003
   945:   250229.001   250538.003   250643.001   250955.003   250979.001
   950:   250997.003   251405.001   251435.003   253296.001   253339.003
   955:   253367.001   253717.003   253799.001   254010.003   254043.001
   960:   254051.003   254063.001   254500.018   254617.003   254623.016
   965:   254673.026   254682.001   254950.003   255056.005   255739.009
   970:   257560.001   257580.003   257621.001   257672.003   257716.001
   975:   257734.003   257762.001   257776.003   257816.001   257861.003
   980:   258007.001   258142.003   258316.001   258498.003   258540.001
   985:   258574.003   258586.001   258967.003   259484.001   259849.003
   990:   260134.005   260444.009   261155.001   261337.003   261365.001
   995:   261595.003   261652.001   261752.003   262776.005   262938.009
  1000:   262990.005   263242.009   263611.005   263700.009   267812.001
  1005:   268124.003   268191.001   268335.003   268727.001   268766.003
  1010:   268825.001   269262.018   269332.003   269338.016   269388.026
  1015:   269427.001   269529.003   269640.001   269929.003   270135.005
  1020:   270909.009   271350.005   271582.009   271878.001   271912.003
  1025:   272187.001   272332.003   272372.001   272435.003   272660.005
  1030:   273436.009   273476.005   273714.009   274242.001   274270.003
  1035:   274300.001   274330.003   274368.001   274527.003   274834.001
  1040:   274879.003   274907.001   275032.003   275275.005   275384.009
  1045:   275736.001   275752.003   275782.001   276219.018   276627.003
  1050:   276633.016   276657.001   276683.026   276928.003   277162.005
  1055:   277818.009   277833.005   277846.009   277902.005   277938.009
  1060:   279098.001   279111.003   279153.001   279233.003   279544.001
  1065:   279575.003   279675.001   279926.003   280142.005   281211.009
  1070:   282448.005   282481.009   282515.005   282522.009   282611.005
  1075:   282839.009   282840.005   282845.009   287622.001   287765.003
  1080:   287794.001   288017.003   288621.001   288646.003   288661.001
  1085:   288730.003   288769.001   288832.003   288988.001   289148.003
  1090:   289185.001   289619.003   289999.001   290436.018   290617.003
  1095:   290623.016   290673.026   290682.001   290827.005   290835.009
  1100:   290873.003   290971.005   291814.009   292438.005   292464.009
  1105:   293299.001   293335.003   293374.001   293438.003   293874.005
  1110:   294012.009   294672.001   294748.003   294785.001   295057.003
  1115:   295103.001   295282.003   295655.001   296092.018   296339.003
  1120:   296345.016   296354.001   296395.026   296518.003   296649.005
  1125:   297179.009   297184.005   297309.009   298073.005   298273.009
  1130:   298303.005   298309.009   298659.001   298743.003   298858.001
  1135:   299112.003   299607.001   299659.003   300053.001   300099.003
  1140:   300128.001   300174.003   300293.001   300402.003   300868.001
  1145:   301079.003   302014.005   302062.009   302466.001   302682.003
  1150:   302739.001   303139.003   303156.001   303332.003   303394.001
  1155:   303441.003   303875.001   304312.018   304451.003   304457.016
  1160:   304507.026   304842.005   304858.009   305149.005   305733.009
  1165:   305762.005   305775.009   306488.001   306514.003   306674.001
  1170:   306818.003   306846.001   306872.003   306916.001   307099.003
  1175:   307857.005   308033.009   308545.001   308565.003   308596.001
  1180:   308763.003   309064.001   309413.003   309788.005   309987.009
  1185:   310967.001   310991.003   311488.001   311925.018   312626.003
  1190:   312632.016   312682.026   312685.017   312691.001   312898.003
  1195:   313050.005   313837.009   314992.001   315065.003   315676.001
  1200:   315691.003   315720.001   315765.003   315904.001   316105.003
  1205:   316113.017   316223.001   316698.018   317360.003   317366.016
  1210:   317416.026   317419.017   317470.005   318597.009   318649.005
  1215:   318660.009   318673.005   318942.009   318949.005   318954.009
  1220:   319366.001   319477.003   319570.001   319671.003   319716.001
  1225:   320049.003   320782.005   321014.009   321080.005   321108.009
  1230:   321546.001   321623.003   321672.001   322265.018   322641.003
  1235:   322647.016   322697.026   322700.017   322865.005   323604.009
  1240:   323678.005   323684.009   324538.001   324589.003   324597.017
  1245:   325185.001   325291.003   325633.001   325664.003   325883.001
  1250:   326096.003   326104.017   326341.005   327040.009   327884.001
  1255:   328008.003   328016.017   330434.001   330843.003   330851.017
  1260:   330909.001   330988.003   331358.001   332006.018   332412.003
  1265:   332418.016   332468.026   332471.017   333427.005   333442.009
  1270:   333458.005   333807.009   334830.005   334853.009   339979.005
  1275:   340062.009   340351.005   340439.009   349552.005   349565.009
  1280:   349572.005   349863.009   349899.005   349911.009   349918.005
  1285:   349931.009   350125.005   350212.009   352113.001   352836.018
  1290:   352838.003   352844.016   352885.001   352894.026   353114.003
  1295:   353217.005   353915.009   354264.005   354328.009   355207.001
  1300:   355356.003   355976.001   356007.003   356054.001   356142.003
  1305:   356189.001   356546.003   356567.001   357023.003   357052.001
  1310:   357080.003   357138.001   357338.003   357466.001   357510.003
  1315:   357601.001   357888.003   358370.005   358613.009   364694.005
  1320:   364726.009   367497.005   367524.009   367528.005   367652.009
  1325:   369824.005   370187.009   373174.001   373190.003   373405.001
  1330:   373444.003   373635.005   373896.009   374538.001   374556.003
  1335:   374670.001   374851.003   375770.001   376139.003   376340.001
  1340:   376513.003   376648.001   376714.003   376785.001   377202.003
  1345:   377679.005   377815.009   378726.001   379382.003   379450.001
  1350:   379483.003   382584.005   382632.009   382700.005   382728.009
  1355:   383553.005   383713.009   395997.001   396227.003   396601.001
  1360:   397251.003   398122.001   398459.003   398574.001   398819.003
  1365:   399049.001   399077.003   399160.001   399199.003   399570.001
  1370:   399829.003   399856.001   399967.003   400689.001   400776.003
  1375:   400889.001   401118.003   401261.005   401525.009   402204.001
  1380:   402908.003   402977.001   403164.003   403195.001   403240.003
  1385:   403944.005   404129.009   404835.001   405311.003   405757.001
  1390:   405966.003   406581.001   406738.003   406873.001   407596.018
  1395:   407600.003   407606.016   407656.026   407713.005   408427.009
  1400:   408465.005   408481.009   408484.005   408505.009   408655.005
  1405:   408720.009   408764.005   408835.009   409752.005   409829.009
  1410:   410196.005   410219.009   411990.005   412375.009   413304.005
  1415:   413420.009   413632.005   413938.009   423891.001   423931.003
  1420:   423951.001   423999.003   424217.001   424317.003   424992.001
  1425:   425216.003   425562.005   425762.009   426114.001   426837.018
  1430:   426914.003   426920.016   426970.026   426981.001   427257.003
  1435:   427285.001   427681.003   428119.005   428170.009   428241.005
  1440:   428735.009   436496.005   436502.009   436540.005   436557.009
  1445:   436560.005   436598.009   439637.001   439821.003   440173.005
  1450:   440365.009   440704.001   441355.003   442381.001   442779.003
  1455:   442858.001   442918.003   442936.001   443245.003   448448.005
  1460:   448494.009   448582.005   448826.009   449865.001   450053.003
  1465:   451112.001   451548.003   452059.001   452097.003   452584.001
  1470:   452648.003   452719.001   453244.003   453475.001   454011.003
  1475:   454817.001   455540.018   455750.003   455756.016   455806.026
  1480:   456379.005   456862.009   456879.005   457097.009   458546.001
  1485:   458688.003   459083.001   459189.003   459224.001   459678.003
  1490:   460225.005   460242.009   460264.005   460463.009   461415.001
  1495:   461630.003   463352.005   463372.009   464782.001   464955.003
  1500:   465300.001   465411.003   466427.001   466452.003   466516.001
  1505:   466839.003   467840.001   468490.003   469458.001   469972.003
  1510:   470856.001   471561.003   472160.001   472604.003   473879.001
  1515:   474252.003   475085.001   475294.003   475981.005   476343.009
  1520:   477028.001   477613.003   478326.001   478345.003   478412.001
  1525:   478645.003   479472.001   479492.003   479599.001   479945.003
  1530:   480132.001   480562.003   481285.001   481628.003   481869.001
  1535:   481916.003   482687.001   482826.003   482894.001   483470.003
  1540:   483495.001   483685.003   483966.001   484065.003   484090.001
  1545:   484580.003   485000.001   485687.003   486235.005   486348.009
  1550:   486473.005   487040.009   488900.001   488948.003   489206.005
  1555:   489208.009   490110.001   490833.018   490889.003   490895.016
  1560:   490945.026   490977.005   492047.009   492057.005   492064.009
  1565:   492723.005   492827.009   492840.005   492927.009   493432.001
  1570:   493524.003   493988.005   494225.009   494638.005   494666.009
  1575:   498925.005   498975.009   499017.005   499116.009   499759.001
  1580:   500113.003   500142.001   500196.003   500668.001   500713.003
  1585:   500846.001   500905.003   501072.001   501500.003   501953.005
  1590:   501998.009   502011.005   502160.009   502367.005   502572.009
  1595:   502597.005   502700.009   504021.001   504105.003   504252.001
  1600:   504659.003   505347.001   505968.003   506269.005   506522.009
  1605:   507873.005   507899.009   507916.005   507930.009   516019.005
  1610:   516063.009   516388.005   516659.009   519400.001   519563.003
  1615:   519576.001   519918.003   520317.001   520353.003   521825.005
  1620:   522456.009   524564.001   524618.003   524712.001   525316.003
  1625:   526026.001   526749.018   527128.003   527134.016   527184.026
  1630:   527327.005   528744.009   528763.005   528787.009   531402.001
  1635:   531433.003   533576.005   533799.009   535435.001   535839.003
  1640:   536006.001   536196.003   536946.001   537347.003   537830.001
  1645:   537880.003   538315.005   538788.009   539418.001   539435.003
  1650:   539964.001   540001.003   541408.001   541460.003   542035.001
  1655:   542755.003   542818.001   543121.003   543915.001   544505.003
  1660:   544539.001   544903.003   545156.005   545164.009   545179.005
  1665:   545465.009   545912.001   545940.003   546165.001   546888.018
  1670:   547016.003   547022.016   547072.026   547448.005   548317.009
  1675:   552543.001   552665.003   553431.005   553509.009   554940.001
  1680:   555663.018   555665.003   555671.016   555721.026   555801.005
  1685:   556684.009   556686.005   556743.009   556752.005   556798.009
  1690:   558456.001   558717.003   558796.001   558850.003   559350.005
  1695:   559486.009   560033.001   560082.003   560113.001   560143.003
  1700:   560776.001   560942.003   562016.001   562054.003   562917.001
  1705:   563640.018   563667.003   563673.016   563723.026   563854.005
  1710:   565212.009   566986.001   567016.003   569461.001   570077.003
  1715:   570271.001   570410.003   571290.001   571470.003   571922.001
  1720:   572645.018   572960.003   572966.016   573016.026   573101.005
  1725:   573827.009   574693.005   575086.009   575617.001   575731.003
  1730:   577046.001   577455.003   577885.005   577973.009   578386.001
  1735:   578566.003   578957.001   579327.003   579393.001   579519.003
  1740:   579749.001   579758.003   580147.001   580187.003   580298.001
  1745:   581021.018   581026.003   581032.016   581082.026   581389.005
  1750:   582249.009   582408.005   582476.009   583078.001   583151.003
  1755:   583598.001   583970.003   584802.001   585426.003   585472.001
  1760:   585504.003   586428.001   586538.003   587626.005   587646.009
  1765:   587663.005   587924.009   588577.001   588608.003   588646.001
  1770:   588984.003   589628.001   589694.003   589880.001   590385.003
  1775:   590469.001   590545.003   591142.001   591164.003   591261.001
  1780:   591852.003   591961.001   592075.003   592762.001   592776.003
  1785:   592832.001   592942.003   592984.001   593333.003   593439.001
  1790:   593502.003   593533.001   593658.003   599174.001   599530.003
  1795:   599577.001   599882.003   600438.001   600601.003   600802.001
  1800:   601103.003   601166.001   601202.003   601265.001   601384.003
  1805:   602308.001   602408.003   602472.001   602634.003   605277.005
  1810:   605372.009   605383.005   605391.009   605487.005   605562.009
  1815:   606008.001   606339.003   607066.001   607175.003   607279.001
  1820:   607446.003   607578.001   608112.003   608473.005   608807.009
  1825:   609130.001   609201.003   609248.001   609450.003   609519.001
  1830:   609680.003   610277.001   610430.003   610509.001   610586.003
  1835:   610690.001   611265.003   611815.001   611915.003   612126.001
  1840:   612849.018   612951.003   612957.016   613007.026   613118.005
  1845:   613869.009   614771.001   614888.003   615053.001   615076.003
  1850:   615104.001   615110.003   615121.001   615128.003   615890.001
  1855:   616176.003   616661.001   616902.003   617443.001   617752.003
  1860:   618154.001   618214.003   618688.001   618988.003   619158.005
  1865:   619492.009   620695.001   620979.003   621556.005   621582.009
  1870:   621872.001   622252.003   622490.001   623170.003   623539.005
  1875:   623758.009   624260.001   624983.018   625252.003   625258.016
  1880:   625308.026   625412.005   626354.009   626369.005   626410.009
  1885:   626458.005   626463.009   627183.001   627269.003   627756.001
  1890:   627788.003   627828.001   628541.003   629343.001   629931.003
  1895:   632903.001   633494.003   633547.001   633673.003   634570.001
  1900:   634768.003   635487.001   636210.018   636825.003   636831.016
  1905:   636881.026   636941.005   638065.009   638104.005   638286.009
  1910:   638296.005   638320.009   639708.001   640051.003   640059.017
  1915:   640251.005   640631.009   641766.001   641799.003   641864.001
  1920:   642315.003   642323.017   643119.001   643858.018   643923.003
  1925:   643929.016   643979.026   643982.017   644085.005   645031.009
  1930:   646010.001   646252.003   646260.017   646856.001   646947.003
  1935:   647114.001   647508.003   647516.017   648399.001   648586.003
  1940:   648807.001   649171.003   649179.017   649534.001   649819.003
  1945:   649845.001   650234.003   650366.001   650434.003   650485.001
  1950:   650627.003   651083.005   651380.009   651872.001   651919.003
  1955:   651984.001   652095.003   652119.001   652898.018   653015.003
  1960:   653021.016   653071.026   653185.005   653733.009   653856.005
  1965:   654082.009   654713.001   654731.003   655500.001   655652.003
  1970:   655688.001   655777.003   656294.001   656344.003   656423.001
  1975:   656640.003   656913.005   657217.009   657600.001   657639.003
  1980:   657687.001   658466.018   658685.003   658691.016   658741.001
  1985:   658741.026   658839.003   658946.005   659995.009   660029.005
  1990:   660038.009   662584.001   662907.003   663531.001   663566.003
  1995:   663605.001   663701.003   663955.001   663966.003   664086.001
  2000:   664253.003   665788.005   665869.009   667102.001   667522.003
  2005:   667677.001   667744.003   668432.001   668449.003   668512.001
  2010:   668616.003   670050.001   670169.003   671676.005   672067.009
  2015:   673364.001   673405.003   673420.001   673556.003   673702.001
  2020:   673770.003   674070.001   674287.003   674347.001   674409.003
  2025:   674954.001   675400.003   675919.001   676258.003   676602.001
  2030:   676790.003   676816.001   677297.003   677886.001   678373.003
  2035:   678928.001   678958.003   678974.001   679467.003   679476.001
  2040:   679645.003   680535.001   681097.003   681489.001   681884.003
  2045:   681930.001   682126.003   682671.001   683006.003   683097.005
  2050:   683496.009   683865.001   683979.003   684088.001   684218.003
  2055:   684269.001   684924.003   685604.001   686359.003   686587.001
  2060:   687184.003   687802.001   687945.003   688007.001   688559.003
  2065:   689246.001   690025.018   690270.003   690276.016   690326.026
  2070:   690331.001   690655.003   691073.005   691750.009   691765.005
  2075:   691995.009   693064.001   693394.003   693427.001   693838.003
  2080:   694142.005   694368.009   694910.001   695655.003   696011.001
  2085:   696022.003   696623.001   696642.003   696724.001   696859.003
  2090:   696965.001   697203.003   697292.001   697303.003   697556.001
  2095:   697628.003   697663.001   697900.003   698890.001   699021.003
  2100:   699105.001   699332.003   699383.001   699581.003   700414.001
  2105:   700762.003   700866.001   701566.003   702176.001   702499.003
  2110:   702740.005   703048.009   703401.001   703491.003   703591.001
  2115:   704055.003   704119.001   704216.003   704770.001   704795.003
  2120:   704840.001   705573.003   706123.001   706302.003   708149.005
  2125:   708258.009   709082.001   709116.003   709195.001   709974.018
  2130:   710253.003   710259.016   710309.026   710551.005   711273.009
  2135:   711316.005   711414.009   712739.001   712963.003   713053.001
  2140:   713413.003   714034.001   714138.003   714660.001   714679.003
  2145:   715478.001   715660.003   715728.001   716089.003   716117.001
  2150:   716417.003   716929.005   716943.009   716957.005   717052.009
  2155:   717096.005   717714.009   718192.001   718225.003   718398.001
  2160:   718424.003   719267.005   719518.009   719836.001   719886.003
  2165:   719935.001   720714.018   720790.003   720796.016   720846.026
  2170:   721103.005   721936.009   726612.005   726632.009   728166.001
  2175:   728193.003   728603.001   728668.003   728749.001   728867.003
  2180:   728912.001   729006.003   729069.001   729547.003   729996.001
  2185:   730342.003   730376.001   731035.003   731811.001   732246.003
  2190:   733039.001   733328.003   733542.001   733927.003   736398.001
  2195:   736818.003   737227.001   737684.003   738235.005   738260.009
  2200:   738290.005   738309.009   738317.005   738372.009   754107.005
  2205:   754249.009   764969.001   764985.003   765503.005   765531.009
  2210:   766530.001   766640.003   766807.001   767022.003   767592.001
  2215:   768082.003   769029.001   769193.003   769252.001   769325.003
  2220:   769501.001   770140.003   770874.001   771653.018   771673.003
  2225:   771679.016   771729.026   771824.005   772522.009   774670.005
  2230:   774837.009   779559.005   779728.009   781734.001   781757.003
  2235:   781788.001   781860.003   781931.001   782310.003   783174.001
  2240:   783204.003   783226.001   783307.003   783428.001   783643.003
  2245:   783680.001   784459.018   784482.003   784488.016   784538.026
  2250:   784722.005   785334.009   787610.001   787884.003   788757.005
  2255:   788920.009   789419.001   789464.003   789483.001   789628.003
  2260:   789869.001   790648.018   790750.003   790756.016   790806.026
  2265:   791034.005   791866.009   793450.001   793720.003   794308.001
  2270:   794343.003   794449.001   794567.003   794963.001   795023.003
  2275:   795085.001   795264.003   795733.001   796018.003   796156.001
  2280:   796175.003   796307.001   797026.003   797394.001   797574.003
  2285:   798321.005   798330.009   798804.001   798886.003   799517.001
  2290:   799829.003   799857.001   799961.003   800913.001   800942.003
  2295:   800964.001   801427.003   801504.001   801571.003   802468.001
  2300:   802883.003   803036.001   803640.003   804159.001   804408.003
  2305:   804582.001   805360.003   805379.001   805663.003   806015.001
  2310:   806340.003   806368.001   806629.003   807017.001   807796.018
  2315:   808075.003   808081.016   808131.026   808244.005   808988.009
  2320:   811784.001   812292.003   812426.001   812435.003   812968.001
  2325:   813242.003   813334.001   813843.003   814400.001   814805.003
  2330:   814919.001   815478.003   816122.001   816901.018   817079.003
  2335:   817085.016   817135.026   817163.001   817224.003   817295.005
  2340:   818075.009   819130.001   819260.003   819297.001   819867.003
  2345:   820373.001   820765.003   820808.001   820890.003   821877.001
  2350:   822656.018   823321.003   823327.016   823377.026   823380.017
  2355:   823577.005   824465.009   824509.005   824547.009   825311.001
  2360:   825605.003   825659.001   826488.003   826496.017   826639.001
  2365:   826656.003   827240.001   828097.018   828370.003   828376.016
  2370:   828426.026   828429.017   828510.005   829341.009   829374.005
  2375:   830050.009   830068.005   830100.009   830134.005   830149.009
  2380:   830226.005   830303.009   830332.005   830354.009   831463.001
  2385:   831751.003   832430.001   832560.003   832590.001   833283.003
  2390:   833832.001   833858.003   833886.001   834178.003   834331.001
  2395:   834991.003   836331.001   836361.003   836596.001   836627.003
  2400:   836671.001   836733.003   837451.001   837467.003   837511.001
  2405:   837544.003   837564.001   837784.003   838263.001   838952.003
  2410:   839423.005   839690.009   839737.005   839760.009   840373.001
  2415:   840642.003   840708.001   840740.003   840760.001   841165.003
  2420:   841724.001   842003.003   842012.001   842110.003   842172.001
  2425:   842781.003   843517.001   843616.003   843706.001   844030.003
  2430:   845019.001   845063.003   845172.001   845480.003   845510.001
  2435:   845687.003   848314.001   848413.003   849081.005   849297.009
  2440:   849609.001   849802.003   849879.001   849931.003   849963.001
  2445:   850159.003   850252.001   850319.003   850864.001   850892.003
  2450:   850908.001   851257.003   851814.001   852075.003   853185.001
  2455:   853519.003   853673.001   853727.003   853763.001   853829.003
  2460:   853955.001   854581.003   855088.001   855288.003   855945.001
  2465:   855993.003   856003.001   856381.003   856448.001   857188.003
  2470:   857615.005   858098.009   858411.001   858661.003   858685.001
  2475:   858724.003   858770.001   859280.003   859557.001   859722.003
  2480:   859803.001   860038.003   860067.001   860223.003   860259.001
  2485:   860616.003   860781.001   861227.003   861258.001   861417.003
  2490:   862155.001   862196.003   862225.001   862432.003   862696.001
  2495:   863125.003   864013.005   864158.009   865702.001   866027.003
  2500:   866450.001   866562.003   868290.001   868725.003   868853.005
  2505:   869148.009   869183.005   869201.009   870061.001   870111.003
  2510:   870968.001   871237.003   871976.001   872304.003   872405.001
  2515:   872626.003   872778.001   872835.003   872864.001   873311.003
  2520:   874049.001   874194.003   874783.001   874982.003   875598.001
  2525:   876094.003   876784.001   876853.003   877087.001   877264.003
  2530:   877867.001   877995.003   878046.001   878200.003   879150.005
  2535:   879712.009   879742.005   879777.009   895799.001   895839.003
  2540:   896609.001   896663.003   896707.001   896737.003   897231.001
  2545:   897448.003   897660.001   897995.003   898238.001   898407.003
  2550:   899260.001   899565.003   899858.001   900004.003   900085.001
  2555:   900840.003   900935.001   900971.003   901619.001   901678.003
  2560:   901732.001   902101.003   902120.001   902642.003   903283.005
  2565:   903613.009   904225.001   904258.003   904316.001   904891.003
  2570:   905828.001   905894.003   906033.001   906678.003   907035.005
  2575:   907079.009   909288.001   909398.003   910720.001   910829.003
  2580:   910881.001   911041.003   911273.001   911320.003   911375.001
  2585:   911552.003   912504.005   912551.009   912612.005   912731.009
  2590:   914998.005   915031.009   915105.005   915114.009   932911.001
  2595:   932986.003   933464.001   933764.003   934614.001   934784.003
  2600:   934827.001   935582.003   937561.005   937600.009   937625.005
  2605:   937635.009   937639.005   937807.009   951398.005   951448.009
  2610:   966547.005   966569.009   966586.005   966607.009   966659.005
  2615:   966676.009   966713.005   966739.009   966759.005   966959.009
  2620:   966969.005   966973.009   966984.005   967218.009   967699.005
  2625:   967723.009   968134.005   968175.009   970447.005   970635.009
  2630:   971631.001   971749.003   972471.001   972553.003   972596.001
  2635:   972850.003   972930.001   973236.003   973259.001   974020.003
  2640:   974339.005   974639.009   975111.001   975136.003   976588.001
  2645:   976954.003   977013.001   977042.003   977130.001   977261.003
  2650:   977559.001   977705.003   980519.001   980539.003   981054.001
  2655:   981771.003   982056.005   982231.009   982851.001   983066.003
  2660:   983976.001   984375.003   984991.001   985340.003   985588.001
  2665:   985654.003   985955.001   986591.003   986630.001   986694.003
  2670:   988622.005   988786.009   999959.005  1000048.009  1058158.005
  2675:  1058483.009  1076800.005  1076821.009  1097411.005  1097612.009
  2680:  1097670.005  1097715.009  1097841.005  1097853.009  1108958.005
  2685:  1108975.009  1109785.005  1109866.009  1109965.005  1111994.009
  2690:  1112046.005  1112272.009  1114186.005  1115188.009  1115211.005
  2695:  1116858.009  1119004.005  1119337.009  1119471.005  1121696.009
  2700:  1122204.005  1122495.009  1122538.005  1122758.009  1151191.005
  2705:  1151463.009  1152723.001  1152878.003  1153480.005  1153759.009
  2710:  1154866.001  1155160.003  1155215.001  1155365.003  1155423.001
  2715:  1156140.003  1157089.001  1157367.003  1158526.001  1159284.003
  2720:  1160585.001  1160824.003  1161100.001  1161117.003  1161245.001
  2725:  1161748.003  1162540.001  1163157.003  1164020.001  1164061.003
  2730:  1164167.001  1164243.003  1164532.001  1165306.003  1165944.001
  2735:  1166212.003  1166962.001  1167020.003  1167053.001  1167588.003
  2740:  1168226.001  1168645.003  1169156.005  1169185.009  1169245.005
  2745:  1169264.009  1169348.005  1169376.009  1169875.001  1170574.003
  2750:  1171287.001  1171423.003  1175620.001  1175888.003  1175942.001
  2755:  1176171.003  1176768.001  1176909.003  1177471.001  1177638.003
  2760:  1177750.001  1177870.003  1178898.001  1179793.018  1179923.003
  2765:  1179929.016  1179979.026  1180089.005  1181440.009  1181456.005
  2770:  1181578.009  1181605.005  1181631.009  1181660.005  1181693.009
  2775:  1181795.005  1181868.009  1181912.005  1181958.009  1182053.005
  2780:  1182128.009  1182164.005  1182195.009  1184921.005  1184950.009
  2785:  1185818.005  1186263.009  1189780.005  1189813.009  1191936.001
  2790:  1192086.003  1192212.001  1192523.003  1193308.005  1194878.009
  2795:  1196264.005  1196286.009  1201663.005  1201714.009  1204807.001
  2800:  1205215.003  1205689.001  1206284.003  1206789.001  1207230.003
  2805:  1207272.001  1207546.003  1208946.001  1209360.003  1210756.001
  2810:  1210834.003  1210953.001  1211113.003  1211200.001  1211517.003
  2815:  1212673.001  1212778.003  1213569.001  1213757.003  1213919.001
  2820:  1214075.003  1215128.001  1215241.003  1215618.001  1215860.003
  2825:  1217651.005  1217674.009  1217708.005  1217730.009  1217746.005
  2830:  1217906.009  1218392.001  1218431.003  1218765.001  1218935.003
  2835:  1219021.001  1219225.003  1219256.001  1219476.003  1219937.001
  2840:  1220832.018  1221092.003  1221098.016  1221148.026  1221351.005
  2845:  1221895.009  1224494.001  1224600.003  1225338.001  1225566.003
  2850:  1226050.001  1226122.003  1226435.001  1226488.003  1227109.001
  2855:  1227390.003  1227820.001  1228715.018  1228990.003  1228996.016
  2860:  1229046.026  1229158.005  1230487.009  1230812.005  1231425.009
  2865:  1232645.001  1232833.003  1232926.001  1233821.018  1233870.003
  2870:  1233876.016  1233926.026  1234050.005  1235499.009  1235529.005
  2875:  1235726.009  1236276.005  1236456.009  1237654.001  1237906.003
  2880:  1238637.005  1238646.009  1238688.005  1238702.009  1239238.001
  2885:  1239509.003  1239628.001  1239938.003  1240032.001  1240264.003
  2890:  1242048.001  1242390.003  1242469.001  1242702.003  1242807.001
  2895:  1242864.003  1243263.001  1243395.003  1243646.001  1243958.003
  2900:  1244083.001  1244213.003  1244603.001  1244641.003  1245190.001
  2905:  1245424.003  1245532.001  1245915.003  1246411.001  1246572.003
  2910:  1246776.001  1246838.003  1247239.005  1247270.009  1247347.005
  2915:  1247468.009  1248578.001  1249473.018  1249869.003  1249875.016
  2920:  1249925.026  1249997.005  1251022.009  1251034.005  1251076.009
  2925:  1251635.005  1251685.009  1251696.005  1252291.009  1252294.005
  2930:  1252347.009  1253615.001  1254510.018  1254679.003  1254685.016
  2935:  1254735.026  1254884.005  1255722.009  1255746.005  1255884.009
  2940:  1257086.001  1257218.003  1257432.001  1257794.003  1258691.001
  2945:  1258742.003  1258834.001  1259729.018  1259850.003  1259856.016
  2950:  1259906.026  1259970.005  1261873.009  1262075.005  1262352.009
  2955:  1263592.001  1263816.003  1263921.001  1264816.018  1265095.003
  2960:  1265101.016  1265151.026  1265190.005  1266277.009  1266325.005
  2965:  1266460.009  1268402.001  1268524.003  1268876.001  1269573.003
  2970:  1269737.005  1270021.009  1270402.001  1270515.003  1271012.001
  2975:  1271117.003  1271945.001  1272206.003  1272226.001  1272981.003
  2980:  1273711.001  1273869.003  1274525.001  1274692.003  1275254.001
  2985:  1275960.003  1275995.001  1276519.003  1277054.005  1277377.009
  2990:  1278173.001  1279068.018  1279314.003  1279320.016  1279370.026
  2995:  1279373.017  1279409.005  1280476.009  1281749.001  1281965.003
  3000:  1281973.017  1282138.001  1282280.003  1282336.001  1282406.003
  3005:  1282920.005  1283161.009  1283701.001  1284642.018  1285105.003
  3010:  1285111.016  1285161.026  1285206.005  1286260.009  1286281.005
  3015:  1286475.009  1286521.005  1286527.009  1287597.001  1288070.003
  3020:  1288098.001  1288479.003  1288495.001  1288552.003  1289480.001
  3025:  1289534.003  1289654.001  1289766.003  1290919.005  1291267.009
  3030:  1291302.005  1291324.009  1291699.001  1291958.003  1292029.001
  3035:  1292494.003  1293547.001  1294253.003  1295013.001  1295954.018
  3040:  1296112.003  1296118.016  1296168.026  1296232.005  1297327.009
  3045:  1298253.001  1298417.003  1298526.001  1299095.003  1299568.001
  3050:  1299604.003  1299701.001  1299905.003  1299959.001  1300900.018
  3055:  1300934.003  1300940.016  1300990.026  1301093.005  1303151.009
  3060:  1303170.005  1303195.009  1303206.005  1303517.009  1307110.005
  3065:  1307120.009  1308360.001  1309301.018  1309353.003  1309359.016
  3070:  1309409.026  1309464.005  1310686.009  1310768.005  1310902.009
  3075:  1311311.005  1311358.009  1311862.001  1312017.003  1312121.001
  3080:  1312835.003  1313903.001  1314844.018  1314900.003  1314906.016
  3085:  1314956.026  1315008.005  1315977.009  1317934.001  1318216.003
  3090:  1318338.001  1318931.003  1319638.001  1319663.003  1319735.001
  3095:  1320535.003  1321343.001  1321494.003  1321712.001  1322193.003
  3100:  1322850.005  1323141.009  1323598.001  1323698.003  1323801.001
  3105:  1323967.003  1324054.001  1324168.003  1324212.001  1324368.003
  3110:  1324419.001  1324542.003  1324740.001  1324891.003  1325268.005
  3115:  1325450.009  1325832.001  1325846.003  1325993.001  1326460.003
  3120:  1326502.001  1326766.003  1327102.001  1327372.003  1327601.001
  3125:  1328035.003  1328584.001  1328925.003  1328954.001  1329260.003
  3130:  1329268.001  1329589.003  1330405.001  1330749.003  1330798.001
  3135:  1331333.003  1332056.005  1332068.009  1332607.001  1332682.003
  3140:  1332948.001  1333011.003  1333048.001  1333167.003  1333275.001
  3145:  1333680.003  1334602.001  1334839.003  1334920.001  1335314.003
  3150:  1335388.001  1335534.003  1335661.001  1335673.003  1336554.005
  3155:  1337118.009  1337127.005  1337157.009  1337693.001  1337932.003
  3160:  1338010.001  1338465.003  1338532.001  1339100.003  1339723.001
  3165:  1340118.003  1340175.001  1340579.003  1340677.001  1341016.003
  3170:  1341691.001  1341868.003  1342068.001  1342311.003  1343309.001
  3175:  1343480.003  1343572.001  1343760.003  1343909.001  1344384.003
  3180:  1345091.001  1345778.003  1347298.001  1347448.003  1347601.001
  3185:  1348081.003  1348943.001  1349647.003  1350355.001  1350456.003
  3190:  1350674.001  1351615.018  1351874.003  1351880.016  1351930.026
  3195:  1352130.005  1352852.009  1352872.005  1352950.009  1354146.001
  3200:  1354415.003  1354537.001  1354602.003  1354680.001  1354982.003
  3205:  1355733.001  1356444.003  1356558.001  1356737.003  1357309.001
  3210:  1357681.003  1357776.001  1358056.003  1359164.001  1359183.003
  3215:  1359802.001  1359925.003  1360675.001  1360706.003  1361305.001
  3220:  1361780.003  1363016.001  1363109.003  1363439.005  1363783.009
  3225:  1365145.001  1365511.003  1365898.001  1366384.003  1366445.001
  3230:  1366942.003  1367588.001  1367795.003  1368326.001  1369267.018
  3235:  1369364.003  1369370.016  1369419.001  1369420.026  1369429.003
  3240:  1369517.005  1370241.009  1370256.005  1370323.009  1370356.005
  3245:  1370361.009  1372798.005  1372880.009  1372969.005  1372985.009
  3250:  1373408.001  1373622.003  1373725.001  1374412.003  1374502.001
  3255:  1374833.003  1375292.001  1376207.003  1376645.001  1376953.003
  3260:  1377339.001  1377617.003  1377989.005  1378348.009  1378359.005
  3265:  1378418.009  1378902.001  1379011.003  1379089.001  1379138.003
  3270:  1379257.001  1379350.003  1379428.001  1380155.003  1380944.001
  3275:  1381002.003  1381089.001  1381476.003  1382319.005  1382546.009
  3280:  1382901.001  1382924.003  1383197.001  1383499.003  1383557.001
  3285:  1384016.003  1384170.001  1384287.003  1384490.001  1384521.003
  3290:  1385081.001  1385337.003  1385469.001  1386021.003  1386264.001
  3295:  1386630.003  1387323.001  1388223.003  1388919.001  1389401.003
  3300:  1390012.001  1390815.003  1391339.001  1391845.003  1393033.001
  3305:  1393053.003  1394223.001  1394468.003  1394605.001  1394888.003
  3310:  1394909.001  1395013.003  1395048.001  1395056.003  1395119.001
  3315:  1395519.003  1395823.001  1395888.003  1396357.001  1397025.003
  3320:  1397508.001  1397819.003  1397957.001  1398370.003  1398475.001
  3325:  1398545.003  1399863.001  1400151.003  1402159.001  1402423.003
  3330:  1403990.001  1404242.003  1404723.005  1404831.009  1404925.005
  3335:  1405295.009  1425599.001  1425615.003  1425646.001  1426102.003
  3340:  1426669.001  1427123.003  1427255.001  1427695.003  1428301.001
  3345:  1429242.018  1429573.003  1429579.016  1429629.026  1429794.005
  3350:  1430582.009  1430627.005  1430942.009  1430992.005  1431023.009
  3355:  1432078.001  1432981.003  1433652.001  1433946.003  1434004.001
  3360:  1434050.003  1434085.001  1434150.003  1434195.001  1434911.003
  3365:  1435859.005  1435951.009  1435961.005  1435973.009  1436031.005
  3370:  1436034.009  1436651.001  1436840.003  1436929.001  1437572.003
  3375:  1438480.001  1439047.003  1439190.005  1439481.009  1439497.005
  3380:  1439582.009  1440056.001  1440243.003  1440295.001  1441095.003
  3385:  1442120.001  1442134.003  1442265.001  1442384.003  1442412.001
  3390:  1442453.003  1442515.001  1442628.003  1442698.001  1443392.003
  3395:  1444528.001  1444589.003  1444674.001  1444692.003  1446704.001
  3400:  1446814.003  1447021.001  1447173.003  1447210.001  1447559.003
  3405:  1449399.001  1450289.003  1450343.001  1450440.003  1450517.001
  3410:  1450578.003  1452379.005  1452968.009  1466876.001  1466931.003
  3415:  1467097.001  1467135.003  1468096.001  1468305.003  1469080.001
  3420:  1469221.003  1469691.001  1470432.003  1470453.001  1471041.003
  3425:  1471065.001  1471111.003  1471705.001  1471846.003  1471878.001
  3430:  1472323.003  1473044.001  1473985.018  1474181.003  1474187.016
  3435:  1474237.026  1474516.005  1475269.009  1475304.005  1475546.009
  3440:  1475582.005  1475658.009  1480973.001  1481356.003  1481446.001
  3445:  1481674.003  1482025.001  1482076.003  1482836.005  1482886.009
  3450:  1483019.005  1483051.009  1483058.005  1483116.009  1483551.001
  3455:  1483601.003  1483773.001  1483876.003  1483936.001  1484454.003
  3460:  1484847.005  1485060.009  1485096.005  1485268.009  1485723.001
  3465:  1485791.003  1485887.001  1486784.003  1487212.001  1488153.018
  3470:  1488740.003  1488746.016  1488796.026  1488970.005  1490204.009
  3475:  1490270.005  1490302.009  1490506.005  1490523.009  1490601.005
  3480:  1490614.009  1491684.001  1491807.003  1491988.001  1492200.003
  3485:  1492520.001  1492705.003  1493287.001  1493335.003  1493386.001
  3490:  1493823.003  1494607.001  1495548.018  1496160.003  1496166.016
  3495:  1496216.026  1496260.005  1497376.009  1497444.005  1497567.009
  3500:  1497595.005  1497709.009  1497728.005  1497730.009  1499243.001
  3505:  1499759.003
B:
     0:        0.000     1127.000        0.000     1127.000        0.000
     5:      482.000        0.000        0.000        0.000      482.000
    10:        0.000        1.000        0.000        1.000        0.000
    15:        0.000       84.000       34.000       84.000        0.000
    20:        0.000        0.000        0.000        0.000        0.000
    25:        0.000       84.000        0.000        0.000        0.000
    30:        0.000
D:
     0:  1635661.000  1635146.000  1635662.000
E:
     0:      250.000      940.977
P:
     0:        0.000       49.000       58.000       14.000       56.000
     5:       70.000       48.000      141.000      167.000      137.000
    10:      133.000      140.000       78.000      104.000       35.000
    15:       33.000       20.000       22.000      220.000      132.000
    20:       39.000       34.000       54.000      123.000       32.000
    25:       77.000       35.000      105.000      198.000      438.000
    30:       51.000      106.000      124.000       34.000       24.000
    35:       50.000      240.000      128.000      178.000       21.000
    40:       45.000       41.000       96.000       55.000       77.000
    45:       75.000      229.000      366.000      153.000       30.000
    50:      108.000      160.000      119.000       42.000       39.000
    55:       44.000      167.000      484.000      221.000       32.000
    60:       59.000       29.000       76.000      103.000       93.000
    65:      235.000      141.000      327.000      229.000       41.000
    70:       36.000       28.000       22.000      149.000       65.000
    75:       35.000       55.000      119.000       49.000       87.000
    80:       33.000       21.000      127.000       30.000      123.000
    85:       21.000       34.000       18.000      387.000       26.000
    90:       43.000       23.000       26.000       78.000      221.000
    95:      100.000      112.000      272.000      368.000        7.000
   100:      158.000       68.000       54.000       27.000      243.000
   105:       64.000       20.000       84.000      294.000      119.000
   110:       32.000      109.000      388.000      180.000      328.000
   115:       26.000       66.000      214.000       26.000       20.000
   120:      174.000       21.000      219.000      126.000      139.000
   125:      187.000      175.000      774.000       48.000       99.000
   130:       80.000      330.000      185.000      326.000       56.000
   135:       30.000      482.000      109.000       45.000      305.000
   140:       42.000       41.000      479.000       51.000       27.000
   145:      186.000        8.000      272.000       79.000       34.000
   150:      146.000      101.000       27.000       24.000      583.000
   155:       52.000       41.000       52.000       18.000      616.000
   160:       88.000      135.000      131.000       26.000       28.000
   165:      502.000       60.000      183.000      134.000        7.000
   170:      193.000      299.000      270.000       33.000       40.000
   175:       29.000      676.000      225.000       54.000       38.000
   180:       55.000       79.000       28.000       27.000      406.000
   185:      124.000       31.000      134.000      250.000      150.000
   190:      373.000       68.000      153.000       29.000      227.000
   195:       23.000       13.000       65.000       48.000      366.000
   200:      676.000      124.000       37.000      434.000       55.000
   205:       60.000       26.000      199.000       85.000      159.000
   210:      362.000      112.000       68.000       65.000      426.000
   215:       15.000       79.000       80.000       89.000      482.000
   220:      202.000      132.000      242.000       28.000      444.000
   225:       86.000       20.000      155.000      768.000      109.000
   230:       68.000      614.000      297.000       31.000       23.000
   235:       58.000      218.000      152.000       31.000      117.000
   240:      124.000       99.000       13.000        4.000      124.000
   245:      413.000       88.000       88.000       42.000      275.000
   250:       46.000      178.000       99.000      146.000      101.000
   255:       56.000       88.000       89.000       76.000       29.000
   260:       48.000      178.000       29.000       27.000      134.000
   265:       87.000      170.000       90.000       31.000      680.000
   270:       17.000       53.000      177.000       12.000      401.000
   275:      151.000      659.000       77.000      178.000      132.000
   280:      193.000       52.000       35.000      163.000       70.000
   285:       40.000       12.000      309.000      312.000       18.000
   290:       30.000       43.000      350.000      211.000        8.000
   295:      554.000      268.000       20.000       51.000       18.000
   300:       14.000       45.000      135.000      182.000       34.000
   305:      381.000      365.000      182.000      230.000      100.000
   310:      312.000      144.000       39.000      507.000      102.000
   315:      289.000       34.000      145.000       63.000       28.000
   320:       30.000      159.000       45.000      125.000       16.000
   325:      845.000      241.000       13.000       80.000       31.000
   330:      251.000      143.000      223.000       25.000       69.000
   335:       63.000      160.000      434.000      618.000      191.000
   340:       36.000       64.000       76.000      272.000      179.000
   345:      684.000      119.000       84.000      254.000       52.000
   350:       46.000       46.000      109.000      211.000      216.000
   355:      400.000      176.000       47.000      576.000       26.000
   360:      144.000       26.000      183.000       20.000      167.000
   365:      349.000       24.000     1138.000      207.000       73.000
   370:       15.000       45.000      201.000     1137.000      111.000
   375:      101.000      333.000       77.000      969.000       51.000
   380:      106.000       31.000      213.000      124.000      409.000
   385:       79.000     1054.000      725.000      216.000      149.000
   390:       31.000       88.000      357.000      456.000       28.000
   395:      200.000       44.000      287.000       16.000       39.000
   400:       18.000      181.000      369.000      173.000       66.000
   405:      417.000      656.000       33.000      230.000      650.000
   410:      337.000      245.000       28.000       39.000      259.000
   415:      111.000       87.000      229.000      704.000      187.000
   420:       45.000      476.000      209.000      157.000      727.000
   425:       40.000       48.000      100.000      224.000      800.000
   430:      276.000      396.000      184.000      651.000      398.000
   435:       60.000      309.000      188.000      436.000       38.000
   440:       64.000      525.000      536.000      933.000      142.000
   445:      106.000      454.000      215.000      173.000      111.000
   450:       25.000      323.000      650.000      514.000      705.000
   455:      444.000      373.000      209.000      585.000       19.000
   460:      233.000       20.000      346.000      430.000      343.000
   465:       47.000      139.000      576.000      190.000       99.000
   470:      490.000      687.000       48.000      779.000       92.000
   475:      354.000       54.000       45.000       59.000      428.000
   480:       84.000      407.000      621.000      163.000      342.000
   485:       36.000       54.000      604.000     1102.000       31.000
   490:      404.000      190.000      401.000       50.000       17.000
   495:       37.000       52.000      720.000      303.000      590.000
   500:      364.000       28.000      851.000      122.000      725.000
   505:      261.000       54.000       49.000       30.000      166.000
   510:       38.000      750.000       30.000      616.000      139.000
   515:      180.000     1038.000      114.000      409.000      180.000
   520:      370.000      126.000        9.000       40.000      728.000
   525:       73.000      372.000      624.000       32.000      110.000
   530:       31.000      338.000       66.000      505.000       76.000
   535:       22.000      591.000      114.000       14.000      110.000
   540:      349.000       63.000      125.000      356.000      305.000
   545:      163.000      301.000       36.000      119.000      100.000
   550:      162.000      331.000      109.000      167.000      534.000
   555:       71.000      202.000      161.000      153.000       77.000
   560:      575.000      100.000      825.000      117.000       23.000
   565:        6.000        7.000      286.000      241.000      309.000
   570:       60.000      300.000      284.000      380.000      680.000
   575:      992.000       86.000       32.000      713.000      588.000
   580:      591.000      126.000      198.000     1338.000      343.000
   585:       33.000      451.000      804.000      242.000       91.000
   590:      394.000      187.000      364.000      285.000      389.000
   595:       68.000      142.000       47.000      111.000      896.000
   600:       18.000      152.000       89.000       50.000      217.000
   605:       39.000      998.000       94.000      323.000       35.000
   610:       96.000       11.000      167.000      420.000       67.000
   615:       17.000      104.000      119.000       41.000      136.000
   620:       68.000      217.000       62.000      446.000      339.000
   625:      188.000      481.000      487.000       30.000      493.000
   630:      169.000      562.000      395.000      196.000      335.000
   635:      114.000      130.000      655.000      755.000      597.000
   640:      143.000      552.000     1024.000      324.000      330.000
   645:      411.000      745.000       11.000       19.000      135.000
   650:      238.000       11.000       72.000      237.000      131.000
   655:      227.000      198.000      348.000      700.000      323.000
   660:       90.000      464.000       97.000       25.000      733.000
   665:      179.000       34.000     1058.000      224.000      360.000
   670:      104.000       19.000      182.000      361.000      300.000
   675:       33.000       26.000       50.000      855.000       27.000
   680:       65.000      118.000       94.000      478.000      346.000
   685:      659.000      435.000      289.000      385.000      420.000
   690:      457.000       16.000      110.000      215.000      490.000
   695:      164.000       73.000      639.000      799.000       23.000
   700:       72.000      379.000       30.000       81.000      215.000
   705:      802.000      274.000       45.000      145.000      881.000
   710:      270.000       35.000      118.000       60.000      179.000
   715:      285.000       19.000      719.000      180.000       82.000
   720:      312.000      104.000       29.000      463.000       67.000
   725:      415.000      604.000      249.000      778.000      284.000
   730:      325.000      261.000     1058.000      508.000        9.000
   735:      274.000      509.000      405.000      559.000      957.000
   740:       61.000      130.000      570.000      392.000       82.000
   745:     1444.000      294.000      829.000       17.000     1130.000
   750:      288.000      130.000      693.000       26.000      292.000
   755:      660.000       30.000       31.000       62.000       16.000
   760:       33.000      220.000      689.000      269.000       32.000
   765:      405.000      279.000       98.000      609.000       99.000
   770:      324.000       44.000      308.000      177.000       99.000
   775:      193.000       52.000      196.000       67.000       28.000
   780:      349.000      261.000      334.000       54.000       66.000
   785:      626.000      200.000       48.000      378.000      740.000
   790:      250.000       39.000      510.000      165.000      235.000
   795:      156.000      357.000      446.000      159.000       41.000
   800:      207.000      429.000      325.000      112.000      435.000
   805:       50.000      269.000      328.000      221.000       57.000
   810:      447.000      145.000      199.000      496.000       69.000
   815:      177.000      128.000      154.000       40.000       54.000
   820:       30.000      217.000      335.000      169.000      305.000
   825:      146.000      755.000       36.000       59.000      369.000
   830:      522.000       33.000      575.000       66.000      645.000
   835:      110.000      109.000      160.000       47.000      177.000
   840:       75.000      300.000      170.000      755.000      118.000
   845:       82.000      254.000      306.000      761.000       25.000
   850:      366.000       29.000      131.000      146.000       20.000
   855:      717.000      215.000      399.000      349.000       66.000
   860:      636.000       64.000      155.000      294.000      150.000
   865:      717.000      278.000      758.000      239.000       17.000
   870:      503.000      617.000       41.000       76.000      774.000
   875:      268.000       58.000      535.000      419.000      699.000
   880:      136.000      268.000      229.000      141.000      167.000
   885:      120.000     1025.000      150.000      311.000      408.000
   890:      595.000      441.000      274.000      414.000       78.000
   895:      160.000      317.000      105.000      188.000      156.000
   900:      113.000      242.000       39.000      170.000      204.000
   905:      220.000     1155.000      106.000      228.000       72.000
   910:       53.000      281.000     1170.000      188.000      944.000
   915:      252.000      271.000      310.000      232.000      342.000
   920:      233.000       57.000      132.000      312.000      130.000
   925:       38.000      234.000      383.000      161.000       62.000
   930:     1291.000     1064.000      132.000      362.000       51.000
   935:     1016.000      224.000     1174.000      122.000      697.000
   940:      113.000      105.000      261.000      755.000      158.000
   945:      167.000      706.000      524.000     1141.000      216.000
   950:      142.000       70.000     1404.000      473.000      381.000
   955:       57.000       54.000      112.000      259.000      465.000
   960:      706.000     1099.000      164.000      569.000       36.000
   965:      204.000      975.000      993.000      155.000      714.000
   970:      997.000      282.000      593.000       25.000      800.000
   975:      151.000      481.000      100.000      166.000      114.000
   980:      156.000      123.000      151.000       14.000      467.000
   985:      264.000      270.000      434.000      341.000      306.000
   990:      320.000      344.000      535.000       75.000       63.000
   995:      119.000      405.000      237.000      394.000      146.000
  1000:       12.000      239.000      455.000      568.000      395.000
  1005:      404.000      339.000      177.000      243.000      171.000
  1010:      188.000      475.000      687.000      150.000      480.000
  1015:      704.000      101.000     1200.000      269.000       65.000
  1020:      302.000      711.000      179.000      372.000      280.000
  1025:       19.000      123.000       31.000      475.000       93.000
  1030:      366.000      486.000      497.000      207.000     1038.000
  1035:        5.000      214.000      687.000      331.000      915.000
  1040:      308.000      278.000      109.000       49.000       93.000
  1045:      727.000       58.000      387.000       23.000      302.000
  1050:      459.000      117.000       31.000      256.000      552.000
  1055:      366.000      900.000      482.000      803.000      506.000
  1060:       20.000      245.000      283.000      104.000        8.000
  1065:      400.000       65.000      668.000      311.000      413.000
  1070:       70.000      288.000      264.000      252.000       16.000
  1075:      456.000      454.000      440.000     1272.000      903.000
  1080:      294.000       46.000       65.000      716.000      189.000
  1085:      643.000      567.000      187.000      800.000       14.000
  1090:      119.000       41.000      113.000      694.000       61.000
  1095:       18.000      110.000      152.000      349.000      890.000
  1100:       97.000       61.000       55.000       38.000      209.000
  1105:      141.000      741.000      588.000       46.000      141.000
  1110:      445.000     1137.000      383.000      228.000       51.000
  1115:       50.000      103.000      518.000       68.000      897.000
  1120:     1528.000      123.000      212.000      185.000       48.000
  1125:      437.000     1553.000      516.000
R:
     0:        1.000   228819.629        0.000
T:
     0:        0.000        0.000        0.000        0.000
W:
     0:        0.000        0.000        0.000
