File: C:\MED-PC IV\Data\Reyes\AW\AW1045.999


Start Date: 08/29/24
End Date: 08/29/24
Subject: 45
Experiment: AW
Group: EXP20
Box: 1
Start Time: 15:13:20
End Time: 16:03:20
MSN: DRRD_exp_20
C:       0.000
F:       0.000
G:       0.000
H:       0.000
I:       0.000
J:       0.000
K:    9242.000
L:       0.000
M:       0.000
N:       0.000
O:       0.000
P:       0.000
Q:       0.000
R:       0.000
S:       0.000
U: 1986981.000
V:       0.000
X:       0.000
Y:     625.000
Z:       0.000
A:
     0:     2177.005     2227.009     2353.005     2681.009     5157.005
     5:     5168.009     5170.005     5401.009     5772.005     6400.009
    10:    12579.005    13427.009    15000.013    15000.011    19133.005
    15:    19203.009    20048.001    20176.003    20231.001    21558.003
    20:    21654.001    21913.003    23014.001    25813.003    26503.001
    25:    26539.003    26546.001    29109.003    30077.001    30111.003
    30:    30161.001    34058.003    34919.001    34954.003    34964.001
    35:    37700.003    37777.001    37865.003    37877.001    38100.003
    40:    51150.005    51177.009    51200.005    51238.009    51244.005
    45:    51618.009    52271.001    52388.003    52446.001    52511.003
    50:    52544.001    54664.003    54675.001    56282.003    56290.001
    55:    57123.003    57142.001    57772.003    57780.001    58194.003
    60:    59066.001    61289.003    61294.001    61659.003    61671.001
    65:    63169.003    63774.005    64119.009    70847.005    72883.009
    70:    75375.001    79631.003    80002.005    80095.009    80427.005
    75:    80619.009   103366.001   103786.003   103859.001   103930.003
    80:   111118.005   111394.009   111976.005   113022.009   113026.005
    85:   113051.009   113065.005   114450.009   115086.005   115551.009
    90:   116082.001   116574.003   116612.001   121233.018   121646.003
    95:   121652.016   121702.026   121820.005   122343.009   122429.005
   100:   122650.009   124363.005   124426.009   126241.001   126436.003
   105:   126481.001   129891.003   129978.001   130078.003   130176.001
   110:   130205.003   130273.001   130480.003   130488.001   130555.003
   115:   130562.001   131906.003   132724.005   134576.009   135552.005
   120:   135786.009   136245.001   136313.003   136360.001   140981.018
   125:   141297.003   141303.016   141353.026   141466.005   142092.009
   130:   142104.005   142114.009   142162.005   142717.009   143242.005
   135:   144267.009   144278.005   144288.009   145051.001   147853.003
   140:   148159.005   148265.009   148467.001   148503.003   148909.001
   145:   149048.003   149055.001   149137.003   149148.001   153108.003
   150:   153684.005   156105.009   157404.001   157698.003   157703.001
   155:   159021.003   159027.001   162724.003   163066.005   163194.009
   160:   163289.005   164547.009   169100.005   169142.009   169144.005
   165:   169319.009   171040.001   171248.003   171267.001   175260.003
   170:   175646.005   175673.009   176037.001   178678.003   179779.005
   175:   182189.009   182569.005   183961.009   184326.005   184608.009
   180:   185181.001   185216.003   185227.001   189848.018   189853.003
   185:   189859.016   189909.026   190023.005   190856.009   190882.005
   190:   191055.009   191059.005   192073.009   193247.001   196382.003
   195:   197423.001   197456.003   200424.005   200439.009   200441.005
   200:   200880.009   200898.005   203700.009   204608.001   204634.003
   205:   204661.001   204681.003   204739.001   204857.003   204859.001
   210:   208175.003   208899.001   212222.003   221832.005   222082.009
   215:   222768.001   223118.003   224070.005   224537.009   225473.001
   220:   227920.003   228001.001   228357.003   228831.001   231209.003
   225:   237162.005   237411.009   246465.005   246634.009   247529.005
   230:   247926.009   248564.001   251785.003   252360.001   255047.003
   235:   255747.005   256129.009   256136.005   256824.009   257298.001
   240:   260429.003   260882.005   261030.009   261303.001   261439.003
   245:   261445.001   264071.003   278916.005   279057.009   281206.005
   250:   281526.009   282270.001   282833.003   283364.005   283878.009
   255:   284291.001   284567.003   284621.001   286512.003   287005.005
   260:   287174.009   287190.005   287377.009   287590.001   287797.003
   265:   287804.001   291215.003   291726.001   294331.003   312141.005
   270:   312239.009   312395.005   312472.009   315561.005   315719.009
   275:   316974.005   316987.009   317724.001   317800.003   317839.001
   280:   318420.003   318432.001   319431.003   319436.001   320905.003
   285:   320918.001   320978.003   320984.001   321355.003   325078.005
   290:   325267.009   325399.005   327501.009   328396.001   330813.003
   295:   331726.005   331873.009   332065.001   332127.003   332419.001
   300:   334626.003   336038.005   336212.009   336299.005   336840.009
   305:   336850.005   338074.009   339591.005   339895.009   340460.001
   310:   340499.003   340512.001   343399.003   344326.001   347460.003
   315:   353590.005   354701.009   355442.001   355816.003   355821.001
   320:   358770.003   359737.005   359831.009   372707.005   373036.009
   325:   374235.001   374454.003   378703.005   378873.009   379200.005
   330:   379902.009   381386.001   383891.003   384245.005   384354.009
   335:   384837.001   387160.003   387188.001   387634.003   394932.005
   340:   397575.009   398779.005   398922.009   404110.005   406357.009
   345:   406708.005   407560.009   408240.005   411611.009   411626.005
   350:   411634.009   413506.001   413720.003   413764.001   414188.003
   355:   414331.005   414555.009   415545.005   415652.009   416264.001
   360:   416510.003   416516.001   418643.003   419464.001   422547.003
   365:   423831.005   423973.009   424148.001   427202.003   427866.005
   370:   427879.009   427885.005   427981.009   429667.001   430016.003
   375:   430032.001   431362.003   431464.001   431515.003   431525.001
   380:   432139.003   441505.005   441641.009   446418.005   448448.009
   385:   449502.005   449576.009   449973.001   450087.003   450149.001
   390:   452229.003   452933.001   455304.003   455793.005   455879.009
   395:   456141.001   458508.003   459265.005   459686.009   460768.001
   400:   464124.003   468562.005   468704.009   517558.005   517568.009
   405:   517576.005   517874.009   521265.005   521420.009   523014.005
   410:   523023.009   523232.005   523452.009   526371.005   526386.009
   415:   526390.005   531171.009   531569.005   531677.009   532300.001
   420:   532384.003   532402.001   532511.003   532571.001   535394.003
   425:   536265.001   536297.003   536342.001   539440.003   553084.005
   430:   553225.009   554766.005   555212.009   565226.005   565531.009
   435:   577754.005   577974.009   578751.001   579028.003   579040.001
   440:   581380.003   582151.001   582210.003   582222.001   582379.003
   445:   582389.001   585246.003   585677.005   585705.009   585717.005
   450:   585896.009   586232.001   589503.003   591277.005   591579.009
   455:   618087.005   618164.009   618259.005   618760.009   620195.001
   460:   621273.003   642540.005   642587.009   644436.005   644635.009
   465:   653536.005   658163.009   659447.005   663719.009   665156.001
   470:   667221.003   668150.001   668167.003   668213.001   670812.003
   475:   671668.005   671956.009   672586.001   675551.003   713458.005
   480:   713628.009   728423.005   728593.009   762323.005   762469.009
   485:   763080.001   763800.003   765063.001   765534.003   765543.001
   490:   766976.003   767491.005   767518.009   767523.005   767597.009
   495:   767615.005   767629.009   767784.005   767834.009   767847.005
   500:   767950.009   768404.005   768909.009   769360.001   769493.003
   505:   769524.001   772283.003   773253.001   773275.003   773328.001
   510:   776635.003   777192.005   777390.009   812322.005   812337.009
   515:   812350.005   812566.009   813495.001   813647.003   813692.001
   520:   816221.003   816446.001   816900.003   817296.001   817530.003
   525:   817680.001   817863.003   818196.005   818285.009   818363.005
   530:   818530.009   818539.005   818560.009   825618.005   826150.009
   535:   826992.001   827456.003   827715.001   829838.003   830179.005
   540:   830315.009   830810.001   830897.003   830950.001   831011.003
   545:   831048.001   834303.003   839384.005   839550.009   868113.005
   550:   868215.009   868449.005   870240.009   870341.005   870358.009
   555:   871245.001   872148.003   872199.001   875150.003   875561.005
   560:   875733.009  1068519.005  1068552.009  1098168.005  1098861.009
   565:  1118945.005  1119062.009  1339046.005  1341350.009  1341391.005
   570:  1342064.009  1347672.005  1347901.009  1354286.005  1354445.009
   575:  1363570.005  1363599.009  1363621.005  1363644.009  1377277.001
   580:  1377910.003  1377947.001  1379275.003  1379769.005  1379804.009
   585:  1380358.001  1380442.003  1380473.001  1382832.003  1383737.001
   590:  1386522.003  1388043.005  1388640.009  1389044.001  1389137.003
   595:  1389176.001  1389226.003  1389227.001  1392703.003  1393371.001
   600:  1396858.003  1397041.005  1397565.009  1409924.005  1409946.009
   605:  1409958.005  1410186.009  1416697.001  1417068.003  1481283.005
   610:  1481410.009  1481834.005  1481874.009  1487959.005  1488186.009
   615:  1489061.001  1489178.003  1489213.001  1490983.003  1491681.005
   620:  1491990.009  1492730.001  1496402.003  1497323.005  1497517.009
B:
     0:        0.000      152.000        0.000      152.000        0.000
     5:      155.000        0.000        0.000        0.000      155.000
    10:        0.000        1.000        0.000        1.000        0.000
    15:        0.000        3.000        0.000        3.000        0.000
    20:        0.000        0.000        0.000        0.000        0.000
    25:        0.000        3.000        0.000        0.000        0.000
    30:        0.000
D:
     0:  3483382.000  3479711.000  3483383.000
E:
     0:     4621.000     4621.000
T:
     0:        0.000        0.000        0.000        0.000
W:
     0:        0.000        0.000        0.000
