File: C:\MED-PC IV\Data\Reyes\AW\AW1043.999


Start Date: 08/29/24
End Date: 08/29/24
Subject: 43
Experiment: AW
Group: LINEAR
Box: 5
Start Time: 14:10:09
End Time: 15:00:09
MSN: DRRD_lin
C:       0.000
F:       0.000
G:       0.000
H:       0.000
I:       0.000
J:       0.000
K:    9000.000
L:       0.000
M:       0.000
N:       0.000
O:       0.000
P:       0.000
Q:       0.000
R:       0.000
S:       0.000
U:   91706.000
V:       0.000
X:       0.000
Y:     472.000
Z:       0.000
A:
     0:    15000.013    15000.011    16285.005    16321.009    16325.005
     5:    16528.009    17687.005    17902.009    18780.001    19775.003
    10:    20071.005    20276.009    20529.001    21195.003    23222.001
    15:    23252.003    23275.001    23614.003    23833.005    23959.009
    20:    28958.001    29433.003    36869.005    36889.009    36961.005
    25:    37179.009    37350.005    37396.009    37826.001    37984.003
    30:    38729.005    39020.009    39206.005    39225.009    39241.005
    35:    39716.009    39731.005    39762.009    39774.005    39793.009
    40:    39940.005    40812.009    41276.005    41304.009    41391.005
    45:    41401.009    41459.005    41522.009    41544.005    42116.009
    50:    42971.001    43512.003    43773.005    43898.009    44089.001
    55:    44511.003    44552.001    44627.003    45400.005    45517.009
    60:    45671.001    45744.003    45755.001    46396.003    46418.001
    65:    46660.003    46703.001    47529.003    48032.001    48069.003
    70:    48131.001    48734.003    48768.001    49185.003    49210.001
    75:    49335.003    49351.001    49437.003    49464.001    50586.003
    80:    50986.005    51108.009    51334.001    51439.003    51451.001
    85:    53804.003    54559.005    54729.009    55530.001    57530.003
    90:    57935.001    60781.003    61166.005    61601.009    61622.005
    95:    61740.009    61970.001    62017.003    62037.001    64545.003
   100:    64563.001    65444.003    65822.005    66139.009    66475.001
   105:    68324.003    68340.001    69520.003    69722.005    69850.009
   110:    69918.005    70014.009    70112.005    70159.009    70166.005
   115:    70323.009    98714.005    98758.009    98894.005    98952.009
   120:    98988.005    99147.009   102193.001   105377.003   105455.001
   125:   106252.003   106982.001   107027.003   107055.001   108255.003
   130:   108268.001   110643.003   112693.005   112728.009   114083.001
   135:   114888.003   114894.001   115674.003   115705.001   117902.003
   140:   118265.005   118375.009   118628.001   119154.003   119287.001
   145:   119915.003   119950.001   120514.003   120537.001   122037.003
   150:   122637.005   123343.009   123678.001   125203.003   125225.001
   155:   127857.003   128572.001   128832.003   129143.005   129255.009
   160:   133967.005   133982.009   133987.005   134243.009   134432.005
   165:   135567.009   135574.005   135600.009   137737.005   137855.009
   170:   138070.005   138326.009   138426.005   138474.009   138728.005
   175:   138967.009   139992.001   140937.003   140961.001   141807.003
   180:   142358.001   142428.003   142447.001   145856.003   146575.005
   185:   146582.009   150978.005   150994.009   151027.005   151070.009
   190:   179342.005   179416.009   179470.005   179596.009   180141.005
   195:   180358.009   186462.001   186882.003   187108.001   187242.003
   200:   202120.005   202160.009   202305.005   203968.009   204349.005
   205:   204369.009   204414.005   205460.009   206942.001   208015.003
   210:   208694.005   209198.009   215818.005   216458.009   216479.005
   215:   216690.009   217238.005   217502.009   245997.005   246063.009
   220:   246133.005   246171.009   246914.005   246979.009   247086.005
   225:   247219.009   247380.005   247401.009   247419.005   247490.009
   230:   247525.005   247567.009   247658.005   247680.009   247704.005
   235:   247846.009   247851.005   247854.009   303847.005   304056.009
   240:   304270.005   304364.009   320759.005   320787.009   320916.005
   245:   320981.009   321110.005   321132.009   321160.005   321179.009
   250:   321203.005   321246.009   321266.005   321308.009   321331.005
   255:   321443.009   321451.005   321511.009   321532.005   321547.009
   260:   321690.005   322668.009   322879.005   322918.009   322955.005
   265:   323601.009   325492.001   326456.003   336593.001   337081.003
   270:   337428.005   337741.009   411166.005   411239.009   411508.005
   275:   411676.009   464676.005   464713.009   465246.005   465365.009
   280:   465370.005   465600.009   465646.005   465669.009   466427.001
   285:   466471.003   470079.001   470132.003   470155.001   470487.003
   290:   470805.005   470860.009   471882.001   472802.003   557473.005
   295:   557514.009   557531.005   557555.009   557571.005   557650.009
   300:   557905.005   557912.009   558066.005   558312.009   558433.005
   305:   558534.009   558559.005   558581.009   558600.005   559001.009
   310:   560941.001   562553.003   609802.005   609805.009   611269.001
   315:   611783.003   612030.005   612484.009   612647.005   613447.009
   320:   613479.005   614634.009   617775.005   617821.009   618437.005
   325:   618610.009   619355.001   619819.003   652644.005   653337.009
   330:   674126.005   674191.009   674292.005   674450.009   674536.005
   335:   675615.009   675916.005   677069.009   706606.005   706784.009
   340:   706989.005   707132.009   707836.005   707936.009   709823.005
   345:   711440.009   711461.005   711546.009   715076.005   715204.009
   350:   715390.005   716674.009   717031.005   717049.009   717125.005
   355:   717787.009   796976.001   797350.003   824841.001   825784.003
   360:   886994.005   887006.009   887253.005   887256.009   887568.005
   365:   887583.009   887615.005   887661.009   887717.005   887766.009
   370:   887864.005   887884.009   888435.001   888810.003   895630.005
   375:   895936.009   912513.005   912647.009   912820.005   912879.009
   380:   912999.005   913124.009   928445.005   928479.009   928508.005
   385:   928688.009   928939.005   929343.009   955531.001   955764.003
   390:   955962.001   956049.003   956072.001   959502.003   966324.005
   395:   966915.009   966986.005   967000.009   984490.005   984932.009
   400:   986508.001   990818.003   991712.005   992091.009   992164.005
   405:   994149.009  1035806.001  1036333.003  1046548.005  1047464.009
   410:  1047500.005  1047503.009  1047505.005  1047511.009  1074572.005
   415:  1074613.009  1075071.001  1076058.003  1076633.005  1076766.009
   420:  1076818.005  1077541.009  1261953.005  1261975.009  1262243.005
   425:  1262249.009  1262819.001  1263114.003  1305714.005  1305739.009
   430:  1305779.005  1305887.009  1306851.001  1307213.003  1396103.005
   435:  1396118.009  1396428.005  1396487.009  1396520.005  1396981.009
   440:  1397021.005  1397084.009  1397096.005  1397695.009  1398450.005
   445:  1398464.009  1398480.005  1398730.009  1450935.005  1451034.009
   450:  1451633.001  1453109.003  1482645.005  1482648.009  1484035.005
   455:  1484050.009  1484057.005  1484345.009  1484362.005  1484367.009
   460:  1484428.005  1484645.009  1485022.005  1485286.009  1490098.001
   465:  1490692.003  1492004.005  1493284.009  1493391.005  1493453.009
   470:  1493621.005  1493737.009
B:
     0:        0.000       72.000        0.000       72.000        0.000
     5:      163.000        0.000        0.000        0.000      163.000
    10:        0.000        1.000        0.000        1.000        0.000
    15:        0.000        0.000        0.000        0.000        0.000
    20:        0.000        0.000        0.000        0.000        0.000
    25:        0.000        0.000        0.000        0.000        0.000
    30:        0.000
D:
     0:  1582397.000  1581804.000  1582398.000
E:
     0:     4500.000     4500.000
T:
     0:        0.000        0.000        0.000        0.000
W:
     0:        0.000        0.000        0.000
