File: C:\MED-PC IV\Data\Reyes\AW\AW1039.999


Start Date: 08/16/24
End Date: 08/16/24
Subject: 39
Experiment: AW
Group: LINEAR
Box: 1
Start Time: 14:35:35
End Time: 15:25:36
MSN: DRRD_lin
C:       0.000
F:       0.000
G:       0.000
H:       0.000
I:       0.000
J:       0.000
K:    5000.000
L:       0.000
M:       0.000
N:       0.000
O:       0.000
P:       0.000
Q:       0.000
R:       0.000
S:       0.000
U:  100895.000
V:       0.000
X:       0.000
Y:    2293.000
Z:       0.000
A:
     0:    15000.013    15000.011    15727.001    15873.003    16128.001
     5:    16582.003    16895.001    17158.003    17582.001    20082.018
    10:    20231.003    20237.016    20285.001    20287.026    20332.003
    15:    20453.005    21059.009    21748.001    22523.003    23121.001
    20:    25004.003    25206.005    25246.009    25529.001    27969.003
    25:    28055.001    28181.003    28247.001    28427.003    28864.001
    30:    31364.018    31719.003    31725.016    31775.026    31797.001
    35:    31831.003    31913.005    32242.009    32756.001    32872.003
    40:    32912.001    33931.003    33952.001    33995.003    34026.001
    45:    34245.003    34467.001    36860.003    37103.001    37279.003
    50:    37364.001    39768.003    40214.001    42539.003    42856.001
    55:    42958.003    43222.001    45486.003    45708.001    48208.018
    60:    49325.003    49331.016    49381.026    49500.005    49971.009
    65:    51231.001    53731.018    53749.003    53755.016    53805.026
    70:    53819.001    53916.003    54187.005    54660.009    55547.001
    75:    56506.003    57115.001    59615.018    59621.003    59627.016
    80:    59677.001    59677.026    59718.003    59842.005    60238.009
    85:    60895.001    60946.003    61037.001    63537.018    63789.003
    90:    63795.016    63845.026    63987.005    64594.009    65905.001
    95:    68346.003    68757.005    69106.009    69516.001    72016.018
   100:    72397.003    72403.016    72448.001    72453.026    72635.003
   105:    72704.005    73268.009    74012.001    76512.018    80008.003
   110:    80014.016    80064.026    80075.001    80101.003    80214.005
   115:    80617.009    81204.001    81264.003    81315.001    83077.003
   120:    83104.001    83313.003    83456.001    85956.018    86029.003
   125:    86035.016    86085.026    86200.005    86974.009    87036.005
   130:    87070.009    87119.005    87176.009    87839.001    89794.003
   135:    89801.001    90213.003    90565.005    91183.009    91186.005
   140:    91355.009    91905.001    94405.018    94754.003    94760.016
   145:    94810.026    94898.005    95359.009    96262.001    98762.018
   150:    98797.003    98803.016    98853.026    98974.005    99475.009
   155:    99498.005    99517.009   100150.001   102477.003   102497.001
   160:   102695.003   102875.001   104577.003   104613.001   104653.003
   165:   104867.001   106082.003   106121.001   106911.003   106951.001
   170:   109451.018   110383.003   110389.016   110421.001   110439.026
   175:   110461.003   110655.005   111039.009   111173.005   111202.009
   180:   111911.001   114256.003   114535.001   114565.003   114652.005
   185:   115111.009   115982.001   118482.018   119232.003   119238.016
   190:   119286.001   119288.026   119369.003   119433.005   119747.009
   195:   120546.001   123046.018   123185.003   123191.016   123241.026
   200:   123271.001   123303.003   123382.005   123795.009   123849.005
   205:   123881.009   124801.001   126912.003   127437.001   129905.003
   210:   129917.001   129973.003   130047.001   130370.003   130599.001
   215:   130621.003   130649.001   130767.003   130942.005   131095.009
   220:   131155.005   131679.009   133164.005   133226.009   133989.001
   225:   135115.003   135977.001   137101.003   137297.005   137625.009
   230:   138534.001   138579.003   139178.001   141678.018   145032.003
   235:   145038.016   145088.026   145191.005   145658.009   145773.005
   240:   145810.009   145871.005   145929.009   147433.001   149449.003
   245:   150079.001   152579.018   153092.003   153098.016   153114.001
   250:   153148.026   153198.003   153271.005   153693.009   153797.005
   255:   153823.009   153937.005   153973.009   154675.001   156976.005
   260:   157047.009   157054.003   157148.005   157400.009   157792.001
   265:   157966.003   158032.001   160532.018   161084.003   161090.016
   270:   161132.001   161140.026   161255.003   161275.005   161636.009
   275:   162555.001   162614.003   162704.001   165204.018   165382.003
   280:   165388.016   165438.026   165612.005   166051.009   166113.005
   285:   166135.009   166909.001   167064.003   167278.001   167320.003
   290:   167481.001   169981.018   170166.003   170172.016   170222.026
   295:   170381.005   170772.009   170797.005   170836.009   170890.005
   300:   170969.009   171933.001   172062.003   172240.001   172421.003
   305:   172486.001   172636.003   172758.001   172818.003   172827.001
   310:   174829.003   174887.001   175080.003   175457.001   177957.018
   315:   178698.003   178704.016   178754.026   178918.005   179377.009
   320:   179655.005   179666.009   179697.005   179749.009   180694.001
   325:   182957.003   183016.001   183325.003   183705.001   184187.003
   330:   184204.001   186704.018   187316.003   187322.016   187372.026
   335:   187526.005   188009.009   188063.005   188077.009   189046.001
   340:   189867.003   189871.001   191850.003   191974.001   192264.003
   345:   192944.001   195444.018   196211.003   196217.016   196267.026
   350:   196454.005   197213.009   197264.005   197279.009   197397.005
   355:   197410.009   197480.005   197525.009   198645.001   200916.003
   360:   200936.001   203436.018   203787.003   203793.016   203843.026
   365:   204001.005   204579.009   204601.005   204615.009   204622.005
   370:   204740.009   205518.001   208018.018   208373.003   208379.016
   375:   208429.026   208584.005   209285.009   210214.001   212714.018
   380:   212855.003   212861.016   212911.026   212913.017   213059.005
   385:   213833.009   213886.005   214089.009   214107.005   214199.009
   390:   215716.001   218466.018   219014.003   219020.016   219051.001
   395:   219070.026   219137.003   219232.005   219691.009   219843.005
   400:   219859.009   220550.001   223153.003   223215.001   223500.003
   405:   223861.001   225566.003   225579.001   226111.003   226212.001
   410:   226524.003   227698.001   227730.003   227828.001   229806.003
   415:   230070.001   230144.003   230406.001   232977.003   233191.005
   420:   233606.009   234567.001   236543.003   236634.001   236716.003
   425:   236754.001   236911.003   237288.001   239193.003   239228.001
   430:   239275.003   239348.001   239591.003   240806.001   243429.003
   435:   244070.001   246820.018   247140.003   247146.016   247196.026
   440:   247422.005   248158.009   248204.005   248240.009   249026.001
   445:   251556.003   252200.001   254950.018   255108.003   255114.016
   450:   255164.026   255287.005   255832.009   255901.005   256254.009
   455:   257381.001   257448.003   257533.001   260283.018   260314.003
   460:   260320.016   260370.026   260537.005   260946.009   260969.005
   465:   260983.009   260996.005   261058.009   262175.001   264789.003
   470:   265077.001   266855.003   267649.001   269940.003   270302.001
   475:   270328.003   270338.001   273088.018   273237.003   273243.016
   480:   273293.026   273301.001   273388.003   273445.005   273941.009
   485:   274020.005   274038.009   275061.001   275142.003   275236.001
   490:   276157.003   276171.001   277258.003   277260.001   277823.003
   495:   278224.001   280728.003   280982.001   281190.003   282021.001
   500:   282238.003   282260.001   284571.003   284624.001   284972.003
   505:   285529.001   288131.003   288171.001   288535.003   289074.001
   510:   291631.003   292550.001   294430.003   294474.001   294964.003
   515:   295574.001   296900.003   296913.001   297427.003   298008.001
   520:   299537.003   299684.001   299945.003   300182.005   300360.009
   525:   301369.001   301464.003   301952.001   302174.003   302201.001
   530:   302372.003   302812.001   305010.003   305397.001   306540.003
   535:   306855.001   307012.003   307626.001   308675.003   308959.001
   540:   309673.003   310269.005   310510.009   310572.005   310620.009
   545:   311410.001   311913.003   312234.001   312488.003   312529.001
   550:   314179.003   316968.001   317160.003   317338.001   317399.003
   555:   317429.001   317642.003   318149.005   318406.009   319937.001
   560:   320070.003   333112.005   333217.009   342287.005   342353.009
   565:   342427.005   342612.009   342613.005   342619.009   343145.001
   570:   343217.003   343740.001   344352.003   344381.001   346383.003
   575:   346412.001   346687.003   347052.001   347471.003   347538.001
   580:   349249.003   349741.001   352243.003   353162.001   353248.003
   585:   353469.005   353631.009   353734.005   353742.009   354377.001
   590:   355907.003   355927.001   356373.003   356822.001   356926.003
   595:   368447.005   368463.009   371994.001   372423.003   372789.005
   600:   372802.009   372812.005   373396.009   374084.001   374234.003
   605:   374251.001   375921.003   375938.001   376332.003   376809.001
   610:   378762.003   379025.001   379158.003   379402.001   381762.003
   615:   381776.001   382176.003   382557.001   385118.003   385676.001
   620:   387525.003   387591.001   388064.003   388091.001   388192.003
   625:   388574.005   388593.009   388873.005   388903.009   389100.005
   630:   389567.009   396059.005   396127.009   398294.001   400044.003
   635:   400108.001   400449.003   400892.001   401423.003   401545.001
   640:   403446.003   403488.001   403535.003   403562.001   403808.003
   645:   404490.001   407240.018   407607.003   407613.016   407663.026
   650:   407787.005   408597.009   408649.005   408768.009   410355.001
   655:   412494.003   412777.001   414509.003   414542.001   414993.003
   660:   415218.001   417423.003   417443.001   417559.003   417899.005
   665:   417998.009   418020.005   418059.009   418556.001   418682.003
   670:   418697.001   421076.003   421206.001   421510.003   422013.001
   675:   424763.018   424912.003   424918.016   424968.026   425131.005
   680:   425634.009   425821.005   425994.009   426010.005   426204.009
   685:   426316.005   426613.009   426622.005   426635.009   426688.005
   690:   426706.009   427327.001   429760.003   429807.001   430109.003
   695:   430344.001   430711.003   431211.001   433961.018   434107.003
   700:   434113.016   434163.026   434165.001   434201.003   434288.005
   705:   434896.009   434926.005   434996.009   435037.005   435050.009
   710:   435131.005   435251.009   435267.005   435301.009   435428.005
   715:   435471.009   436585.001   437777.003   437799.001   439307.003
   720:   439451.001   439657.003   440063.001   442813.018   442826.003
   725:   442832.016   442882.026   443021.005   443885.009   444013.005
   730:   444105.009   444981.001   447310.003   447374.001   447737.003
   735:   448095.001   450845.018   450851.003   450857.016   450907.026
   740:   451072.005   451645.009   451717.005   451735.009   451752.005
   745:   451814.009   452633.001   455221.003   455246.001   455502.003
   750:   455825.001   458575.018   458710.003   458716.016   458756.001
   755:   458766.026   458802.003   458942.005   459642.009   459647.005
   760:   459811.009   459827.005   460115.009   461243.001   463940.003
   765:   463976.001   464002.003   464048.001   464564.003   464701.005
   770:   464894.009   464991.005   465194.009   465215.005   465241.009
   775:   466488.001   466597.003   466637.001   469387.018   470460.003
   780:   470466.016   470516.026   470675.005   471184.009   471406.005
   785:   471456.009   473815.001   473858.003   473964.001   474274.003
   790:   474296.001   476876.003   477025.001   477316.003   477606.001
   795:   480256.003   480335.001   480434.003   480459.001   482555.003
   800:   482736.001   482999.003   483260.001   485599.003   485620.001
   805:   485682.003   485746.001   485808.003   485817.001   486045.003
   810:   486661.001   489411.018   489506.003   489512.016   489526.001
   815:   489562.026   489592.003   489724.005   490416.009   490513.005
   820:   490732.009   490758.005   490817.009   490923.005   491025.009
   825:   491081.005   491096.009   491732.001   494124.003   494219.001
   830:   494484.003   494520.001   494850.003   496208.001   498958.018
   835:   499732.003   499738.016   499788.026   499991.005   501009.009
   840:   501052.005   501119.009   501404.005   501436.009   502544.001
   845:   505235.003   505694.001   505762.003   505793.001   508267.003
   850:   508305.001   508669.003   508983.001   511733.018   511802.003
   855:   511808.016   511858.026   511985.001   512067.005   512231.003
   860:   512676.009   512758.005   512769.009   512771.005   512864.009
   865:   512918.005   512973.009   513826.001   516576.018   517665.003
   870:   517671.016   517721.026   517778.001   517805.003   517855.005
   875:   518705.009   518769.005   518890.009   519920.001   520838.003
   880:   520964.001   523158.003   523313.001   523490.003   523751.001
   885:   526501.018   526749.003   526755.016   526805.026   526992.005
   890:   527407.009   527442.005   527464.009   527587.005   527630.009
   895:   527786.005   528049.009   528116.005   528128.009   529172.001
   900:   529234.003   529378.001   532128.018   532840.003   532846.016
   905:   532869.001   532896.026   533073.005   533092.003   533638.009
   910:   533679.005   533701.009   533725.005   533752.009   533765.005
   915:   533808.009   535129.001   537879.018   538097.003   538103.016
   920:   538153.026   538297.005   538798.009   538848.005   539159.009
   925:   539201.005   539255.009   540448.001   540605.003   540869.001
   930:   542779.003   542824.001   543210.003   543461.001   545964.003
   935:   546069.001   546356.003   546858.001   549251.003   549286.001
   940:   549485.003   550170.001   552920.018   553039.003   553045.016
   945:   553095.026   553269.005   553979.009   555358.001   558108.018
   950:   558206.003   558212.016   558262.026   558471.005   559248.009
   955:   559439.005   559532.009   560492.001   562501.003   562522.001
   960:   562699.003   563101.001   565851.018   565954.003   565960.016
   965:   566010.026   566157.005   567194.009   567233.005   567431.009
   970:   567503.005   567526.009   567561.005   567618.009   568522.001
   975:   568673.003   568858.001   571378.003   571833.001   574447.003
   980:   574935.001   575077.003   575262.001   578012.018   578020.003
   985:   578026.016   578037.001   578076.026   578141.003   578243.005
   990:   578976.009   581988.005   582009.009   582148.005   582175.009
   995:   583991.001   586455.003   586514.001   586549.003   586597.001
  1000:   586869.003   587331.001   590081.018   590939.003   590945.016
  1005:   590995.026   591148.005   591903.009   592364.005   592397.009
  1010:   592438.005   592483.009   593720.001   594342.003   594546.001
  1015:   594624.003   594787.001   595414.003   595448.001   595921.003
  1020:   595987.001   596010.003   596027.001   598345.003   598444.001
  1025:   601194.018   601628.003   601634.016   601684.026   601869.005
  1030:   602583.009   603807.005   603831.009   604849.001   606971.003
  1035:   606991.001   607193.003   607607.001   609705.003   609731.001
  1040:   610020.003   610103.001   610284.003   610385.001   610408.003
  1045:   610470.001   613220.018   613574.003   613580.016   613630.026
  1050:   613757.005   614345.009   615934.001   618365.003   618442.001
  1055:   618673.003   619100.001   620788.003   621738.001   621886.003
  1060:   622001.001   622291.003   622832.001   625186.003   625278.001
  1065:   625389.003   625407.001   625682.003   626130.001   626987.003
  1070:   627018.001   627510.003   627523.001   627896.003   627948.001
  1075:   628158.003   628417.001   629176.003   629193.001   629298.003
  1080:   629349.001   630239.003   630248.001   631815.003   632371.001
  1085:   632544.003   632713.001   635463.018   636777.003   636783.016
  1090:   636833.026   636952.005   637839.009   638001.005   638068.009
  1095:   638075.005   638167.009   638179.005   638268.009   639236.001
  1100:   639755.003   639826.001   641293.003   641304.001   641568.003
  1105:   641860.001   644610.018   644616.003   644622.016   644672.026
  1110:   644781.005   645623.009   645704.005   645762.009   646314.005
  1115:   646349.009   648195.001   650945.018   651227.003   651233.016
  1120:   651283.026   652049.005   652492.009   652535.005   652553.009
  1125:   655978.001   658728.018   658793.003   658799.016   658849.026
  1130:   658851.017   658997.005   659587.009   659611.005   659670.009
  1135:   659684.005   660227.009   660258.005   660286.009   662472.001
  1140:   665472.018   666313.003   666319.016   666369.026   666498.005
  1145:   667138.009   667991.005   668290.009   668347.005   668365.009
  1150:   670019.001   672586.003   672913.001   675545.003   675720.001
  1155:   675774.003   676699.001   679699.018   680059.003   680065.016
  1160:   680115.026   680228.005   681355.009   682236.001   682352.003
  1165:   682366.001   685182.003   685230.001   685681.003   686325.001
  1170:   689325.018   689472.003   689478.016   689528.026   689667.005
  1175:   690242.009   690739.005   690786.009   692025.001   694278.003
  1180:   694476.001   697318.003   697963.001   700963.018   701547.003
  1185:   701553.016   701603.026   701752.005   702335.009   702405.005
  1190:   702521.009   704549.001   706409.003   706449.001   709296.003
  1195:   709542.001   712392.003   712426.001   712651.003   713001.001
  1200:   714986.003   715032.001   715133.003   715194.001   715415.003
  1205:   715745.001   718745.018   719482.003   719488.016   719538.026
  1210:   719673.005   720243.009   745733.001   746004.003   746095.001
  1215:   746293.003   746441.001   747284.003   747326.001   750000.003
  1220:   750407.001   753123.003   753158.001   753550.003   753779.001
  1225:   756779.018   757174.003   757180.016   757230.026   757251.001
  1230:   757381.003   757514.005   758663.009   759686.001   760962.003
  1235:   761226.001   762852.003   762862.001   763047.003   763447.001
  1240:   766447.018   766705.003   766711.016   766761.026   766903.005
  1245:   767379.009   767627.005   767663.009   769072.001   769300.003
  1250:   769422.001   772422.018   772447.003   772453.016   772503.026
  1255:   772703.005   773236.009   773298.005   773336.009   773429.005
  1260:   773466.009   774378.001   777378.018   777488.003   777494.016
  1265:   777544.026   777619.001   777636.003   777767.005   778840.009
  1270:   778931.005   779007.009   780752.001   780946.003   781086.001
  1275:   784086.018   784104.003   784110.016   784160.026   784353.005
  1280:   784773.009   784852.005   784870.009   786695.001   787184.003
  1285:   787240.001   789758.003   789847.001   790101.003   790676.001
  1290:   793676.018   794086.003   794092.016   794142.026   794358.005
  1295:   795231.009   795347.005   795363.009   796861.001   799861.018
  1300:   799914.003   799920.016   799944.001   799970.026   800095.003
  1305:   800227.005   801200.009   802602.001   804979.003   805260.001
  1310:   805878.003   805897.001   808845.003   809075.001   811398.003
  1315:   811505.001   811987.003   812381.001   813002.003   813123.001
  1320:   814622.003   814804.001   815149.003   815768.001   816733.003
  1325:   816836.001   818418.003   818485.001   818530.003   818584.001
  1330:   820624.003   820635.001   821142.003   821223.001   821258.003
  1335:   821283.001   821601.003   821957.001   822787.003   822817.001
  1340:   824817.003   824857.001   825061.003   825564.005   826180.009
  1345:   827221.001   827288.003   827472.001   828037.003   828075.001
  1350:   831075.018   831717.003   831723.016   831773.026   831935.005
  1355:   832851.009   833826.001   836826.018   839083.003   839089.016
  1360:   839139.026   839293.005   840316.009   841586.001   841833.003
  1365:   842072.001   842135.003   842595.001   845595.018   845720.003
  1370:   845726.016   845776.026   845821.001   845848.003   845974.005
  1375:   847135.009   847162.005   847188.009   847194.005   847265.009
  1380:   847399.005   847424.009   849026.001   852026.018   852216.003
  1385:   852222.016   852272.026   852445.005   852920.009   853121.005
  1390:   853154.009   855732.001   858732.018   858811.003   858817.016
  1395:   858867.026   859062.005   859851.009   859875.005   859972.009
  1400:   861725.001   862837.003   863104.001   865836.003   865877.001
  1405:   866112.003   866656.001   867231.003   867283.001   869397.003
  1410:   869553.001   869742.003   870315.001   872989.003   873664.001
  1415:   876664.018   877208.003   877214.016   877264.026   877428.005
  1420:   878870.009   878882.005   878990.009   879008.005   879371.009
  1425:   880740.001   883646.003   883758.001   884214.003   884600.001
  1430:   887351.003   887361.001   887573.003   888322.001   890934.003
  1435:   890949.001   891246.003   893020.001   895691.003   895915.005
  1440:   896319.009   897631.001   900631.018   901846.003   901852.016
  1445:   901902.026   902069.005   903138.009   903222.005   903264.009
  1450:   903303.005   903589.009   904467.001   906945.003   907031.001
  1455:   907119.003   907175.001   907235.003   907618.001   908151.003
  1460:   908162.001   910280.003   910321.001   910550.003   911175.005
  1465:   911324.009   912442.005   912534.009   912585.005   912759.009
  1470:   937110.001   937201.003   937264.001   939372.003   939504.001
  1475:   939577.003   939640.001   941714.003   941849.001   942236.003
  1480:   942554.001   944635.003   944732.001   944992.003   945327.001
  1485:   945732.003   945745.001   948081.003   948112.001   948420.003
  1490:   948799.001   951778.003   951956.001   952126.003   952132.001
  1495:   954940.003   955084.001   955280.003   955550.001   956091.003
  1500:   956123.001   958143.003   958193.001   958492.003   959002.001
  1505:   962002.018   962085.003   962091.016   962141.026   962278.005
  1510:   963154.009   963173.005   963224.009   965452.005   965521.009
  1515:   966697.001   966767.003   966831.001   969831.018   970985.003
  1520:   970991.016   971041.026   971193.005   971790.009   971956.005
  1525:   971986.009   972085.005   972093.009   972108.005   972127.009
  1530:   973070.001   976070.018   977287.003   977293.016   977343.026
  1535:   977517.005   978498.009   981071.001   983373.003   983516.001
  1540:   983564.003   983632.001   983753.003   984122.001   986766.003
  1545:   986907.001   987070.003   987080.001   989093.003   989320.001
  1550:   991415.003   991543.001   991849.003   992151.001   992751.003
  1555:   992795.001   995002.003   995059.001   995107.003   995163.001
  1560:   995392.003   995766.001   998766.018   998839.003   998845.016
  1565:   998895.026   999003.005  1000068.009  1003300.001  1006181.003
  1570:  1006658.001  1009092.003  1009349.001  1009438.003  1009462.001
  1575:  1012110.003  1012530.001  1012955.003  1013010.001  1013557.003
  1580:  1013623.001  1013852.003  1014399.001  1016602.003  1016634.001
  1585:  1016674.003  1016900.001  1017823.003  1017858.001  1017938.003
  1590:  1018081.001  1019727.003  1019886.001  1020071.003  1020558.001
  1595:  1021054.003  1021183.001  1024095.003  1024256.001  1024554.003
  1600:  1024848.001  1026418.003  1026632.001  1026803.003  1027351.001
  1605:  1030351.018  1030427.003  1030433.016  1030483.026  1030607.005
  1610:  1031377.009  1031650.005  1031691.009  1031738.005  1031773.009
  1615:  1031809.005  1031839.009  1031965.005  1031983.009  1033839.001
  1620:  1036486.003  1036607.001  1036847.003  1037650.001  1038097.003
  1625:  1038139.001  1039677.003  1040151.001  1043151.018  1043534.003
  1630:  1043540.016  1043590.026  1043738.005  1044442.009  1044553.005
  1635:  1044648.009  1044665.005  1044694.009  1044871.005  1044904.009
  1640:  1046124.001  1049124.018  1049142.003  1049148.016  1049198.026
  1645:  1049377.005  1050464.009  1050607.005  1050615.009  1050878.005
  1650:  1050983.009  1051056.005  1051120.009  1051188.005  1051201.009
  1655:  1053127.001  1055363.003  1055411.001  1055619.003  1055860.001
  1660:  1058213.003  1058448.001  1060104.003  1060161.001  1060428.003
  1665:  1060956.001  1063714.003  1063953.001  1065799.003  1066132.005
  1670:  1066499.009  1066635.005  1066714.009  1066750.005  1066758.009
  1675:  1066763.005  1066818.009  1066909.005  1066994.009  1068435.001
  1680:  1070859.003  1071438.001  1074438.018  1074753.003  1074759.016
  1685:  1074809.026  1074928.005  1075644.009  1076352.005  1076385.009
  1690:  1077325.001  1077398.003  1077411.001  1077788.003  1077824.001
  1695:  1079628.003  1079758.001  1080110.003  1080391.001  1083131.003
  1700:  1083276.001  1083527.003  1083815.001  1083841.003  1084008.001
  1705:  1086259.003  1086503.001  1088515.003  1088825.001  1090615.003
  1710:  1090919.001  1091102.003  1092118.001  1093758.003  1093852.001
  1715:  1094219.003  1094826.005  1095355.009  1097000.001  1100000.018
  1720:  1100558.003  1100564.016  1100614.026  1100759.005  1101309.009
  1725:  1101336.005  1101436.009  1103018.001  1103391.003  1115507.005
  1730:  1115614.009  1116635.001  1116792.003  1116945.001  1117116.003
  1735:  1117156.001  1117361.003  1117696.001  1117949.003  1118013.001
  1740:  1120627.003  1121029.001  1121253.003  1121324.001  1123874.003
  1745:  1123936.001  1124112.003  1124686.001  1126675.003  1126733.001
  1750:  1127019.003  1127394.001  1127484.003  1127641.001  1130507.003
  1755:  1130736.001  1130972.003  1131636.001  1134636.018  1135576.003
  1760:  1135582.016  1135632.026  1135782.005  1136793.009  1136810.005
  1765:  1136901.009  1136992.005  1137021.009  1137063.005  1137241.009
  1770:  1138990.001  1141405.003  1141491.001  1141543.003  1141621.001
  1775:  1141800.003  1142164.001  1145164.018  1145228.003  1145234.016
  1780:  1145284.026  1145441.001  1145457.005  1145492.003  1146651.009
  1785:  1148325.001  1151053.003  1151357.001  1151600.003  1151979.001
  1790:  1154447.003  1154525.001  1154829.003  1155389.001  1158389.018
  1795:  1159023.003  1159024.001  1159029.016  1159079.026  1159138.003
  1800:  1159236.005  1159743.009  1159839.005  1160271.009  1160319.005
  1805:  1160390.009  1164212.005  1164280.009  1165114.001  1167435.003
  1810:  1167490.001  1167629.003  1167915.001  1170747.003  1170834.001
  1815:  1171119.003  1171507.001  1172114.003  1172147.001  1174874.003
  1820:  1175017.001  1175140.003  1175168.001  1175308.003  1175323.001
  1825:  1177565.003  1177732.001  1178020.003  1178470.001  1181470.018
  1830:  1181952.003  1181958.016  1182008.026  1182132.005  1182645.009
  1835:  1182671.005  1182716.009  1182997.005  1183078.009  1184139.001
  1840:  1185055.003  1185199.001  1185481.003  1185508.001  1187770.003
  1845:  1187905.001  1187944.003  1188096.001  1188247.003  1188273.001
  1850:  1188310.003  1188684.001  1191292.003  1191385.001  1191659.003
  1855:  1192218.001  1194509.003  1194552.001  1194820.003  1195381.001
  1860:  1198050.003  1198270.001  1198357.003  1198419.001  1198631.003
  1865:  1199064.001  1202064.018  1202229.003  1202235.016  1202285.026
  1870:  1202442.005  1203457.009  1203473.005  1203521.009  1205945.001
  1875:  1206068.003  1206298.001  1206751.003  1206802.001  1208088.003
  1880:  1208334.001  1210742.003  1210855.001  1211077.003  1211476.001
  1885:  1214212.003  1214316.001  1214698.003  1215307.001  1217704.003
  1890:  1217854.001  1217958.003  1217976.001  1218273.003  1219933.001
  1895:  1222866.003  1223877.005  1224016.009  1225647.001  1225765.003
  1900:  1225836.001  1227043.003  1227290.005  1227337.009  1227345.005
  1905:  1227377.009  1249210.005  1249273.009  1250029.001  1252662.003
  1910:  1253033.001  1255547.003  1255599.001  1255979.003  1256351.001
  1915:  1256377.003  1256406.001  1259268.003  1259361.001  1259622.003
  1920:  1259994.001  1262541.003  1262593.001  1262661.003  1262666.001
  1925:  1262996.003  1263381.001  1263470.003  1263479.001  1265368.003
  1930:  1265374.001  1265694.003  1266134.001  1268523.003  1268638.001
  1935:  1269163.003  1269516.001  1272457.003  1272572.001  1272938.003
  1940:  1273512.001  1273738.003  1273809.001  1275713.003  1275766.001
  1945:  1275967.003  1276436.001  1276467.003  1276862.001  1279081.003
  1950:  1279098.001  1279607.003  1279905.001  1281508.003  1281611.001
  1955:  1281873.003  1289537.005  1289549.009  1289601.005  1290111.009
  1960:  1290588.001  1290689.003  1290757.001  1293757.018  1294386.003
  1965:  1294392.016  1294442.026  1294472.001  1294498.003  1294584.005
  1970:  1295306.009  1295321.005  1295788.009  1295799.005  1295864.009
  1975:  1296113.005  1296252.009  1296271.005  1296305.009  1296360.005
  1980:  1296413.009  1296537.005  1296548.009  1296602.005  1296633.009
  1985:  1296790.005  1296829.009  1297522.005  1297579.009  1298444.001
  1990:  1298544.003  1298704.001  1299078.003  1299089.001  1299405.003
  1995:  1299453.001  1299648.003  1299697.001  1302697.018  1304724.003
  2000:  1304730.016  1304759.001  1304780.026  1304853.003  1304942.005
  2005:  1306516.009  1307769.001  1307903.003  1308314.001  1309696.003
  2010:  1309794.001  1311782.003  1312180.001  1314557.003  1314599.001
  2015:  1315005.003  1315320.001  1317770.003  1318152.001  1320590.003
  2020:  1320636.001  1320708.003  1320786.001  1320874.003  1320967.001
  2025:  1320989.003  1321094.001  1322729.003  1323047.001  1325416.003
  2030:  1325475.001  1325767.003  1326123.001  1328969.003  1329189.001
  2035:  1329326.003  1329504.001  1329570.003  1329607.001  1332607.018
  2040:  1332908.003  1332914.016  1332964.026  1333114.005  1333701.009
  2045:  1333855.005  1333948.009  1333971.005  1334042.009  1334082.005
  2050:  1334479.009  1334725.005  1334874.009  1336237.001  1338449.003
  2055:  1338727.001  1341668.003  1342020.001  1342378.003  1342910.001
  2060:  1344343.003  1344424.001  1344687.003  1345038.001  1348038.018
  2065:  1348674.003  1348680.016  1348730.026  1348777.001  1348799.003
  2070:  1348909.005  1350625.009  1353856.001  1356467.003  1356522.001
  2075:  1356591.003  1356634.001  1359137.003  1359188.001  1359380.003
  2080:  1359781.001  1362492.003  1362605.001  1362786.003  1362838.001
  2085:  1362865.003  1362983.005  1363255.009  1365134.001  1367419.003
  2090:  1367537.001  1367602.003  1367691.005  1367918.009  1375333.001
  2095:  1375547.003  1375643.001  1378013.003  1378074.001  1380484.003
  2100:  1380588.001  1383183.003  1383292.001  1383707.003  1384004.001
  2105:  1386531.003  1386612.001  1386697.003  1386730.001  1386896.003
  2110:  1387333.005  1387374.009  1387387.005  1387774.009  1388479.001
  2115:  1391479.018  1392112.003  1392118.016  1392168.026  1392215.001
  2120:  1392230.003  1392325.005  1393541.009  1393546.005  1393737.009
  2125:  1393848.005  1393928.009  1393994.005  1394058.009  1396950.001
  2130:  1397231.003  1397311.001  1400311.018  1400453.003  1400459.016
  2135:  1400509.026  1400550.001  1400572.003  1400718.005  1401299.009
  2140:  1401369.005  1402153.009  1402171.005  1402265.009  1402268.005
  2145:  1402483.009  1402681.005  1402851.009  1403022.005  1403030.009
  2150:  1404420.001  1407288.003  1407613.001  1410613.018  1410922.003
  2155:  1410928.016  1410978.026  1411185.005  1412004.009  1412033.005
  2160:  1412059.009  1412362.005  1412387.009  1412388.005  1412524.009
  2165:  1413880.001  1416629.003  1416741.001  1416819.003  1416932.001
  2170:  1417026.003  1417479.001  1419879.003  1419973.001  1420171.003
  2175:  1420463.001  1422996.003  1423287.001  1425588.003  1425605.001
  2180:  1425686.003  1425746.001  1428295.003  1428378.001  1428520.003
  2185:  1428546.001  1430884.003  1430951.001  1431000.003  1431052.001
  2190:  1431319.003  1431390.001  1431414.003  1432093.001  1434082.003
  2195:  1434143.001  1434195.003  1434210.001  1434484.003  1434894.001
  2200:  1437894.018  1438396.003  1438402.016  1438452.026  1438576.005
  2205:  1440068.009  1441142.001  1443653.003  1443778.001  1443967.003
  2210:  1444045.001  1447045.018  1447264.003  1447270.016  1447320.026
  2215:  1447333.001  1447354.003  1447472.005  1448770.009  1448858.005
  2220:  1448893.009  1450480.001  1452060.003  1452119.001  1453199.003
  2225:  1453249.001  1454040.003  1454232.001  1454458.003  1454734.001
  2230:  1457571.003  1457789.001  1458128.003  1458545.001  1461090.003
  2235:  1461221.001  1461514.003  1461728.001  1461765.003  1461821.001
  2240:  1464000.003  1464072.001  1466660.003  1466774.001  1466900.003
  2245:  1466981.005  1467191.009  1467401.005  1467428.009  1469202.001
  2250:  1470681.003  1470691.001  1472442.003  1472467.001  1472792.003
  2255:  1473089.001  1473573.003  1473625.001  1476543.003  1476624.001
  2260:  1476682.003  1476715.001  1476922.003  1477431.001  1480042.003
  2265:  1480281.001  1480354.003  1480393.001  1482094.003  1482384.001
  2270:  1485384.018  1485628.003  1485634.016  1485684.026  1485826.005
  2275:  1487602.009  1487863.005  1487990.009  1489831.001  1492144.003
  2280:  1492238.001  1492430.003  1492556.001  1494740.003  1494762.001
  2285:  1494834.003  1494899.001  1495358.003  1495593.001  1498447.003
  2290:  1498654.001  1498832.003  1499322.001
B:
     0:        0.000      688.000        0.000      687.000        0.000
     5:      310.000        0.000        0.000        0.000      310.000
    10:        0.000        1.000        0.000        1.000        0.000
    15:        0.000       98.000        2.000       98.000        0.000
    20:        0.000        0.000        0.000        0.000        0.000
    25:        0.000       98.000        0.000        0.000        0.000
    30:        0.000
D:
     0:  1600900.000  1600217.000  1599727.000
E:
     0:     2500.000     3000.000
T:
     0:        0.000        0.000        0.000        0.000
W:
     0:        2.000        0.000        0.000
