File: C:\MED-PC IV\Data\Reyes\AW\AW1042.999


Start Date: 08/19/24
End Date: 08/19/24
Subject: 42
Experiment: AW
Group: PERC
Box: 4
Start Time: 14:18:29
End Time: 15:08:29
MSN: DRRD_perc
C:       0.000
F:       0.000
G:       0.000
H:       0.000
I:       0.000
J:       0.000
K:   10000.000
L:       0.000
M:       0.000
N:       0.000
O:       0.000
Q:       0.000
S:       0.000
U:  675476.000
V:       0.000
X:       0.000
Y:    1399.000
Z:       0.000
A:
     0:     2060.005     2547.009     2733.005     3077.009     8396.005
     5:     8490.009    13046.005    13121.009    15000.013    15000.011
    10:    15639.001    15713.003    16029.001    17069.003    17096.001
    15:    17165.003    17389.001    17396.003    17405.001    17422.003
    20:    17436.001    19091.003    19095.001    21594.003    21637.001
    25:    21781.003    21788.001    22633.003    22634.001    25221.003
    30:    25225.001    25235.003    25593.001    25645.003    25667.001
    35:    25989.003    26784.001    27621.003    28398.001    33398.018
    40:    34196.003    34202.016    34252.026    34374.005    35073.009
    45:    35094.005    35118.009    35131.005    35281.009    35291.005
    50:    35326.009    36155.001    36282.003    36352.001    36372.003
    55:    36431.001    36668.003    36793.001    36823.003    36851.001
    60:    37585.003    37694.001    37977.003    38034.001    43034.018
    65:    44098.003    44104.016    44134.001    44154.026    44165.003
    70:    44281.005    44863.009    44889.005    44918.009    45025.005
    75:    45055.009    45481.005    45582.009    46934.001    46979.003
    80:    47038.001    49101.003    49494.001    50468.003    50483.001
    85:    50500.003    50521.001    55223.003    55445.001    56707.003
    90:    56738.001    56783.003    56820.001    61820.018    67961.003
    95:    67967.016    67996.001    68017.026    68057.003    68186.005
   100:    68713.009    68739.005    68757.009    68813.005    68894.009
   105:    68911.005    69037.009    69097.005    69164.009    70411.001
   110:    70529.003    70641.001    70678.003    70706.001    75236.003
   115:    75279.001    75343.003    75495.001    75875.003    75894.001
   120:    76048.003    76137.001    81137.018    81300.003    81306.016
   125:    81356.026    81485.005    81937.009    83870.001    83980.003
   130:    84012.001    89012.018    91844.003    91850.016    91858.001
   135:    91900.026    91965.003    92034.001    92084.003    92170.001
   140:    93133.003    93845.005    94053.009    94792.001    94842.003
   145:    94871.001    94938.003    94939.001    94942.003    95128.001
   150:    95769.003    95828.001    95857.003    95858.001    95861.003
   155:    95889.001    95940.003    95963.001    96477.003    97127.001
   160:    97174.003    97213.001   102213.018   103645.003   103651.016
   165:   103692.001   103701.026   103761.003   103858.005   104210.009
   170:   104323.005   104374.009   105673.001   105776.003   105844.001
   175:   110844.018   117691.003   117697.016   117732.001   117747.026
   180:   117856.003   117989.005   118768.009   118797.005   118847.009
   185:   118873.005   118902.009   118940.005   118958.009   121027.001
   190:   125043.003   125294.005   125498.009   125874.001   125897.003
   195:   125949.001   130949.018   131319.003   131325.016   131375.026
   200:   131489.005   132690.009   132724.005   132756.009   133200.005
   205:   133341.009   134048.001   139048.018   139421.003   139427.016
   210:   139477.026   139772.005   140388.009   140439.005   140445.009
   215:   142281.001   147281.018   148091.003   148097.016   148147.026
   220:   148292.005   148728.009   148768.005   148836.009   148951.005
   225:   148965.009   149439.005   149457.009   150067.005   150442.009
   230:   151242.001   151582.003   151688.001   156301.003   156359.001
   235:   156747.003   157547.001   161211.003   161699.001   166160.003
   240:   166481.001   167444.003   167454.001   171666.003   171884.005
   245:   172288.009   172658.001   172955.003   173797.001   178660.003
   250:   179793.001   184793.018   184973.003   184979.016   185013.001
   255:   185029.026   185080.003   185193.005   185641.009   186414.001
   260:   191414.018   191755.003   191761.016   191811.026   191977.005
   265:   192918.009   192982.005   193023.009   193042.005   193086.009
   270:   193214.005   193257.009   193277.005   193345.009   193649.005
   275:   193691.009   194469.001   198755.003   198910.001   199146.003
   280:   200271.001   200309.003   200352.001   205352.018   206599.003
   285:   206605.016   206613.001   206655.026   206736.003   206850.005
   290:   207293.009   209010.001   214010.018   217955.003   217961.016
   295:   218011.026   218154.005   218651.009   218668.005   218687.009
   300:   218759.005   218839.009   220433.005   220576.009   221118.001
   305:   225569.003   226163.001   231002.003   232928.001   232992.003
   310:   233068.001   233117.003   233167.001   236524.003   236573.001
   315:   236763.003   237535.001   242455.003   243427.001   245020.003
   320:   245179.001   245325.003   245377.001   250377.018   251244.003
   325:   251250.016   251300.026   251410.005   251797.009   251955.005
   330:   251959.009   253623.001   253717.003   253910.001   257567.003
   335:   258005.001   261582.003   262271.001   267219.003   267864.001
   340:   272592.003   273313.001   276942.003   276985.001   280855.003
   345:   283260.001   283282.003   283301.001   287638.003   287858.001
   350:   287910.003   287996.001   288010.003   289150.001   289285.003
   355:   289372.001   293621.003   293646.001   293744.003   295810.001
   360:   295835.003   295846.001   298372.003   298436.001   301746.003
   365:   301822.001   306822.018   308421.003   308427.016   308477.026
   370:   308589.005   309066.009   309122.005   309153.009   309184.005
   375:   309189.009   311603.001   312431.003   312459.001   316039.003
   380:   316268.005   316479.009   316879.001   321011.003   321619.001
   385:   326619.018   327138.003   327144.016   327194.026   327300.005
   390:   327785.009   328685.005   329812.009   339003.001   339230.003
   395:   339273.001   339734.003   339825.001   339872.003   339918.001
   400:   343781.003   344383.001   345891.003   345899.001   350225.003
   405:   350292.001   350563.003   350591.001   351675.003   351753.001
   410:   352426.003   352510.001   352728.003   352840.001   352883.003
   415:   352900.001   357268.003   358043.001   363043.018   363403.003
   420:   363409.016   363459.026   363572.005   363942.009   367333.001
   425:   367350.003   367382.001   370846.003   371677.001   371741.003
   430:   371749.001   372042.003   372064.001   375823.003   376676.001
   435:   376889.003   376905.001   377536.003   377703.001   377780.003
   440:   377821.001   381927.003   381968.001   383380.003   383687.001
   445:   386364.003   386620.001   386906.003   387026.005   387189.009
   450:   387540.001   389965.003   390760.001   390968.003   391021.001
   455:   391056.003   391362.001   394625.003   395478.001   399259.003
   460:   399501.005   399732.009   400580.001   401413.003   401457.001
   465:   403558.003   404684.001   404776.003   404955.001   404975.003
   470:   404986.001   405039.003   406010.001   406121.003   406664.001
   475:   406752.003   406786.001   410362.003   410589.001   413508.003
   480:   413746.005   413913.009   414959.001   419959.018   420909.003
   485:   420915.016   420965.026   421062.005   423043.009   424115.001
   490:   426857.003   427445.001   430548.003   430608.001   432480.003
   495:   432494.001   435247.003   435902.001   439300.003   440259.001
   500:   442371.003   442564.001   442593.003   442607.001   447607.018
   505:   448453.003   448459.016   448509.026   448626.005   448973.009
   510:   449122.005   449535.009   450579.001   450671.003   450700.001
   515:   455700.018   457467.003   457473.016   457523.026   457661.005
   520:   458015.009   458067.005   458329.009   458430.005   458742.009
   525:   458772.005   458784.009   461638.005   461800.009   462521.001
   530:   467521.018   467542.003   467548.016   467568.001   467598.026
   535:   467696.003   467874.005   468383.009   468663.005   468788.009
   540:   469170.005   469379.009   471052.001   476037.003   476057.001
   545:   481057.018   483192.003   483198.016   483248.026   483354.005
   550:   483604.009   483609.005   483612.009   483618.005   483630.009
   555:   483669.005   483721.009   486264.001   489795.003   489815.001
   560:   491013.003   492025.001   497025.018   497603.003   497609.016
   565:   497659.026   497846.005   498298.009   500233.001   500306.003
   570:   500342.001   505329.003   505687.001   505784.003   506527.001
   575:   506580.003   507060.001   507208.003   508184.001   513184.018
   580:   520365.003   520371.016   520421.026   520550.005   521106.009
   585:   521158.005   521179.009   521187.005   521218.009   521265.005
   590:   521330.009   525090.001   530090.018   530425.003   530431.016
   595:   530438.001   530481.026   530606.003   530747.005   531289.009
   600:   533324.001   533563.003   533586.001   538586.018   538707.003
   605:   538713.016   538763.026   538866.005   539444.009   539451.005
   610:   539533.009   539594.005   540808.009   540878.005   541279.009
   615:   542248.001   546666.003   546730.001   551730.018   554501.003
   620:   554507.016   554557.026   554656.005   555261.009   555299.005
   625:   555340.009   555395.005   555836.009   558274.001   558317.003
   630:   558384.001   562347.003   562934.001   567579.003   567641.001
   635:   567682.003   567917.005   568081.009   568644.001   573644.018
   640:   575046.003   575052.016   575102.026   575218.005   576359.009
   645:   576367.005   576372.009   576385.005   576404.009   576604.005
   650:   577071.009   577091.005   577137.009   577244.005   577540.009
   655:   578597.001   578862.003   578880.001   582929.003   583799.001
   660:   588445.003   589121.005   589194.009   589210.005   589862.009
   665:   590443.001   595443.018   595490.003   595496.016   595546.026
   670:   595641.005   596076.009   596254.005   596308.009   598033.001
   675:   603033.018   603323.003   603329.016   603379.026   603527.005
   680:   603825.009   603895.005   604113.009   606472.001   611472.018
   685:   612061.003   612067.016   612117.026   612260.005   613347.009
   690:   613354.005   613421.009   613537.005   613603.009   614643.001
   695:   615227.003   615271.001   619376.003   619966.001   620261.003
   700:   622250.001   622787.003   622807.001   627216.003   627863.001
   705:   627891.003   627927.001   632895.003   633397.005   633492.009
   710:   633868.001   638868.018   639945.003   639951.016   640001.026
   715:   640122.005   640417.009   641071.005   641103.009   641943.001
   720:   646943.018   647457.003   647463.016   647513.026   647715.005
   725:   648178.009   648684.005   648887.009   650355.001   654694.003
   730:   654734.001   654790.003   655297.001   660297.018   663999.003
   735:   664005.016   664055.026   664161.005   664847.009   664863.005
   740:   664908.009   664925.005   664934.009   666974.001   671671.003
   745:   671750.001   671940.003   672025.001   675592.003   676133.001
   750:   678501.003   679189.001   684189.018   684827.003   684833.016
   755:   684883.026   684966.005   685680.009   685700.005   685733.009
   760:   685742.005   686000.009   689839.001   694749.003   694820.001
   765:   694989.003   695103.001   699389.003   699620.005   699732.009
   770:   700138.001   705138.018   705183.003   705189.016   705239.026
   775:   705368.005   706457.009   706499.005   706543.009   706649.005
   780:   706690.009   706708.005   706724.009   707231.005   707248.009
   785:   707269.005   707384.009   708160.001   713160.018   713419.003
   790:   713425.016   713475.026   713571.005   714027.009   714059.005
   795:   714092.009   714202.005   714664.009   716414.001   721414.018
   800:   723655.003   723661.016   723711.026   723895.005   724576.009
   805:   725106.005   725244.009   725252.005   725324.009   725336.005
   810:   725380.009   725402.005   725437.009   725465.005   725509.009
   815:   728191.001   733191.018   733351.003   733357.016   733407.026
   820:   733528.005   734025.009   735978.001   736128.003   736149.001
   825:   741149.018   741342.003   741348.016   741398.026   741524.005
   830:   742150.009   742377.005   742387.009   744772.001   749772.018
   835:   755230.003   755236.016   755286.026   755426.005   756076.009
   840:   756123.005   756128.009   758992.001   762394.003   762473.001
   845:   762578.003   762956.001   767871.003   768667.001   773345.003
   850:   773408.001   773711.003   773785.001   778785.018   779014.003
   855:   779020.016   779070.026   779187.005   779549.009   781735.001
   860:   782085.003   782101.001   786451.003   786804.001   791804.018
   865:   792012.003   792018.016   792032.001   792068.026   792128.003
   870:   792296.005   793294.009   793592.005   794075.009   795162.001
   875:   795400.003   795425.001   799938.003   800707.001   805707.018
   880:   806468.003   806474.016   806524.026   806678.005   807331.009
   885:   807352.005   807409.009   807426.005   807435.009   807478.005
   890:   807608.009   807752.005   808068.009   809356.001   814319.003
   895:   814915.001   819774.003   819829.001   819997.003   820100.001
   900:   824942.003   826103.001   831103.018   831475.003   831481.016
   905:   831531.026   831633.005   832016.009   836085.001   836129.003
   910:   836243.001   836348.003   836431.001   836591.003   836721.001
   915:   836977.003   837662.001   842662.018   843324.003   843330.016
   920:   843380.026   843610.005   844065.009   844085.005   844735.009
   925:   845735.001   849570.003   849657.001   849941.003   851780.001
   930:   856780.018   860193.003   860199.016   860249.026   860378.005
   935:   860630.009   860643.005   860670.009   860689.005   860793.009
   940:   871614.001   876614.018   877735.003   877741.016   877788.001
   945:   877791.026   877844.003   877891.005   878689.009   878696.005
   950:   879528.009   880752.001   880804.003   881036.001   885242.003
   955:   886095.001   891095.018   891979.003   891985.016   892035.026
   960:   892148.005   892429.009   892621.005   892656.009   892673.005
   965:   892684.009   894166.001   898247.003   898296.001   898422.003
   970:   898491.001   898902.003   898927.001   903866.003   904093.001
   975:   907835.003   908811.001   910548.003   915873.001   920565.003
   980:   920620.001   920965.003   923205.001   928205.018   929774.003
   985:   929780.016   929830.026   929963.005   930589.009   930725.005
   990:   930749.009   933259.001   934057.003   934106.001   939106.018
   995:   939456.003   939462.016   939512.026   939607.005   940006.009
  1000:   940036.005   940077.009   940878.005   940918.009   940930.005
  1005:   941031.009   950974.001   951073.003   951122.001   955441.003
  1010:   955475.001   955564.003   955693.001   955792.003   955837.001
  1015:   960491.003   966087.001   966184.003   966221.001   971221.018
  1020:   971864.003   971870.016   971897.001   971920.026   971946.003
  1025:   971989.005   973162.009   973212.005   973411.009   976798.001
  1030:   976884.003   976906.001   980285.003   981071.001   985693.003
  1035:   986111.001   991111.018   997070.003   997076.016   997126.026
  1040:   997243.005   997495.009   997696.005   997701.009  1000500.001
  1045:  1005105.003  1005859.001  1010444.003  1011650.001  1016650.018
  1050:  1017090.003  1017096.016  1017146.026  1017264.005  1017622.009
  1055:  1017947.005  1018239.009  1019677.001  1024677.018  1025806.003
  1060:  1025812.016  1025862.026  1025976.005  1026543.009  1026710.005
  1065:  1026934.009  1026952.005  1026955.009  1028281.001  1033281.018
  1070:  1034733.003  1034739.016  1034789.026  1034940.005  1035486.009
  1075:  1035490.005  1035504.009  1035989.005  1036179.009  1036181.005
  1080:  1036315.009  1037626.001  1040731.003  1041388.001  1046172.003
  1085:  1046233.001  1051233.018  1051324.003  1051330.016  1051380.026
  1090:  1051513.005  1052509.009  1052520.005  1052533.009  1052641.005
  1095:  1052667.009  1053126.005  1053191.009  1053240.005  1053410.009
  1100:  1053437.005  1054079.009  1054122.005  1054214.009  1055650.001
  1105:  1060308.003  1060581.001  1065581.018  1066977.003  1066983.016
  1110:  1067033.026  1067132.005  1068003.009  1068364.005  1068473.009
  1115:  1068692.005  1068973.009  1069834.001  1074834.018  1075525.003
  1120:  1075531.016  1075581.026  1075682.005  1076212.009  1076874.005
  1125:  1077046.009  1077108.005  1077399.009  1078701.001  1083701.018
  1130:  1084677.003  1084683.016  1084733.026  1084832.005  1085416.009
  1135:  1085485.005  1086217.009  1088542.001  1088679.003  1088704.001
  1140:  1093704.018  1093963.003  1093969.016  1094019.026  1094109.005
  1145:  1094695.009  1094854.005  1094897.009  1095105.005  1095300.009
  1150:  1102046.001  1106217.003  1106274.001  1106438.003  1113089.001
  1155:  1113113.003  1113182.001  1118133.003  1118382.001  1120382.003
  1160:  1121003.001  1126003.018  1126757.003  1126763.016  1126813.026
  1165:  1126925.005  1127334.009  1138396.001  1138440.003  1138496.001
  1170:  1143178.003  1145513.001  1150513.018  1151960.003  1151966.016
  1175:  1151990.001  1152016.026  1152123.003  1152255.005  1152776.009
  1180:  1155175.001  1155373.003  1155428.001  1160391.003  1160471.001
  1185:  1160713.003  1161437.001  1161495.003  1161517.001  1163098.003
  1190:  1163119.001  1163177.003  1163194.001  1168194.018  1169391.003
  1195:  1169397.016  1169447.026  1169552.005  1170120.009  1170163.005
  1200:  1171035.009  1175333.001  1175406.003  1175515.001  1180515.018
  1205:  1181947.003  1181953.016  1182003.026  1182128.005  1182977.009
  1210:  1183054.005  1183065.009  1183158.005  1183274.009  1183306.005
  1215:  1183577.009  1185604.001  1185690.003  1185732.001  1190732.018
  1220:  1194137.003  1194143.016  1194193.026  1194312.005  1194899.009
  1225:  1195424.005  1195730.009  1195744.005  1195773.009  1196856.001
  1230:  1201856.018  1203143.003  1203149.016  1203199.026  1203302.005
  1235:  1203760.009  1204490.005  1204527.009  1204547.005  1204602.009
  1240:  1204929.005  1205031.009  1206953.001  1211953.018  1212495.003
  1245:  1212501.016  1212551.026  1212666.005  1213272.009  1215027.001
  1250:  1220027.018  1220466.003  1220472.016  1220522.026  1220618.005
  1255:  1221327.009  1227592.001  1228597.003  1228652.001  1232695.003
  1260:  1232760.001  1232928.003  1233152.001  1233205.003  1233225.001
  1265:  1238225.018  1239484.003  1239490.016  1239540.026  1239685.005
  1270:  1240009.009  1243096.001  1248096.018  1249945.003  1249951.016
  1275:  1250001.026  1250143.005  1250472.009  1250510.005  1250564.009
  1280:  1253745.001  1254278.003  1254388.001  1259388.018  1259603.003
  1285:  1259609.016  1259659.026  1259759.005  1260116.009  1260165.005
  1290:  1260179.009  1274176.001  1279176.018  1279966.003  1279972.016
  1295:  1280022.026  1280144.005  1280900.009  1280926.005  1280978.009
  1300:  1281028.005  1281313.009  1283638.001  1284133.003  1284179.001
  1305:  1288751.003  1288839.001  1288884.003  1289051.001  1294022.003
  1310:  1294154.001  1299154.018  1299385.003  1299391.016  1299441.026
  1315:  1299546.005  1299898.009  1299925.005  1299974.009  1300036.005
  1320:  1300054.009  1304067.001  1308846.003  1309715.001  1310308.003
  1325:  1336076.005  1336388.009  1336450.005  1337273.009  1390150.001
  1330:  1390308.003  1390348.001  1395348.018  1400270.003  1400276.016
  1335:  1400326.026  1400447.005  1400810.009  1403815.005  1403824.009
  1340:  1404755.001  1409755.018  1410599.003  1410605.016  1410655.026
  1345:  1410765.005  1411365.009  1412414.005  1412489.009  1412856.005
  1350:  1412873.009  1412901.005  1413194.009  1418171.001  1422883.003
  1355:  1422991.001  1423257.003  1423605.001  1428605.018  1429021.003
  1360:  1429027.016  1429077.026  1429101.001  1429142.003  1429197.005
  1365:  1429611.009  1430001.005  1430266.009  1434639.005  1434845.009
  1370:  1435602.001  1440602.018  1441216.003  1441222.016  1441272.026
  1375:  1441386.005  1441737.009  1446852.001  1447049.003  1472738.001
  1380:  1477456.003  1478465.001  1478636.003  1478682.001  1478762.003
  1385:  1478811.001  1478845.003  1478891.001  1483891.018  1485727.003
  1390:  1485733.016  1485783.026  1485896.005  1486610.009  1490410.001
  1395:  1490586.003  1490599.001  1494965.003  1495058.001
B:
     0:        0.000      345.000        0.000      344.000        0.000
     5:      234.000        0.000        0.000        0.000      234.000
    10:        0.000        1.000        0.000        1.000        0.000
    15:        0.000       80.000        0.000       80.000        0.000
    20:        0.000        0.000        0.000        0.000        0.000
    25:        0.000       80.000        0.000        0.000        0.000
    30:        0.000
D:
     0:  2175481.000  2170534.000  2170441.000
E:
     0:     5000.000     5000.000
P:
     0:        0.000       74.000     1040.000       69.000        7.000
     5:       17.000     1655.000     2496.000      144.000      845.000
    10:     2581.000        7.000       52.000      322.000      837.000
    15:     5798.000      127.000       20.000      237.000       30.000
    20:      734.000      283.000     6064.000        9.000       45.000
    25:     2063.000      974.000       17.000     4702.000     1262.000
    30:       45.000    11141.000       38.000      118.000       37.000
    35:     4530.000       64.000      380.000      154.000     5163.000
    40:      110.000     7832.000       63.000       50.000      963.000
    45:       50.000       67.000        0.000      641.000       29.000
    50:        0.000       51.000      514.000       47.000     6432.000
    55:       58.000      103.000    11847.000      107.000     4016.000
    60:       23.000     5370.000     5373.000     5810.000      340.000
    65:     4613.000      388.000     3664.000     4461.000      963.000
    70:     4212.000      297.000     4863.000     5180.000       49.000
    75:     5341.000     4286.000      236.000       38.000     6247.000
    80:       79.000     8945.000     4451.000     4839.000       64.000
    85:       49.000     3357.000      190.000     4920.000     1593.000
    90:      146.000     5867.000       94.000     3657.000     3577.000
    95:     4948.000     4728.000     3629.000     3870.000       22.000
   100:     4337.000       52.000       14.000      135.000     4249.000
   105:       98.000       25.000     2526.000     3310.000     6599.000
   110:      828.000     3580.000     4132.000     5519.000      227.000
   115:      461.000       47.000     3863.000     1508.000     4326.000
   120:      271.000     1084.000      673.000      218.000       43.000
   125:     4368.000     5360.000       17.000     3464.000       64.000
   130:      293.000     3759.000      213.000      631.000       77.000
   135:     4106.000     1412.000     2677.000      286.000     2425.000
   140:      208.000       35.000     3263.000     3781.000      833.000
   145:     2101.000       92.000       20.000       53.000      111.000
   150:       88.000     3576.000     2919.000     5950.000     2742.000
   155:     3103.000     1872.000     2753.000     3398.000     2112.000
   160:       29.000     5846.000       92.000     6767.000     5021.000
   165:       96.000     4985.000     7135.000     3531.000     1198.000
   170:     5578.000       73.000     4987.000       97.000       53.000
   175:      148.000    12181.000     5335.000      123.000      239.000
   180:     5121.000     4418.000     7771.000       43.000     3963.000
   185:     4645.000       41.000     6402.000      265.000     4049.000
   190:     4646.000     5047.000     5290.000     5589.000      584.000
   195:     4105.000      295.000      537.000     4409.000       28.000
   200:     4968.000     6077.000     5514.000     4339.000       56.000
   205:     8702.000     4697.000      190.000     3567.000     2368.000
   210:     5638.000     4910.000      169.000     4286.000     5045.000
   215:     5259.000     7241.000     5160.000      150.000     5193.000
   220:    10458.000     3402.000      105.000     4915.000     4678.000
   225:      303.000     5229.000      350.000     4350.000     5208.000
   230:       58.000      238.000     4513.000     5761.000     4963.000
   235:     4859.000      168.000     4842.000     5372.000       44.000
   240:      105.000      160.000      256.000     5662.000     3835.000
   245:      284.000     8413.000     6121.000       51.000       52.000
   250:     4206.000     5884.000     4081.000      126.000      411.000
   255:     4939.000     3742.000     1737.000     4692.000      345.000
   260:     6569.000      798.000     5350.000       99.000     4319.000
   265:       89.000       99.000     4654.000       97.000     5643.000
   270:       24.000       86.000     3379.000     4622.000    10959.000
   275:     4605.000     4585.000     5440.000     6129.000     6452.000
   280:     3105.000     4784.000     5091.000     4658.000     6396.000
   285:     5691.000     5976.000      137.000     5259.000     4171.000
   290:      164.000       24.000     4951.000     2000.000     5754.000
   295:       44.000     4682.000     6447.000      105.000      198.000
   300:     4963.000      242.000       58.000     1581.000       58.000
   305:     6197.000       73.000     6432.000       86.000     8405.000
   310:     6287.000     5542.000     5439.000     1005.000     4043.000
   315:      168.000       53.000     6259.000     6849.000      533.000
   320:     5215.000     5790.000      495.000     4572.000       45.000
   325:     4971.000     5231.000     4779.000      593.000      158.000
   330:     9922.000     5844.000     4712.000      266.000     5416.000
   335:       41.000     5614.000      197.000     4718.000      171.000
   340:       80.000       34.000     6836.000      176.000     4366.000
   345:        0.000
R:
     0:        1.000        0.000        0.000
T:
     0:        0.000        0.000        0.000        0.000
W:
     0:        2.000        0.000        0.000
