File: C:\MED-PC IV\Data\Reyes\AW\AW1044.999


Start Date: 08/22/24
End Date: 08/22/24
Subject: 44
Experiment: AW
Group: EXP10
Box: 6
Start Time: 14:35:26
End Time: 15:25:26
MSN: DRRD_exp_10
C:       0.000
F:       2.000
G:       0.000
H:       0.000
I:       0.000
J:       0.000
K:   10000.000
L:       0.000
M:       0.000
N:       0.000
O:       0.000
P:       0.000
Q:       0.000
R:       0.000
S:       0.000
U:   71965.000
V:       0.000
X:       0.000
Y:    1448.000
Z:       0.000
A:
     0:     3928.005     3936.009     5010.005     5126.009     5203.005
     5:     6141.009     6264.005     6458.009     7165.005     7533.009
    10:     7615.005     7677.009     7734.005     7738.009     7756.005
    15:     8208.009     8267.005     8366.009     8687.005    10057.009
    20:    10651.005    10798.009    11405.005    12605.009    12861.005
    25:    12872.009    12877.005    14249.009    14305.005    14348.009
    30:    14777.005    14786.009    14897.005    15000.013    15000.011
    35:    15109.009    15524.001    16701.003    16856.001    16871.003
    40:    16919.001    17021.003    17038.001    17811.003    17821.001
    45:    18887.003    19210.001    19280.003    19307.001    19322.003
    50:    19340.001    21868.003    22375.005    22560.009    22942.001
    55:    23212.003    23264.001    23560.003    23588.001    26081.003
    60:    26123.001    26241.003    26574.005    26901.009    26930.005
    65:    27212.009    27236.005    27374.009    27694.001    27728.003
    70:    27840.001    27897.003    27967.001    28205.003    28277.001
    75:    32803.003    33037.005    33379.009    33767.001    33831.003
    80:    34027.001    38351.003    38425.001    38567.003    39628.001
    85:    44628.018    44657.003    44663.016    44713.026    44764.005
    90:    45497.009    45533.005    45603.009    47203.001    47284.003
    95:    47440.001    51992.003    52581.005    52607.009    52619.005
   100:    52863.009    53236.001    58236.018    58577.003    58583.016
   105:    58633.026    58732.005    59222.009    59363.005    59689.009
   110:    59710.005    59744.009    68330.001    68533.003    68680.001
   115:    73626.003    74472.005    74574.009    75041.001    75129.003
   120:    75311.001    76529.003    76560.001    80110.003    81320.001
   125:    81656.003    82004.001    84224.003    84268.001    87429.003
   130:    89599.005    90146.009    90610.001    90716.003    90764.001
   135:    95764.018    95874.003    95880.016    95887.001    95930.026
   140:    96022.003    96085.005    96777.009    96799.005    96815.009
   145:    97676.001    98537.003    98627.001    98986.003    99024.001
   150:   102321.003   102994.005   103116.009   103418.001   104034.003
   155:   104067.001   108561.003   108706.001   108875.003   109787.005
   160:   109882.009   110178.001   110323.003   110356.001   115055.003
   165:   115081.001   115228.003   115973.001   116091.003   116125.001
   170:   117304.003   117321.001   119832.003   119852.001   119984.003
   175:   120063.005   120445.009   120882.001   125882.018   126054.003
   180:   126060.016   126110.026   126234.005   126679.009   126792.005
   185:   127040.009   128031.001   132762.003   134023.001   134222.003
   190:   134264.001   134306.003   134354.001   139292.003   140529.001
   195:   145529.018   146744.003   146750.016   146800.026   146897.005
   200:   147882.009   150662.005   150864.009   151547.001   156281.003
   205:   157322.001   162072.003   163091.005   163690.009   163773.005
   210:   163779.009   163783.005   163923.009   164027.005   164487.009
   215:   164504.005   164864.009   165364.001   169497.003   169588.005
   220:   170145.009   170775.001   175775.018   176446.003   176452.016
   225:   176502.026   176618.005   177081.009   177142.005   177274.009
   230:   177541.005   177564.009   178104.001   182286.003   183673.001
   235:   188673.018   189357.003   189363.016   189413.026   189485.005
   240:   189905.009   193402.005   193417.009   193600.005   193648.009
   245:   194208.001   198600.003   198630.001   199705.003   201049.001
   250:   206049.018   206065.003   206071.016   206121.026   206209.005
   255:   206814.009   208924.001   213924.018   214946.003   214952.016
   260:   215002.026   215162.005   215881.009   216342.005   216347.009
   265:   218105.001   223105.018   223399.003   223405.016   223455.026
   270:   223675.005   224571.009   224690.005   224766.009   224993.005
   275:   225058.009   225122.005   225149.009   226422.001   231410.003
   280:   234129.001   237956.003   237969.001   239868.003   241965.001
   285:   246519.003   246532.001   246860.003   247962.001   251931.003
   290:   256494.001   256878.003   256946.001   257215.003   259307.001
   295:   264240.003   267810.001   269854.003   269870.001   269900.003
   300:   269931.001   270084.003   270120.001   272259.003   272280.001
   305:   274058.003   278066.005   278070.009   278098.005   278118.009
   310:   279195.001   284195.018   284548.003   284554.016   284604.026
   315:   284767.005   285263.009   285312.005   285465.009   287316.001
   320:   291863.003   291953.005   292690.009   293632.001   295974.003
   325:   296030.001   299893.003   301681.001   306400.003   306435.001
   330:   306803.003   306833.001   306982.003   308596.001   312209.003
   335:   313782.001   318262.003   318276.001   318825.003   319628.005
   340:   319774.009   322400.001   327170.003   327182.001   327684.003
   345:   328830.001   333830.018   333876.003   333882.016   333897.001
   350:   333932.026   333972.003   334031.005   334644.009   336783.005
   355:   336827.009   337207.001   341517.003   341605.005   341870.009
   360:   341880.005   342034.009   342379.001   347379.018   348832.003
   365:   348838.016   348888.026   349078.005   349566.009   352929.001
   370:   357929.018   359289.003   359295.016   359345.026   359520.005
   375:   360257.009   360278.005   360374.009   360394.005   360410.009
   380:   360779.005   360912.009   360922.005   361006.009   361051.005
   385:   361088.009   362058.001   363204.003   363251.001   368025.003
   390:   369943.001   372914.003   372935.001   374781.003   376496.001
   395:   376587.003   376654.001   381654.018   382360.003   382366.016
   400:   382377.001   382416.026   382502.003   382575.005   383369.009
   405:   385087.001   390087.018   391489.003   391495.016   391545.026
   410:   391683.005   392375.009   393979.001   395932.003   395965.001
   415:   398405.003   398426.001   399476.003   400724.001   405724.018
   420:   406486.003   406492.016   406512.001   406542.026   406647.003
   425:   406692.005   408137.009   408231.005   408405.009   408475.005
   430:   408788.009   408978.005   409147.009   409155.005   409183.009
   435:   409287.005   409345.009   410116.001   413905.003   430355.005
   440:   430414.009   434328.001   435683.003   435765.001   436038.003
   445:   436067.001   439788.003   440640.005   440726.009   441031.001
   450:   442340.003   443345.001   444844.003   444872.001   448498.003
   455:   450570.001   451100.003   451152.001   454360.003   454374.001
   460:   455339.003   455360.001   456662.003   458070.001   463070.018
   465:   463310.003   463316.016   463366.026   463478.005   464262.009
   470:   465782.001   470782.018   472278.003   472284.016   472334.026
   475:   472424.005   473000.009   473013.005   473048.009   473102.005
   480:   473246.009   473911.005   473924.009   474792.001   474831.003
   485:   475002.001   480002.018   480299.003   480305.016   480355.026
   490:   480534.005   481329.009   481397.005   482480.009   482589.005
   495:   482627.009   482635.005   482702.009   482812.005   482823.009
   500:   482832.005   483199.009   483209.005   483691.009   483985.005
   505:   484481.009   484523.005   484567.009   484579.005   484637.009
   510:   484641.005   485563.009   485613.005   487618.009   487715.005
   515:   487786.009   487855.005   487887.009   489847.005   489867.009
   520:   489877.005   490467.009   491784.001   491880.003   491909.001
   525:   494721.003   494737.001   496259.003   496397.001   496433.003
   530:   496502.001   498230.003   499626.001   504626.018   506777.003
   535:   506783.016   506833.026   506949.005   507847.009   508206.005
   540:   508223.009   508974.001   513974.018   514475.003   514481.016
   545:   514531.026   514657.005   515113.009   515205.005   515226.009
   550:   515286.005   515301.009   515303.005   515318.009   516318.005
   555:   516320.009   517035.001   522035.018   522417.003   522423.016
   560:   522473.026   522566.001   522591.003   522675.005   523925.009
   565:   524392.005   524398.009   524400.005   524860.009   525542.001
   570:   530542.018   532302.003   532308.016   532358.026   532580.005
   575:   533479.009   536112.001   541112.018   543084.003   543090.016
   580:   543140.026   543312.005   543608.009   545121.001   550121.018
   585:   550945.003   550951.016   550972.001   551001.026   551126.003
   590:   551186.005   552160.009   552262.005   552335.009   552846.001
   595:   557846.018   558305.003   558311.016   558361.026   558703.005
   600:   559313.009   562351.001   567351.018   568476.003   568482.016
   605:   568532.026   568601.005   569397.009   571685.001   576685.018
   610:   577530.003   577536.016   577539.001   577586.026   577732.003
   615:   577766.005   578225.009   579636.001   584636.018   585152.003
   620:   585158.016   585208.026   585249.001   585280.003   585363.005
   625:   586423.009   587549.001   592549.018   593758.003   593764.016
   630:   593814.026   593933.005   594385.009   594596.005   594680.009
   635:   595510.001   597533.003   597605.001   602479.003   605223.001
   640:   610223.018   611348.003   611354.016   611404.026   611582.005
   645:   612209.009   613353.001   618353.018   618921.003   618927.016
   650:   618948.001   618977.026   619117.003   619150.005   619542.009
   655:   619553.005   619612.009   619628.005   619795.009   619824.005
   660:   619839.009   619864.005   620104.009   620296.005   620300.009
   665:   621268.001   626268.018   626340.003   626346.016   626396.026
   670:   626536.005   626963.009   626974.005   627179.009   627191.005
   675:   627216.009   629352.005   629383.009   630154.001   635154.018
   680:   637257.003   637263.016   637313.026   637516.005   637996.009
   685:   646434.005   646928.009   648170.001   648287.003   648493.001
   690:   653493.018   654347.003   654353.016   654403.026   654613.005
   695:   655370.009   656591.001   661591.018   662164.003   662170.016
   700:   662181.001   662220.026   662361.003   662417.005   662939.009
   705:   662969.005   663077.009   663156.005   663271.009   663506.005
   710:   663525.009   664154.001   668986.003   669001.001   670326.003
   715:   674524.001   679524.018   680459.003   680465.016   680515.026
   720:   680658.005   681097.009   681156.005   681218.009   683916.001
   725:   688916.018   690239.003   690245.016   690295.026   690401.005
   730:   691509.009   693387.005   694152.009   694630.001   699630.018
   735:   701091.003   701097.016   701147.026   701260.005   701722.009
   740:   702965.001   707309.003   707327.001   708649.003   711475.001
   745:   716475.018   716749.003   716755.016   716768.001   716805.026
   750:   716887.003   716934.005   717335.009   717388.005   717456.009
   755:   719881.001   724881.018   725665.003   725671.016   725721.026
   760:   725927.005   726436.009   727727.001   732727.018   733271.003
   765:   733277.016   733327.026   733495.005   733869.009   735055.001
   770:   740055.018   741558.003   741564.016   741614.026   741788.005
   775:   742485.009   742562.005   742599.009   742625.005   742632.009
   780:   742643.005   742730.009   744972.001   749972.018   752223.003
   785:   752229.016   752279.026   752448.005   752801.009   753791.001
   790:   755837.003   755897.001   760897.018   761729.003   761735.016
   795:   761785.026   761927.005   762835.009   764811.001   769811.018
   800:   770377.003   770383.016   770433.026   770560.005   770857.009
   805:   771055.005   771165.009   772329.001   772672.003   773424.001
   810:   773572.003   773663.001   778300.003   779824.001   784824.018
   815:   786048.003   786054.016   786063.001   786104.026   786213.003
   820:   786270.005   786955.009   786973.005   787101.009   787171.005
   825:   787219.009   788822.001   793822.018   794972.003   794978.016
   830:   795028.026   795192.005   795652.009   798583.001   803583.018
   835:   805119.003   805125.016   805175.026   805393.005   806285.009
   840:   807167.005   807286.009   808014.001   813014.018   814505.003
   845:   814511.016   814561.026   814776.005   815677.009   816002.005
   850:   816835.009   817966.001   818345.003   818519.001   823077.003
   855:   827553.001   832553.018   832995.003   833001.016   833018.001
   860:   833051.026   833165.003   833225.005   833867.009   833889.005
   865:   833897.009   834717.005   834745.009   834828.005   834867.009
   870:   834981.005   835285.009   835340.005   836240.009   836389.005
   875:   838337.009   838395.005   838414.009   838418.005   838429.009
   880:   839418.005   839460.009   839872.001   844872.018   845282.003
   885:   845288.016   845298.001   845338.026   845434.003   845495.005
   890:   845905.009   846181.005   846228.009   847052.001   851584.003
   895:   853235.001   858235.018   859781.003   859787.016   859837.026
   900:   860004.005   860350.009   860385.005   860388.009   860393.005
   905:   860398.009   860406.005   860426.009   862119.001   865980.003
   910:   867205.005   867246.009   867609.001   872609.018   873579.003
   915:   873585.016   873635.026   873826.005   874227.009   874395.005
   920:   874477.009   876064.001   879282.003   879303.001   881189.003
   925:   881850.005   881912.009   882775.001   887775.018   888158.003
   930:   888164.016   888214.026   888417.005   889134.009   889205.005
   935:   889226.009   891935.005   891970.009   892704.001   897704.018
   940:   898369.003   898375.016   898425.026   898620.005   899154.009
   945:   899213.005   899315.009   899438.005   899517.009   900340.005
   950:   900401.009   901119.001   906119.018   906767.003   906773.016
   955:   906823.026   907007.005   907535.009   907599.005   907835.009
   960:   908705.005   908746.009   909702.001   914232.003   914252.001
   965:   915208.003   916426.001   921426.018   922215.003   922221.016
   970:   922271.026   922407.005   922915.009   924274.001   929062.003
   975:   930439.001   935439.018   935897.003   935903.016   935923.001
   980:   935953.026   936067.003   936121.005   936673.009   936695.005
   985:   936807.009   938096.001   942180.003   943233.005   943240.009
   990:   943393.005   943424.009   943982.001   948982.018   949448.003
   995:   949454.016   949504.026   949656.005   950173.009   950295.005
  1000:   950429.009   951934.001   956768.003   957884.005   957922.009
  1005:   957972.005   958017.009   958591.001   962659.003   962688.001
  1010:   964329.003   965166.005   965208.009   966688.001   971688.018
  1015:   972459.003   972465.016   972515.026   972648.005   972982.009
  1020:   973031.005   973046.009   974905.001   979905.018   981191.003
  1025:   981197.016   981247.026   981441.005   982037.009   983036.005
  1030:   983080.009   983674.001   988674.018   989948.003   989954.016
  1035:   990004.026   990220.005   990685.009   991731.001   996731.018
  1040:   998787.003   998793.016   998843.026   999042.005   999827.009
  1045:  1004640.001  1009640.018  1011465.003  1011471.016  1011521.026
  1050:  1011739.005  1012252.009  1015568.001  1020568.018  1021710.003
  1055:  1021716.016  1021766.026  1021994.005  1022753.009  1023490.005
  1060:  1023537.009  1024058.001  1028984.003  1029802.005  1029844.009
  1065:  1030942.001  1035942.018  1037000.003  1037006.016  1037056.026
  1070:  1037256.005  1037797.009  1037833.005  1037866.009  1040842.001
  1075:  1045770.003  1046533.005  1046678.009  1049607.001  1054607.018
  1080:  1056230.003  1056236.016  1056286.026  1056497.005  1057447.009
  1085:  1074403.001  1076920.003  1076971.001  1081971.018  1082115.003
  1090:  1082121.016  1082171.026  1082306.005  1082830.009  1084668.001
  1095:  1089668.018  1090063.003  1090069.016  1090119.026  1090282.005
  1100:  1091090.009  1091116.005  1091211.009  1094470.001  1099470.018
  1105:  1100895.003  1100901.016  1100951.026  1101109.005  1101692.009
  1110:  1106356.001  1111356.018  1113318.003  1113324.016  1113374.026
  1115:  1113592.005  1113993.009  1115855.001  1120855.018  1121868.003
  1120:  1121874.016  1121924.026  1122112.005  1122547.009  1128295.001
  1125:  1133295.018  1134256.003  1134262.016  1134312.026  1134486.005
  1130:  1135370.009  1137894.001  1142894.018  1143195.003  1143201.016
  1135:  1143251.026  1143612.005  1144598.009  1144761.005  1144833.009
  1140:  1147802.001  1152802.018  1153975.003  1153981.016  1154031.026
  1145:  1154177.005  1155025.009  1155182.005  1155241.009  1157160.001
  1150:  1162160.018  1163155.003  1163161.016  1163211.026  1163388.005
  1155:  1163911.009  1163954.005  1163968.009  1164014.005  1164062.009
  1160:  1164077.005  1164217.009  1165314.005  1165400.009  1165486.005
  1165:  1165582.009  1166522.001  1167157.003  1167204.001  1167612.003
  1170:  1167637.001  1172324.003  1173679.005  1173789.009  1174319.001
  1175:  1175312.003  1178209.001  1183209.018  1184563.003  1184569.016
  1180:  1184619.026  1184829.005  1185482.009  1185487.005  1185660.009
  1185:  1186749.005  1186761.009  1187514.001  1192514.018  1193099.003
  1190:  1193105.016  1193155.026  1193353.005  1194281.009  1196028.001
  1195:  1201028.018  1202334.003  1202340.016  1202390.026  1202602.005
  1200:  1203291.009  1203304.005  1203550.009  1203733.005  1203752.009
  1205:  1203791.005  1204057.009  1204681.005  1204714.009  1204859.005
  1210:  1204908.009  1204940.005  1204984.009  1204996.005  1205539.009
  1215:  1206126.001  1211126.018  1212304.003  1212310.016  1212360.026
  1220:  1212535.005  1213357.009  1213375.005  1213468.009  1217678.001
  1225:  1222678.018  1224126.003  1224132.016  1224182.026  1224313.005
  1230:  1224775.009  1225055.005  1225080.009  1226708.001  1231708.018
  1235:  1233781.003  1233787.016  1233837.026  1233921.005  1234767.009
  1240:  1234770.005  1234796.009  1236390.001  1241390.018  1242662.003
  1245:  1242668.016  1242718.026  1242850.005  1243153.009  1243282.005
  1250:  1243299.009  1243394.005  1243583.009  1245393.001  1250393.018
  1255:  1251072.003  1251078.016  1251128.026  1251322.005  1251673.009
  1260:  1251822.005  1251827.009  1251833.005  1251844.009  1255049.001
  1265:  1260049.018  1261889.003  1261895.016  1261945.026  1262134.005
  1270:  1262733.009  1265771.001  1270771.018  1272401.003  1272407.016
  1275:  1272457.026  1272633.005  1273070.009  1274893.001  1279893.018
  1280:  1280159.003  1280165.016  1280215.026  1280362.005  1280766.009
  1285:  1280778.005  1280913.009  1280959.005  1281135.009  1281374.005
  1290:  1281559.009  1284314.001  1289314.018  1290677.003  1290683.016
  1295:  1290733.026  1290940.005  1291487.009  1291496.005  1291806.009
  1300:  1293020.001  1298020.018  1300118.003  1300124.016  1300174.026
  1305:  1300357.005  1300997.009  1303199.001  1308199.018  1310394.003
  1310:  1310400.016  1310450.026  1310583.005  1311088.009  1311098.005
  1315:  1311241.009  1312649.001  1317649.018  1319122.003  1319128.016
  1320:  1319178.026  1319419.005  1319969.009  1320005.005  1320548.009
  1325:  1320603.005  1320848.009  1323788.001  1328788.018  1331042.003
  1330:  1331048.016  1331098.026  1331311.005  1332603.009  1332687.005
  1335:  1332882.009  1335700.001  1340700.018  1344833.003  1344839.016
  1340:  1344889.026  1344969.005  1345870.009  1348849.001  1353849.018
  1345:  1355943.003  1355949.016  1355999.026  1356167.005  1356732.009
  1350:  1356862.005  1356918.009  1357777.001  1361875.003  1361901.001
  1355:  1362980.003  1364916.001  1369916.018  1372272.003  1372278.016
  1360:  1372328.026  1372533.005  1373520.009  1376963.005  1376997.009
  1365:  1377728.001  1382728.018  1383451.003  1383457.016  1383481.001
  1370:  1383507.026  1383660.003  1383707.005  1384556.009  1386218.001
  1375:  1391218.018  1391389.003  1391395.016  1391404.001  1391445.026
  1380:  1391568.003  1391599.005  1392283.009  1392317.005  1392595.009
  1385:  1392700.005  1392851.009  1397489.001  1402489.018  1403872.003
  1390:  1403878.016  1403928.026  1404086.005  1404737.009  1407612.001
  1395:  1412612.018  1413349.003  1413355.016  1413405.026  1413604.005
  1400:  1414166.009  1416109.001  1421109.018  1422098.003  1422104.016
  1405:  1422154.026  1422331.005  1422899.009  1427981.005  1427997.009
  1410:  1428075.005  1428096.009  1428629.001  1433629.018  1434234.003
  1415:  1434240.016  1434290.026  1434440.005  1434952.009  1434988.005
  1420:  1435093.009  1435798.005  1436055.009  1436659.005  1436673.009
  1425:  1437457.001  1442457.018  1444760.003  1444766.016  1444816.026
  1430:  1445010.005  1445415.009  1475712.001  1478630.003  1478813.001
  1435:  1481463.003  1483814.001  1488814.018  1488968.003  1488974.016
  1440:  1489024.026  1489202.005  1489530.009  1494528.001  1499528.018
  1445:  1499767.003  1499773.016  1499823.026
B:
     0:        0.000      262.000        0.000      262.000        0.000
     5:      302.000        0.000        0.000        0.000      302.000
    10:        0.000        1.000        0.000        1.000        0.000
    15:        0.000      106.000        0.000      106.000        0.000
    20:        0.000        0.000        0.000        0.000        0.000
    25:        0.000      106.000        0.000        0.000        0.000
    30:        0.000
D:
     0:  1571731.000  1566493.000  1571732.000
E:
     0:     5000.000     5000.000
T:
     0:        0.000        0.000        0.000        0.000
W:
     0:        0.000        0.000        0.000
