File: C:\MED-PC IV\Data\Reyes\AW\AW1044.999


Start Date: 08/19/24
End Date: 08/19/24
Subject: 44
Experiment: AW
Group: EXP10
Box: 6
Start Time: 14:18:29
End Time: 15:08:29
MSN: DRRD_exp_10
C:       0.000
F:       0.000
G:       0.000
H:       0.000
I:       0.000
J:       0.000
K:    8725.000
L:       0.000
M:       0.000
N:       0.000
O:       0.000
P:       0.000
Q:       0.000
R:       0.000
S:       0.000
U:  675476.000
V:       0.000
X:       0.000
Y:    1166.000
Z:       0.000
A:
     0:     1659.005     1832.009    15000.013    15000.011    15754.001
     5:    16076.003    16102.001    18400.003    18424.001    19599.003
    10:    19620.001    19840.003    20161.001    20331.003    20360.001
    15:    20900.003    20939.001    21021.003    21263.001    21375.003
    20:    21857.001    21877.003    21929.001    23659.003    24188.005
    25:    24513.009    25182.001    28979.003    29915.001    29971.003
    30:    30023.001    31146.003    31162.001    34452.003    34490.001
    35:    34586.003    34690.005    35537.009    35992.001    40355.018
    40:    41741.003    41747.016    41797.026    41913.005    42571.009
    45:    42626.005    42638.009    45511.001    45633.003    45659.001
    50:    46730.003    46739.001    48692.003    50311.001    53986.003
    55:    55152.001    55596.003    55631.001    59932.003    60704.005
    60:    61045.009    62488.001    63924.003    63945.001    66402.003
    65:    67688.001    72051.018    72125.003    72131.016    72181.026
    70:    72294.005    73070.009    75157.001    75229.003    75270.001
    75:    75391.003    75416.001    79027.003    79053.001    79435.003
    80:    80585.001    80673.003    80788.001    81191.003    81264.001
    85:    85041.003    86038.001    86080.003    86198.001    89316.003
    90:    90506.005    90771.009    90802.005    90807.009    91317.001
    95:    91618.003    91793.001    94436.003    94470.001    95973.003
   100:    97139.001    97279.003    98403.001   101284.003   102040.005
   105:   102319.009   102642.001   107005.018   107380.003   107386.016
   110:   107436.026   107512.005   108187.009   108242.005   108337.009
   115:   117166.001   121113.003   122735.001   122934.003   123831.001
   120:   127222.003   128866.001   131479.003   131850.005   132133.009
   125:   132560.001   136923.018   136997.003   137003.016   137053.026
   130:   137161.005   137577.009   138961.001   142513.003   144166.001
   135:   144235.003   144590.001   147945.003   148855.005   148870.009
   140:   148880.005   149228.009   150859.001   150944.003   151038.001
   145:   151188.003   151217.001   154414.003   155309.005   155401.009
   150:   155633.001   156290.003   156931.001   160141.003   161166.001
   155:   165380.003   166042.005   166142.009   166419.005   166511.009
   160:   167540.001   171903.018   172362.003   172368.016   172418.026
   165:   172575.005   173124.009   173145.005   173217.009   173299.005
   170:   173304.009   173351.005   173470.009   175024.001   175475.003
   175:   175509.001   178582.003   178923.001   182571.003   183625.001
   180:   185596.003   185615.001   186111.003   186126.001   187253.003
   185:   187833.005   187958.009   188287.001   188416.003   188487.001
   190:   188580.003   188677.001   189153.003   189458.001   192531.003
   195:   195191.001   195271.003   195313.001   199513.003   200237.005
   200:   200534.009   201103.001   205466.018   205629.003   205635.016
   205:   205685.026   205788.005   206802.009   207382.001   210613.003
   210:   212301.001   212803.003   212832.001   213152.003   213182.001
   215:   213345.003   214657.001   214871.003   215786.001   216224.003
   220:   216270.001   219541.003   220322.005   220435.009   220461.005
   225:   221160.009   221195.005   221203.009   222226.001   226456.003
   230:   227484.001   231847.018   232017.003   232023.016   232029.001
   235:   232073.026   232227.003   232272.005   232670.009   235887.005
   240:   236061.009   236065.005   236095.009   236166.005   236188.009
   245:   236769.001   236923.003   236991.001   239949.003   240808.001
   250:   241064.003   241190.001   242939.003   242955.001   243549.003
   255:   243562.001   244749.003   245602.001   248913.003   248929.001
   260:   249645.003   250696.005   250749.009   250996.001   252882.003
   265:   252921.001   256132.003   257195.005   257199.009   257609.001
   270:   260906.003   260931.001   261483.003   270284.001   270380.003
   275:   270417.001   274675.003   275772.005   275775.009   276085.001
   280:   280448.018   281581.003   281587.016   281637.026   281749.005
   285:   282602.009   283611.005   284310.009   284766.001   288042.003
   290:   289015.001   289356.003   289460.001   289901.003   289946.001
   295:   292853.003   293767.001   297964.003   298897.005   298996.009
   300:   299491.001   299722.003   299757.001   304120.018   304262.003
   305:   304268.016   304318.026   304487.005   305053.009   305095.005
   310:   305100.009   305131.005   305350.009   305468.005   305500.009
   315:   306486.001   310128.003   311778.001   316141.018   316544.003
   320:   316550.016   316600.026   316722.005   317884.009   321198.005
   325:   321272.009   322043.001   322075.003   322106.001   322184.003
   330:   322457.001   325512.003   326588.001   330951.018   332011.003
   335:   332017.016   332067.026   332202.005   332970.009   335047.001
   340:   338042.003   338621.005   339293.009   339307.005   339447.009
   345:   340140.001   344503.018   345035.003   345041.016   345091.026
   350:   345254.005   345683.009   345869.005   346072.009   346181.005
   355:   346324.009   346326.005   346332.009   347116.005   347192.009
   360:   348113.001   352476.018   352590.003   352596.016   352646.026
   365:   352772.005   353276.009   355607.001   355937.003   356062.001
   370:   356563.003   356615.001   359211.003   359219.001   359397.003
   375:   360555.001   361476.003   361530.001   363995.003   364740.005
   380:   364784.009   365471.001   369834.018   370156.003   370162.016
   385:   370212.026   370348.005   371109.009   373074.001   377437.018
   390:   377544.003   377550.016   377600.026   377716.005   378194.009
   395:   379642.001   383580.003   384946.001   389309.018   389651.003
   400:   389657.016   389707.026   389825.005   391245.009   391525.005
   405:   391528.009   392807.001   393533.003   393736.001   394050.003
   410:   394072.001   396567.003   398098.001   402461.018   402705.003
   415:   402711.016   402761.026   402906.005   403370.009   407856.001
   420:   408415.003   408527.001   411702.003   412411.005   412505.009
   425:   413068.001   417077.003   417096.001   417768.003   423437.005
   430:   423467.009   424098.001   425392.003   425435.001   429723.003
   435:   430582.001   432267.003   432326.001   435422.003   436527.005
   440:   436597.009   436887.001   441018.003   442824.001   443784.003
   445:   443814.001   446487.003   447580.005   447627.009   447956.001
   450:   452319.018   452839.003   452845.016   452895.026   452913.005
   455:   454082.009   454107.005   454150.009   455607.001   459436.003
   460:   460205.005   460468.009   461141.001   465504.018   466298.003
   465:   466304.016   466354.026   466479.005   467069.009   467076.005
   470:   467116.009   467339.005   467507.009   469331.001   473083.003
   475:   474473.001   478394.003   479337.001   483700.018   484446.003
   480:   484452.016   484502.026   484625.005   485151.009   492541.001
   485:   496904.018   498053.003   498059.016   498109.026   498294.005
   490:   499204.009   499238.005   499342.009   499365.005   499648.009
   495:   499757.005   499902.009   499960.005   500012.009   500480.001
   500:   504760.003   505388.005   505440.009   505834.001   510197.018
   505:   511537.003   511543.016   511593.026   511746.005   512366.009
   510:   512473.005   512825.009   514463.005   514565.009   515101.001
   515:   519271.003   520758.001   522157.003   522195.001   524907.003
   520:   525517.005   525712.009   525728.005   525946.009   526411.001
   525:   530774.018   530849.003   530855.016   530905.026   530948.005
   530:   531494.009   535947.001   536650.003   536714.001   539144.003
   535:   539330.005   539779.009   540147.001   544510.018   545404.003
   540:   545410.016   545460.026   545572.005   547492.009   547569.005
   545:   548708.009   550090.001   553546.003   557139.005   557153.009
   550:   557178.005   557194.009   557263.005   557426.009   557489.005
   555:   558032.009   558036.005   558055.009   558060.005   558450.009
   560:   558465.005   558471.009   558477.005   558940.009   558978.005
   565:   559072.009   559083.005   559108.009   559110.005   559722.009
   570:   559856.005   559870.009   559874.005   559892.009   559920.005
   575:   559933.009   560064.005   560296.009   560311.005   560517.009
   580:   560534.005   560550.009   562831.001   567164.003   567729.005
   585:   568017.009   568034.005   568151.009   568156.005   568177.009
   590:   568316.005   568343.009   568422.005   568924.009   568962.005
   595:   569068.009   569100.005   570381.009   590489.001   594336.003
   600:   595265.001   595349.003   595397.001   595614.003   595642.001
   605:   595682.003   595734.001   599412.003   601013.001   604754.003
   610:   605560.005   605640.009   606476.001   608581.003   608628.001
   615:   610769.003   611896.001   612061.003   612116.001   615601.003
   620:   615702.005   615954.009   620127.001   620427.003   620545.001
   625:   624908.003   624914.016   624964.026   625081.005   625768.009
   630:   625824.005   625906.009   633323.001   636679.003   636725.001
   635:   639319.003   640021.005   640056.009   640077.005   640177.009
   640:   640431.001   644794.018   647703.003   647709.016   647759.026
   645:   647883.005   648475.009   650378.005   650395.009   651598.001
   650:   655467.003   656159.005   656327.009   656464.005   656530.009
   655:   656939.001   660253.003   660738.001   660959.003   661012.001
   660:   665375.018   666130.003   666136.016   666186.026   666373.005
   665:   666961.009   668494.001   672420.003   674306.001   674490.003
   670:   674523.001   677920.003   678809.005   678845.009   679933.001
   675:   684296.018   685413.003   685419.016   685469.026   685590.005
   680:   686416.009   689310.001   692583.003   693648.005   693681.009
   685:   694142.001   698505.018   699324.003   699330.016   699380.026
   690:   699509.005   700438.009   704290.001   708653.018   709106.003
   695:   709112.016   709162.026   709268.005   709638.009   709655.005
   700:   709687.009   709793.005   709854.009   712427.001   716282.003
   705:   716940.005   716953.009   717914.001   721661.003   721704.001
   710:   723835.003   724442.005   724461.009   724964.001   729327.018
   715:   729701.003   729707.016   729757.026   729892.005   730412.009
   720:   731558.001   735156.003   736443.001   740461.003   741650.005
   725:   741688.009   742005.001   742658.003   743013.001   743114.003
   730:   743176.001   743292.003   743885.001   744127.003   744183.001
   735:   746300.003   747895.001   749172.003   749223.001   751746.003
   740:   758569.001   762932.018   763107.003   763113.016   763163.026
   745:   763343.005   763882.009   768209.001   772572.018   773154.003
   750:   773160.016   773210.026   773394.005   773726.009   773750.005
   755:   774337.009   776152.001   779458.003   780486.005   780564.009
   760:   785721.005   785758.009   786283.001   788367.003   788404.001
   765:   791351.003   792218.005   792278.009   792289.005   792329.009
   770:   792822.001   797185.018   798501.003   798507.016   798557.026
   775:   798681.005   799066.009   803379.001   807210.003   813737.001
   780:   817870.003   819536.001   823483.003   823499.001   823762.003
   785:   825905.001   827376.003   827584.001   830410.003   832823.001
   790:   836215.003   836768.001   839298.003   840930.001   841470.003
   795:   842637.001   842868.003   842966.001   843516.003   843643.005
   800:   844042.009   844259.001   846711.003   847244.001   850802.003
   805:   856445.001   860808.018   861651.003   861657.016   861707.026
   810:   861822.005   862195.009   870566.001   870884.003   874167.001
   815:   874196.003   874297.001   876800.003   876876.001   879736.003
   820:   891796.001   892464.003   892714.001   892968.003   901878.005
   825:   901903.009   904928.001   909070.003   921583.001   922840.003
   830:   922899.001   925679.003   938793.001   942678.003   943553.005
   835:   943853.009   951498.001   955026.003   955037.001   955709.003
   840:   956940.001   956990.003   957270.001   957995.003   958050.001
   845:   961110.003   962418.005   962446.009   974619.001   977863.003
   850:   978949.005   978981.009   989633.001   989653.003   990147.001
   855:   992219.003   992315.001   995321.003   996188.005   996620.009
   860:  1005403.001  1007108.003  1007156.001  1009804.003  1042290.001
   865:  1046653.018  1047619.003  1047625.016  1047675.026  1047810.005
   870:  1048868.009  1050662.001  1054264.003  1054284.001  1054919.003
   875:  1056025.005  1056158.009  1056218.005  1056234.009  1060070.005
   880:  1060153.009  1060242.005  1060305.009  1060808.001  1063676.003
   885:  1063982.001  1066192.003  1066210.001  1067864.003  1074526.005
   890:  1074578.009  1075357.001  1079720.018  1081940.003  1081946.016
   895:  1081996.026  1082159.005  1082922.009  1082972.005  1083080.009
   900:  1085080.001  1089443.018  1089625.003  1089631.016  1089681.026
   905:  1089862.005  1090274.009  1099248.001  1100669.003  1100736.001
   910:  1102829.003  1105711.001  1107566.003  1107864.001  1108748.003
   915:  1108782.001  1111552.003  1127567.001  1130420.003  1130546.001
   920:  1133641.003  1147413.005  1147674.009  1148066.001  1150714.003
   925:  1150767.001  1153492.003  1154316.005  1154417.009  1197859.001
   930:  1200643.003  1201678.001  1202040.003  1202755.001  1205433.003
   935:  1207284.001  1211377.003  1213397.001  1213773.003  1213838.001
   940:  1214329.003  1214389.001  1216393.003  1216850.005  1217411.009
   945:  1217678.001  1219281.003  1219703.005  1219852.009  1225439.005
   950:  1225494.009  1226117.001  1230480.018  1232852.003  1232858.016
   955:  1232908.026  1233027.005  1233549.009  1233570.005  1233591.009
   960:  1233723.005  1233844.009  1233861.005  1233872.009  1233948.005
   965:  1233952.009  1234028.005  1234086.009  1234306.005  1234352.009
   970:  1236670.001  1240468.003  1241544.005  1241804.009  1242278.005
   975:  1242299.009  1242783.001  1247146.018  1247964.003  1247970.016
   980:  1248020.026  1248205.005  1248689.009  1252244.001  1253853.003
   985:  1253917.001  1256896.003  1259170.001  1263533.018  1263964.003
   990:  1263970.016  1264020.026  1264209.005  1265004.009  1267372.005
   995:  1267402.009  1267430.005  1267478.009  1267607.005  1267674.009
  1000:  1268275.001  1272280.003  1274617.001  1278980.018  1280182.003
  1005:  1280188.016  1280238.026  1280349.005  1281233.009  1285444.001
  1010:  1289748.003  1290903.005  1290976.009  1292941.001  1295652.003
  1015:  1296103.001  1296729.003  1296777.001  1299496.003  1301623.001
  1020:  1305986.018  1308797.003  1308803.016  1308853.026  1308988.005
  1025:  1309469.009  1309504.005  1309535.009  1316269.001  1320632.018
  1030:  1321747.003  1321753.016  1321803.026  1321959.005  1322784.009
  1035:  1322813.005  1323428.009  1324584.005  1324615.009  1325079.001
  1040:  1327041.003  1327106.001  1329283.003  1330439.005  1330675.009
  1045:  1330697.005  1330737.009  1331936.001  1336299.018  1336513.003
  1050:  1336519.016  1336531.001  1336569.026  1336744.003  1336788.005
  1055:  1337535.009  1339201.005  1339211.009  1339256.005  1339270.009
  1060:  1346790.001  1351153.018  1351575.003  1351581.016  1351631.026
  1065:  1351751.005  1352203.009  1365972.001  1370335.018  1372300.003
  1070:  1372306.016  1372356.026  1372493.005  1373092.009  1375244.001
  1075:  1379067.003  1381212.001  1385575.018  1386597.003  1386603.016
  1080:  1386653.026  1386806.005  1387512.009  1389432.005  1389476.009
  1085:  1390254.001  1392188.003  1392237.001  1394835.003  1400946.005
  1090:  1401010.009  1401029.005  1401038.009  1401174.005  1401250.009
  1095:  1402561.001  1406924.018  1407836.003  1407842.016  1407892.026
  1100:  1408070.005  1409172.009  1410674.005  1410724.009  1411170.001
  1105:  1415533.018  1416171.003  1416177.016  1416227.026  1416391.005
  1110:  1416907.009  1419224.001  1423587.018  1424094.003  1424100.016
  1115:  1424150.026  1424152.017  1424290.005  1424807.009  1424924.005
  1120:  1424973.009  1424994.005  1425634.009  1427981.001  1432691.003
  1125:  1433660.005  1433670.009  1444017.005  1444057.009  1446135.001
  1130:  1450897.003  1451856.001  1454418.003  1454493.001  1457439.003
  1135:  1457507.005  1457991.009  1458617.001  1463416.018  1463838.003
  1140:  1463844.016  1463894.026  1464035.005  1464412.009  1471025.005
  1145:  1471057.009  1471488.001  1476287.018  1477748.003  1477754.016
  1150:  1477804.026  1477970.005  1478498.009  1481464.001  1486263.018
  1155:  1486298.003  1486304.016  1486354.026  1486356.017  1486532.005
  1160:  1487106.009  1489907.001  1493858.003  1494910.005  1494914.009
  1165:  1495521.001
B:
     0:        0.000      293.000        0.000      292.000        0.000
     5:      208.000        0.000        0.000        0.000      208.000
    10:        0.000        1.000        0.000        1.000        0.000
    15:        0.000       54.000        2.000       53.000        0.000
    20:        0.000        0.000        0.000        0.000        0.000
    25:        0.000       54.000        0.000        0.000        0.000
    30:        0.000
D:
     0:  2175481.000  2170997.000  2169334.000
E:
     0:     4362.500     5000.000
T:
     0:        0.000        0.000        0.000        0.000
W:
     0:        2.000        0.000        0.000
