File: C:\MED-PC IV\Data\Reyes\AW\AW1042.999


Start Date: 08/24/24
End Date: 08/24/24
Subject: 42
Experiment: AW
Group: PERC
Box: 4
Start Time: 14:36:58
End Time: 15:26:58
MSN: DRRD_perc
C:       0.000
F:       1.000
G:       0.000
H:       0.000
I:       0.000
J:       0.000
K:   10000.000
L:       0.000
M:       0.000
N:       0.000
O:       0.000
Q:       0.000
S:       0.000
U:  129043.000
V:       0.000
X:       0.000
Y:    1765.000
Z:       0.000
A:
     0:     6133.005     6175.009     6185.005     6362.009     6739.005
     5:     7026.009     9160.005     9231.009     9290.005     9465.009
    10:     9519.005     9526.009    10043.005    10054.009    10185.005
    15:    10584.009    15000.013    15000.011    15637.001    15682.003
    20:    16047.001    16092.003    16123.001    16269.003    16543.001
    25:    16578.003    16617.001    17164.003    17383.001    17482.003
    30:    18073.001    18243.003    18315.001    18374.003    18398.001
    35:    18510.003    18554.001    22102.003    22618.001    22697.003
    40:    22742.001    22774.003    23003.001    27954.003    28926.001
    45:    29088.003    29235.001    29488.003    29594.001    29637.003
    50:    29657.001    30376.003    31239.001    31296.003    31329.001
    55:    31347.003    31374.001    31691.003    31718.001    31793.003
    60:    31829.001    32830.003    33344.001    35119.003    35130.001
    65:    39253.003    39487.005    39756.009    40821.001    40884.003
    70:    40952.001    41282.003    41318.001    41594.003    41652.001
    75:    41697.003    41719.001    41762.003    41786.001    41848.003
    80:    42245.001    42602.003    43053.001    43143.003    43154.001
    85:    46606.003    46731.001    47474.003    47998.005    48175.009
    90:    48597.001    53597.018    53615.003    53621.016    53671.026
    95:    53747.005    54260.009    54293.005    54523.009    55245.001
   100:    60245.018    62071.003    62077.016    62127.026    62219.005
   105:    62642.009    63778.001    68778.018    69425.003    69431.016
   110:    69481.026    69558.005    70096.009    70111.005    70249.009
   115:    70783.001    70955.003    71034.001    71052.003    71068.001
   120:    76068.018    77771.003    77777.016    77827.026    77910.005
   125:    78415.009    79415.001    84415.018    86254.003    86260.016
   130:    86310.026    86382.005    87032.009    87058.005    87094.009
   135:    87148.005    87161.009    87180.005    87227.009    87258.005
   140:    87385.009    88490.001    88585.003    88657.001    88916.003
   145:    88933.001    93933.018    94162.003    94168.016    94218.026
   150:    94327.005    95263.009    95277.005    95355.009    96305.001
   155:   101305.018   102522.003   102528.016   102578.026   102684.005
   160:   103196.009   103203.005   103233.009   103268.005   103337.009
   165:   103527.005   103532.009   104560.001   104582.003   104601.001
   170:   109601.018   111151.003   111157.016   111207.026   111274.001
   175:   111277.005   111300.003   111604.009   111662.005   111723.009
   180:   113130.001   113151.003   113191.001   113476.003   113504.001
   185:   118504.018   118842.003   118848.016   118898.026   118992.005
   190:   119466.009   119525.005   119571.009   120039.005   120203.009
   195:   121005.001   121051.003   121109.001   126109.018   127999.003
   200:   128005.016   128055.026   128071.001   128143.005   128171.003
   205:   128605.009   128642.005   128713.009   128731.005   128749.009
   210:   129586.001   129614.003   129666.001   129698.003   129737.001
   215:   134737.018   136241.003   136247.016   136297.026   136439.005
   220:   136691.009   136701.005   136865.009   137486.001   138021.003
   225:   138040.001   143040.018   144366.003   144372.016   144422.026
   230:   144515.001   144600.005   144609.003   145226.009   145250.005
   235:   145328.009   146538.001   146606.003   146660.001   151563.003
   240:   151632.001   151731.003   151827.001   152002.003   152466.005
   245:   152470.001   152655.003   152831.009   153156.001   154041.003
   250:   154084.001   159084.018   159480.003   159486.016   159523.001
   255:   159536.026   159546.003   159651.005   160155.009   160175.005
   260:   160191.009   160213.005   160503.009   160928.001   165392.003
   265:   165827.005   166025.009   166336.001   171336.018   172237.003
   270:   172243.016   172293.026   172294.001   172372.005   172386.003
   275:   172927.009   172942.005   173365.009   174048.001   174102.003
   280:   174125.001   179125.018   179390.003   179396.016   179446.026
   285:   179457.001   179524.005   179542.003   180202.009   180219.005
   290:   180395.009   180403.005   180407.009   180412.005   180503.009
   295:   182127.001   182231.003   182327.001   187327.018   196783.003
   300:   196789.016   196839.026   196901.005   197462.009   197565.005
   305:   197802.009   198284.001   198560.003   198581.001   203581.018
   310:   204514.003   204520.016   204570.026   204580.001   204714.005
   315:   204726.003   205311.009   205315.005   205445.009   205897.001
   320:   206233.003   206246.001   206369.003   206415.001   211132.003
   325:   211183.001   211702.003   212773.001   212799.003   212881.001
   330:   213399.003   213471.001   213516.003   213533.001   218533.018
   335:   218794.003   218800.016   218846.001   218850.026   218935.005
   340:   218947.003   219492.009   219552.005   219566.009   221151.001
   345:   225998.003   226509.001   226558.003   226746.001   231746.018
   350:   235053.003   235059.016   235109.026   235177.005   235812.009
   355:   237059.001   237221.003   237302.001   240353.003   240918.001
   360:   245918.018   248543.003   248549.016   248599.026   248653.005
   365:   249500.009   249529.005   249581.009   250233.001   250504.003
   370:   250515.001   255515.018   256263.003   256269.016   256319.026
   375:   256398.005   256884.009   256893.005   256946.009   257038.005
   380:   257048.009   257131.005   257249.009   258693.001   258775.003
   385:   258833.001   258876.003   259062.001   259089.003   259163.001
   390:   264163.018   265548.003   265554.016   265604.026   265691.005
   395:   266220.009   266245.005   266294.009   267751.001   267802.003
   400:   267868.001   269323.003   269935.001   274935.018   276017.003
   405:   276023.016   276073.026   276094.001   276150.003   276180.005
   410:   276832.009   276865.005   276942.009   277629.001   278120.003
   415:   278150.001   282736.003   282826.001   282964.003   282993.001
   420:   283075.003   283100.001   288100.018   289157.003   289163.016
   425:   289180.001   289213.026   289216.003   289332.005   289563.009
   430:   289867.005   290158.009   290606.001   295606.018   296206.003
   435:   296212.016   296244.001   296262.026   296317.003   296340.005
   440:   296874.009   296892.005   297028.009   297154.005   297251.009
   445:   298740.001   303740.018   305412.003   305418.016   305468.026
   450:   305485.001   305532.003   305536.005   305964.009   306048.005
   455:   306104.009   306196.005   306262.009   307096.001   307410.003
   460:   307793.001   312716.003   312855.005   313145.009   314582.001
   465:   314745.003   314767.001   319767.018   319927.003   319933.016
   470:   319968.001   319983.026   320040.003   320045.005   320295.009
   475:   320352.005   320480.009   321343.001   326343.018   327400.003
   480:   327406.016   327434.001   327456.026   327496.003   327539.005
   485:   328212.009   330001.001   334639.003   334676.001   334965.003
   490:   335631.001   340631.018   341682.003   341688.016   341738.026
   495:   341824.005   342374.009   342504.005   342561.009   342840.005
   500:   342861.009   343805.001   348805.018   349283.003   349289.016
   505:   349339.026   349362.001   349425.005   349442.003   349941.009
   510:   349946.005   350105.009   350923.001   355923.018   357076.003
   515:   357082.016   357132.026   357223.005   357820.009   359027.001
   520:   363901.003   363950.001   368950.018   370184.003   370190.016
   525:   370240.026   370246.001   370307.003   370317.005   370551.009
   530:   370719.005   370729.009   370807.005   370863.009   370905.005
   535:   370925.009   370941.005   371000.009   371990.001   376990.018
   540:   377073.003   377079.016   377128.001   377129.026   377169.003
   545:   377196.005   377999.009   379025.001   383702.003   383781.001
   550:   388781.018   389564.003   389570.016   389620.026   389622.001
   555:   389708.003   389708.005   389972.009   390011.005   390175.009
   560:   390906.001   395906.018   397191.003   397197.016   397247.026
   565:   397408.005   398020.009   399051.001   404051.018   404718.003
   570:   404724.016   404774.026   404879.005   405195.009   406239.001
   575:   406946.003   407770.001   407826.003   407885.001   408135.003
   580:   408347.001   409112.003   409181.001   412987.003   413195.005
   585:   413296.009   414007.001   419007.018   419389.003   419395.016
   590:   419445.026   419526.005   419941.009   421498.001   425834.003
   595:   425925.001   426091.003   426286.001   426330.003   426363.001
   600:   430520.003   431563.001   436563.018   437319.003   437325.016
   605:   437375.026   437523.005   438018.009   438142.005   438581.009
   610:   439449.001   443523.003   443618.001   444078.003   444101.001
   615:   448696.003   450368.001   455368.018   455827.003   455833.016
   620:   455861.001   455883.026   455915.003   455936.005   456610.009
   625:   457763.001   458261.003   458285.001   462069.003   462230.001
   630:   462845.005   462915.009   462945.003   463187.001   468187.018
   635:   469119.003   469125.016   469175.026   469238.005   469731.009
   640:   469763.005   469837.009   469846.005   469904.009   469919.005
   645:   469951.009   470833.001   475479.003   475767.001   475948.003
   650:   475999.001   480313.003   482068.001   487068.018   487548.003
   655:   487554.016   487587.001   487604.026   487652.005   487689.003
   660:   488259.009   488968.001   493304.003   493357.001   493896.005
   665:   493997.009   494041.003   494341.001   499341.018   500961.003
   670:   500967.016   501017.026   501091.005   501381.009   501459.005
   675:   501559.009   502180.001   507180.018   507842.003   507848.016
   680:   507892.001   507898.026   507989.005   508008.003   508506.009
   685:   508511.005   508533.009   508573.005   508613.009   509922.001
   690:   514922.018   515008.003   515014.016   515064.026   515139.005
   695:   515387.009   515995.005   516310.009   517063.001   517160.003
   700:   517416.001   521959.003   522126.001   522320.003   525358.001
   705:   529948.003   531857.001   531967.003   532034.001   536882.003
   710:   538120.001   543120.018   543805.003   543811.016   543861.026
   715:   543929.005   544355.009   545371.001   549913.003   549997.001
   720:   550264.003   550917.001   555837.003   555925.001   556112.003
   725:   557149.001   557203.003   557238.001   562238.018   562944.003
   730:   562950.016   562976.001   563000.026   563084.005   563128.003
   735:   563602.009   563739.005   563748.009   563770.005   564157.009
   740:   569020.001   569042.003   569380.001   569469.003   569525.001
   745:   574525.018   574951.003   574957.016   574982.001   575007.026
   750:   575044.003   575090.005   575325.009   575399.005   575410.009
   755:   575508.005   575534.009   576940.001   581940.018   582276.003
   760:   582282.016   582332.026   582428.001   582437.005   582444.003
   765:   582795.009   582845.005   582965.009   584302.001   588674.003
   770:   588752.001   588803.005   589010.009   589021.003   591676.001
   775:   591693.003   591950.001   596950.018   597100.003   597106.016
   780:   597156.026   597252.005   597588.009   597688.005   597709.009
   785:   597755.005   597787.009   598466.001   598997.003   599045.001
   790:   603133.003   603198.001   603531.003   603982.001   608982.018
   795:   609127.003   609133.016   609183.026   609279.005   609608.009
   800:   609726.005   609767.009   610347.001   615347.018   617450.003
   805:   617456.016   617506.026   617561.005   618071.009   619059.001
   810:   623512.003   623697.001   623718.003   624753.001   629753.018
   815:   630154.003   630160.016   630197.001   630210.026   630270.003
   820:   630296.005   630846.009   632336.001   636763.003   636798.001
   825:   641798.018   641965.003   641971.016   642021.026   642107.005
   830:   643038.009   643344.005   643551.009   644051.001   644389.003
   835:   644440.001   649440.018   649985.003   649991.016   650017.001
   840:   650041.026   650125.005   650132.003   650616.009   652391.001
   845:   657311.003   658619.001   662948.003   663003.001   663178.003
   850:   664466.001   669466.018   669782.003   669788.016   669815.001
   855:   669838.026   669983.003   670001.005   670864.009   671745.001
   860:   676745.018   677175.003   677181.016   677231.026   677314.005
   865:   677698.009   677782.005   677845.009   678803.001   682764.003
   870:   683451.001   688451.018   689468.003   689474.016   689516.001
   875:   689524.026   689589.005   689614.003   690232.009   690261.005
   880:   690382.009   691256.001   696256.018   696586.003   696592.016
   885:   696642.026   696710.005   697117.009   697754.001   702590.003
   890:   702676.001   702812.003   704150.001   704277.003   704294.001
   895:   708274.003   708876.001   713876.018   714589.003   714595.016
   900:   714645.026   714722.005   715549.009   717204.001   722204.018
   905:   722387.003   722393.016   722443.026   722506.005   723018.009
   910:   723043.005   723089.009   723179.005   723380.009   724576.001
   915:   729576.018   729812.003   729818.016   729868.026   729872.001
   920:   729923.003   729945.005   730369.009   731660.001   736660.018
   925:   737081.003   737087.016   737137.026   737223.005   737606.009
   930:   738441.001   743014.003   743034.001   743173.003   743354.001
   935:   743708.003   743726.001   746597.003   746850.001   750210.003
   940:   750383.005   750619.009   751579.001   756579.018   757354.003
   945:   757360.016   757387.001   757410.026   757486.005   757487.003
   950:   757972.009   758933.001   763933.018   763938.003   763944.016
   955:   763994.026   764001.001   764065.003   764082.005   764500.009
   960:   764983.005   765197.009   765933.001   770933.018   771095.003
   965:   771101.016   771115.001   771151.026   771243.005   771268.003
   970:   771750.009   772519.001   777519.018   778800.003   778806.016
   975:   778856.026   779021.005   779486.009   780982.001   785847.003
   980:   785913.001   785962.003   786009.005   786088.009   786357.001
   985:   790924.003   790948.001   791254.003   792442.001   797442.018
   990:   797775.003   797781.016   797831.026   797882.005   798342.009
   995:   799121.001   803892.003   803915.001   804207.003   804679.001
  1000:   804702.003   804779.001   809779.018   810365.003   810371.016
  1005:   810421.026   810487.005   811132.009   811892.001   816593.003
  1010:   817142.005   817184.009   817999.001   818458.003   818527.001
  1015:   823377.003   823513.001   823668.003   824822.001   829822.018
  1020:   830393.003   830399.016   830418.001   830449.026   830531.005
  1025:   830563.003   830945.009   831544.001   836544.018   837262.003
  1030:   837268.016   837318.026   837323.001   837395.005   837416.003
  1035:   838009.009   838045.005   838129.009   839236.001   844180.003
  1040:   844289.005   844646.009   844991.001   845025.003   845077.001
  1045:   850077.018   850672.003   850678.016   850728.026   850889.005
  1050:   851525.009   852302.001   857302.018   857341.003   857347.016
  1055:   857362.001   857384.003   857397.026   857508.005   858014.009
  1060:   858071.005   858247.009   858887.001   859060.003   859098.001
  1065:   864098.018   864739.003   864745.016   864795.026   864903.005
  1070:   865446.009   865562.005   865770.009   866907.001   866961.003
  1075:   867117.001   871482.003   871999.001   872358.003   872535.001
  1080:   877394.003   877427.001   877997.003   878763.001   883763.018
  1085:   884179.003   884185.016   884235.026   884239.001   884282.005
  1090:   884302.003   885104.009   885998.001   886351.003   886365.001
  1095:   886506.003   886538.001   890856.003   892854.001   897430.003
  1100:   897469.001   897670.003   898817.001   903817.018   904227.003
  1105:   904233.016   904283.026   904288.001   904357.005   904373.003
  1110:   904730.009   906509.001   911509.018   912479.003   912485.016
  1115:   912535.026   912635.005   912916.009   912926.005   913039.009
  1120:   914431.001   918876.003   918923.001   919155.003   919622.001
  1125:   924622.018   924684.003   924690.016   924704.001   924740.026
  1130:   924811.005   924832.003   925101.009   925119.005   925223.009
  1135:   925417.005   925651.009   926428.001   931428.018   931729.003
  1140:   931735.016   931785.026   931791.001   931832.003   931850.005
  1145:   932227.009   932235.005   932303.009   932608.005   932697.009
  1150:   933687.001   938687.018   938877.003   938883.016   938930.001
  1155:   938933.026   938975.003   938982.005   939495.009   939507.005
  1160:   939752.009   940254.001   945254.018   947029.003   947035.016
  1165:   947085.026   947130.005   947600.009   947736.005   947853.009
  1170:   947865.005   947873.009   947933.005   948278.009   948907.001
  1175:   953907.018   955482.003   955488.016   955538.026   955563.001
  1180:   955625.003   955625.005   956018.009   956892.001   961892.018
  1185:   962226.003   962232.016   962282.026   962283.001   962385.005
  1190:   962396.003   962685.009   962801.005   962849.009   964013.001
  1195:   968540.003   968571.001   969516.003   969746.001   974746.018
  1200:   974856.003   974862.016   974912.026   974973.005   975423.009
  1205:   976552.001   981552.018   981883.003   981889.016   981927.001
  1210:   981939.026   982022.005   982064.003   982477.009   983771.001
  1215:   988771.018   989070.003   989076.016   989120.001   989126.026
  1220:   989233.005   989250.003   989518.009   989614.005   989816.009
  1225:   990631.001   991389.003   991405.001   995113.003   995165.001
  1230:   995574.003   996258.001  1001258.018  1002691.003  1002697.016
  1235:  1002747.026  1002964.005  1003375.009  1003447.005  1003529.009
  1240:  1004582.001  1009582.018  1009705.003  1009711.016  1009761.026
  1245:  1009763.001  1009820.003  1009837.005  1010381.009  1010408.005
  1250:  1010421.009  1011895.001  1016895.018  1017592.003  1017598.016
  1255:  1017648.026  1017855.005  1018428.009  1018532.005  1018552.009
  1260:  1020855.001  1025855.018  1026307.003  1026313.016  1026363.026
  1265:  1026469.005  1026942.009  1026967.005  1026985.009  1027908.001
  1270:  1032908.018  1034131.003  1034137.016  1034147.001  1034187.026
  1275:  1034297.005  1034306.003  1034737.009  1035623.001  1040597.003
  1280:  1041454.001  1046454.018  1048553.003  1048559.016  1048609.026
  1285:  1048849.005  1049280.009  1050298.001  1055298.018  1055829.003
  1290:  1055835.016  1055885.026  1055886.001  1055947.003  1055983.005
  1295:  1056394.009  1056525.005  1056549.009  1057473.001  1062473.018
  1300:  1062590.003  1062596.016  1062646.026  1062663.001  1062717.003
  1305:  1062772.005  1063259.009  1063298.005  1063309.009  1065505.001
  1310:  1070505.018  1070804.003  1070810.016  1070860.026  1070965.005
  1315:  1071328.009  1072780.001  1077780.018  1078198.003  1078204.016
  1320:  1078254.026  1078516.005  1078893.009  1080227.001  1084629.003
  1325:  1084654.001  1084812.003  1085738.001  1090738.018  1090787.003
  1330:  1090793.016  1090843.026  1091043.005  1091545.009  1091570.005
  1335:  1091599.009  1091738.005  1091804.009  1091933.005  1092068.009
  1340:  1092783.001  1097020.003  1097077.001  1097252.003  1098001.001
  1345:  1102498.003  1102552.001  1102682.003  1104597.001  1108957.003
  1350:  1110147.001  1115147.018  1115537.003  1115543.016  1115576.001
  1355:  1115593.026  1115667.005  1115692.003  1116096.009  1117148.001
  1360:  1117345.003  1117369.001  1122369.018  1122666.003  1122672.016
  1365:  1122722.026  1122941.005  1123343.009  1125060.001  1130060.018
  1370:  1130196.003  1130202.016  1130227.001  1130252.026  1130351.003
  1375:  1130390.005  1130668.009  1130693.005  1130827.009  1131630.001
  1380:  1136609.003  1137643.001  1141957.003  1142018.001  1142273.003
  1385:  1142870.001  1147868.003  1147927.001  1148470.003  1148578.005
  1390:  1148666.009  1148916.001  1153910.003  1153960.001  1154187.003
  1395:  1155138.001  1160138.018  1160954.003  1160960.016  1160984.001
  1400:  1161010.026  1161121.005  1161137.003  1161435.009  1161553.005
  1405:  1161595.009  1162735.001  1167735.018  1168308.003  1168314.016
  1410:  1168364.026  1168509.005  1168967.009  1170558.001  1175389.003
  1415:  1175421.001  1175583.005  1176687.009  1176688.003  1176776.005
  1420:  1176961.009  1177221.005  1177293.009  1177844.001  1177863.003
  1425:  1177901.001  1182707.003  1184112.001  1189112.018  1190584.003
  1430:  1190590.016  1190640.026  1190756.005  1191356.009  1191379.005
  1435:  1191527.009  1192555.001  1197555.018  1198196.003  1198202.016
  1440:  1198252.026  1198345.005  1198634.009  1198675.005  1198752.009
  1445:  1201487.001  1205649.003  1205710.001  1205844.003  1206730.001
  1450:  1211730.018  1212299.003  1212305.016  1212355.026  1212496.005
  1455:  1212726.009  1212784.005  1212955.009  1214420.001  1219170.003
  1460:  1219227.001  1219433.003  1220874.001  1225874.018  1226479.003
  1465:  1226485.016  1226505.001  1226535.026  1226641.003  1226683.005
  1470:  1227236.009  1228473.001  1233473.018  1233725.003  1233731.016
  1475:  1233781.026  1233784.001  1233917.005  1233926.003  1234320.009
  1480:  1235265.001  1240265.018  1240687.003  1240693.016  1240713.001
  1485:  1240743.026  1240881.003  1240896.005  1241488.009  1243389.001
  1490:  1248389.018  1248441.003  1248447.016  1248475.001  1248497.026
  1495:  1248607.003  1248670.005  1249251.009  1250871.001  1251000.003
  1500:  1251017.001  1255718.003  1255785.001  1255934.003  1256722.001
  1505:  1261722.018  1262435.003  1262441.016  1262491.026  1262636.005
  1510:  1263127.009  1263151.005  1263280.009  1264769.001  1269751.003
  1515:  1269780.001  1270008.003  1270772.001  1275772.018  1276506.003
  1520:  1276512.016  1276562.026  1276563.001  1276672.005  1276675.003
  1525:  1276988.009  1277057.005  1277148.009  1277256.005  1277333.009
  1530:  1278153.001  1282561.003  1282584.001  1282788.003  1283733.001
  1535:  1288733.018  1290103.003  1290109.016  1290159.026  1290425.005
  1540:  1290713.009  1290733.005  1290737.009  1290786.005  1290839.009
  1545:  1290882.005  1291254.009  1291985.001  1296909.003  1296946.001
  1550:  1297264.003  1298664.001  1303664.018  1304806.003  1304812.016
  1555:  1304862.026  1305027.005  1305693.009  1305922.005  1305955.009
  1560:  1306051.005  1306156.009  1313339.001  1318160.003  1318792.001
  1565:  1323792.018  1324360.003  1324366.016  1324415.001  1324416.026
  1570:  1324482.003  1324490.005  1324773.009  1324787.005  1324891.009
  1575:  1324955.005  1325183.009  1326257.001  1330209.003  1330261.001
  1580:  1330432.003  1331170.001  1336170.018  1336617.003  1336623.016
  1585:  1336673.026  1336824.005  1337306.009  1337337.005  1337383.009
  1590:  1337464.005  1337534.009  1338876.001  1343715.003  1343770.001
  1595:  1343921.003  1344814.001  1348828.003  1348868.001  1349085.003
  1600:  1350334.001  1355312.003  1355343.001  1355893.003  1357227.001
  1605:  1362227.018  1362746.003  1362752.016  1362795.001  1362802.026
  1610:  1362879.003  1362930.005  1363242.009  1364115.001  1364150.003
  1615:  1364173.001  1368991.003  1369073.001  1369407.003  1370966.001
  1620:  1375966.018  1377450.003  1377456.016  1377506.026  1377516.001
  1625:  1377619.005  1377628.003  1378253.009  1379260.001  1384260.018
  1630:  1384632.003  1384638.016  1384660.001  1384688.026  1384860.005
  1635:  1384881.003  1385438.009  1385697.005  1385734.009  1385786.005
  1640:  1385980.009  1387452.001  1392452.018  1392688.003  1392694.016
  1645:  1392725.001  1392744.026  1392887.005  1392904.003  1393333.009
  1650:  1394345.001  1399345.018  1399482.003  1399488.016  1399538.026
  1655:  1399544.001  1399600.003  1399677.005  1400031.009  1401818.001
  1660:  1401952.003  1401976.001  1406176.003  1406209.001  1406398.003
  1665:  1407038.001  1412038.018  1413264.003  1413270.016  1413320.026
  1670:  1413335.001  1413385.003  1413444.001  1413467.005  1413477.003
  1675:  1413714.009  1413774.005  1413846.009  1414987.001  1419987.018
  1680:  1421767.003  1421773.016  1421823.026  1422018.005  1422434.009
  1685:  1424067.001  1429067.018  1429514.003  1429520.016  1429570.026
  1690:  1429760.005  1430466.009  1431982.001  1432116.003  1432129.001
  1695:  1436935.003  1436960.001  1437133.003  1438323.001  1443323.018
  1700:  1443820.003  1443826.016  1443876.026  1443985.005  1444576.009
  1705:  1444615.005  1444803.009  1446420.001  1451288.003  1451348.001
  1710:  1451472.003  1452304.001  1457304.018  1457645.003  1457651.016
  1715:  1457701.026  1457801.005  1458238.009  1460158.001  1464840.003
  1720:  1464876.001  1465472.003  1466654.001  1471654.018  1471810.003
  1725:  1471816.016  1471842.001  1471866.026  1471988.005  1471995.003
  1730:  1472328.009  1472428.005  1472540.009  1474140.001  1479140.018
  1735:  1479834.003  1479840.016  1479890.026  1480056.005  1480389.009
  1740:  1480465.005  1480555.009  1480578.005  1480680.009  1482191.001
  1745:  1487191.018  1487574.003  1487580.016  1487630.001  1487630.026
  1750:  1487686.003  1487752.005  1488001.009  1488145.005  1488268.009
  1755:  1488299.005  1488328.009  1489684.001  1494684.018  1494795.003
  1760:  1494801.016  1494851.026  1494986.005  1495613.009  1496405.001
B:
     0:        0.000      420.000        0.000      419.000        0.000
     5:      270.000        0.000        0.000        0.000      270.000
    10:        0.000        1.000        0.000        1.000        0.000
    15:        0.000      128.000        0.000      128.000        0.000
    20:        0.000        0.000        0.000        0.000        0.000
    25:        0.000      128.000        0.000        0.000        0.000
    30:        0.000
D:
     0:  1629048.000  1625448.000  1623838.000
E:
     0:     5000.000     5000.000
P:
     0:        0.000       45.000       45.000      146.000       35.000
     5:      547.000       99.000      170.000       59.000      112.000
    10:     3548.000       79.000       32.000     4951.000      162.000
    15:      253.000       43.000      719.000       57.000       18.000
    20:      317.000       75.000     1001.000     1775.000     4123.000
    25:       63.000      330.000      276.000       45.000       43.000
    30:       62.000      357.000       90.000     3452.000      743.000
    35:     5018.000     6826.000     5647.000      172.000       18.000
    40:     6703.000     6839.000       95.000      259.000     5229.000
    45:     6217.000       22.000     6550.000       26.000       21.000
    50:      285.000     5338.000       46.000     6890.000      100.000
    55:       28.000       32.000     6504.000      535.000     6326.000
    60:       94.000       68.000     4903.000       99.000      175.000
    65:      185.000      885.000     5396.000        8.000     4464.000
    70:     5901.000       91.000       54.000     5265.000       85.000
    75:      104.000    14456.000      276.000     5933.000      146.000
    80:      336.000      123.000     4717.000      519.000       26.000
    85:      518.000       45.000     5261.000       95.000     4847.000
    90:       49.000     8307.000      162.000     3051.000     7625.000
    95:      271.000     5748.000       82.000       43.000       27.000
   100:     6385.000       51.000     1455.000     6082.000       56.000
   105:      491.000     4586.000      138.000       82.000     6057.000
   110:        1.000     5600.000       53.000     6672.000       47.000
   115:      314.000     4923.000      163.000     5160.000       55.000
   120:     6057.000       38.000     4638.000      289.000     6051.000
   125:     5478.000       80.000     6153.000     4874.000     6234.000
   130:       61.000     5083.000       38.000     4677.000     5783.000
   135:       86.000     6285.000     5667.000      707.000       56.000
   140:      250.000      765.000     3806.000     5382.000     4336.000
   145:      166.000       44.000     4157.000     5756.000     4074.000
   150:      460.000     4595.000     5459.000       30.000      498.000
   155:     3784.000      715.000     5932.000     4646.000      181.000
   160:     4314.000     5480.000       83.000     4336.000      684.000
   165:     6620.000     5662.000      108.000     5086.000       97.000
   170:     4543.000      194.000     4590.000      110.000     4848.000
   175:     5685.000     4542.000      267.000     4920.000      187.000
   180:       54.000     5706.000      126.000       22.000       89.000
   185:     5426.000       35.000     5336.000       16.000     4372.000
   190:      269.000       17.000     5150.000      531.000     4088.000
   195:      333.000     5145.000     7103.000     4453.000       21.000
   200:     5401.000       58.000     4427.000     5167.000      338.000
   205:     5545.000       89.000     4920.000     4329.000      175.000
   210:     5316.000      143.000     5430.000     3961.000     6017.000
   215:       88.000     5330.000     4836.000      136.000      127.000
   220:     3980.000     5713.000     5183.000     5236.000       51.000
   225:     5421.000     4573.000      139.000      354.000     2871.000
   230:     3360.000     5775.000       75.000     5005.000       64.000
   235:     5162.000      115.000     6281.000     4865.000       49.000
   240:     4567.000      306.000     5333.000     4771.000      292.000
   245:       23.000     5586.000     4701.000      459.000     4850.000
   250:      155.000     5571.000      112.000     5718.000       93.000
   255:     4944.000       34.000     5595.000     5039.000        0.000
   260:      173.000     5641.000       54.000     4365.000      359.000
   265:     4859.000      570.000     5416.000       63.000      353.000
   270:      141.000     4318.000     4576.000      201.000     5410.000
   275:       85.000     5970.000     4445.000      232.000     5062.000
   280:       90.000     5301.000       41.000     5190.000       40.000
   285:     6775.000     6575.000       62.000     5334.000      112.000
   290:     4527.000      945.000     5110.000     5331.000      123.000
   295:     5299.000      122.000      758.000     3708.000      409.000
   300:     6433.000     5123.000       57.000     5697.000     5452.000
   305:     6223.000      117.000     4974.000     7099.000     5531.000
   310:       60.000     5117.000       54.000     5299.000     5418.000
   315:     4402.000      158.000     5049.000     4237.000      175.000
   320:     4497.000      130.000     4360.000     5390.000       97.000
   325:      197.000     5297.000     5136.000       97.000     4979.000
   330:     4314.000      255.000     4998.000      543.000     4994.000
   335:      227.000     5816.000      125.000     5573.000     4831.000
   340:     1267.000       19.000     4806.000     6472.000     5641.000
   345:     4162.000      134.000     5569.000     4750.000      206.000
   350:     5605.000      104.000     5252.000      142.000     5422.000
   355:      136.000     5052.000      108.000      129.000     4701.000
   360:      149.000     5713.000     4982.000      228.000     5734.000
   365:      111.000     4408.000      204.000     6370.000     4924.000
   370:      318.000     6142.000     4821.000     5568.000       64.000
   375:     3952.000      171.000     5447.000     4839.000      151.000
   380:     4014.000      217.000     4978.000      550.000     5519.000
   385:       75.000       35.000     4818.000      334.000     6484.000
   390:      112.000     5372.000      191.000     5236.000      158.000
   395:     5137.000       56.000      134.000     4200.000      189.000
   400:     6226.000       50.000       33.000     6780.000     5447.000
   405:      134.000     4806.000      173.000     5497.000     4868.000
   410:      124.000     5341.000     4682.000      596.000     5156.000
   415:      127.000     5694.000     5383.000       54.000     5111.000
   420:        0.000
R:
     0:        1.000        0.000        0.000
T:
     0:        0.000        0.000        0.000        0.000
W:
     0:        2.000        0.000        0.000
