File: C:\MED-PC IV\Data\Reyes\AW\AW1050.999


Start Date: 08/26/24
End Date: 08/26/24
Subject: 50
Experiment: AW
Group: EXP10
Box: 6
Start Time: 15:12:40
End Time: 16:02:40
MSN: DRRD_exp_10
C:       0.000
F:       0.000
G:       0.000
H:       0.000
I:       0.000
J:       0.000
K:    3000.000
L:       0.000
M:       0.000
N:       0.000
O:       0.000
P:       0.000
Q:       0.000
R:       0.000
S:       0.000
U:   42941.000
V:       0.000
X:       0.000
Y:     238.000
Z:       0.000
A:
     0:      354.005      793.009     6839.005     6844.009     6871.005
     5:     6923.009     6959.005     7010.009    14358.005    14399.009
    10:    14473.005    14495.009    15000.013    15000.011    15154.001
    15:    15260.003    15346.001    15365.003    15492.001    15520.003
    20:    15675.001    15863.003    15915.001    16128.003    16892.001
    25:    16984.003    17116.001    17161.003    17530.005    17946.009
    30:    32103.005    32115.009    32125.005    32145.009    45378.005
    35:    45413.009    45429.005    45434.009    45465.005    45522.009
    40:    45548.005    45554.009    45596.005    45608.009    45675.005
    45:    45685.009    45833.005    45982.009    46011.005    46056.009
    50:    46115.005    46138.009    46158.005    46170.009    46205.005
    55:    46282.009    46765.005    46862.009    46893.005    46948.009
    60:    46990.005    47019.009    47036.005    47046.009    47663.005
    65:    47677.009    47693.005    47711.009    47727.005    47759.009
    70:    47847.005    47885.009    48325.005    48346.009    48362.005
    75:    48371.009    48417.005    48454.009    48519.005    48572.009
    80:    48613.005    48682.009    48686.005    48892.009    48930.005
    85:    48983.009    49036.005    49070.009    49425.005    49450.009
    90:    49489.005    49556.009    49576.005    49615.009    49750.005
    95:    49787.009    50246.005    50281.009    50321.005    50622.009
   100:    50643.005    53038.009    53907.005    54133.009    54397.005
   105:    54479.009    54524.005    57691.009    57745.005    57765.009
   110:    58102.005    58161.009    58182.005    58448.009    58470.005
   115:    58557.009    58570.005    58594.009    92230.005    92258.009
   120:    92268.005    92429.009    93095.001    93275.003   137496.005
   125:   137580.009   148550.005   148572.009   148745.005   148762.009
   130:   148995.005   149006.009   149015.005   149201.009   149399.005
   135:   149446.009   149492.005   149586.009   149609.005   149615.009
   140:   149839.005   150280.009   150332.005   150433.009   150448.005
   145:   150475.009   150497.005   150507.009   150680.005   150849.009
   150:   150863.005   151101.009   151130.005   151187.009   151298.005
   155:   151508.009   216443.001   217246.003   218478.005   218676.009
   160:   219052.005   219092.009   219217.005   219297.009   472218.005
   165:   472225.009   472254.005   472290.009   485943.005   485994.009
   170:   486635.005   486643.009   486726.005   486739.009   486759.005
   175:   486781.009   486812.005   486902.009   486976.005   487016.009
   180:   487097.005   487142.009   487365.005   487374.009   487414.005
   185:   487424.009   489038.005   489112.009   520770.005   520824.009
   190:   520875.005   520897.009   521175.005   521243.009   521382.005
   195:   521416.009   652916.005   652942.009   789247.005   789319.009
   200:   789344.005   789984.009   819922.005   819944.009   819977.005
   205:   820221.009   887882.001   887934.003   888108.005   888268.009
   210:   888286.005   888571.009   964652.005   964671.009   971193.005
   215:   972597.009   977478.005   977537.009   977746.005   978492.009
   220:  1206105.005  1206197.009  1326166.005  1326234.009  1326357.005
   225:  1326452.009  1329709.005  1329764.009  1329933.005  1330143.009
   230:  1388368.005  1388382.009  1391451.005  1391673.009  1391701.005
   235:  1392615.009  1413551.001  1413612.003
B:
     0:        0.000       11.000        0.000       11.000        0.000
     5:      107.000        0.000        0.000        0.000      107.000
    10:        0.000        1.000        0.000        1.000        0.000
    15:        0.000        0.000        0.000        0.000        0.000
    20:        0.000        0.000        0.000        0.000        0.000
    25:        0.000        0.000        0.000        0.000        0.000
    30:        0.000
D:
     0:  1456552.000  1456492.000  1456553.000
E:
     0:     1500.000     1500.000
T:
     0:        0.000        0.000        0.000        0.000
W:
     0:        0.000        0.000        0.000
