File: C:\MED-PC IV\Data\Reyes\AW\AW1048.999


Start Date: 08/25/24
End Date: 08/25/24
Subject: 48
Experiment: AW
Group: EXP10
Box: 4
Start Time: 16:09:36
End Time: 16:59:36
MSN: DRRD_exp_10
C:       0.000
F:       0.000
G:       0.000
H:       0.000
I:       0.000
J:       0.000
K:   10000.000
L:       0.000
M:       0.000
N:       0.000
O:       0.000
P:       0.000
Q:       0.000
R:       0.000
S:       0.000
U:    1564.000
V:       0.000
X:       0.000
Y:    1591.000
Z:       0.000
A:
     0:     4856.005     5054.009     5172.005     5273.009    13594.005
     5:    13621.009    13699.005    13724.009    15000.013    15000.011
    10:    15386.001    15879.003    17711.005    17737.009    18443.001
    15:    19224.003    19242.001    22923.003    23079.005    23388.009
    20:    24285.001    25049.003    28414.001    28859.003    29629.001
    25:    34629.018    35944.003    35950.016    36000.026    36102.005
    30:    36632.009    36652.005    36729.009    37376.001    42376.018
    35:    42590.003    42596.016    42646.026    42718.001    42742.005
    40:    42775.003    43254.009    43758.001    44052.003    44089.001
    45:    49089.018    49822.003    49828.016    49878.026    50019.005
    50:    50337.009    50375.005    50397.009    50841.001    55841.018
    55:    56283.003    56289.016    56339.026    56448.005    57068.009
    60:    57816.001    62813.003    63085.001    63158.003    63598.001
    65:    63667.003    64232.001    64465.003    65191.005    65206.009
    70:    65570.001    70570.018    71090.003    71096.016    71146.026
    75:    71315.005    71822.009    72145.001    77145.018    77163.003
    80:    77169.016    77219.026    77321.005    77754.009    77855.005
    85:    77868.009    77887.005    77946.009    78810.001    83167.003
    90:    83342.001    83361.005    83412.003    83830.009    84602.001
    95:    89602.018    90703.003    90709.016    90759.026    90870.005
   100:    91502.009    92277.001    97277.018    97859.003    97865.016
   105:    97915.026    98027.005    98502.009    98514.005    98705.009
   110:    99148.001   104148.018   104452.003   104458.016   104508.026
   115:   104614.005   105444.009   105491.005   105495.009   105959.001
   120:   110959.018   112895.003   112901.016   112951.026   113091.005
   125:   113430.009   113455.005   113509.009   114008.001   119008.018
   130:   121495.003   121501.016   121551.026   121678.005   122286.009
   135:   122742.001   126176.003   126197.001   130047.003   130230.005
   140:   130452.009   131680.001   136680.018   137867.003   137873.016
   145:   137923.026   137969.001   138067.003   138168.005   138745.009
   150:   139489.001   139897.003   140061.001   140148.003   140198.001
   155:   145198.018   146818.003   146824.016   146874.026   146991.005
   160:   147451.009   147518.005   147640.009   148148.001   153148.018
   165:   153775.003   153781.016   153831.026   153931.005   154370.009
   170:   154380.005   154470.009   155260.001   160260.018   160413.003
   175:   160419.016   160469.026   160576.005   161194.009   161215.005
   180:   161424.009   161443.005   161459.009   161728.001   161758.003
   185:   162383.001   163523.003   163540.001   167947.003   168143.005
   190:   168442.009   169311.005   169324.009   170267.001   175267.018
   195:   176916.003   176922.016   176972.026   177076.005   177431.009
   200:   177466.005   177481.009   177522.005   177654.009   178440.001
   205:   178473.003   178506.001   183506.018   184008.003   184014.016
   210:   184064.026   184067.001   184138.003   184164.005   184698.009
   215:   184704.005   184715.009   190264.005   190291.009   190296.005
   220:   190330.009   191032.001   196032.018   196443.003   196449.016
   225:   196499.026   196660.005   197337.009   197785.001   202785.018
   230:   203914.003   203920.016   203970.026   203978.001   204101.003
   235:   204208.005   204637.009   204652.005   204735.009   205776.001
   240:   210776.018   211977.003   211983.016   212033.026   212140.005
   245:   212614.009   212632.005   212656.009   212669.005   212691.009
   250:   212933.001   213471.003   213841.001   218841.018   220553.003
   255:   220559.016   220609.026   220711.005   221238.009   221262.005
   260:   221274.009   222541.001   227501.003   227534.001   227615.003
   265:   227804.001   228468.003   228609.001   228714.003   230231.001
   270:   230546.003   230729.001   230762.003   232804.001   232847.003
   275:   238181.001   243181.018   244227.003   244233.016   244283.026
   280:   244386.005   244845.009   245336.001   246785.003   246827.001
   285:   251363.003   251604.005   251751.009   252804.001   253519.003
   290:   253712.001   254728.003   254746.001   254927.003   256288.001
   295:   261288.018   262770.003   262776.016   262826.026   262954.005
   300:   263598.009   264177.001   264322.003   264363.001   265048.003
   305:   265070.001   265087.003   265499.001   265823.003   265845.001
   310:   266200.003   266229.001   271229.018   272452.003   272458.016
   315:   272508.026   272641.005   273051.009   273088.005   273127.009
   320:   273182.005   273185.009   274008.001   279008.018   279988.003
   325:   279994.016   280044.026   280163.005   280552.009   280659.005
   330:   280747.009   281105.001   281539.003   281569.001   286569.018
   335:   287242.003   287248.016   287298.026   287400.005   288182.009
   340:   289065.001   289247.003   289268.001   294268.018   294787.003
   345:   294793.016   294843.026   294945.005   295415.009   295853.001
   350:   300853.018   301776.003   301782.016   301832.026   301955.005
   355:   302662.009   302946.001   307946.018   308210.003   308216.016
   360:   308242.001   308266.026   308306.003   308382.005   309000.009
   365:   309494.001   314494.018   315479.003   315485.016   315535.026
   370:   315688.005   316223.009   316232.005   316277.009   316284.005
   375:   316288.009   317038.001   317729.003   317771.001   322555.003
   380:   324560.001   324743.003   324776.001   328443.003   329506.001
   385:   329548.003   329652.001   329808.003   331713.001   336713.018
   390:   337101.003   337107.016   337157.026   337310.005   337724.009
   395:   337729.005   337799.009   338265.001   343265.018   344017.003
   400:   344023.016   344073.026   344251.005   344809.009   345166.001
   405:   347600.003   347636.001   351444.003   351491.001   351663.003
   410:   351906.005   352072.009   352977.001   353283.003   353561.001
   415:   358561.018   358961.003   358967.016   359017.026   359151.005
   420:   359793.009   360198.001   360999.003   361044.001   366044.018
   425:   366843.003   366849.016   366899.026   367014.005   367662.009
   430:   368056.001   373056.018   374275.003   374281.016   374331.026
   435:   374434.005   374843.009   374866.005   374874.009   375408.001
   440:   380408.018   382074.003   382080.016   382130.026   382141.001
   445:   382197.003   382295.005   383145.009   383164.005   383169.009
   450:   383191.005   383247.009   383626.001   388626.018   389667.003
   455:   389673.016   389723.026   389909.005   390574.009   390952.001
   460:   395952.018   396684.003   396690.016   396737.001   396740.026
   465:   396807.003   396878.005   397569.009   397599.005   397604.009
   470:   397655.005   397705.009   398087.001   401203.003   401222.001
   475:   401241.003   401290.001   401481.003   401533.001   402125.003
   480:   402277.001   402466.003   402686.001   402762.003   403187.001
   485:   403300.003   403455.001   407553.003   407686.005   407878.009
   490:   410217.001   411348.003   411418.001   415524.003   415633.005
   495:   416038.009   416520.005   416544.009   416891.001   421891.018
   500:   422888.003   422894.016   422909.001   422944.026   423016.003
   505:   423080.005   423669.009   423687.005   423814.009   424804.001
   510:   424950.003   425003.001   429543.003   429579.001   429646.003
   515:   429920.001   430596.003   430699.001   435699.018   437090.003
   520:   437096.016   437146.026   437226.005   437788.009   437798.005
   525:   437828.009   438890.001   443890.018   450390.003   450396.016
   530:   450446.026   450560.005   451237.009   451623.001   456623.018
   535:   457662.003   457668.016   457718.026   457876.005   458263.009
   540:   458272.005   458473.009   458751.001   463751.018   464718.003
   545:   464724.016   464774.026   464925.005   465306.009   465804.001
   550:   466228.003   466507.001   471507.018   472025.003   472031.016
   555:   472081.026   472195.005   472549.009   472840.001   477840.018
   560:   477955.003   477961.016   477993.001   478011.026   478037.003
   565:   478536.005   479016.009   479172.005   479732.009   480184.001
   570:   480408.003   482111.005   482236.009   482557.001   487557.018
   575:   488248.003   488254.016   488304.026   488319.001   488412.003
   580:   488502.005   489187.009   489640.001   494640.018   494779.003
   585:   494785.016   494835.026   494940.005   495564.009   495992.001
   590:   500963.003   500980.001   501048.003   501262.001   501501.003
   595:   501652.001   502158.003   502234.001   502309.003   502429.005
   600:   502438.009   504414.001   504474.003   504510.001   509510.018
   605:   511039.003   511045.016   511095.026   511205.005   511669.009
   610:   511682.005   511802.009   512211.001   512900.003   513060.001
   615:   513260.003   513321.001   518321.018   519103.003   519109.016
   620:   519159.026   519265.005   519630.009   519677.005   519710.009
   625:   519737.005   519777.009   521074.001   525970.003   525979.001
   630:   526112.003   526669.001   531669.018   533437.003   533443.016
   635:   533493.026   533614.005   533968.009   533978.005   533983.009
   640:   534106.005   534148.009   534563.001   539563.018   540259.003
   645:   540265.016   540315.026   540579.005   541429.009   541934.001
   650:   542292.003   542454.001   547454.018   547525.003   547531.016
   655:   547581.026   547715.005   548184.009   548616.001   553616.018
   660:   554324.003   554330.016   554380.026   554475.005   555026.009
   665:   555693.001   556272.003   556345.001   556842.003   556863.001
   670:   561170.003   561272.005   561455.009   563022.001   568022.018
   675:   568027.003   568033.016   568083.026   568196.005   568759.009
   680:   568797.005   568863.009   569134.001   574134.018   574595.003
   685:   574601.016   574651.026   574763.005   575460.009   578096.001
   690:   582774.003   583106.005   583204.009   586730.001   591730.018
   695:   592049.003   592055.016   592105.026   592196.005   592760.009
   700:   592769.005   592788.009   593222.001   598117.003   598124.001
   705:   599412.003   599537.001   599763.003   600036.001   600301.003
   710:   602450.001   603588.003   605027.001   610027.018   611010.003
   715:   611016.016   611066.026   611160.005   611753.009   612411.001
   720:   614116.003   614146.001   618677.003   622887.005   623012.009
   725:   624278.001   628627.003   629131.005   629382.009   630256.001
   730:   631510.003   631531.001   635583.003   635805.001   636376.003
   735:   636586.005   636740.009   638486.001   643486.018   644671.003
   740:   644677.016   644727.026   644729.001   644764.003   644831.005
   745:   645312.009   645342.005   645357.009   645364.005   645449.009
   750:   646327.001   651327.018   651915.003   651921.016   651971.026
   755:   652094.005   652645.009   653167.001   658167.018   658343.003
   760:   658349.016   658399.026   658547.005   659009.009   659552.001
   765:   664552.018   665726.003   665732.016   665782.026   665918.005
   770:   666615.009   667151.001   668203.003   668244.001   672337.003
   775:   672677.001   672778.003   673070.005   673253.009   674704.001
   780:   675033.003   681731.001   685939.003   687454.001   687519.003
   785:   687761.001   692761.018   692804.003   692810.016   692860.026
   790:   692934.005   693587.009   694116.001   694851.003   694881.001
   795:   699881.018   700448.003   700454.016   700490.001   700504.026
   800:   700552.003   700634.005   701179.009   702339.001   707339.018
   805:   707652.003   707658.016   707708.026   707759.001   707848.003
   810:   707952.005   708776.009   709974.001   714974.018   716338.003
   815:   716344.016   716394.026   716522.005   717163.009   717547.001
   820:   718987.003   719003.001   724003.018   724326.003   724332.016
   825:   724382.026   724462.005   725082.009   725800.001   726359.003
   830:   728484.001   733484.018   733768.003   733774.016   733824.026
   835:   733958.005   734525.009   735638.001   740279.003   740321.001
   840:   740396.003   740650.001   741199.003   741731.001   746731.018
   845:   747654.003   747660.016   747710.026   747817.005   748774.009
   850:   749069.001   749103.003   749174.001   750029.003   751728.001
   855:   756728.018   757724.003   757730.016   757780.026   757888.005
   860:   758467.009   758693.001   763693.018   764249.003   764255.016
   865:   764305.026   764341.001   764472.003   764545.005   765166.009
   870:   765729.001   770667.003   773085.001   773220.003   773574.001
   875:   774004.003   774019.001   774273.003   776387.005   776500.009
   880:   777431.001   782379.003   782628.005   782672.009   784106.001
   885:   789106.018   790251.003   790257.016   790307.026   790461.005
   890:   790985.009   791392.001   796392.018   796756.003   796762.016
   895:   796812.026   796864.005   797445.009   797731.001   802731.018
   900:   803326.003   803332.016   803346.001   803382.026   803510.003
   905:   803602.005   804049.009   805664.001   809553.003   809579.001
   910:   809714.003   810111.001   810797.003   811242.001   811382.003
   915:   811406.001   816406.018   816499.003   816505.016   816555.026
   920:   816700.005   817240.009   817479.001   822479.018   822800.003
   925:   822806.016   822849.001   822856.026   822887.003   822985.005
   930:   823494.009   827114.001   832114.018   832818.003   832824.016
   935:   832849.001   832874.026   832914.003   832993.005   833462.009
   940:   834558.001   834576.003   834613.001   839613.018   839723.003
   945:   839729.016   839779.026   839900.005   840395.009   841793.001
   950:   846793.018   847247.003   847253.016   847303.026   847304.001
   955:   847455.003   847543.005   848121.009   848796.001   849846.003
   960:   850182.005   850212.009   851105.001   856105.018   856473.003
   965:   856479.016   856515.001   856529.026   856611.003   856725.005
   970:   857304.009   857704.001   862704.018   864503.003   864509.016
   975:   864559.026   864734.005   865301.009   865354.005   865411.009
   980:   865474.005   865500.009   865514.005   865615.009   869311.001
   985:   873489.003   873624.005   873781.009   873850.005   874183.009
   990:   874253.005   874260.009   875475.001   879962.003   881355.001
   995:   882401.003   882450.001   886772.003   886880.001   887103.003
  1000:   887713.001   888585.003   888662.001   888790.003   892575.005
  1005:   892672.009   893661.001   893774.003   893920.001   898654.003
  1010:   899576.001   904576.018   904879.003   904885.016   904935.026
  1015:   905047.005   905914.009   906380.001   911103.003   911190.005
  1020:   911514.009   911937.001   916937.018   917396.003   917402.016
  1025:   917418.001   917452.026   917598.003   917656.005   918379.009
  1030:   919490.001   924490.018   924963.003   924969.016   925019.026
  1035:   925091.005   925714.009   926403.001   931403.018   932784.003
  1040:   932790.016   932840.026   932852.001   932910.003   933038.005
  1045:   933412.009   933437.005   933449.009   935562.001   940229.003
  1050:   940287.001   940370.003   940402.001   940728.003   941427.001
  1055:   946206.003   946441.001   946667.003   947536.005   947551.009
  1060:   947626.005   947669.009   949319.001   949446.003   949532.001
  1065:   953825.003   954066.001   954323.003   954725.001   955504.003
  1070:   956562.001   956881.003   958899.001   960582.003   960603.001
  1075:   965603.018   965822.003   965828.016   965878.026   965999.005
  1080:   966620.009   967164.001   971535.003   971700.005   971872.009
  1085:   972534.001   973224.003   976696.001   976798.003   977077.001
  1090:   978405.003   978461.001   983295.003   983613.001   983925.003
  1095:   983967.001   988967.018   989150.003   989156.016   989206.026
  1100:   989309.005   989809.009   990303.001   990749.003   990774.001
  1105:   995774.018   996028.003   996034.016   996084.026   996181.005
  1110:   996879.009   997931.001  1002931.018  1003076.003  1003082.016
  1115:  1003132.026  1003279.005  1003870.009  1005368.001  1005911.003
  1120:  1005944.001  1010188.003  1011800.001  1016800.018  1017498.003
  1125:  1017504.016  1017507.001  1017554.026  1017671.003  1017801.005
  1130:  1018309.009  1018343.005  1018382.009  1018994.001  1023994.018
  1135:  1024429.003  1024435.016  1024485.026  1024577.005  1025171.009
  1140:  1026120.001  1030287.003  1030563.001  1030572.003  1031753.005
  1145:  1032362.009  1033159.001  1038159.018  1039115.003  1039121.016
  1150:  1039164.001  1039171.026  1039211.003  1039312.005  1039851.009
  1155:  1040203.001  1045203.018  1045357.003  1045363.016  1045413.026
  1160:  1045501.005  1046453.009  1047000.001  1052000.018  1052490.003
  1165:  1052496.016  1052546.026  1052704.005  1053404.009  1054859.001
  1170:  1059859.018  1060283.003  1060289.016  1060339.026  1060491.005
  1175:  1061207.009  1061664.001  1066664.018  1067284.003  1067290.016
  1180:  1067308.001  1067340.026  1067437.003  1067596.005  1068302.009
  1185:  1068322.005  1068330.009  1068415.005  1068456.009  1069004.001
  1190:  1073741.003  1074356.005  1074398.009  1075516.001  1080516.018
  1195:  1082075.003  1082081.016  1082124.001  1082131.026  1082334.003
  1200:  1082442.005  1082962.009  1083521.001  1088521.018  1088871.003
  1205:  1088877.016  1088894.001  1088927.026  1089023.003  1089101.005
  1210:  1089617.009  1090540.001  1095188.003  1095237.001  1095583.003
  1215:  1098515.001  1103515.018  1104132.003  1104138.016  1104188.026
  1220:  1104217.001  1104278.003  1104357.001  1104378.003  1104483.005
  1225:  1105145.009  1105662.001  1110614.003  1110640.001  1110896.003
  1230:  1110962.001  1111005.003  1116270.001  1116733.003  1117560.001
  1235:  1122560.018  1122679.003  1122685.016  1122735.026  1122810.001
  1240:  1122830.003  1122933.005  1123527.009  1123909.001  1128909.018
  1245:  1130456.003  1130462.016  1130512.026  1130588.005  1131502.009
  1250:  1132006.001  1137006.018  1138123.003  1138129.016  1138143.001
  1255:  1138179.026  1138412.003  1138510.005  1139020.009  1141629.001
  1260:  1141718.003  1142590.005  1142640.009  1144165.001  1149165.018
  1265:  1149500.003  1149506.016  1149556.026  1149725.005  1150401.009
  1270:  1150988.001  1152099.003  1152151.001  1157151.018  1158082.003
  1275:  1158088.016  1158138.026  1158242.005  1158786.009  1161164.001
  1280:  1161260.003  1163187.001  1168187.018  1168637.003  1168643.016
  1285:  1168693.026  1168890.005  1169504.009  1170243.001  1175243.018
  1290:  1176885.003  1176891.016  1176941.026  1176998.001  1177080.003
  1295:  1177133.005  1177794.009  1178245.001  1183245.018  1183873.003
  1300:  1183879.016  1183929.026  1184141.005  1185164.009  1187312.001
  1305:  1192312.018  1194829.003  1194835.016  1194885.026  1195013.005
  1310:  1195643.009  1197395.001  1202395.018  1203518.003  1203524.016
  1315:  1203574.026  1203738.005  1204158.009  1207181.005  1207347.009
  1320:  1208007.001  1213007.018  1214268.003  1214274.016  1214324.026
  1325:  1214478.005  1215018.009  1215591.001  1216343.003  1216367.001
  1330:  1221367.018  1222072.003  1222078.016  1222128.026  1222347.005
  1335:  1223088.009  1223440.001  1228440.018  1229794.003  1229800.016
  1340:  1229850.026  1229910.001  1230024.003  1230190.005  1230794.009
  1345:  1231557.001  1236557.018  1238274.003  1238280.016  1238330.026
  1350:  1238407.001  1238563.003  1238589.005  1239501.009  1240253.001
  1355:  1241215.003  1241466.001  1246462.003  1246601.001  1246771.003
  1360:  1247428.005  1247572.009  1250553.005  1250561.009  1250579.005
  1365:  1250621.009  1251342.001  1256342.018  1257779.003  1257785.016
  1370:  1257835.026  1257963.005  1258680.009  1259130.001  1264130.018
  1375:  1265609.003  1265615.016  1265665.026  1265850.005  1266338.009
  1380:  1267029.001  1272029.018  1273661.003  1273667.016  1273717.026
  1385:  1273985.005  1274701.009  1275170.001  1280170.018  1281631.003
  1390:  1281637.016  1281687.026  1281769.005  1282327.009  1282351.005
  1395:  1282943.009  1290150.001  1290920.003  1293656.005  1293789.009
  1400:  1301858.005  1301877.009  1311342.005  1311506.009  1312171.001
  1405:  1317171.018  1318505.003  1318511.016  1318561.026  1318774.005
  1410:  1319357.009  1320180.001  1325180.018  1326011.003  1326017.016
  1415:  1326067.026  1326209.005  1326786.009  1326813.005  1326836.009
  1420:  1326852.005  1326857.009  1326887.005  1326934.009  1327358.001
  1425:  1332358.018  1334592.003  1334598.016  1334648.026  1334789.005
  1430:  1335200.009  1335243.005  1335282.009  1335921.001  1340921.018
  1435:  1343095.003  1343101.016  1343151.026  1343345.005  1344039.009
  1440:  1344866.001  1349866.018  1350726.003  1350732.016  1350782.026
  1445:  1350957.005  1351357.009  1351954.001  1356954.018  1357846.003
  1450:  1357852.016  1357902.026  1357964.001  1358011.003  1358082.005
  1455:  1358596.009  1358606.005  1358616.009  1359116.001  1364116.018
  1460:  1366273.003  1366279.016  1366329.026  1366507.005  1367257.009
  1465:  1368938.001  1371916.003  1372612.001  1377612.018  1379223.003
  1470:  1379229.016  1379279.026  1379467.005  1381487.009  1381517.005
  1475:  1381653.009  1382636.001  1387636.018  1388648.003  1388654.016
  1480:  1388704.026  1388855.005  1390445.009  1391027.001  1396027.018
  1485:  1397538.003  1397544.016  1397594.026  1397793.005  1398560.009
  1490:  1399569.001  1404569.018  1406693.003  1406699.016  1406749.026
  1495:  1406986.005  1407693.009  1408211.001  1413211.018  1414454.003
  1500:  1414460.016  1414510.026  1414757.005  1415470.009  1416172.001
  1505:  1421172.018  1422326.003  1422332.016  1422382.026  1422452.005
  1510:  1423171.009  1425605.001  1430605.018  1432147.003  1432153.016
  1515:  1432170.001  1432203.026  1432231.003  1432368.001  1432431.003
  1520:  1432514.005  1433511.009  1435330.001  1435373.003  1435414.001
  1525:  1440414.018  1440931.003  1440937.016  1440987.026  1441038.001
  1530:  1441111.003  1441225.005  1442047.009  1442622.001  1447622.018
  1535:  1449134.003  1449140.016  1449190.026  1449335.005  1449731.009
  1540:  1450690.005  1450783.009  1452727.001  1457727.018  1458415.003
  1545:  1458421.016  1458471.026  1458605.005  1459408.009  1459845.001
  1550:  1464845.018  1465194.003  1465200.016  1465250.026  1465483.005
  1555:  1466243.009  1466946.001  1467856.003  1467903.001  1471641.003
  1560:  1471670.001  1471793.003  1471836.001  1471890.003  1472522.001
  1565:  1472881.003  1476659.005  1476678.009  1476716.005  1476884.009
  1570:  1477777.001  1482777.018  1484234.003  1484240.016  1484290.026
  1575:  1484444.005  1484917.009  1484980.005  1485070.009  1485622.001
  1580:  1490622.018  1491929.003  1491935.016  1491976.001  1491985.026
  1585:  1492043.003  1492720.005  1493096.009  1495080.001  1495936.003
  1590:  1495970.001
B:
     0:        0.000      348.000        0.000      347.000        0.000
     5:      243.000        0.000        0.000        0.000      243.000
    10:        0.000        1.000        0.000        1.000        0.000
    15:        0.000      136.000        0.000      136.000        0.000
    20:        0.000        0.000        0.000        0.000        0.000
    25:        0.000      136.000        0.000        0.000        0.000
    30:        0.000
D:
     0:  1501569.000  1497534.000  1497500.000
E:
     0:     5000.000     5000.000
T:
     0:        0.000        0.000        0.000        0.000
W:
     0:        2.000        0.000        0.000
