File: C:\MED-PC IV\Data\Reyes\AW\AW1042.999


Start Date: 08/26/24
End Date: 08/26/24
Subject: 42
Experiment: AW
Group: PERC
Box: 4
Start Time: 14:04:13
End Time: 14:54:13
MSN: DRRD_perc
C:       0.000
F:       0.000
G:       0.000
H:       0.000
I:       0.000
J:       0.000
K:   10000.000
L:       0.000
M:       0.000
N:       0.000
O:       0.000
Q:       0.000
S:       0.000
U:  201880.000
V:       0.000
X:       0.000
Y:    1714.000
Z:       0.000
A:
     0:     2751.005     3014.009    12115.005    12236.009    12466.005
     5:    12644.009    15000.013    15000.011    15454.001    15502.003
    10:    15578.001    15741.003    15755.001    15843.003    16026.001
    15:    16066.003    16181.001    16307.003    16346.001    16443.003
    20:    16488.001    16548.003    16566.001    16633.003    16653.001
    25:    19026.003    19063.001    22106.003    22150.001    22933.003
    30:    23095.001    25428.003    25471.001    25536.003    25831.005
    35:    25915.009    26240.001    26250.003    26532.001    26596.003
    40:    26635.001    26659.003    26683.001    26714.003    26751.001
    45:    26771.003    26811.001    26825.003    26866.001    26886.003
    50:    26926.001    28168.003    29476.001    29546.003    29601.001
    55:    29702.003    29731.001    29759.003    29798.001    29828.003
    60:    29863.001    29939.003    29997.001    30033.003    30066.001
    65:    30333.003    30366.001    30473.003    30546.001    30573.003
    70:    30602.001    31317.003    31384.001    31436.003    31469.001
    75:    32196.003    32799.001    33388.003    33524.001    33601.003
    80:    33886.001    33939.003    34221.001    34336.003    34376.001
    85:    34418.003    34444.001    34495.003    34521.001    34571.003
    90:    34576.001    39578.018    40227.003    40233.016    40283.026
    95:    40355.005    41147.009    41196.005    41208.009    41256.005
   100:    41265.009    41431.005    41437.009    42436.001    42449.003
   105:    42469.001    47302.003    47487.005    47607.009    48197.001
   110:    48768.003    48784.001    53252.003    53394.005    53739.009
   115:    53996.001    54080.003    54203.001    54268.003    54313.001
   120:    55396.003    55426.001    60406.003    61156.001    66156.018
   125:    67141.003    67147.016    67197.026    67269.005    67633.009
   130:    67737.005    67763.009    68047.005    68078.009    69275.001
   135:    73201.003    73323.001    73331.005    73457.009    73499.003
   140:    73847.001    75765.003    75787.001    80787.018    80950.003
   145:    80956.016    81006.026    81074.005    81502.009    82330.005
   150:    82466.009    83100.001    83258.003    83271.001    88269.003
   155:    88726.001    89963.003    89973.001    94843.003    94985.005
   160:    95316.009    95662.001    96384.003    96396.001   101396.018
   165:   101409.003   101415.016   101465.026   101526.005   101918.009
   170:   102358.001   107358.018   108528.003   108534.016   108584.026
   175:   108746.005   108965.009   110015.001   115015.018   116246.003
   180:   116252.016   116288.001   116302.026   116355.005   116359.003
   185:   116961.009   118098.001   123098.018   123813.003   123819.016
   190:   123869.026   123920.005   124302.009   125558.001   130558.018
   195:   131467.003   131473.016   131523.026   131596.005   131979.009
   200:   133035.001   133197.003   133209.001   133720.003   133748.001
   205:   137832.003   138608.005   138703.009   139008.001   139015.003
   210:   139033.001   139096.003   139319.001   141236.003   141253.001
   215:   141307.003   141338.001   145446.003   146529.001   151529.018
   220:   153038.003   153044.016   153094.026   153162.005   153649.009
   225:   154130.001   154450.003   154464.001   154484.003   154532.001
   230:   159532.018   160219.003   160225.016   160275.026   160342.005
   235:   160734.009   161355.001   161509.003   161526.001   161690.003
   240:   161717.001   166717.018   166947.003   166953.016   167003.026
   245:   167085.005   167401.009   168758.001   168851.003   168900.001
   250:   168962.003   168996.001   173996.018   174302.003   174308.016
   255:   174358.026   174436.005   174830.009   175667.001   180667.018
   260:   180741.003   180747.016   180788.001   180797.026   180862.005
   265:   180875.003   181523.009   181998.001   182354.003   182369.001
   270:   187369.018   188342.003   188348.016   188398.026   188465.005
   275:   188860.009   189467.001   190122.003   190133.001   194753.003
   280:   194812.001   194908.003   195050.005   195533.009   195842.001
   285:   200842.018   203661.003   203667.016   203693.001   203717.026
   290:   203805.003   203806.005   204202.009   204234.005   204282.009
   295:   204346.005   204363.009   204365.005   204396.009   205534.001
   300:   210534.018   211346.003   211352.016   211372.001   211402.026
   305:   211460.005   211469.003   211809.009   212391.001   217391.018
   310:   217445.003   217451.016   217479.001   217501.026   217586.003
   315:   217615.005   217876.009   218037.005   218079.009   218619.001
   320:   218983.003   219008.001   224008.018   224075.003   224081.016
   325:   224105.001   224131.026   224226.003   224227.005   224536.009
   330:   225147.001   230147.018   231291.003   231297.016   231344.001
   335:   231347.026   231399.003   231433.005   231781.009   232428.001
   340:   237428.018   237926.003   237932.016   237982.026   238095.005
   345:   238396.009   238977.001   243977.018   245356.003   245362.016
   350:   245391.001   245412.026   245436.003   245506.005   246069.009
   355:   247092.001   252092.018   252682.003   252688.016   252738.026
   360:   252835.005   253386.009   253906.001   258906.018   259736.003
   365:   259742.016   259792.026   259883.005   260950.009   262308.001
   370:   262883.003   262911.001   263647.003   263673.001   263904.003
   375:   263970.001   264002.003   264050.001   269050.018   269925.003
   380:   269931.016   269981.026   270074.005   270392.009   270944.001
   385:   275944.018   277577.003   277583.016   277617.001   277633.026
   390:   277704.005   277716.003   278447.009   278874.001   279114.003
   395:   279164.001   279211.003   279262.001   284140.003   284211.001
   400:   284345.003   285565.001   286388.003   286406.001   286425.003
   405:   286447.001   286496.003   286518.001   291518.018   292334.003
   410:   292340.016   292390.026   292481.005   292750.009   293395.001
   415:   298395.018   298540.003   298546.016   298596.026   298598.001
   420:   298613.003   298669.005   298975.009   299437.001   300291.003
   425:   300323.001   300382.003   300446.001   300540.003   300632.001
   430:   305478.003   306023.001   311023.018   312508.003   312514.016
   435:   312564.026   312630.005   312935.009   313042.005   313080.009
   440:   313763.001   318763.018   321043.003   321049.016   321099.026
   445:   321256.005   321661.009   322847.001   327847.018   328566.003
   450:   328572.016   328591.001   328622.026   328705.005   328713.003
   455:   328976.009   329142.005   329159.009   329840.001   334840.018
   460:   334928.003   334934.016   334984.026   335075.001   335176.003
   465:   335523.001   340523.018   342492.003   342498.016   342530.001
   470:   342548.026   342569.003   342625.005   343006.009   343178.005
   475:   343328.009   343743.001   348743.018   351406.003   351412.016
   480:   351462.026   351586.005   351891.009   352340.001   357340.018
   485:   357984.003   357990.016   358038.001   358040.026   358152.003
   490:   358163.005   358448.009   358547.005   358567.009   359400.001
   495:   359869.003   359896.001   364246.003   364269.001   364420.003
   500:   365056.001   370056.018   371632.003   371638.016   371675.001
   505:   371688.026   371707.003   371771.005   372073.009   376177.001
   510:   376248.003   376278.001   381278.018   382377.003   382383.016
   515:   382431.001   382433.026   382488.003   382528.005   382956.009
   520:   384004.001   389004.018   389660.003   389666.016   389686.001
   525:   389716.026   389850.005   389862.003   390322.009   391462.001
   530:   396462.018   397455.003   397461.016   397511.026   397602.005
   535:   398380.009   398826.001   403826.018   403996.003   404002.016
   540:   404052.026   404147.005   404441.009   405339.001   410339.018
   545:   411483.003   411489.016   411539.026   411624.005   411939.009
   550:   412604.001   417604.018   418348.003   418354.016   418404.026
   555:   418524.005   418969.009   419776.001   424776.018   425570.003
   560:   425576.016   425603.001   425626.026   425733.005   425738.003
   565:   426005.009   426812.001   431711.003   431780.001   431885.003
   570:   433324.001   433438.003   433857.001   438856.003   438906.001
   575:   439043.003   440469.001   445392.003   446393.001   451393.018
   580:   452187.003   452193.016   452224.001   452243.026   452333.005
   585:   452344.003   452732.009   454103.001   458101.003   458154.001
   590:   458310.003   459157.001   464076.003   464096.001   464279.003
   595:   465380.001   470380.018   471995.003   472001.016   472051.026
   600:   472180.005   472527.009   473538.001   478315.003   479474.001
   605:   484474.018   488700.003   488706.016   488756.026   488849.005
   610:   489102.009   489162.005   489358.009   490375.001   495335.003
   615:   495360.001   495671.003   496097.001   501097.018   503800.003
   620:   503806.016   503856.026   503932.005   504215.009   504254.005
   625:   504322.009   505293.001   510136.003   510188.001   510323.003
   630:   511280.001   516280.018   517554.003   517560.016   517610.026
   635:   517714.005   517944.009   519200.001   519641.003   519671.001
   640:   524671.018   525747.003   525753.016   525803.026   525806.001
   645:   525898.005   525912.003   526103.009   526157.005   526173.009
   650:   527055.001   532055.018   532740.003   532746.016   532777.001
   655:   532796.026   532914.003   532959.005   533245.009   533805.001
   660:   538805.018   539775.003   539781.016   539831.026   539939.005
   665:   540251.009   541493.001   546493.018   547206.003   547212.016
   670:   547256.001   547262.026   547358.003   547376.005   547834.009
   675:   549578.001   554578.018   555249.003   555255.016   555267.001
   680:   555305.026   555443.005   555634.003   555739.009   555886.001
   685:   557522.003   557583.001   557812.003   558022.001   563022.018
   690:   565046.003   565052.016   565090.001   565102.026   565230.003
   695:   565235.005   565675.009   567729.001   567821.003   567843.001
   700:   572782.003   572816.001   572974.003   574060.001   579060.018
   705:   580461.003   580467.016   580517.026   580522.001   580631.005
   710:   580640.003   580938.009   582270.001   582572.003   582589.001
   715:   587589.018   588788.003   588794.016   588844.026   588932.005
   720:   589271.009   590167.001   595167.018   596026.003   596032.016
   725:   596074.001   596082.026   596216.003   596219.005   596431.009
   730:   597537.001   602537.018   602987.003   602993.016   603030.001
   735:   603043.026   603125.003   603177.005   603383.009   604806.001
   740:   609806.018   611063.003   611069.016   611113.001   611119.026
   745:   611282.003   611347.005   611736.009   611841.005   611863.009
   750:   612637.001   617637.018   618700.003   618706.016   618736.001
   755:   618756.026   618883.005   618901.003   619142.009   619192.005
   760:   619223.009   619245.005   619455.009   620171.001   625171.018
   765:   625781.003   625787.016   625804.001   625837.026   626010.005
   770:   626020.003   626417.009   626419.005   626445.009   626604.005
   775:   626628.009   628170.001   628243.003   628441.001   628475.003
   780:   628496.001   633496.018   635640.003   635646.016   635695.001
   785:   635696.026   635787.003   635803.005   636066.009   638347.001
   790:   643347.018   644024.003   644030.016   644067.001   644080.026
   795:   644176.003   644182.005   645034.009   646379.001   651379.018
   800:   651975.003   651981.016   652014.001   652031.026   652141.005
   805:   652142.003   652352.009   653664.001   658664.018   659461.003
   810:   659467.016   659517.026   659520.001   659611.005   659621.003
   815:   659966.009   660490.001   665490.018   666122.003   666128.016
   820:   666160.001   666178.026   666309.005   666319.003   666779.009
   825:   668304.001   672803.003   672826.001   673068.003   674418.001
   830:   679418.018   679685.003   679691.016   679724.001   679741.026
   835:   679877.005   679882.003   680360.009   680406.005   680454.009
   840:   681758.001   686758.018   687002.003   687008.016   687048.001
   845:   687058.026   687201.005   687212.003   687525.009   689315.001
   850:   694315.018   694359.003   694365.016   694394.001   694415.026
   855:   694514.005   694523.003   694824.009   695328.001   700328.018
   860:   701822.003   701828.016   701878.026   702024.005   702528.009
   865:   703251.001   708251.018   708365.003   708371.016   708389.001
   870:   708421.026   708556.005   708570.003   709055.009   710699.001
   875:   711080.003   711228.001   711283.003   711297.001   716243.003
   880:   716298.001   716488.003   716968.001   721968.018   723095.003
   885:   723101.016   723151.026   723254.005   723526.009   724242.001
   890:   729242.018   730401.003   730407.016   730457.026   730469.001
   895:   730513.003   730576.005   731164.009   731840.001   736840.018
   900:   737851.003   737857.016   737880.001   737907.026   738030.005
   905:   738039.003   738412.009   739676.001   744562.003   745686.001
   910:   750686.018   752449.003   752455.016   752505.026   752508.001
   915:   752618.005   752630.003   752918.009   753592.001   758592.018
   920:   759475.003   759481.016   759513.001   759531.026   759670.005
   925:   759675.003   760065.009   760835.001   765835.018   767449.003
   930:   767455.016   767480.001   767505.026   767573.003   767628.005
   935:   767927.009   777733.001   777778.003   777827.001   782827.018
   940:   782984.003   782990.016   783016.001   783040.026   783163.003
   945:   783174.005   783461.009   783579.005   783873.009   784589.001
   950:   789589.018   789794.003   789800.016   789833.001   789850.026
   955:   789914.003   789966.005   790337.009   791066.001   796066.018
   960:   798006.003   798012.016   798062.026   798257.005   798514.009
   965:   798733.005   798742.009   798847.005   798865.009   799800.001
   970:   804800.018   805186.003   805192.016   805219.001   805242.026
   975:   805304.003   805346.005   805835.009   808176.001   808233.003
   980:   808281.001   813182.003   813255.001   813424.003   815002.001
   985:   820002.018   820763.003   820769.016   820803.001   820819.026
   990:   820951.005   820953.003   821273.009   821784.001   826784.018
   995:   827633.003   827639.016   827667.001   827689.026   827802.005
  1000:   827823.003   828112.009   828132.005   828150.009   829936.001
  1005:   834285.003   834320.001   835023.003   835882.001   840882.018
  1010:   841867.003   841873.016   841895.001   841923.026   842063.005
  1015:   842069.003   842346.009   843541.001   847755.003   847781.001
  1020:   848459.003   848748.001   853748.018   855171.003   855177.016
  1025:   855227.026   855319.005   855947.009   857257.001   857589.003
  1030:   857633.001   862004.003   862053.001   862239.003   863417.001
  1035:   868417.018   871490.003   871496.016   871525.001   871546.026
  1040:   871701.003   871777.005   872086.009   872170.005   872301.009
  1045:   873574.005   873639.009   873968.001   878968.018   879729.003
  1050:   879735.016   879748.001   879785.026   879902.005   879911.003
  1055:   880242.009   880759.001   885759.018   886033.003   886039.016
  1060:   886089.026   886221.005   886591.009   888439.001   893439.018
  1065:   894039.003   894045.016   894090.001   894095.026   894206.003
  1070:   894231.005   894457.009   895501.001   900501.018   900712.003
  1075:   900718.016   900757.001   900768.026   900858.005   900865.003
  1080:   901333.009   901757.001   906757.018   907089.003   907095.016
  1085:   907125.001   907145.026   907279.005   907328.003   907504.009
  1090:   908661.001   913661.018   915704.003   915710.016   915760.026
  1095:   915952.005   916397.009   916407.005   916617.009   916811.005
  1100:   916852.009   917468.001   922468.018   923095.003   923101.016
  1105:   923131.001   923151.026   923254.005   923275.003   923495.009
  1110:   924778.001   929778.018   929916.003   929922.016   929972.026
  1115:   930114.005   930547.009   931557.001   936557.018   937447.003
  1120:   937453.016   937503.026   937657.005   938032.009   938054.005
  1125:   938094.009   938569.001   943569.018   945197.003   945203.016
  1130:   945233.001   945253.026   945358.003   945363.005   945659.009
  1135:   945669.005   945726.009   946277.001   948222.003   948387.001
  1140:   948415.003   948436.001   952929.003   953494.005   953642.009
  1145:   953932.001   958932.018   960356.003   960362.016   960381.001
  1150:   960412.026   960502.003   960573.005   961034.009   961056.005
  1155:   961063.009   961074.005   961078.009   961866.001   966866.018
  1160:   969108.003   969114.016   969164.026   969289.005   969524.009
  1165:   969535.005   969593.009   969605.005   969636.009   969796.005
  1170:   969922.009   970349.001   975349.018   976711.003   976717.016
  1175:   976767.026   976970.005   977145.009   977332.005   977356.009
  1180:   978220.001   983220.018   984379.003   984385.016   984435.026
  1185:   984524.005   985017.009   985895.001   990895.018   992179.003
  1190:   992185.016   992235.026   992311.005   992769.009   993367.001
  1195:   998367.018   999382.003   999388.016   999438.026   999573.005
  1200:   999949.009  1000465.001  1005465.018  1006085.003  1006091.016
  1205:  1006141.026  1006259.005  1006557.009  1007275.001  1012275.018
  1210:  1012697.003  1012703.016  1012751.001  1012753.026  1012832.003
  1215:  1012911.005  1013145.009  1013611.001  1018400.003  1018430.001
  1220:  1018562.003  1019142.001  1023705.003  1023861.001  1023967.003
  1225:  1024010.001  1027539.003  1028315.001  1033315.018  1034416.003
  1230:  1034422.016  1034472.026  1034598.005  1034950.009  1036088.001
  1235:  1041088.018  1041519.003  1041525.016  1041566.001  1041575.026
  1240:  1041673.005  1041691.003  1042004.009  1043246.001  1048246.018
  1245:  1049224.003  1049230.016  1049274.001  1049280.026  1049422.005
  1250:  1049425.003  1049821.009  1050678.001  1051562.003  1051661.001
  1255:  1056661.018  1057565.003  1057571.016  1057621.026  1057754.005
  1260:  1058184.009  1058245.005  1058269.009  1059411.001  1064346.003
  1265:  1064791.001  1069791.018  1071802.003  1071808.016  1071858.026
  1270:  1071996.005  1072176.009  1072403.005  1072413.009  1073545.001
  1275:  1078545.018  1079670.003  1079676.016  1079726.026  1079816.005
  1280:  1080176.009  1081796.001  1086796.018  1087338.003  1087344.016
  1285:  1087355.001  1087394.026  1087562.005  1087607.003  1087837.009
  1290:  1088659.001  1093659.018  1095120.003  1095126.016  1095176.026
  1295:  1095224.001  1095331.005  1095408.003  1095588.009  1096211.001
  1300:  1101211.018  1102811.003  1102817.016  1102867.026  1102968.005
  1305:  1103378.009  1104561.001  1109561.018  1109628.003  1109634.016
  1310:  1109641.001  1109684.026  1109773.003  1109841.005  1110151.009
  1315:  1110836.001  1115836.018  1116002.003  1116008.016  1116058.026
  1320:  1116179.005  1116514.009  1117462.001  1118382.003  1118425.001
  1325:  1123425.018  1124214.003  1124220.016  1124248.001  1124270.026
  1330:  1124413.005  1124467.003  1124722.009  1126488.001  1126534.003
  1335:  1126554.001  1131554.018  1132735.003  1132741.016  1132753.001
  1340:  1132791.026  1132839.003  1132974.005  1133486.009  1144503.001
  1345:  1144521.003  1144545.001  1149480.003  1150397.001  1151607.003
  1350:  1151625.001  1156625.018  1157459.003  1157465.016  1157515.026
  1355:  1157632.005  1157995.009  1158947.001  1163947.018  1164414.003
  1360:  1164420.016  1164470.026  1164622.005  1164927.009  1166079.001
  1365:  1171079.018  1171486.003  1171492.016  1171524.001  1171542.026
  1370:  1171687.005  1171731.003  1171940.009  1172597.001  1177597.018
  1375:  1178891.003  1178897.016  1178910.001  1178940.003  1178947.026
  1380:  1179081.001  1179115.005  1179124.003  1179384.009  1179943.001
  1385:  1184943.018  1185666.003  1185672.016  1185722.026  1185883.005
  1390:  1186463.009  1186525.005  1186534.009  1187627.001  1192627.018
  1395:  1193000.003  1193006.016  1193056.026  1193205.005  1193566.009
  1400:  1194792.001  1199548.003  1199612.001  1199961.003  1200571.001
  1405:  1200650.003  1200664.001  1203946.003  1203965.001  1207923.003
  1410:  1208549.001  1208631.003  1209694.001  1214694.018  1216575.003
  1415:  1216581.016  1216631.026  1216822.005  1217061.009  1217106.005
  1420:  1217156.009  1218039.001  1223039.018  1223130.003  1223136.016
  1425:  1223186.026  1223350.005  1223693.009  1224521.001  1229521.018
  1430:  1229662.003  1229668.016  1229718.026  1229869.005  1230153.009
  1435:  1231629.001  1236629.018  1237416.003  1237422.016  1237472.026
  1440:  1237654.005  1237913.009  1238723.001  1243654.003  1243694.001
  1445:  1243840.003  1244098.001  1244121.003  1244145.001  1244469.003
  1450:  1244616.001  1249616.018  1250528.003  1250534.016  1250584.026
  1455:  1250734.005  1250999.009  1252223.001  1257223.018  1258601.003
  1460:  1258607.016  1258657.026  1258766.005  1259273.009  1260612.001
  1465:  1265612.018  1265906.003  1265912.016  1265962.026  1266073.001
  1470:  1266092.005  1266165.003  1266484.009  1267177.001  1272177.018
  1475:  1272526.003  1272532.016  1272582.026  1272746.005  1273040.009
  1480:  1274120.001  1279120.018  1279562.003  1279568.016  1279618.026
  1485:  1279786.005  1280170.009  1281528.001  1286419.003  1286480.001
  1490:  1286791.003  1287468.001  1287496.003  1287542.001  1292542.018
  1495:  1293176.003  1293182.016  1293232.026  1293242.001  1293312.003
  1500:  1293342.005  1293768.009  1294325.001  1299325.018  1300929.003
  1505:  1300935.016  1300985.026  1301124.005  1301457.009  1306625.001
  1510:  1306694.003  1306721.001  1311721.018  1312268.003  1312274.016
  1515:  1312324.026  1312450.005  1312769.009  1313680.001  1318680.018
  1520:  1318854.003  1318860.016  1318910.026  1319039.005  1319463.009
  1525:  1320948.001  1321144.003  1321165.001  1326165.018  1326409.003
  1530:  1326415.016  1326465.026  1326491.001  1326583.003  1326588.005
  1535:  1326823.009  1327460.001  1332460.018  1334092.003  1334098.016
  1540:  1334148.026  1334275.005  1334930.009  1334955.005  1334991.009
  1545:  1336500.001  1341500.018  1342349.003  1342355.016  1342405.026
  1550:  1342517.005  1342927.009  1343948.001  1348948.018  1348981.003
  1555:  1348987.016  1349032.001  1349037.026  1349044.003  1349242.005
  1560:  1349616.009  1350725.001  1355725.018  1356374.003  1356380.016
  1565:  1356430.026  1356530.001  1356549.005  1356589.003  1356951.009
  1570:  1357739.001  1362480.003  1362582.001  1362773.003  1363016.005
  1575:  1363137.009  1363412.001  1365589.003  1365601.001  1370601.018
  1580:  1370681.003  1370687.016  1370737.026  1370869.005  1371236.009
  1585:  1371254.005  1371780.009  1373204.001  1378204.018  1378856.003
  1590:  1378862.016  1378912.026  1379052.005  1379361.009  1379991.001
  1595:  1384861.003  1385758.001  1387140.003  1387148.001  1391563.003
  1600:  1391577.001  1391942.003  1392503.001  1397503.018  1398184.003
  1605:  1398190.016  1398240.026  1398365.005  1398668.009  1400071.001
  1610:  1405071.018  1405486.003  1405492.016  1405522.001  1405542.026
  1615:  1405680.003  1405749.005  1405993.009  1405997.005  1406094.009
  1620:  1406652.001  1411652.018  1411940.003  1411946.016  1411996.026
  1625:  1412152.005  1412455.009  1413519.001  1418414.003  1418478.001
  1630:  1418656.003  1418934.001  1422262.003  1422286.001  1422553.003
  1635:  1423086.001  1428086.018  1429451.003  1429457.016  1429507.026
  1640:  1429748.005  1430300.009  1430385.005  1430454.009  1431961.001
  1645:  1436961.018  1437277.003  1437283.016  1437333.026  1437439.005
  1650:  1437773.009  1438367.001  1443367.018  1443883.003  1443889.016
  1655:  1443939.026  1444080.005  1444528.009  1444552.005  1444570.009
  1660:  1444636.005  1444699.009  1446044.001  1451044.018  1451276.003
  1665:  1451282.016  1451332.026  1451459.005  1451885.009  1453199.001
  1670:  1458199.018  1458677.003  1458683.016  1458733.026  1458871.005
  1675:  1459190.009  1460654.001  1465654.018  1466971.003  1466977.016
  1680:  1467027.026  1467157.005  1467657.009  1468797.001  1473797.018
  1685:  1474271.003  1474277.016  1474327.026  1474538.005  1475128.009
  1690:  1475137.005  1475158.009  1475193.005  1475198.009  1475963.001
  1695:  1480692.003  1480770.001  1480982.003  1482042.001  1487042.018
  1700:  1488822.003  1488828.016  1488878.026  1488911.001  1489020.005
  1705:  1489042.003  1489246.009  1490826.001  1491350.003  1491372.001
  1710:  1494954.003  1495013.001  1495157.003  1495883.001
B:
     0:        0.000      412.000        0.000      411.000        0.000
     5:      215.000        0.000        0.000        0.000      215.000
    10:        0.000        1.000        0.000        1.000        0.000
    15:        0.000      153.000        0.000      153.000        0.000
    20:        0.000        0.000        0.000        0.000        0.000
    25:        0.000      153.000        0.000        0.000        0.000
    30:        0.000
D:
     0:  1701885.000  1697763.000  1697037.000
E:
     0:     5000.000     5000.000
P:
     0:        0.000       48.000      163.000       88.000       40.000
     5:      126.000       97.000       60.000       67.000     2373.000
    10:     3043.000      783.000     2333.000       65.000       10.000
    15:       64.000       24.000       31.000       20.000       14.000
    20:       20.000     1242.000       70.000      101.000       28.000
    25:       30.000       76.000       36.000      267.000      107.000
    30:       27.000      715.000       52.000      727.000      589.000
    35:       77.000       53.000      115.000       42.000       51.000
    40:       50.000     5649.000       13.000     4833.000      571.000
    45:     4468.000       84.000       65.000     1083.000     4980.000
    50:     5985.000     3926.000      176.000     1918.000     5163.000
    55:      158.000     4998.000     1237.000     4870.000      722.000
    60:     5013.000     6170.000     6231.000       55.000     5715.000
    65:     5909.000      162.000      511.000     4084.000        7.000
    70:       63.000     1917.000       54.000     4108.000     6509.000
    75:      320.000       20.000     5687.000      154.000      164.000
    80:     5230.000       93.000       62.000     5306.000     5074.000
    85:       76.000      356.000     5973.000      655.000     4620.000
    90:       96.000     7819.000       86.000     5812.000       65.000
    95:     5054.000       83.000      364.000     5067.000       93.000
   100:     6144.000       50.000     5498.000     6379.000       22.000
   105:     5590.000     5830.000      575.000      736.000      231.000
   110:       32.000     5875.000     6633.000       81.000      240.000
   115:       47.000     4878.000      134.000      823.000       19.000
   120:       49.000     5816.000     5145.000       15.000      854.000
   125:       59.000       94.000     4846.000     6485.000     7280.000
   130:     5719.000       89.000     5088.000      101.000     6969.000
   135:       19.000     7663.000     5644.000      110.000      469.000
   140:     4350.000      151.000     6576.000       17.000       71.000
   145:     6099.000       53.000     5656.000      144.000     5993.000
   150:     5170.000     6144.000     5744.000     5794.000      110.000
   155:     4899.000      105.000      114.000     4999.000      137.000
   160:     4923.000     5794.000       99.000     3998.000      156.000
   165:     4919.000      183.000     6615.000     4777.000     9226.000
   170:     4960.000      311.000     7703.000     4843.000      135.000
   175:     6274.000      441.000     6076.000      106.000     5685.000
   180:      116.000     5970.000     5713.000       94.000     5671.000
   185:      327.000     1636.000      229.000     7024.000      126.000
   190:       92.000     4939.000      158.000     6401.000      118.000
   195:      302.000     6199.000     5859.000      132.000     5450.000
   200:       80.000     6257.000      161.000     6063.000      143.000
   205:     5610.000      181.000       73.000       34.000     7144.000
   210:       89.000     5677.000       94.000     5596.000      109.000
   215:     5797.000      101.000     5632.000      139.000     4499.000
   220:      242.000     5267.000      139.000     5244.000      152.000
   225:     5044.000      106.000     6494.000     5114.000      147.000
   230:      381.000       55.000     4946.000      190.000     6127.000
   235:     6159.000       44.000     6011.000      130.000     4886.000
   240:     6763.000      122.000     5883.000      142.000     6614.000
   245:       66.000       45.000     5157.000      121.000     5205.000
   250:       62.000     6940.000     5386.000       60.000       57.000
   255:     4901.000      169.000     5761.000      132.000     5849.000
   260:      132.000     4349.000      703.000     5985.000      144.000
   265:     4214.000      678.000     6423.000      332.000     4371.000
   270:      186.000     8073.000      153.000     5761.000      124.000
   275:     5274.000     5600.000      109.000     5211.000       95.000
   280:     5332.000      181.000     7043.000     5627.000      122.000
   285:     5138.000     5890.000     6628.000      103.000     1945.000
   290:       28.000     4493.000     6424.000       88.000     7242.000
   295:     6362.000     6159.000     6284.000     6015.000     5620.000
   300:     5422.000       77.000     4789.000      132.000     4563.000
   305:      106.000     3529.000     6101.000     5431.000      114.000
   310:     5978.000      143.000      884.000     5904.000     4935.000
   315:     7011.000     6125.000     5542.000      211.000     6461.000
   320:      184.000     6600.000     5067.000       87.000     5166.000
   325:      920.000     5789.000      195.000       46.000     6181.000
   330:       46.000       18.000     4935.000     1210.000     5834.000
   335:     5467.000     5407.000      187.000     6294.000        0.000
   340:       43.000     5723.000     5373.000     4756.000      349.000
   345:       79.000     3282.000     3958.000       82.000     6881.000
   350:     5091.000     5141.000     5787.000     4931.000      146.000
   355:       23.000      324.000     5912.000     6378.000     5294.000
   360:       92.000     5349.000     5442.000     4891.000      311.000
   365:       28.000     5634.000       70.000     6604.000       69.000
   370:     5547.000     5174.000      196.000     5244.000       92.000
   375:     6632.000     5849.000     5033.000        5.000     5649.000
   380:       59.000     4741.000      191.000     2177.000     5080.000
   385:     5652.000     4870.000     1382.000     4415.000      365.000
   390:     5681.000     5415.000      136.000     5288.000     4895.000
   395:      178.000     3328.000      267.000     6365.000     5316.000
   400:     5516.000     5232.000     5478.000     6317.000     5474.000
   405:     4729.000      212.000     6780.000      131.000      524.000
   410:     3582.000      144.000        0.000
R:
     0:        1.000        0.000        0.000
T:
     0:        0.000        0.000        0.000        0.000
W:
     0:        2.000        0.000        0.000
