File: C:\MED-PC IV\Data\Reyes\AW\AW1049.999


Start Date: 08/13/24
End Date: 08/13/24
Subject: 49
Experiment: AW
Group: EXP20
Box: 5
Start Time: 16:10:09
End Time: 17:00:09
MSN: DRRD_exp_20
C:       0.000
F:       0.000
G:       0.000
H:       0.000
I:       0.000
J:       0.000
K:    1493.000
L:       0.000
M:       0.000
N:       0.000
O:       0.000
P:       0.000
Q:       0.000
R:       0.000
S:       0.000
U: 3414793.000
V:       0.000
X:       0.000
Y:    3800.000
Z:       0.000
A:
     0:     4064.005     4079.009     4092.005     4204.009     5793.005
     5:     5851.009    11586.005    11996.009    12206.005    12481.009
    10:    12485.005    12489.009    14467.005    14592.009    15000.013
    15:    15000.011    15394.001    15490.003    15790.001    15920.003
    20:    16080.001    16242.003    16305.001    16478.003    16634.001
    25:    17277.003    17793.001    18400.003    18659.001    19074.003
    30:    19373.001    19966.003    20251.001    20466.003    20481.001
    35:    21228.018    21232.003    21238.016    21288.026    21529.005
    40:    22401.009    22560.005    22820.009    22839.005    22856.009
    45:    23296.005    23304.009    24286.001    24523.003    25013.001
    50:    25760.018    25794.003    25800.016    25850.026    26051.005
    55:    26746.009    26802.005    26861.009    27529.001    28276.018
    60:    28328.003    28334.016    28384.026    28579.005    29554.009
    65:    29558.005    29561.009    30166.001    30830.003    30939.001
    70:    31016.003    31061.001    31168.003    31785.001    31816.003
    75:    31862.001    31872.003    31921.001    32641.003    33060.005
    80:    33204.009    33426.001    33995.003    34728.001    34977.003
    85:    35615.001    36020.003    36698.001    36795.003    36808.001
    90:    36872.003    36890.001    36976.003    37008.001    37027.003
    95:    37073.001    37627.003    38447.001    39194.018    39608.003
   100:    39614.016    39664.026    39837.005    40495.009    40865.001
   105:    41019.003    41064.001    41160.003    41219.001    41327.003
   110:    41355.001    41437.003    41459.001    41564.003    41596.001
   115:    41624.003    41995.001    42063.003    42092.001    42106.003
   120:    42315.001    42342.003    42425.001    42669.003    42699.001
   125:    43030.003    43211.001    43229.003    43265.001    43311.003
   130:    43329.001    43472.003    43864.001    44229.003    44258.001
   135:    44649.003    44659.001    44776.003    45094.001    45356.003
   140:    45374.001    45447.003    45462.001    45842.003    45893.001
   145:    45996.003    46028.001    46385.003    49773.005    49893.009
   150:    50623.001    50699.003    50948.001    51027.003    51151.001
   155:    51298.003    51718.001    51736.003    51767.001    52009.003
   160:    52024.001    52279.003    52304.001    52325.003    52343.001
   165:    52618.003    53651.005    53916.009    60579.005    60607.009
   170:    60614.005    60652.009    60672.005    60788.009    61359.001
   175:    61394.003    61430.001    61504.003    61599.001    61680.003
   180:    61698.001    61710.003    61734.001    62223.003    62253.001
   185:    62370.003    62854.001    63601.018    63708.003    63714.016
   190:    63721.001    63748.003    63764.026    64025.005    64590.009
   195:    65036.001    65532.003    65580.001    66176.003    67596.005
   200:    67741.009    67836.005    67950.009    68200.005    68280.009
   205:    68502.001    68657.003    68670.001    69063.003    69178.001
   210:    69784.003    70405.001    70582.003    70599.001    70611.003
   215:    70653.001    71400.018    71477.003    71483.016    71484.001
   220:    71533.026    71642.003    71788.005    72184.009    72588.001
   225:    72800.003    72816.001    72895.003    72911.001    73406.003
   230:    73424.001    74030.003    74395.001    74538.003    74564.001
   235:    75219.003    75828.001    75836.003    75892.001    76270.003
   240:    76735.001    76898.003    76916.001    76960.003    77106.001
   245:    77376.003    77408.001    78155.018    78209.003    78215.016
   250:    78265.026    78440.005    78932.009    79354.001    79552.003
   255:    79619.001    79660.003    79700.001    79912.003    80015.001
   260:    80090.003    80373.001    80471.003    80484.001    80627.003
   265:    80646.001    81105.003    81131.001    81547.003    81862.001
   270:    81914.003    81938.001    82685.018    82856.003    82862.016
   275:    82912.026    83111.005    83562.009    83623.005    83700.009
   280:    84234.001    84538.003    84559.001    84630.003    84682.001
   285:    85429.018    85490.003    85496.016    85546.026    85859.005
   290:    86441.009    86549.005    86767.009    87290.005    87310.009
   295:    87327.005    87401.009    91587.001    91615.003    92270.001
   300:    92308.003    92779.001    92817.003    92925.001    92952.003
   305:    93025.001    93031.003    93291.001    93839.003    93929.001
   310:    94142.003    94188.001    94350.003    94592.001    94769.003
   315:    94785.001    94875.003    94891.001    95435.003    95594.001
   320:    95718.003    95726.001    95854.003    95906.001    95950.003
   325:    95970.001    96398.003    96408.001    96534.003    96993.005
   330:    97018.009    97345.001    97407.003    97422.001    97439.003
   335:    97469.001    97769.003    97809.001    98067.003    98083.001
   340:    98546.003    99024.001    99350.003    99381.001    99426.003
   345:    99471.001    99987.003   100325.001   100356.003   100402.001
   350:   101149.018   101286.003   101292.016   101342.026   101498.005
   355:   101969.009   102047.005   102066.009   102541.001   103170.003
   360:   103218.001   103285.003   103322.001   103372.003   103384.001
   365:   103420.003   103433.001   103975.003   104291.001   104533.003
   370:   104555.001   105040.003   105557.001   106277.003   106488.001
   375:   106585.003   106598.001   106765.003   106778.001   107525.018
   380:   108094.003   108100.016   108121.001   108139.003   108150.026
   385:   108375.005   109113.009   109705.001   109759.003   109829.001
   390:   109883.003   109929.001   109982.003   109995.001   110352.003
   395:   110550.001   111219.003   111230.001   111252.003   111473.001
   400:   111686.003   112014.005   112040.009   112218.001   112578.003
   405:   112589.001   112771.003   112783.001   112975.003   113323.005
   410:   113349.009   113570.001   114317.018   114531.003   114537.016
   415:   114559.001   114582.003   114587.026   114707.005   115202.009
   420:   115535.001   115928.003   116111.001   116858.018   117066.003
   425:   117072.016   117122.026   117284.005   117929.009   118384.001
   430:   118778.003   119088.001   119325.003   119386.001   119791.003
   435:   120329.001   120779.003   120916.001   121131.003   121170.001
   440:   121463.003   124362.005   124528.009   125616.001   125732.003
   445:   125787.001   126129.003   126210.001   126948.003   127001.001
   450:   127046.003   127731.001   128478.018   128688.003   128694.016
   455:   128744.026   128854.005   129322.009   129620.001   129649.003
   460:   129691.001   130014.003   130287.001   130397.003   130411.001
   465:   130856.003   131096.001   131651.003   132067.001   132714.003
   470:   132856.001   132935.003   133355.001   134102.018   134553.003
   475:   134559.016   134566.001   134580.003   134609.026   134791.005
   480:   135175.009   135553.001   135812.003   135840.001   136254.003
   485:   136275.001   136389.003   136410.001   136424.003   136581.001
   490:   137301.003   137722.005   137727.009   137744.005   137806.009
   495:   138032.001   138722.003   139030.005   139130.009   139681.001
   500:   140102.003   140336.001   140396.003   140445.001   140562.003
   505:   140712.001   140779.003   140859.001   141192.003   141934.005
   510:   141960.009   145600.005   145632.009   147005.001   147089.003
   515:   147309.001   147378.003   147388.001   147635.003   147686.001
   520:   147700.003   147762.001   147913.003   147928.001   147967.003
   525:   148081.001   148642.003   149062.001   149399.003   149410.001
   530:   149626.003   149680.001   149760.003   149777.001   149856.003
   535:   149886.001   149923.003   150081.001   150767.003   151295.001
   540:   151350.003   151371.001   152118.018   152195.003   152201.016
   545:   152251.026   152351.005   152895.009   153157.001   153904.018
   550:   154229.003   154235.016   154285.026   154373.005   154894.009
   555:   154903.005   155189.009   155426.005   155530.009   155779.005
   560:   155931.009   156452.001   156478.003   156675.005   156720.009
   565:   156889.001   157385.003   157662.001   158314.003   158880.001
   570:   159449.003   159698.001   160445.018   160455.003   160461.016
   575:   160511.026   160581.005   161193.009   161461.001   162194.003
   580:   162377.005   162648.009   163209.001   163873.003   164027.005
   585:   164052.009   164276.001   164751.003   164859.005   164966.009
   590:   165122.001   165843.003   166063.001   166712.003   166753.001
   595:   167336.003   167558.001   167930.003   168647.001   168681.003
   600:   168700.001   168891.003   169735.001   170482.018   170546.003
   605:   170552.016   170557.001   170580.003   170602.026   170708.001
   610:   170899.003   170962.001   171093.003   171836.005   172277.009
   615:   172855.001   172868.003   172908.001   173386.003   173608.001
   620:   173659.003   173714.001   174289.003   174466.001   174544.003
   625:   175100.005   175381.009   178661.005   178664.009   178667.005
   630:   178671.009   178857.005   179168.009   179659.001   179760.003
   635:   179909.001   180323.003   181241.001   181500.003   181526.001
   640:   181600.003   181663.001   181678.003   181747.001   182478.003
   645:   182861.001   183608.018   183915.003   183921.016   183971.026
   650:   184077.005   184580.009   184932.001   185173.003   185303.001
   655:   185992.003   186290.001   187037.018   187458.003   187464.016
   660:   187514.026   187783.005   188425.009   190055.001   190080.003
   665:   190254.001   190291.003   190319.001   190942.003   191172.001
   670:   191703.003   192347.005   192437.009   192663.001   192864.003
   675:   192970.001   193671.003   193846.001   194412.003   194421.001
   680:   194658.003   195218.001   195965.018   196091.003   196097.016
   685:   196147.026   196348.005   196844.009   197748.001   198024.003
   690:   198040.001   198689.003   198843.001   199048.003   199227.001
   695:   199589.003   199600.001   199876.003   200590.001   200621.003
   700:   200672.001   201240.003   202159.001   202582.003   202650.001
   705:   202907.003   203502.001   204086.003   204506.001   205112.003
   710:   205390.001   206137.018   206453.003   206459.016   206509.026
   715:   206617.005   207067.009   207152.005   207172.009   209675.001
   720:   209717.003   209740.001   210161.003   210525.001   210594.003
   725:   210607.001   211210.003   211875.001   211970.003   211991.001
   730:   212417.003   212605.005   212831.009   212979.001   213310.003
   735:   213335.001   213969.003   214458.001   215177.003   215579.005
   740:   215584.009   215824.001   216571.018   216889.003   216895.016
   745:   216945.026   217051.005   217519.009   217988.001   218577.003
   750:   218606.001   218702.003   219050.001   219736.003   220064.001
   755:   220811.018   220932.003   220938.016   220988.026   221269.005
   760:   221925.009   222289.005   222334.009   222798.001   222906.003
   765:   222930.001   222968.003   223011.001   223634.003   223643.001
   770:   223971.003   224014.001   224381.003   224441.001   224498.003
   775:   224878.001   225153.003   225168.001   225546.003   225892.005
   780:   225966.009   226155.001   226331.003   226345.001   227076.003
   785:   227142.001   227181.003   227926.001   228673.018   229234.003
   790:   229240.016   229290.026   229449.005   229929.009   230430.001
   795:   231006.003   231020.001   231171.003   231459.001   232206.018
   800:   232659.003   232665.016   232715.026   232827.005   233385.009
   805:   233514.005   233594.009   234900.001   234926.003   235026.001
   810:   235073.003   235113.001   235689.003   235711.001   235836.003
   815:   235852.001   235860.003   236035.001   236634.003   237408.001
   820:   237439.003   237472.001   237528.003   237810.001   238557.018
   825:   238609.003   238615.016   238665.026   238857.005   239272.009
   830:   239955.001   240589.003   241038.001   241431.003   242091.001
   835:   242830.003   243143.005   243271.009   243566.001   243598.003
   840:   243619.001   243657.003   243673.001   244169.003   244207.001
   845:   244954.018   245211.003   245217.016   245267.026   245421.005
   850:   246105.009   247385.001   247605.003   247666.001   248413.018
   855:   248480.003   248486.016   248536.026   248710.005   249388.009
   860:   250403.001   250450.003   250485.001   250500.003   250575.001
   865:   250612.003   250651.001   251220.003   251458.001   251946.003
   870:   251974.001   252047.003   252394.001   252882.003   252892.001
   875:   253043.003   253497.001   254181.003   254562.001   254638.003
   880:   254660.001   255003.003   255469.001   256065.003   256460.005
   885:   256471.009   256495.005   256523.009   256801.001   256814.003
   890:   257009.001   257035.003   257161.001   257679.003   257696.001
   895:   257972.003   258004.001   258098.003   258186.001   258226.003
   900:   258786.001   259273.003   259309.001   259340.003   259436.001
   905:   259617.003   259663.001   259710.003   260373.001   260580.003
   910:   260585.001   260965.003   260998.001   261015.003   261150.001
   915:   261313.003   261928.001   262614.003   262927.001   263516.003
   920:   263574.001   263703.003   264436.001   265183.018   265313.003
   925:   265319.016   265369.026   265576.005   266012.009   274513.005
   930:   274647.009   274726.005   274933.009   278056.001   278803.018
   935:   279004.003   279010.016   279060.026   279233.005   279898.009
   940:   279899.005   279986.009   282883.005   282907.009   284780.005
   945:   284783.009   285225.001   285442.003   285493.001   285913.003
   950:   285960.001   285975.003   286125.001   286204.003   286364.001
   955:   286897.003   287040.001   287342.003   287364.001   287915.003
   960:   288111.001   288598.003   288992.001   289739.018   289743.003
   965:   289749.016   289799.026   289923.005   290481.009   290859.001
   970:   291195.003   291207.001   291228.003   291279.001   291326.003
   975:   291496.001   292040.003   292058.001   292184.003   292217.001
   980:   292238.003   292625.001   293138.003   293487.001   294234.018
   985:   294390.003   294396.016   294446.026   294553.005   295311.009
   990:   296143.001   296158.003   296186.001   296488.003   296625.001
   995:   297372.018   297524.003   297530.016   297580.026   297848.005
  1000:   298485.009   299135.001   299625.003   300069.001   300101.003
  1005:   300149.001   300896.018   300931.003   300937.016   300987.026
  1010:   301258.005   301850.009   302368.001   302417.003   302465.001
  1015:   303031.003   303049.001   303113.003   303683.001   304168.003
  1020:   304205.001   304390.003   304448.001   304578.003   304901.001
  1025:   305150.003   305161.001   305533.003   305927.001   306054.003
  1030:   307177.001   307218.003   307241.001   307935.003   309011.001
  1035:   309467.003   309504.001   309647.003   309668.001   310152.003
  1040:   310172.001   310206.003   310672.001   310692.003   310767.001
  1045:   311183.003   311195.001   311760.003   312266.001   312747.003
  1050:   313051.001   313794.003   314267.001   314892.003   315649.001
  1055:   316391.003   316673.001   317217.003   317804.005   317840.009
  1060:   317845.005   317890.009   318129.001   318876.018   319448.003
  1065:   319454.016   319504.026   319630.005   320335.009   321425.001
  1070:   322172.018   322681.003   322687.016   322737.026   322828.005
  1075:   323405.009   323944.001   323998.003   324096.001   324719.003
  1080:   325016.001   325223.003   325695.001   326285.003   326955.001
  1085:   326979.003   326996.001   327025.003   327047.001   327794.018
  1090:   327841.003   327847.016   327875.001   327897.026   328355.003
  1095:   328378.001   328951.003   329535.001   329577.003   329590.001
  1100:   329799.003   329811.001   330368.003   330933.001   331680.018
  1105:   331824.003   331830.016   331837.001   331880.026   331950.003
  1110:   332168.005   332544.009   332999.001   333393.003   333487.001
  1115:   334144.003   334514.001   334527.003   334579.001   335306.003
  1120:   337573.005   338557.009   338567.005   338575.009   341731.005
  1125:   342324.009   342466.005   342628.009   346865.005   346937.009
  1130:   347875.005   347895.009   348425.005   348458.009   348677.001
  1135:   348854.003   348868.001   348984.003   349145.001   349706.003
  1140:   349914.001   350661.018   350791.003   350797.016   350847.026
  1145:   350973.005   351666.009   352572.001   353202.003   353485.001
  1150:   354232.018   354928.003   354934.016   354984.026   355086.005
  1155:   355554.009   355683.005   355757.009   356030.001   356777.018
  1160:   357291.003   357297.016   357347.026   357409.005   358246.009
  1165:   360062.001   360534.003   360548.001   360600.003   360827.001
  1170:   361500.003   361560.001   361610.003   361619.001   361649.003
  1175:   361740.001   361951.003   362457.001   363002.003   363025.001
  1180:   363409.003   363854.001   364438.003   364813.001   365327.003
  1185:   365763.005   365838.009   366131.001   366520.003   366547.001
  1190:   366919.003   366980.001   367010.003   367356.001   368010.003
  1195:   368320.001   368374.003   368865.001   369599.003   369620.001
  1200:   369813.003   369871.001   369880.003   370106.001   370853.018
  1205:   371302.003   371308.016   371358.026   371500.005   372025.009
  1210:   372547.001   373267.003   373293.001   373436.003   373508.001
  1215:   373922.003   373932.001   374679.018   374866.003   374872.016
  1220:   374922.026   374999.005   376004.009   376648.001   377395.018
  1225:   377572.003   377578.016   377628.026   377765.005   378693.009
  1230:   379626.001   379713.003   379774.001   379861.003   379902.001
  1235:   380241.003   380280.001   380459.003   380658.001   381239.003
  1240:   381679.001   382133.003   382163.001   382264.003   382407.005
  1245:   382626.009   383194.001   383714.003   384042.001   384375.003
  1250:   384583.001   384607.003   384651.001   385382.003   385674.001
  1255:   386160.003   386201.001   386625.003   386638.001   386754.003
  1260:   386767.001   386873.003   386888.001   386964.003   387071.001
  1265:   387215.003   387228.001   387610.003   388047.001   388794.018
  1270:   388863.003   388869.016   388919.026   389193.005   389676.009
  1275:   390164.001   390911.018   391465.003   391471.016   391484.001
  1280:   391521.026   391603.003   391709.005   392643.009   392939.005
  1285:   393094.009   393910.001   393936.003   394301.001   395016.003
  1290:   395045.001   395232.003   395557.001   396196.003   396215.001
  1295:   396603.003   396630.001   396666.003   396681.001   397031.003
  1300:   397047.001   397142.003   397179.001   397190.003   397222.001
  1305:   397342.003   397357.001   397470.003   398104.001   398851.018
  1310:   399520.003   399526.016   399576.026   399674.005   400438.009
  1315:   401903.001   401940.003   401958.001   402291.003   402309.001
  1320:   402568.003   402807.005   402890.009   403137.001   403181.003
  1325:   403227.001   403974.018   404337.003   404343.016   404393.026
  1330:   404470.005   405145.009   405178.005   405186.009   405195.005
  1335:   405701.009   405728.005   405743.009   405748.005   405995.009
  1340:   406088.005   406339.009   407143.001   407181.003   407644.001
  1345:   407683.003   407841.001   408390.003   408400.001   408621.003
  1350:   408914.001   408942.003   408963.001   409710.018   410287.003
  1355:   410293.016   410311.001   410343.026   410476.003   410596.005
  1360:   411017.009   411138.005   411453.009   411757.001   411849.003
  1365:   411885.001   412357.003   412372.001   412545.003   412569.001
  1370:   413316.018   413322.003   413328.016   413378.026   413555.005
  1375:   414267.009   414324.005   414469.009   414938.001   415685.018
  1380:   415714.003   415720.016   415770.026   415824.005   417063.009
  1385:   417111.005   417139.009   418471.001   419116.003   419141.001
  1390:   419190.003   419560.001   420110.003   420139.001   420289.003
  1395:   420639.001   420795.003   421291.001   422038.018   422219.003
  1400:   422225.016   422239.001   422275.026   422466.003   422609.005
  1405:   423202.009   423251.005   423442.009   424777.005   424782.009
  1410:   426027.001   426497.003   426532.001   426747.003   426905.001
  1415:   426936.003   426955.001   427702.018   427855.003   427861.016
  1420:   427879.001   427911.026   428038.003   428162.005   429205.009
  1425:   430374.005   430384.009   431847.001   432594.018   432914.003
  1430:   432920.016   432962.001   432970.026   433015.003   433297.005
  1435:   434146.009   435096.001   435401.003   435421.001   435964.003
  1440:   435982.001   436066.003   436111.001   436633.003   436957.001
  1445:   437676.003   437857.001   437888.003   437909.001   437934.003
  1450:   439167.005   439323.009   439575.001   440322.018   440643.003
  1455:   440649.016   440658.001   440699.026   440926.003   441344.005
  1460:   442109.009   444349.005   444359.009   444369.005   444507.009
  1465:   444614.005   444912.009   444958.005   445132.009   445704.001
  1470:   445988.003   446002.001   446389.003   446425.001   446505.003
  1475:   446524.001   446714.003   446768.001   446846.003   447215.001
  1480:   447244.003   447275.001   447984.003   448029.001   448315.003
  1485:   448339.001   448643.003   449157.005   449246.009   449291.005
  1490:   449484.009   449714.001   450461.018   450807.003   450813.016
  1495:   450863.026   450999.001   451074.003   451290.005   451999.009
  1500:   452010.005   452107.009   452990.001   453049.003   453079.001
  1505:   453436.003   453474.001   454036.003   454057.001   454086.003
  1510:   454439.001   454935.003   454951.001   455111.003   455503.001
  1515:   456250.018   456628.003   456634.016   456684.026   456787.005
  1520:   457305.009   457361.005   457389.009   457884.001   458631.018
  1525:   459084.003   459090.016   459102.001   459116.003   459140.026
  1530:   459225.005   459903.009   460474.001   461188.003   461220.001
  1535:   461240.003   461609.001   461650.003   461705.001   461968.003
  1540:   461990.001   462252.003   462776.001   463523.018   463534.003
  1545:   463540.016   463590.026   463746.005   464319.009   464368.005
  1550:   464523.009   465400.001   465623.003   465652.001   465872.003
  1555:   465890.001   466637.018   466726.003   466732.016   466737.001
  1560:   466782.026   466816.003   466909.005   467373.009   468001.001
  1565:   468431.003   468883.001   469630.018   469702.003   469708.016
  1570:   469758.026   469910.005   470552.009   470574.005   470579.009
  1575:   472181.001   472373.003   472390.001   473137.018   473377.003
  1580:   473383.016   473433.026   473561.005   474109.009   476986.005
  1585:   476991.009   477001.005   477193.009   478021.001   478128.003
  1590:   478186.001   478617.003   478627.001   478958.003   479459.001
  1595:   480124.003   480431.001   480739.003   481343.001   481580.003
  1600:   481621.001   481842.003   481879.001   482626.018   482692.003
  1605:   482698.016   482748.026   482835.005   483492.009   485428.005
  1610:   485520.009   486660.001   487252.003   487654.001   488196.003
  1615:   488234.001   488588.003   489012.001   489420.003   489441.001
  1620:   489638.003   490108.001   490855.018   490959.003   490965.016
  1625:   490995.001   491015.026   491033.003   491153.001   491509.003
  1630:   491971.005   491990.009   492008.005   492697.009   492703.005
  1635:   492862.009   492870.005   492931.009   493072.005   493503.009
  1640:   494583.001   494644.003   494660.001   495234.003   495564.001
  1645:   495921.003   495943.001   496480.003   496671.005   496835.009
  1650:   496898.005   496956.009   497428.001   497934.003   498393.001
  1655:   498634.003   498657.001   498806.003   498817.001   499564.018
  1660:   499795.003   499801.016   499851.026   500001.005   500474.009
  1665:   501131.001   501191.003   501236.001   501755.003   501770.001
  1670:   501889.003   501979.001   502028.003   502044.001   502068.003
  1675:   502204.001   502949.003   503310.001   503999.003   504369.005
  1680:   504461.009   504537.005   504616.009   504835.001   505582.018
  1685:   506074.003   506080.016   506130.026   506305.005   507135.009
  1690:   508221.001   508267.003   508341.001   508819.003   508886.001
  1695:   508973.003   509009.001   509147.003   509222.001   509574.003
  1700:   509590.001   509708.003   510233.001   510839.003   511255.005
  1705:   511288.009   511376.005   511380.009   511387.005   511503.009
  1710:   511885.001   511917.003   511929.001   512277.003   512318.001
  1715:   512663.003   513036.001   513649.003   513676.001   513802.003
  1720:   513960.005   514077.009   514088.005   514095.009   514347.001
  1725:   515094.018   515708.003   515714.016   515764.026   515897.005
  1730:   516720.009   518655.001   519084.003   519154.001   519343.003
  1735:   519394.001   520141.018   520601.003   520607.016   520657.026
  1740:   520800.005   521488.009   522989.001   523008.003   523065.001
  1745:   523078.003   523096.001   523523.003   523560.001   524176.003
  1750:   524185.001   524242.003   524575.001   524773.003   524794.001
  1755:   524862.003   524883.001   525630.018   525702.003   525708.016
  1760:   525758.026   525820.005   526488.009   527345.001   527606.003
  1765:   527651.001   527714.003   527754.001   528107.003   528124.001
  1770:   528724.003   528934.001   529668.003   529794.005   529943.009
  1775:   535233.005   535462.009   536417.001   536476.003   536509.001
  1780:   536582.003   536609.001   536732.003   536917.001   537135.003
  1785:   537148.001   537555.003   537580.001   537973.003   538024.001
  1790:   538771.018   539406.003   539412.016   539462.026   539621.005
  1795:   540172.009   540563.001   541042.003   541081.001   541524.003
  1800:   541558.001   542305.018   542462.003   542468.016   542518.026
  1805:   542606.005   543306.009   543308.005   543342.009   544376.001
  1810:   544673.003   544795.001   544815.003   544829.001   545213.003
  1815:   545348.001   545363.003   545428.001   545819.003   545867.001
  1820:   546116.003   546547.001   547004.003   547216.005   547300.009
  1825:   547526.001   548273.018   548428.003   548434.016   548484.026
  1830:   548539.005   549636.009   550111.001   550659.003   551084.005
  1835:   551096.009   551124.005   551148.009   551446.001   552042.003
  1840:   552219.005   552304.009   552584.001   553044.003   553087.001
  1845:   553834.018   554367.003   554373.016   554423.026   554547.005
  1850:   555157.009   555744.001   556491.018   556645.003   556651.016
  1855:   556701.026   556837.005   557625.009   558741.001   558854.003
  1860:   558971.001   559582.003   559934.001   560479.003   560499.001
  1865:   560712.003   561030.001   561777.018   562142.003   562148.016
  1870:   562198.026   562423.005   562944.009   563671.001   563705.003
  1875:   563732.001   564453.003   564477.001   564766.003   565218.005
  1880:   565314.009   565623.001   566109.003   568430.005   568622.009
  1885:   572451.005   572689.009   578754.005   578944.009   579155.005
  1890:   579289.009   583811.005   584028.009   584532.001   584601.003
  1895:   584930.001   584966.003   585027.001   585158.003   585208.001
  1900:   585269.003   585959.001   586015.003   586062.001   586106.003
  1905:   586153.001   586595.003   586623.001   586960.003   587011.001
  1910:   587053.003   587254.001   587847.003   588078.001   588292.003
  1915:   588321.001   588801.003   588811.001   588888.003   589528.005
  1920:   589540.009   589556.005   589629.009   589871.001   590015.003
  1925:   590029.001   590578.003   591274.001   591658.003   591680.001
  1930:   592364.003   592400.001   592544.003   593259.001   594006.018
  1935:   594667.003   594673.016   594723.026   594813.005   595410.009
  1940:   596177.001   596236.003   596285.001   596364.003   596393.001
  1945:   597050.003   597067.001   597396.003   597934.001   598243.003
  1950:   598257.001   598589.003   599463.001   599506.003   599525.001
  1955:   600272.018   600461.003   600467.016   600517.026   600556.001
  1960:   600586.003   600697.005   601200.009   601225.005   601255.009
  1965:   601270.005   601422.009   603330.001   603370.003   603427.001
  1970:   603504.003   603525.001   603974.003   604230.001   604977.018
  1975:   605077.003   605083.016   605124.001   605133.026   605189.003
  1980:   605299.005   605897.009   606463.001   607210.018   608271.003
  1985:   608277.016   608327.026   608438.005   609284.009   609573.005
  1990:   609598.009   610591.001   610671.003   610700.001   611396.003
  1995:   611419.001   611433.003   612096.001   612843.018   613509.003
  2000:   613515.016   613547.001   613565.026   613702.003   613831.005
  2005:   614309.009   614395.005   614471.009   615080.001   615827.018
  2010:   616102.003   616108.016   616146.001   616158.026   616254.003
  2015:   616381.005   617131.009   617132.005   617269.009   618134.001
  2020:   618881.018   619063.003   619069.016   619117.001   619119.026
  2025:   619233.003   619385.005   620045.009   620062.005   620066.009
  2030:   623301.001   623499.003   623815.001   623830.003   623892.001
  2035:   624639.018   624717.003   624723.016   624751.001   624773.026
  2040:   624925.003   625034.005   626011.009   626429.005   626463.009
  2045:   627467.001   628214.018   628276.003   628282.016   628332.026
  2050:   628455.005   628991.009   630110.001   630698.003   630885.001
  2055:   631076.003   631093.001   631340.003   632137.005   632257.009
  2060:   632876.001   633285.003   633323.001   633551.003   633570.001
  2065:   633587.003   633726.001   633925.003   633959.001   634147.003
  2070:   634166.001   634913.018   635264.003   635270.016   635320.026
  2075:   635470.005   636062.009   636813.001   637560.018   637681.003
  2080:   637687.016   637720.001   637737.026   637846.003   637895.005
  2085:   637916.009   637976.005   638736.009   640459.001   640801.003
  2090:   640835.001   641003.003   641039.001   641591.003   641978.001
  2095:   642725.018   642848.003   642854.016   642904.026   642989.005
  2100:   643846.009   645723.001   646470.018   646765.003   646771.016
  2105:   646821.026   646938.005   647823.009   647842.005   648041.009
  2110:   649119.001   649181.003   649188.001   649329.003   649342.001
  2115:   650089.018   650529.003   650535.016   650585.026   650687.005
  2120:   651366.009   652434.001   653004.003   653042.001   653309.003
  2125:   653403.001   653591.003   654048.001   654118.003   654142.001
  2130:   654889.018   655014.003   655020.016   655027.001   655070.026
  2135:   655278.003   655441.005   656071.009   657050.001   657741.003
  2140:   657756.001   658503.018   658685.003   658691.016   658741.026
  2145:   658891.005   660026.009   661641.005   661801.009   662162.001
  2150:   662285.003   662378.001   662427.003   662688.001   662774.003
  2155:   662814.001   663006.003   663014.001   663730.003   663880.005
  2160:   664121.009   664639.001   665202.003   665236.001   665478.003
  2165:   665881.001   666326.003   666350.001   666454.003   666469.001
  2170:   666648.003   667057.001   667238.003   667290.001   667349.003
  2175:   667801.001   668548.018   669190.003   669196.016   669246.026
  2180:   669384.005   670301.009   671823.001   672570.018   672711.003
  2185:   672717.016   672767.001   672767.026   672853.003   673029.005
  2190:   673950.009   674031.005   674092.009   675804.001   676069.003
  2195:   676099.001   676170.003   676223.001   676946.003   677448.001
  2200:   677871.003   677912.001   678659.018   678957.003   678963.016
  2205:   678989.001   679013.026   679105.003   679230.005   679724.009
  2210:   680659.001   681406.018   681723.003   681729.016   681779.026
  2215:   681909.005   682514.009   684207.001   684230.003   684468.001
  2220:   685034.003   685497.001   685898.003   685928.001   686661.003
  2225:   686897.001   686931.003   686947.001   687451.003   688599.001
  2230:   689252.003   689289.001   689537.003   689566.001   690050.003
  2235:   690421.001   691168.018   691201.003   691207.016   691257.026
  2240:   691378.005   692394.009   693644.001   693665.003   693730.001
  2245:   693790.003   694033.001   694067.003   694100.001   694420.003
  2250:   694468.001   694968.003   695009.001   695234.003   695568.001
  2255:   696315.018   696620.003   696626.016   696650.001   696676.026
  2260:   696694.003   696884.005   697560.009   698416.001   698781.003
  2265:   698802.001   699237.003   699296.001   699400.003   699416.001
  2270:   699668.003   700140.001   700234.003   700248.001   700995.018
  2275:   701109.003   701115.016   701165.026   701278.005   701757.009
  2280:   702539.001   702709.003   702740.001   703294.003   703474.001
  2285:   703533.003   703718.001   703778.003   703779.001   703857.003
  2290:   703898.001   704562.003   704959.001   705706.018   705747.003
  2295:   705753.016   705803.026   705919.005   706521.009   706600.005
  2300:   706760.009   710754.005   710801.009   712131.001   712153.003
  2305:   712869.001   713199.003   713748.001   714061.003   714092.001
  2310:   714118.003   714416.001   714787.003   714803.001   715329.003
  2315:   715393.001   715413.003   715622.005   715757.009   715831.005
  2320:   715923.009   716143.001   716197.003   716208.001   716928.003
  2325:   717233.001   717446.003   717473.001   717689.003   717715.001
  2330:   718443.003   718541.005   718796.009   718803.005   718839.009
  2335:   718891.005   718992.009   719608.001   719819.003   719840.001
  2340:   720112.003   720236.001   720983.018   721028.003   721034.016
  2345:   721084.026   721218.005   721645.009   721679.005   721701.009
  2350:   722369.001   723091.003   723632.001   724093.003   724161.001
  2355:   724177.003   724192.001   724335.003   724349.001   724575.003
  2360:   724594.001   725341.018   725381.003   725387.016   725437.026
  2365:   725496.005   726311.009   726989.001   727736.018   727886.003
  2370:   727892.016   727900.001   727942.026   728001.003   728107.005
  2375:   728842.009   729679.001   730179.003   730204.001   730412.003
  2380:   730595.001   731342.018   731442.003   731448.016   731498.026
  2385:   731719.005   732492.009   732510.005   732575.009   734523.001
  2390:   734941.003   734988.001   735173.003   735203.001   735231.003
  2395:   735393.001   735869.003   736228.001   736514.003   736527.001
  2400:   736769.003   736788.001   737208.003   737244.001   737404.003
  2405:   737915.001   738387.003   738396.001   738749.003   738888.001
  2410:   738977.003   739115.001   739312.003   739321.001   739736.003
  2415:   740139.001   740790.003   742116.001   742164.003   742226.001
  2420:   742485.003   742503.001   743250.018   743933.003   743939.016
  2425:   743942.001   743975.003   743989.026   744095.001   744111.003
  2430:   744171.001   744310.003   744899.005   745667.009   746311.001
  2435:   746381.003   746590.001   746660.003   746684.001   746941.003
  2440:   747053.001   747353.003   747384.001   747624.003   747647.001
  2445:   747917.003   748280.001   748598.003   748607.001   748718.003
  2450:   748729.001   749112.003   749323.001   749646.003   749984.001
  2455:   750596.003   750944.005   750971.009   751001.005   751008.009
  2460:   751270.001   752017.018   752047.003   752053.016   752080.001
  2465:   752103.026   752248.003   752340.005   753129.009   760729.001
  2470:   760749.003   761100.005   761209.009   761281.005   761418.009
  2475:   762330.001   762415.003   800848.005   801063.009   801318.005
  2480:   801556.009   802806.005   802871.009   828929.005   828961.009
  2485:   829009.005   829328.009   829416.005   829688.009   829955.005
  2490:   830278.009   830995.001   831273.003   831288.001   831794.003
  2495:   831899.001   832097.003   832111.001   832144.003   832167.001
  2500:   832278.003   832295.001   832494.003   832560.001   832602.003
  2505:   832840.001   833139.003   833233.001   833859.003   833889.001
  2510:   834121.003   834275.001   834706.003   834835.001   834888.003
  2515:   834931.001   835505.003   835546.001   835692.003   840794.001
  2520:   841541.018   841789.003   841795.016   841845.026   841916.005
  2525:   842709.009   844789.001   844836.003   845052.001   845799.018
  2530:   846029.003   846035.016   846085.026   846184.005   846797.009
  2535:   847550.001   848297.018   848714.003   848720.016   848770.026
  2540:   848849.001   848856.003   848944.005   849510.009   851167.005
  2545:   851249.009   851715.001   851808.003   851973.001   852686.003
  2550:   852750.001   852827.003   853497.001   854244.018   855008.003
  2555:   855014.016   855064.026   855135.005   856022.009   857138.001
  2560:   857235.003   857473.001   857541.003   857597.001   857768.003
  2565:   857817.001   857881.003   857902.001   857955.003   858102.001
  2570:   858620.003   859048.001   859795.018   859844.003   859850.016
  2575:   859880.001   859900.026   860291.003   860589.001   861336.018
  2580:   862713.003   862719.016   862769.026   862879.005   864132.009
  2585:   865151.001   865232.003   865268.001   865813.003   866791.005
  2590:   866987.009   867716.001   868463.018   868810.003   868816.016
  2595:   868866.026   868941.005   869742.009   869777.005   869858.009
  2600:   870493.001   870780.003   870799.001   871177.003   871584.001
  2605:   872331.018   872421.003   872427.016   872477.026   872594.005
  2610:   873346.009   877689.005   877701.009   877707.005   877769.009
  2615:   878517.001   879264.018   879364.003   879370.016   879386.001
  2620:   879420.026   879584.003   879660.005   880232.009   881284.001
  2625:   881399.003   881458.001   882118.003   882579.001   883326.018
  2630:   883556.003   883562.016   883586.001   883612.026   883873.003
  2635:   884055.005   884567.009   884589.005   884616.009   885653.001
  2640:   886400.018   887107.003   887113.016   887138.001   887163.026
  2645:   887322.003   887412.005   888120.009   889566.001   889650.003
  2650:   889742.001   889993.003   890021.001   890509.003   891001.001
  2655:   891510.003   891546.001   891793.003   892237.001   892511.003
  2660:   892523.001   893201.003   893662.001   894143.003   894534.005
  2665:   894684.009   895025.001   895772.018   896516.003   896522.016
  2670:   896572.026   896644.005   897440.009   897448.005   897460.009
  2675:   898378.001   899125.018   899647.003   899653.016   899703.026
  2680:   899877.005   900874.009   900880.005   900995.009   900998.005
  2685:   901010.009   901016.005   901061.009   901111.005   901134.009
  2690:   901339.005   901353.009   901380.005   901433.009   902918.001
  2695:   903410.003   903444.001   903475.003   903543.001   903703.003
  2700:   904113.001   904860.018   904966.003   904972.016   905001.001
  2705:   905022.026   905138.003   905263.005   906301.009   906356.005
  2710:   906749.009   922539.005   922579.009   926106.001   926196.003
  2715:   926418.001   926549.003   926670.001   926717.003   926753.001
  2720:   926855.003   926879.001   927231.003   927356.001   927412.003
  2725:   927917.001   927950.003   928006.001   928719.003   929082.001
  2730:   929829.018   930397.003   930403.016   930453.026   930570.005
  2735:   931158.009   931815.001   932188.003   932207.001   932629.003
  2740:   932688.001   933435.018   933665.003   933671.016   933721.026
  2745:   933858.005   934327.009   935001.001   935524.003   935544.001
  2750:   935653.003   935673.001   936420.018   936445.003   936451.016
  2755:   936465.001   936501.026   936579.003   936712.005   937392.009
  2760:   938184.001   938931.018   939005.003   939011.016   939061.026
  2765:   939187.005   939799.009   940654.001   940909.003   940945.001
  2770:   941426.003   941728.001   942073.003   942104.001   942851.018
  2775:   942941.003   942947.016   942997.026   943095.005   943993.009
  2780:   944026.005   944189.009   946398.001   946441.003   946597.001
  2785:   946830.003   946856.001   947603.018   947618.003   947624.016
  2790:   947674.026   947727.005   948524.009   948546.005   948675.009
  2795:   955733.005   955741.009   955879.005   956096.009   957189.001
  2800:   957936.018   958371.003   958377.016   958427.026   958513.005
  2805:   958975.009   959025.005   959079.009   961212.001   961265.003
  2810:   961433.001   962180.018   962496.003   962502.016   962552.026
  2815:   962657.005   963291.009   963326.005   963335.009   963374.005
  2820:   963426.009   964400.001   964944.003   964969.001   964984.003
  2825:   965108.001   965582.003   965622.001   965864.003   966239.001
  2830:   966986.018   967082.003   967088.016   967138.026   967439.005
  2835:   968260.009   969300.001   969336.003   969387.001   969409.003
  2840:   969444.001   969567.003   969609.001   969749.003   969769.001
  2845:   969912.003   969936.001   970683.018   970712.003   970718.016
  2850:   970768.026   970864.005   971746.009   973895.001   973938.003
  2855:   974066.001   974139.003   974188.001   974277.003   974299.001
  2860:   974466.003   974530.001   975118.003   975146.001   975241.003
  2865:   975844.001   976591.018   977184.003   977190.016   977216.001
  2870:   977240.026   977403.003   977538.005   978413.009   981024.001
  2875:   981177.003   981201.001   981455.003   981475.001   981792.003
  2880:   981974.001   982721.018   983326.003   983332.016   983382.026
  2885:   983495.005   984130.009   984853.001   985600.018   986279.003
  2890:   986285.016   986307.001   986335.026   986485.003   986587.005
  2895:   987157.009   987842.001   988589.018   988896.003   988902.016
  2900:   988952.026   989047.005   989759.009   989771.005   990008.009
  2905:   991308.001   991840.003   991862.001   992609.018   992708.003
  2910:   992714.016   992764.026   992852.005   993528.009   995754.001
  2915:   995861.003   996113.001   996642.003   996894.001   997373.003
  2920:   997397.001   998114.003   998382.005   998518.009   998741.001
  2925:   999488.018  1000159.003  1000165.016  1000187.001  1000215.026
  2930:  1000426.003  1000524.005  1001113.009  1001128.005  1001248.009
  2935:  1002282.001  1002574.003  1002598.001  1003294.003  1003303.001
  2940:  1004050.018  1004611.003  1004617.016  1004667.026  1004763.005
  2945:  1005568.009  1008194.001  1008340.003  1008821.001  1008877.003
  2950:  1009993.005  1010006.009  1010036.005  1010118.009  1010206.005
  2955:  1010268.009  1010276.005  1010285.009  1010297.005  1010312.009
  2960:  1010318.005  1010486.009  1012808.001  1012921.003  1013320.001
  2965:  1013343.003  1013409.001  1014156.018  1014895.003  1014901.016
  2970:  1014951.026  1015100.005  1015851.009  1034619.005  1034819.009
  2975:  1056104.005  1056123.009  1056149.005  1056165.009  1056604.001
  2980:  1056783.003  1056820.001  1057048.003  1057093.001  1057840.018
  2985:  1057860.003  1057866.016  1057884.001  1057916.026  1058042.003
  2990:  1058148.005  1059090.009  1061005.001  1061078.003  1061386.001
  2995:  1061991.003  1062601.001  1062645.003  1062667.001  1063414.018
  3000:  1063742.003  1063748.016  1063798.026  1063911.005  1064532.009
  3005:  1065712.001  1066174.003  1066189.001  1066683.003  1067150.001
  3010:  1067264.003  1067284.001  1067964.003  1068323.001  1069070.018
  3015:  1069307.003  1069313.016  1069363.026  1069471.005  1070191.009
  3020:  1070218.005  1070240.009  1070245.005  1070247.009  1070259.005
  3025:  1070310.009  1071569.001  1072316.018  1072904.003  1072910.016
  3030:  1072936.001  1072960.026  1073109.003  1073244.005  1073822.009
  3035:  1073855.005  1074013.009  1075165.001  1075227.003  1076008.001
  3040:  1076371.003  1076412.001  1077159.018  1077653.003  1077659.016
  3045:  1077709.026  1077801.005  1078694.009  1080244.001  1080736.003
  3050:  1080771.001  1080865.003  1080952.001  1081699.018  1081836.003
  3055:  1081842.016  1081864.001  1081892.026  1081999.003  1082141.005
  3060:  1082664.009  1084312.001  1085059.018  1085649.003  1085655.016
  3065:  1085705.026  1085834.005  1086813.009  1088828.001  1089044.003
  3070:  1089076.001  1089823.018  1090932.003  1090938.016  1090944.001
  3075:  1090988.026  1091058.003  1091195.005  1091898.009  1093178.001
  3080:  1093901.003  1093914.001  1094661.018  1094888.003  1094894.016
  3085:  1094944.026  1095034.005  1095808.009  1095856.005  1095888.009
  3090:  1095893.005  1095917.009  1099033.001  1099161.003  1099181.001
  3095:  1099415.003  1099434.001  1100159.003  1100188.001  1100457.003
  3100:  1100849.001  1101564.003  1101578.001  1102230.003  1102272.001
  3105:  1102818.003  1103269.005  1103282.009  1103328.005  1103503.009
  3110:  1104063.001  1104182.003  1104193.001  1104429.003  1104449.001
  3115:  1105196.018  1105218.003  1105224.016  1105259.001  1105274.026
  3120:  1105726.003  1105829.005  1106723.009  1106740.005  1106750.009
  3125:  1106789.005  1106896.009  1115985.001  1116369.003  1116407.001
  3130:  1116822.003  1116829.001  1117577.018  1118032.003  1118038.016
  3135:  1118088.026  1118204.005  1118818.009  1120207.001  1120913.003
  3140:  1120931.001  1121333.003  1122085.005  1122163.009  1122473.001
  3145:  1122737.003  1122770.001  1123344.003  1123526.001  1123543.003
  3150:  1123579.001  1123877.003  1123890.001  1124637.018  1124811.003
  3155:  1124817.016  1124867.026  1125001.005  1125722.009  1132257.001
  3160:  1133004.018  1133743.003  1133749.016  1133799.026  1133876.005
  3165:  1134491.009  1134493.005  1134501.009  1135645.001  1136392.018
  3170:  1136587.003  1136593.016  1136623.001  1136643.026  1136645.017
  3175:  1136654.003  1136775.005  1137613.009  1139789.001  1140685.018
  3180:  1141531.003  1141537.016  1141587.026  1141724.005  1142387.009
  3185:  1142495.005  1142561.009  1143974.001  1144090.003  1144132.001
  3190:  1144529.003  1144545.001  1145437.003  1145465.001  1145727.003
  3195:  1146319.001  1147215.018  1147585.003  1147591.016  1147641.026
  3200:  1147745.005  1148305.009  1148317.005  1148531.009  1149513.001
  3205:  1150409.018  1150729.003  1150735.016  1150785.026  1150883.005
  3210:  1151827.009  1153506.001  1154154.003  1154313.005  1154603.009
  3215:  1155025.001  1155806.003  1155825.001  1156199.003  1156537.001
  3220:  1157433.018  1157803.003  1157809.016  1157830.001  1157859.026
  3225:  1157945.003  1158064.005  1158597.009  1159837.001  1160372.003
  3230:  1160408.001  1161164.003  1171715.005  1172141.009  1173952.001
  3235:  1174130.003  1174243.001  1175130.003  1175499.001  1176276.003
  3240:  1176312.001  1176523.003  1177064.001  1177960.018  1178502.003
  3245:  1178508.016  1178558.026  1178655.005  1179191.009  1180071.001
  3250:  1180620.003  1180639.001  1180919.003  1181340.001  1182236.018
  3255:  1182378.003  1182384.016  1182434.026  1182551.005  1183087.009
  3260:  1183158.005  1183163.009  1183165.005  1183187.009  1183195.005
  3265:  1183217.009  1184138.001  1184686.003  1185033.001  1185596.003
  3270:  1185610.001  1185863.003  1186560.001  1187364.003  1187386.001
  3275:  1187643.003  1187755.005  1188079.009  1188116.005  1188177.009
  3280:  1188642.001  1189538.018  1189644.003  1189650.016  1189700.026
  3285:  1189854.005  1190456.009  1191953.001  1192849.018  1193044.003
  3290:  1193050.016  1193100.026  1193174.005  1193874.009  1193896.005
  3295:  1194017.009  1194019.005  1194056.009  1194159.005  1194363.009
  3300:  1196212.001  1197108.018  1197156.003  1197162.016  1197212.026
  3305:  1197214.017  1197342.005  1198654.009  1202639.001  1203714.018
  3310:  1203809.003  1203815.016  1203865.026  1203970.005  1204793.009
  3315:  1259500.005  1259841.009  1261792.005  1261873.009  1263662.001
  3320:  1263930.003  1263977.001  1264075.003  1264142.001  1264347.003
  3325:  1264367.001  1265052.003  1265254.001  1265586.003  1265618.001
  3330:  1266279.003  1266765.001  1267292.003  1267329.001  1267609.003
  3335:  1268094.001  1268279.003  1268295.001  1268917.003  1269457.005
  3340:  1269480.009  1269502.005  1269597.009  1269631.005  1269683.009
  3345:  1269688.005  1269765.009  1270297.001  1270646.003  1270675.001
  3350:  1271486.003  1271518.001  1271761.003  1271779.001  1271796.003
  3355:  1271986.001  1272331.003  1272352.001  1272965.003  1272986.001
  3360:  1273277.003  1273585.001  1274397.003  1274440.001  1274522.003
  3365:  1274748.001  1274940.003  1275532.005  1275673.009  1275739.005
  3370:  1275778.009  1276216.001  1276602.003  1276648.001  1276817.003
  3375:  1276846.001  1277386.003  1277408.001  1277745.003  1277762.001
  3380:  1277819.003  1277928.001  1277960.003  1278339.001  1278689.003
  3385:  1278703.001  1279030.003  1279092.001  1279156.003  1279422.001
  3390:  1279962.003  1280326.001  1280571.003  1280596.001  1280697.003
  3395:  1280718.001  1280791.003  1280800.001  1281040.003  1281413.001
  3400:  1282066.003  1282097.001  1282174.003  1282393.005  1282521.009
  3405:  1282571.005  1282872.009  1283356.001  1284305.003  1284317.001
  3410:  1284591.003  1284935.001  1286010.018  1286112.003  1286118.016
  3415:  1286124.001  1286168.026  1286375.003  1286465.005  1287257.009
  3420:  1288391.001  1289305.003  1289330.001  1290170.003  1290202.001
  3425:  1290479.003  1290706.001  1290730.003  1290752.001  1291156.003
  3430:  1291170.001  1291948.003  1291980.001  1292286.003  1292543.001
  3435:  1293299.003  1293310.001  1293647.003  1293850.001  1293964.003
  3440:  1293983.001  1293998.003  1294114.001  1294432.003  1294481.001
  3445:  1294500.003  1295297.005  1295771.009  1296375.001  1297450.018
  3450:  1297587.003  1297593.016  1297609.001  1297643.026  1297914.003
  3455:  1298037.005  1298908.009  1299838.001  1300913.018  1301293.003
  3460:  1301299.016  1301349.026  1301478.005  1302212.009  1302217.005
  3465:  1302275.009  1303487.001  1304156.003  1304331.005  1304510.009
  3470:  1304875.001  1305454.003  1305479.001  1306554.018  1306591.003
  3475:  1306597.016  1306615.001  1306647.026  1306709.003  1306803.005
  3480:  1307211.009  1307422.005  1307462.009  1308102.001  1308995.003
  3485:  1309027.001  1309345.003  1309443.001  1310518.018  1310702.003
  3490:  1310708.016  1310739.001  1310758.026  1310969.003  1311133.005
  3495:  1312116.009  1313511.001  1313586.003  1313841.001  1314128.003
  3500:  1314139.001  1314539.003  1314720.001  1315795.018  1316501.003
  3505:  1316507.016  1316557.026  1316683.005  1317357.009  1319206.001
  3510:  1319277.003  1319469.001  1319998.003  1320038.001  1321113.018
  3515:  1321168.003  1321174.016  1321224.026  1321333.005  1322002.009
  3520:  1323078.001  1323181.003  1323218.001  1323375.003  1323441.001
  3525:  1324516.018  1324695.003  1324701.016  1324751.026  1324848.005
  3530:  1325872.009  1325875.005  1325887.009  1333993.001  1334169.003
  3535:  1334219.001  1334456.003  1334468.001  1334863.003  1335354.001
  3540:  1335377.003  1335434.001  1335768.003  1335788.001  1336144.003
  3545:  1336166.001  1336297.003  1336309.001  1336472.003  1336612.001
  3550:  1336718.003  1337153.001  1337387.003  1337400.001  1337536.003
  3555:  1337580.001  1338577.003  1338624.001  1339388.003  1339507.005
  3560:  1340052.009  1340520.001  1340811.003  1340820.001  1341895.018
  3565:  1342150.003  1342156.016  1342206.026  1342284.005  1342879.009
  3570:  1343164.005  1343186.009  1344056.001  1344194.003  1344327.001
  3575:  1344538.003  1345048.001  1346091.003  1346551.001  1347626.018
  3580:  1347658.003  1347664.016  1347714.026  1347758.005  1348582.009
  3585:  1348591.005  1348996.009  1349066.005  1349076.009  1350090.001
  3590:  1350261.003  1350514.001  1351589.018  1351836.003  1351842.016
  3595:  1351892.026  1351959.005  1352879.009  1355291.001  1355590.003
  3600:  1355937.001  1357012.018  1357201.003  1357207.016  1357257.026
  3605:  1357335.005  1357881.009  1359572.001  1359643.003  1359659.001
  3610:  1360462.003  1360604.005  1360934.009  1361001.005  1361105.009
  3615:  1361569.001  1362644.018  1363200.003  1363206.016  1363256.026
  3620:  1363367.005  1363964.009  1364071.005  1364086.009  1366274.001
  3625:  1366881.003  1367045.005  1367210.009  1398679.005  1398877.009
  3630:  1399004.005  1399599.009  1426157.005  1426162.009  1431497.005
  3635:  1431603.009  1431667.005  1432117.009  1432210.005  1432280.009
  3640:  1432921.005  1432998.009  1434066.001  1434366.003  1434550.001
  3645:  1434992.003  1435058.001  1435285.003  1435592.001  1435920.003
  3650:  1435981.001  1436501.003  1436766.001  1437841.018  1438479.003
  3655:  1438485.016  1438535.026  1438745.005  1439599.009  1441133.001
  3660:  1441217.003  1441244.001  1441337.003  1441410.001  1442485.018
  3665:  1442688.003  1442694.016  1442744.026  1442932.005  1443541.009
  3670:  1444726.001  1444771.003  1444897.001  1444927.003  1445058.001
  3675:  1445106.003  1445490.001  1446565.018  1446660.003  1446666.016
  3680:  1446716.026  1446826.005  1447455.009  1448569.001  1448999.003
  3685:  1449055.001  1450130.018  1450300.003  1450306.016  1450356.026
  3690:  1450500.005  1450925.009  1451015.005  1451101.009  1452623.001
  3695:  1452945.003  1453126.001  1453591.003  1453618.001  1454671.003
  3700:  1454695.001  1454875.003  1455344.001  1455710.003  1455732.001
  3705:  1456678.003  1456696.001  1456956.003  1457792.001  1458867.018
  3710:  1459335.003  1459341.016  1459391.026  1459504.005  1460241.009
  3715:  1461024.001  1461165.003  1461317.001  1462209.003  1462272.001
  3720:  1462318.003  1462785.001  1463860.018  1464230.003  1464236.016
  3725:  1464286.026  1464392.005  1465112.009  1466445.001  1466514.003
  3730:  1466575.001  1466649.003  1466665.001  1467740.018  1467886.003
  3735:  1467892.016  1467899.001  1467942.026  1467957.003  1468071.005
  3740:  1468522.009  1468718.005  1468741.009  1470856.001  1471595.003
  3745:  1471612.001  1471774.003  1472370.001  1473445.018  1473492.003
  3750:  1473498.016  1473548.026  1473615.005  1474568.009  1474598.005
  3755:  1474662.009  1476132.001  1477207.018  1477500.003  1477506.016
  3760:  1477556.026  1477646.005  1478538.009  1478579.005  1478830.009
  3765:  1478901.005  1479046.009  1484222.001  1484491.003  1484580.001
  3770:  1485655.018  1486296.003  1486302.016  1486352.026  1486472.005
  3775:  1487492.009  1490898.001  1491948.003  1492366.001  1493441.018
  3780:  1493958.003  1493964.016  1494014.026  1494138.005  1494749.009
  3785:  1495812.001  1496253.003  1496319.001  1496366.003  1496417.001
  3790:  1496721.003  1496736.001  1497139.003  1497504.001  1497536.003
  3795:  1497633.001  1498353.003  1498366.001  1498581.003  1499794.001
B:
     0:        0.000     1178.000        0.000     1177.000        0.000
     5:      440.000        0.000        0.000        0.000      440.000
    10:        0.000        1.000        0.000        1.000        0.000
    15:        0.000      187.000        2.000      187.000        0.000
    20:        0.000        0.000        0.000        0.000        0.000
    25:        0.000      187.000        0.000        0.000        0.000
    30:        0.000
D:
     0:  4914798.000  4914587.000  4913374.000
E:
     0:      746.500     1074.960
T:
     0:        0.000        0.000        0.000        0.000
W:
     0:        2.000        0.000        0.000
