File: C:\MED-PC IV\Data\Reyes\AW\AW1046.999


Start Date: 08/23/24
End Date: 08/23/24
Subject: 46
Experiment: AW
Group: PERC
Box: 2
Start Time: 15:08:50
End Time: 15:58:50
MSN: DRRD_perc
C:       0.000
F:       0.000
G:       0.000
H:       0.000
I:       0.000
J:       0.000
K:    9507.000
L:       0.000
M:       0.000
N:       0.000
O:       0.000
Q:    1111.800
S:    1313.436
U: 2985164.000
V:       0.000
X:       0.000
Y:    1039.000
Z:       0.000
A:
     0:  2984889.001     2792.003     2880.001     2986.003     3028.001
     5:     3721.003     3761.001     4047.003     4113.001     4394.003
    10:     4417.001     4478.003     5920.001     6105.003     6225.001
    15:     6262.003     6295.001     7518.003     7552.001    10647.003
    20:    10853.005    10858.009    10891.005    11472.009    11576.005
    25:    11761.009    12369.001    15000.013    15000.011    16299.003
    30:    16416.001    16579.003    16867.001    16978.003    17010.001
    35:    17245.003    17360.001    17627.003    18124.001    18337.003
    40:    18375.001    20133.003    20140.001    21066.003    21072.001
    45:    21142.003    21157.001    22518.003    22617.001    22759.003
    50:    24240.001    24566.003    24599.001    25140.003    26612.001
    55:    26684.003    27239.001    27274.003    27319.001    27698.003
    60:    27745.001    28606.003    28672.001    28860.003    30090.001
    65:    33614.003    33712.001    33825.003    34297.001    34488.003
    70:    34548.001    34639.003    34669.001    34729.003    34768.001
    75:    35216.003    35237.001    38717.003    38890.001    38939.003
    80:    39440.005    39466.009    48886.001    52296.003    52595.001
    85:    57054.003    57542.001    57592.003    57610.001    57627.003
    90:    57667.001    57797.003    57841.001    57890.003    58401.001
    95:    58513.003    58612.001    58694.003    58938.001    59815.003
   100:    59856.001    63268.003    64331.001    64392.003    64786.001
   105:    64835.003    65450.005    65903.009    66352.001    70644.003
   110:    70678.001    70726.003    71769.001    75583.003    75625.001
   115:    75668.003    75790.001    75829.003    76052.001    76477.003
   120:    77504.005    77529.009    90266.001    90398.003    90433.001
   125:    90485.003    90851.001    90873.003    90931.001    94090.003
   130:    94641.001    96505.003    96544.001    98844.003   101972.001
   135:   102025.003   102154.001   102188.003   102209.001   102493.003
   140:   102595.001   102643.003   102674.001   102793.003   102848.001
   145:   103043.003   103068.001   106593.003   106789.001   111543.018
   150:   111876.003   111882.016   111932.026   112137.005   112588.009
   155:   112596.005   112652.009   112795.005   112855.009   112905.005
   160:   112940.009   115173.001   115222.003   115334.001   118482.003
   165:   119750.001   119779.003   120141.001   120259.003   120293.001
   170:   124128.003   124807.001   124856.003   124885.001   125149.003
   175:   125697.005   127174.009   127178.005   127187.009   128057.001
   180:   128102.003   128127.001   132766.003   133261.005   133275.009
   185:   133291.005   133962.009   134568.001   139322.018   139332.003
   190:   139338.016   139388.026   139477.005   141102.009   143234.005
   195:   143257.009   143763.001   143876.003   143930.001   144134.003
   200:   144397.001   144446.003   144497.001   146909.003   146939.001
   205:   147202.003   147225.001   147461.003   147899.001   147981.003
   210:   148165.001   152091.003   152658.001   153150.003   153925.001
   215:   153985.003   154254.001   158480.003   159554.005   159866.009
   220:   159875.005   159881.009   159912.005   160040.009   160503.001
   225:   160555.003   160599.001   164810.003   165035.001   165126.003
   230:   165223.001   165674.003   166977.001   167102.003   167166.001
   235:   171821.003   172338.005   172356.009   172447.005   172542.009
   240:   173039.001   175351.003   175410.001   176356.003   178015.001
   245:   178076.003   178121.001   178316.003   178467.001   180537.003
   250:   180545.001   181524.003   181617.001   181711.003   181761.001
   255:   181946.003   181975.001   182570.003   183296.001   183366.003
   260:   184626.001   184812.003   184839.001   189147.003   189862.001
   265:   190013.003   190456.005   190491.009   190498.005   191545.009
   270:   191649.005   192030.009   192746.001   196483.003   199303.001
   275:   199335.003   199388.001   203570.003   203615.001   203641.003
   280:   204602.001   205870.003   206040.001   206155.003   208219.001
   285:   208479.003   208497.001   209405.003   209446.001   212657.003
   290:   212997.005   213015.009   213568.001   217843.003   218938.005
   295:   218944.009   218965.005   219184.009   219247.005   219252.009
   300:   219254.005   219462.009   219835.001   224589.018   224831.003
   305:   224837.016   224887.026   225107.005   226317.009   227699.001
   310:   231962.003   233542.001   238044.003   239865.001   243511.003
   315:   243597.001   243619.003   243869.001   244147.003   244887.005
   320:   244923.009   244937.005   244955.009   245378.001   249174.003
   325:   251327.001   252549.003   252613.001   255351.003   257122.005
   330:   257408.009   258122.001   262516.003   263783.001   263862.003
   335:   264026.001   267304.003   269984.001   270015.003   270397.001
   340:   270486.003   270518.001   272193.003   272387.001   272950.003
   345:   274517.005   274526.009   275679.001   278590.003   278614.001
   350:   278830.003   281178.001   281350.003   281439.001   282696.003
   355:   282723.001   284754.003   286504.001   286553.003   286638.001
   360:   286660.003   286726.001   287044.003   287103.001   287148.003
   365:   287201.001   288018.003   289948.001   293882.003   294107.001
   370:   294377.003   296674.001   296695.003   296868.001   300266.003
   375:   300301.001   300695.003   301731.005   302764.009   302846.005
   380:   302856.009   302857.005   302906.009   303015.005   303023.009
   385:   303099.005   303117.009   303169.005   303175.009   303184.005
   390:   303461.009   303892.001   308111.003   310188.005   310309.009
   395:   312421.005   312456.009   312468.005   312503.009   312768.005
   400:   312791.009   312796.005   312846.009   320460.001   324969.003
   405:   326336.001   330870.003   331875.005   332642.009   332774.005
   410:   332937.009   333342.001   336795.003   336831.001   337012.003
   415:   338020.001   342014.003   342207.001   342695.003   344753.001
   420:   349507.018   349810.003   349816.016   349866.026   350101.005
   425:   351434.009   353723.001   353773.003   353848.001   354105.003
   430:   354196.001   358246.003   359384.001   363462.003   363910.005
   435:   363940.009   363943.005   364032.009   364073.005   364179.009
   440:   364752.001   369506.018   369666.003   369672.016   369722.026
   445:   369809.005   370715.009   370775.005   370808.009   371028.005
   450:   371149.009   372432.001   376302.003   377532.001   381075.003
   455:   383986.001   384096.003   384164.001   388746.003   388754.017
   460:   389994.001   393926.003   393934.017   394686.005   394712.009
   465:   394725.005   394882.009   395319.001   395604.003   395659.001
   470:   398756.003   398803.001   399348.003   400174.001   400730.003
   475:   400860.001   400893.003   400925.001   400974.003   401023.001
   480:   401121.003   401139.001   403248.003   403306.001   403883.003
   485:   407342.001   408620.003   408661.001   409357.003   409419.001
   490:   409495.003   409898.001   410092.003   410338.001   414563.003
   495:   416084.001   416131.003   416186.001   419246.003   419403.001
   500:   419600.003   420372.001   423574.003   423887.001   424341.003
   505:   426068.001   429957.003   433063.001   436541.003   438488.005
   510:   438666.009   439147.001   443948.003   448060.001   448122.003
   515:   448242.001   448356.003   448387.001   451097.003   451166.001
   520:   451253.003   452381.001   452515.003   453350.001   453487.003
   525:   453628.001   456790.003   457977.005   458428.009   459361.001
   530:   463028.003   463081.001   463992.003   464684.001   469292.003
   535:   470889.001   472850.003   473077.001   473386.003   473790.001
   540:   474015.003   474213.001   478212.003   478779.005   478797.009
   545:   478813.005   479017.009   479432.001   482580.003   482705.001
   550:   483806.003   485835.001   485965.003   486023.001   487372.003
   555:   487449.001   487888.003   487938.001   488462.003   489048.001
   560:   492893.003   493708.005   493955.009   495522.001   495903.003
   565:   495945.001   499250.003   499305.001   500047.003   501737.001
   570:   503281.003   503322.001   503394.003   503428.001   503990.003
   575:   505252.001   505393.003   505577.001   508665.003   508722.001
   580:   509093.003   513284.001   516336.003   516595.001   517395.003
   585:   519427.001   521785.003   521887.001   522006.003   522067.001
   590:   522207.003   522419.001   522751.003   523753.001   527885.003
   595:   531125.001   534932.003   536927.001   540863.003   541371.001
   600:   541522.003   541770.005   542084.009   542882.001   545372.003
   605:   545397.001   546115.003   546716.001   551360.003   553038.001
   610:   556350.003   556380.001   557429.003   558122.005   558391.009
   615:   558886.001   561354.003   564262.005   564504.009   564967.001
   620:   568356.003   568383.001   568872.003   572146.001   575175.003
   625:   576429.001   576700.003   576738.001   579187.003   579244.001
   630:   580088.005   580214.003   580481.009   580867.005   580897.009
   635:   580898.005   580943.009   581045.005   581079.009   582110.001
   640:   582302.003   582456.001   583483.003   583517.001   583608.003
   645:   583775.001   584035.003   584624.001   584825.003   584905.001
   650:   585028.003   585300.001   589139.003   589206.001   589826.003
   655:   591026.005   591055.009   591301.005   591415.009   608570.005
   660:   608583.009   609253.001   611747.003   611783.001   611983.003
   665:   625299.001   628944.003   631207.001   636075.018   636225.003
   670:   636231.016   636281.026   636432.005   637367.009   637369.005
   675:   637393.009   637429.005   637482.009   637561.005   637684.009
   680:   639737.005   639768.009   639780.005   640053.009   657381.001
   685:   659177.003   660328.001   662655.003   662729.001   663282.003
   690:   664349.005   664555.009   665073.001   668981.003   671193.001
   695:   674970.003   676583.001   679706.003   683341.001   686368.003
   700:   687114.005   688585.009   688735.005   688748.009   688836.005
   705:   688846.009   688994.005   689244.009   689302.005   689343.009
   710:   690780.001   694634.003   695449.005   695564.009   695875.005
   715:   695881.009   695898.005   695939.009   696386.001   696540.003
   720:   696557.001   700179.003   701320.001   703804.003   703841.001
   725:   704614.003   705848.005   705978.009   706450.001   709758.003
   730:   709822.001   710182.003   712376.005   712455.009   712837.001
   735:   716174.003   717060.005   717071.009   717221.005   717298.009
   740:   717757.001   720376.003   721593.001   721655.003   721812.001
   745:   724704.003   724728.001   724820.003   725257.001   728045.003
   750:   729627.005   729764.009   730015.005   730046.009   748942.001
   755:   749131.003   749146.001   751947.003   753271.001   756496.003
   760:   756532.001   756950.003   757705.005   758404.009   758831.001
   765:   760280.003   763165.001   763401.003   763438.001   766919.003
   770:   768433.001   768469.003   768520.001   771058.003   773838.001
   775:   773958.003   774158.001   777555.003   777629.001   778040.003
   780:   781549.001   784691.003   784749.001   785189.003   788480.001
   785:   792460.003   794352.005   794946.009   794972.005   794978.009
   790:   794984.005   794990.009   795010.005   795015.009   795024.005
   795:   795078.009   795095.005   795107.009   795111.005   796057.009
   800:   796094.005   796847.009   796889.005   796890.009   797524.001
   805:   801193.003   803622.005   803647.009   803659.005   803778.009
   810:   803789.005   803802.009   803805.005   804194.009   804226.005
   815:   804231.009   804314.005   804362.009   804397.005   804443.009
   820:   804475.005   804519.009   805017.005   805082.009   805096.005
   825:   805277.009   805293.005   805847.009   805856.005   805899.009
   830:   805902.005   805933.009   805975.005   805980.009   806575.005
   835:   806628.009   817344.005   817486.009   817552.005   817587.009
   840:   822721.001   823044.003   823167.001   826190.003   826682.005
   845:   826869.009   835550.001   835584.003   835676.001   835817.003
   850:   835937.001   839221.003   839302.001   840152.003   841594.001
   855:   845243.003   847250.001   847341.003   847401.001   849487.003
   860:   850803.001   854084.003   854120.001   855125.003   856581.001
   865:   856669.003   856773.001   857480.003   857536.001   861234.003
   870:   864229.001   867655.003   870900.005   872222.009   872227.005
   875:   872233.009   872305.005   872309.009   875303.005   875497.009
   880:   875522.005   875746.009   875779.005   875891.009   881736.001
   885:   881778.003   882285.001   885123.003   885200.001   886335.003
   890:   886378.001   886956.003   888828.001   889165.003   889410.001
   895:   891181.003   891243.001   891489.003   892069.001   892970.003
   900:   896286.001   900799.003   902267.005   902289.009   903852.001
   905:   903928.003   904489.001   905265.003   905309.001   905585.003
   910:   905619.001   905973.003   906494.001   910741.003   932815.001
   915:   933100.003   933486.001   933509.003   933653.001   933683.003
   920:   934174.001   934813.003   934911.001   935719.003   936028.001
   925:   936085.003   938005.001   938340.003   940351.001   944413.003
   930:   944748.001   944907.003   946410.005   946901.009   946988.005
   935:   948379.009   950990.005   951008.009   951045.005   951152.009
   940:   951802.001   956645.003   956733.001   957003.003   957866.001
   945:   957932.003   958043.001   960255.003   960376.001   960446.003
   950:   962271.001   966056.003   968211.005   968229.009   968230.005
   955:   968370.009   971620.001   974224.003   983499.001   984540.003
   960:   984632.001   984727.003   986092.001   986311.003   986356.001
   965:   989542.003   990116.001   990145.003   994322.005   994357.009
   970:  1021572.005  1021728.009  1021965.005  1021988.009  1022003.005
   975:  1022071.009  1026148.001  1026362.003  1026494.001  1029851.003
   980:  1030073.001  1030865.003  1061334.005  1061382.009  1063839.005
   985:  1063870.009  1226577.005  1226685.009  1228469.001  1228787.003
   990:  1228809.001  1231691.003  1233239.001  1233992.003  1235661.001
   995:  1238108.003  1238315.001  1238341.003  1238358.001  1238735.003
  1000:  1239414.001  1243549.003  1243600.001  1244044.003  1256816.001
  1005:  1257053.003  1257104.001  1257195.003  1257229.001  1257691.003
  1010:  1257862.001  1258199.003  1258451.001  1260009.003  1262194.005
  1015:  1262212.009  1262232.005  1262245.009  1265195.001  1265567.003
  1020:  1407551.005  1408451.009  1447659.005  1447821.009  1447908.005
  1025:  1447945.009  1448146.005  1448250.009  1448299.005  1449619.009
  1030:  1450845.005  1452368.009  1452488.005  1452504.009  1452623.005
  1035:  1452759.009  1452772.005  1452782.009  1499561.001
B:
     0:        0.000      357.000        0.000      356.000        0.000
     5:      152.000        0.000        0.000        0.000      152.000
    10:        0.000        1.000        0.000        1.000        0.000
    15:        0.000        6.000        2.000        6.000        0.000
    20:        0.000        0.000        0.000        0.000        0.000
    25:        0.000        6.000        0.000        0.000        0.000
    30:        0.000
D:
     0:  4485169.000  4484725.000  4250731.000
E:
     0:     4753.500     4867.857
P:
     0:        0.000        0.000        0.000        0.000        0.000
     5:        0.000        0.000        0.000        0.000        0.000
    10:        0.000     1298.000      163.000      111.000      235.000
    15:      267.000      213.000     1758.000      924.000       67.000
    20:     1361.000      142.000      326.000      541.000       72.000
    25:       35.000      379.000      861.000      188.000     3524.000
    30:      113.000      191.000       91.000       60.000      448.000
    35:     3480.000       49.000     3410.000     4459.000       50.000
    40:       17.000      130.000       49.000      112.000       82.000
    45:      877.000     3412.000       61.000       49.000     4292.000
    50:       48.000     3814.000       43.000       39.000      425.000
    55:      132.000       52.000       22.000     3159.000     1864.000
    60:     2300.000       53.000       34.000      284.000       48.000
    65:      119.000      195.000     3525.000     5087.000       49.000
    70:     3148.000       29.000      118.000     3835.000       49.000
    75:      264.000       45.000     4639.000     4764.000      113.000
    80:      204.000       49.000     2412.000      263.000      236.000
    85:       82.000     3926.000      492.000       60.000     4226.000
    90:       52.000     4211.000       91.000      451.000      125.000
    95:     4655.000     2312.000      946.000       61.000      195.000
   100:     2070.000      978.000       94.000      185.000      595.000
   105:       70.000      186.000     4308.000      151.000     3737.000
   110:       32.000     4182.000       26.000     1268.000      115.000
   115:      260.000      908.000     3211.000     4275.000     4996.000
   120:     4263.000     4502.000     3646.000       22.000      278.000
   125:     3796.000     1222.000     2738.000     4394.000       79.000
   130:     3278.000       31.000       89.000     1675.000      563.000
   135:     2911.000      216.000      172.000     1257.000     2031.000
   140:       49.000       22.000      318.000       45.000      817.000
   145:     3934.000      270.000       21.000     3398.000      394.000
   150:     4219.000     4509.000     4534.000     3453.000      181.000
   155:     3994.000      488.000     5057.000       50.000      257.000
   160:     4050.000     4078.000     4914.000     3870.000     3543.000
   165:      110.000     4582.000     3932.000      285.000     3097.000
   170:      545.000      556.000       33.000       49.000       98.000
   175:     2109.000      577.000     1278.000      696.000       76.000
   180:      194.000     4225.000       47.000     3060.000      197.000
   185:     3202.000      454.000     3889.000     3478.000     4801.000
   190:       62.000      114.000     2710.000       87.000      134.000
   195:      137.000     3162.000     3667.000      911.000     4608.000
   200:     1961.000      309.000      225.000     3999.000     3148.000
   205:     1101.000      130.000     1349.000      439.000      524.000
   210:     3845.000      381.000     3305.000      742.000     1544.000
   215:       72.000      562.000      141.000     3088.000      371.000
   220:     3052.000      800.000     2358.000      119.000      140.000
   225:      332.000     4132.000     3807.000     3936.000      151.000
   230:     2490.000      718.000     4644.000     3312.000     1049.000
   235:     2468.000     3389.000      489.000     3029.000      271.000
   240:     2449.000      970.000      192.000     1027.000       91.000
   245:      260.000      201.000      123.000     3839.000      620.000
   250:     2494.000      200.000     3645.000     5018.000     1796.000
   255:     2327.000      553.000     3908.000     3777.000     3123.000
   260:     3027.000     3854.000      154.000     3622.000     2484.000
   265:      773.000     3308.000      360.000     3337.000     2619.000
   270:       62.000     2892.000       92.000     2788.000      189.000
   275:     2801.000     3225.000      418.000     1449.000      236.000
   280:     3481.000       36.000     2538.000      120.000     3397.000
   285:      411.000     3142.000      440.000     3980.000     3669.000
   290:      323.000     3023.000       34.000      141.000     3284.000
   295:      850.000     3649.000       91.000     2086.000     3281.000
   300:     1005.000       88.000      707.000     3698.000     3426.000
   305:       42.000     2838.000     1135.000      578.000      337.000
   310:     1771.000      246.000      901.000     4513.000       76.000
   315:      776.000      276.000      354.000     4247.000      285.000
   320:       23.000       30.000      639.000      808.000       57.000
   325:      335.000     4062.000      159.000     4843.000      270.000
   330:       66.000     2212.000       70.000     3785.000     2604.000
   335:     1041.000       95.000      219.000     3186.000       29.000
   340:      214.000     3357.000      792.000      318.000     2882.000
   345:      753.000     2447.000       26.000      377.000     4135.000
   350:      444.000      237.000       91.000      462.000      337.000
   355:     1558.000      372.000        0.000
R:
     0:        1.000  1725113.958        0.000
T:
     0:        0.000        0.000        0.000        0.000
W:
     0:        2.000        0.000        0.000
