File: C:\MED-PC IV\Data\Reyes\AW\AW1043.999


Start Date: 08/21/24
End Date: 08/21/24
Subject: 43
Experiment: AW
Group: LINEAR
Box: 5
Start Time: 14:23:41
End Time: 15:13:41
MSN: DRRD_lin
C:       0.000
F:       0.000
G:       0.000
H:       0.000
I:       0.000
J:       0.000
K:    7500.000
L:       0.000
M:       0.000
N:       0.000
O:       0.000
P:       0.000
Q:       0.000
R:       0.000
S:       0.000
U: 3914889.000
V:       0.000
X:       0.000
Y:    1226.000
Z:       0.000
A:
     0:    10500.005    10612.009    15000.013    15000.011    19543.001
     5:    19636.003    21060.001    21200.003    21242.001    21968.003
    10:    22067.001    24239.003    24618.001    27730.003    27746.001
    15:    28488.003    28771.005    28967.009    29326.001    30969.003
    20:    31228.001    31436.003    31743.005    32349.009    32616.001
    25:    33098.003    33111.001    33429.003    33479.001    34143.003
    30:    34158.001    34246.003    34264.001    34994.003    35027.001
    35:    35379.003    35408.001    36395.003    36418.001    36854.003
    40:    36897.001    37167.003    37306.005    38077.009    38086.005
    45:    38180.009    38416.005    38443.009    38923.001    39080.003
    50:    39092.001    40667.005    40670.009    40676.005    40713.009
    55:    40749.005    40764.009    42842.018    45416.003    45422.016
    60:    45472.026    45593.005    46168.009    48221.001    49394.003
    65:    49410.001    50599.003    50618.001    51498.003    51600.001
    70:    51961.003    52846.001    52890.003    52913.001    54760.003
    75:    54806.001    55036.003    55067.001    55777.003    55803.001
    80:    57749.003    81975.001    82218.003    82388.001    82434.003
    85:    82450.001    84177.003    85274.001    85451.003    85459.001
    90:    85920.003    85939.001    87843.003    87864.001    88113.003
    95:    88143.001    89012.003    89553.005    89649.009    89978.001
   100:    91137.003    91149.001    93309.003    95520.001    98923.003
   105:    99582.001   102469.003   103336.005   103420.009   103592.001
   110:   105423.003   105439.001   108374.003   109278.001   110911.003
   115:   110925.001   112513.003   113270.001   116293.003   118517.001
   120:   120987.003   120996.001   122152.003   122751.001   124643.003
   125:   124674.001   126755.003   127276.005   127379.009   127735.001
   130:   130760.003   131251.001   133831.003   135388.005   136002.009
   135:   137652.005   137677.009   138359.001   138594.003   138627.001
   140:   140946.003   141604.001   145346.003   146161.001   148283.003
   145:   148301.001   149558.003   149576.001   150762.003   151528.005
   150:   151598.009   162873.005   163402.009   163572.005   163575.009
   155:   163590.005   163599.009   163615.005   163644.009   174339.001
   160:   174672.003   174688.001   174879.003   175274.005   175319.009
   165:   175780.001   178857.003   180155.001   183905.018   184099.003
   170:   184105.016   184155.026   184306.005   184627.009   184646.005
   175:   184679.009   187840.005   188321.009   188814.001   192564.018
   180:   193055.003   193061.016   193111.026   193235.005   193891.009
   185:   197089.005   197392.009   197429.005   197440.009   199532.001
   190:   200063.003   200082.001   202080.003   202138.001   203082.003
   195:   214981.001   217276.003   218360.005   218994.009   226518.001
   200:   227157.003   227173.001   229716.003   230491.001   234241.018
   205:   234646.003   234652.016   234702.026   234848.005   235363.009
   210:   237872.001   240350.003   240373.001   241311.003   241359.001
   215:   242089.003   243664.001   244451.003   244764.001   245266.003
   220:   245284.001   245667.003   245694.001   245934.003   245969.001
   225:   247495.003   248832.001   250114.003   250184.001   250564.003
   230:   250621.001   251178.003   251197.001   252525.003   254016.001
   235:   255566.003   255969.005   255993.009   257910.005   258350.009
   240:   259832.005   260056.009   260565.001   260631.003   260653.001
   245:   261041.003   261058.001   262245.003   262271.001   263271.003
   250:   263290.001   264190.003   265108.005   265169.009   265962.005
   255:   266105.009   266432.001   267133.003   267153.001   269095.003
   260:   269871.001   270463.003   270495.001   272277.003   273218.001
   265:   273250.003   273275.001   276267.003   277213.001   280264.003
   270:   281193.001   283924.003   285262.001   288020.003   288054.001
   275:   288536.003   289493.005   289733.009   290330.001   292157.003
   280:   292173.001   293781.003   294701.001   297973.003   299000.001
   285:   301930.003   303205.005   303416.009   303647.001   303746.003
   290:   303768.001   305719.003   305742.001   307768.003   309624.001
   295:   311483.003   314094.005   315818.009   315961.005   316104.009
   300:   317884.005   318004.009   318623.001   318950.003   318979.001
   305:   319811.003   319865.001   319892.003   320452.001   321913.003
   310:   322886.001   324842.003   325506.001   326745.003   326759.001
   315:   327884.003   327899.001   328984.003   329872.001   333614.003
   320:   333632.001   334434.003   334997.005   335186.009   336806.005
   325:   336837.009   339487.001   340033.003   340063.001   341384.003
   330:   341395.001   342272.003   342285.001   342477.003   343793.001
   335:   347543.018   347835.003   347841.016   347891.026   347976.005
   340:   348493.009   350938.005   351124.009   351928.001   354521.003
   345:   359248.005   359665.009   360261.001   362042.003   362052.001
   350:   362496.003   362517.001   363754.003   367057.005   367175.009
   355:   367582.001   367709.003   367868.001   368605.003   368639.001
   360:   369936.003   369952.001   370907.003   372097.001   373540.003
   365:   373559.001   374706.003   374717.001   375471.003   379139.005
   370:   379411.009   380038.001   383237.003   384363.001   385516.003
   375:   385535.001   386709.003   386757.001   387742.003   389213.001
   380:   392668.003   394618.001   396032.003   396048.001   396643.003
   385:   396661.001   397898.003   413744.001   413923.003   414002.001
   390:   415534.003   417984.005   418412.009   419466.001   421883.003
   395:   421913.001   422793.003   423527.001   427005.003   427704.001
   400:   428975.003   428998.001   431307.003   432520.001   433570.003
   405:   433592.001   436082.003   437611.001   439915.003   439928.001
   410:   441169.003   441222.001   441884.003   442784.001   444548.003
   415:   444573.001   447042.003   447950.005   448085.009   448347.001
   420:   449095.003   451306.005   451633.009   452164.001   454391.003
   425:   454421.001   455140.003   455157.001   455331.003   455361.001
   430:   456675.003   457767.001   458354.003   458374.001   459430.003
   435:   459453.001   460007.003   460062.001   460571.003   460616.001
   440:   461483.003   462786.005   462932.009   463165.001   463326.003
   445:   463349.001   464959.003   464970.001   467568.003   468694.005
   450:   468804.009   469056.005   469124.009   469338.001   471528.003
   455:   471545.001   472701.003   472728.001   473883.003   474780.005
   460:   475016.009   476340.001   477564.003   477586.001   480918.003
   465:   491412.001   495162.018   495354.003   495360.016   495410.026
   470:   495549.005   495940.009   496051.005   496871.009   499441.005
   475:   499861.009   500573.001   504323.018   504692.003   504698.016
   480:   504748.026   504900.005   505564.009   509405.005   509417.009
   485:   509426.005   509922.009   510536.001   513753.003   515265.001
   490:   517250.003   517264.001   517592.003   517609.001   517757.003
   495:   517770.001   518350.003   518364.001   519423.003   520566.001
   500:   520933.003   521640.001   522161.003   522222.001   523404.003
   505:   523417.001   524402.003   524428.001   526538.003   527839.001
   510:   531538.003   532458.005   532745.009   534567.005   534939.009
   515:   535581.001   537882.003   537891.001   539912.003   541121.001
   520:   544871.018   545232.003   545238.016   545288.026   545411.005
   525:   546543.009   551192.005   551435.009   552230.001   553971.003
   530:   554059.001   555003.003   555024.001   556429.003   558131.001
   535:   561881.018   563068.003   563074.016   563081.001   563124.026
   540:   563419.003   563592.005   564345.009   564347.005   564359.009
   545:   566559.005   567353.009   567766.005   567773.009   568524.001
   550:   572274.018   572443.003   572449.016   572499.026   572665.005
   555:   573182.009   575907.005   576138.009   576290.005   576404.009
   560:   577035.001   580130.003   580165.001   581203.003   582578.001
   565:   585215.003   586468.001   586494.003   586516.001   587518.003
   570:   587548.001   588166.003   588187.001   588287.003   588306.001
   575:   589981.003   592421.001   592720.003   592763.001   593318.003
   580:   593364.001   593620.003   593639.001   594437.003   595457.005
   585:   595602.009   596320.001   599063.003   600409.001   600767.003
   590:   600790.001   601712.003   601736.001   604103.003   606309.001
   595:   608297.003   609066.005   609173.009   609392.001   613142.018
   600:   613158.003   613164.016   613214.026   613353.005   613999.009
   605:   615688.005   616087.009   617248.001   618329.003   618345.001
   610:   619924.003   619971.001   620980.003   621937.001   623119.003
   615:   623180.001   625312.003   626099.005   626221.009   626637.001
   620:   628553.003   628570.001   630652.003   630890.005   631036.009
   625:   631045.005   631086.009   632136.005   632192.009   647091.001
   630:   647689.003   650139.001   651871.003   652511.005   652628.009
   635:   652820.001   655825.003   656500.001   656954.003   656980.001
   640:   660488.003   661132.005   661274.009   661574.001   664847.003
   645:   664865.001   665955.003   666852.001   667649.003   667667.001
   650:   670902.003   672382.001   673998.003   674044.001   675372.003
   655:   676031.005   676495.009   676783.001   680533.018   680855.003
   660:   680861.016   680911.026   681009.005   681644.009   683864.005
   665:   684052.009   684089.005   684239.009   685289.001   687563.003
   670:   687582.001   688366.003   688385.001   689167.003   691511.005
   675:   691688.009   693666.001   697184.003   698683.001   702433.018
   680:   702879.003   702885.016   702935.026   703063.005   703502.009
   685:   711136.001   711390.003   712164.001   714149.003   715483.005
   690:   715883.009   715901.005   716009.009   716476.001   719631.003
   695:   721352.005   721492.009   721873.001   725433.003   726343.001
   700:   727898.003   727922.001   728616.003   728639.001   729538.003
   705:   730127.005   730219.009   730412.001   733994.003   734028.001
   710:   734432.003   735421.001   736857.003   736867.001   739017.003
   715:   739996.005   740160.009   741339.005   741847.009   742528.001
   720:   746278.018   746777.003   746783.016   746833.026   746974.005
   725:   747899.009   749321.005   749467.009   750164.001   753914.018
   730:   754224.003   754230.016   754280.026   754346.005   754959.009
   735:   757282.005   757441.009   757494.005   757584.009   758162.001
   740:   761173.003   762381.001   763760.003   763782.001   764136.003
   745:   764160.001   766123.003   767264.001   771014.018   772102.003
   750:   772108.016   772158.026   772299.005   772960.009   774997.005
   755:   775159.009   775873.001   777780.003   777788.001   777905.003
   760:   777922.001   778284.003   778318.001   779861.003   780915.005
   765:   781040.009   781508.001   785090.003   786781.001   788688.003
   770:   788703.001   790625.003   792071.001   794331.003   794368.001
   775:   795224.003   795257.001   796821.003   798011.001   801761.018
   780:   802127.003   802133.016   802183.026   802299.005   802714.009
   785:   804672.005   804853.009   804957.005   804960.009   805746.001
   790:   807849.003   807882.001   808553.003   809739.001   811795.003
   795:   811814.001   812580.003   812597.001   814047.003   815505.005
   800:   815606.009   815834.001   819584.018   820113.003   820119.016
   805:   820169.026   820321.005   821024.009   822088.005   822589.009
   810:   823627.001   826305.003   826324.001   828019.003   829020.001
   815:   829968.003   829979.001   833683.003   835308.001   839058.018
   820:   839134.003   839140.016   839190.026   839349.005   840049.009
   825:   842697.005   843168.009   843859.001   846994.003   847682.005
   830:   847792.009   848798.005   848886.009   849385.001   853021.003
   835:   854185.001   854261.003   854278.001   858028.018   858189.003
   840:   858195.016   858245.026   858360.005   858937.009   858946.005
   845:   858957.009   861230.005   861448.009   863402.001   865565.003
   850:   869498.001   871737.003   872249.005   872624.009   873806.001
   855:   873930.003   873947.001   875101.003   889201.005   889345.009
   860:   944440.005   944455.009   964203.001   964487.003   964507.001
   865:   965243.003   965275.001   966713.003   967508.001   970984.003
   870:   973153.005   973293.009   973629.001   976318.003   976333.001
   875:   978453.003   981739.005   981876.009   982398.001   985034.003
   880:   986524.005   986615.009   986880.001   986963.003   986984.001
   885:   990698.003   993008.005   993174.009   993700.001   995967.003
   890:   995995.001   998308.003  1000410.005  1000532.009  1000615.005
   895:  1000874.009  1001684.001  1002756.003  1002778.001  1004616.003
   900:  1006095.001  1009031.003  1010121.005  1010256.009  1010645.001
   905:  1014395.018  1014547.003  1014553.016  1014603.026  1014721.005
   910:  1015323.009  1017159.005  1017430.009  1018815.001  1019539.003
   915:  1019563.001  1020395.003  1020410.001  1020534.003  1020555.001
   920:  1021662.003  1021725.001  1022705.003  1024362.001  1026235.003
   925:  1026283.001  1027015.003  1027034.001  1029112.003  1030203.001
   930:  1032103.003  1032128.001  1034168.003  1036075.001  1039656.003
   935:  1042129.005  1043029.009  1046404.005  1046421.009  1046450.005
   940:  1046530.009  1046600.005  1046730.009  1049493.001  1051264.003
   945:  1051294.001  1052086.003  1052125.001  1053123.003  1053165.001
   950:  1054022.003  1055449.001  1057857.003  1057882.001  1059876.003
   955:  1060833.005  1061339.009  1062109.001  1062273.003  1062302.001
   960:  1063931.003  1063951.001  1064774.003  1064790.001  1065829.003
   965:  1066986.001  1070736.018  1071046.003  1071052.016  1071102.026
   970:  1071222.005  1071868.009  1071948.005  1071995.009  1074138.005
   975:  1074354.009  1074445.005  1074562.009  1075986.001  1076215.003
   980:  1076231.001  1078572.003  1080109.005  1080217.009  1080820.001
   985:  1084222.003  1084271.001  1086270.003  1087721.001  1088896.003
   990:  1088918.001  1088973.003  1088992.001  1092221.003  1094081.001
   995:  1097831.018  1098488.003  1098494.016  1098544.026  1098644.005
  1000:  1099568.009  1102769.005  1102904.009  1103020.005  1103070.009
  1005:  1103588.001  1107338.018  1107634.003  1107640.016  1107690.026
  1010:  1107791.005  1108185.009  1112421.005  1112850.009  1112870.005
  1015:  1112923.009  1112940.005  1112991.009  1113063.005  1113090.009
  1020:  1113120.005  1113194.009  1113198.005  1113225.009  1115940.001
  1025:  1119690.018  1119993.003  1119999.016  1120049.026  1120051.017
  1030:  1120168.005  1120750.009  1123034.005  1123395.009  1125601.001
  1035:  1128667.003  1129754.005  1129874.009  1130336.001  1132624.003
  1040:  1132633.001  1132979.003  1132997.001  1133192.003  1133216.001
  1045:  1135393.003  1137505.001  1140361.003  1141482.005  1141601.009
  1050:  1142170.001  1144658.003  1144685.001  1145544.003  1146662.001
  1055:  1150662.018  1150802.003  1150808.016  1150858.026  1150952.005
  1060:  1151679.009  1153202.005  1153557.009  1154626.001  1156540.003
  1065:  1156581.001  1158482.003  1159594.001  1163294.003  1164310.001
  1070:  1166432.003  1166452.001  1168352.003  1169641.001  1173641.018
  1075:  1173694.003  1173700.016  1173750.026  1173847.005  1175770.009
  1080:  1177848.005  1178032.009  1178126.005  1178167.009  1178729.001
  1085:  1181361.003  1182233.001  1185185.003  1186228.005  1186357.009
  1090:  1186374.005  1186409.009  1186744.001  1190744.018  1190867.003
  1095:  1190873.016  1190923.026  1191067.005  1191837.009  1193741.005
  1100:  1194194.009  1195430.001  1197362.003  1197377.001  1198290.003
  1105:  1199276.001  1200981.003  1201029.001  1202921.003  1204092.001
  1110:  1207804.003  1209703.005  1210047.009  1210113.005  1210195.009
  1115:  1210229.005  1210397.009  1210417.005  1210465.009  1211971.005
  1120:  1212054.009  1227096.001  1227146.003  1227892.005  1227914.009
  1125:  1228285.001  1228673.003  1228698.001  1230161.003  1231021.001
  1130:  1233165.003  1233186.001  1234034.003  1234635.005  1234868.009
  1135:  1234947.005  1235020.009  1235426.001  1238402.003  1239474.001
  1140:  1242410.003  1243622.005  1243873.009  1244563.001  1247612.003
  1145:  1248727.001  1251778.003  1253780.005  1254051.009  1254643.001
  1150:  1257815.003  1259490.001  1262385.003  1263686.001  1267490.003
  1155:  1268341.005  1268449.009  1279849.005  1279862.009  1280300.001
  1160:  1281200.003  1281220.001  1283817.003  1285313.001  1288230.003
  1165:  1289432.001  1292883.003  1295015.005  1295435.009  1309294.001
  1170:  1310174.003  1327300.001  1327629.003  1327841.001  1328019.003
  1175:  1328106.001  1329298.003  1329895.005  1330076.009  1350729.001
  1180:  1351000.003  1387884.005  1388012.009  1388217.005  1388370.009
  1185:  1388379.005  1388410.009  1388448.005  1388583.009  1403085.005
  1190:  1403220.009  1406132.005  1406149.009  1406160.005  1406282.009
  1195:  1406312.005  1406318.009  1406845.005  1406873.009  1406966.005
  1200:  1407202.009  1407203.005  1407220.009  1407251.005  1407873.009
  1205:  1438320.005  1438326.009  1438760.001  1439691.003  1445828.001
  1210:  1446028.003  1450838.005  1451464.009  1490831.001  1491148.003
  1215:  1491181.001  1494093.003  1494106.001  1494988.003  1496020.005
  1220:  1496117.009  1496445.001  1499399.003  1499741.005  1499879.009
  1225:  1499975.005
B:
     0:        0.000      381.000        0.000      381.000        0.000
     5:      189.000        0.000        0.000        0.000      188.000
    10:        0.000        1.000        0.000        1.000        0.000
    15:        0.000       28.000        1.000       28.000        0.000
    20:        0.000        0.000        0.000        0.000        0.000
    25:        0.000       28.000        0.000        0.000        0.000
    30:        0.000
D:
     0:  5414287.000  5411334.000  5414288.000
E:
     0:     3750.000     4000.000
T:
     0:        0.000        0.000        0.000        0.000
W:
     0:        0.000        2.000        0.000
