File: C:\MED-PC IV\Data\Reyes\AW\AW1049.999


Start Date: 08/28/24
End Date: 08/28/24
Subject: 49
Experiment: AW
Group: EXP20
Box: 5
Start Time: 15:29:29
End Time: 16:19:29
MSN: DRRD_exp_20
C:       0.000
F:       0.000
G:       0.000
H:       0.000
I:       0.000
J:       0.000
K:   10000.000
L:       0.000
M:       0.000
N:       0.000
O:       0.000
P:       0.000
Q:       0.000
R:       0.000
S:       0.000
U: 2117883.000
V:       0.000
X:       0.000
Y:    1561.000
Z:       0.000
A:
     0:      176.005      251.009     6216.005     6471.009     9566.005
     5:     9640.009    12455.005    12522.009    12644.005    12838.009
    10:    15000.013    15000.011    15469.001    15861.003    16166.001
    15:    17873.003    17898.001    17928.003    18358.005    18578.009
    20:    18815.001    18832.003    18989.001    19305.003    19341.001
    25:    19369.003    19380.001    19433.003    19473.001    19559.003
    30:    19754.001    20233.003    20262.001    22568.003    22749.001
    35:    23615.003    23688.001    23763.003    24205.005    24221.009
    40:    25224.001    25318.003    25376.001    25599.003    26070.001
    45:    28329.003    29288.001    29352.003    29390.001    29467.003
    50:    29481.001    32941.003    33298.001    33732.003    34075.001
    55:    34146.003    34170.001    35864.003    35916.001    36811.003
    60:    36831.001    37016.003    37038.001    38072.003    38102.001
    65:    38140.003    38479.005    38729.009    40258.001    43225.003
    70:    43280.001    43423.003    43453.001    44481.003    44500.001
    75:    44595.003    44832.005    45002.009    45284.001    45806.003
    80:    45819.001    46010.003    46071.001    46242.003    46278.001
    85:    46793.003    46821.001    49205.003    49227.001    53062.003
    90:    53307.005    53607.009    53860.001    54284.003    54303.001
    95:    54326.003    54406.001    54732.003    54747.001    56957.003
   100:    56977.001    57600.003    57621.001    60580.003    60855.005
   105:    61264.009    63235.001    64666.003    64761.001    64830.003
   110:    64854.001    69854.018    70592.003    70598.016    70648.026
   115:    70746.005    71605.009    73426.001    73541.003    73558.001
   120:    78544.003    78835.005    79169.009    79571.001    80616.003
   125:    80634.001    82064.003    82121.001    83551.003    83571.001
   130:    87066.003    87207.001    87223.003    87538.005    87649.009
   135:    89004.001    93170.003    93180.001    94438.003    95672.001
   140:    97968.003    98026.001   103026.018   104430.003   104436.016
   145:   104486.026   104501.001   104690.003   104806.005   105621.009
   150:   106174.001   107311.003   107345.001   107413.003   107437.001
   155:   112082.003   112137.001   112243.003   112420.001   112513.003
   160:   114272.001   119272.018   120130.003   120136.016   120186.026
   165:   120274.005   120757.009   121623.001   121711.003   121998.001
   170:   122023.003   122232.001   125690.003   125853.005   126031.009
   175:   126131.005   126357.009   127014.001   132014.018   134032.003
   180:   134038.016   134088.026   134195.005   136516.009   137295.001
   185:   142295.018   143498.003   143504.016   143554.026   143641.005
   190:   144284.009   145175.001   150175.018   150866.003   150872.016
   195:   150922.026   150990.005   151944.009   152556.001   153036.003
   200:   153101.001   153126.003   153664.005   154198.009   154260.005
   205:   154494.009   154499.005   154505.009   154832.005   155049.009
   210:   155486.001   155646.003   155663.001   155678.003   155712.001
   215:   160322.003   160737.001   161004.003   161020.001   161587.003
   220:   161603.001   161668.003   161675.001   162941.003   162976.001
   225:   163193.003   163199.001   163255.003   163283.001   163770.003
   230:   163869.001   164516.003   164525.001   167977.003   168251.005
   235:   168489.009   168681.001   168775.003   168793.001   169270.003
   240:   169293.001   174293.018   174923.003   174929.016   174979.026
   245:   175068.005   175428.009   176624.001   178512.003   178776.001
   250:   182910.003   183107.005   183223.009   183481.001   185193.003
   255:   185219.001   188382.003   188973.001   189001.003   189090.001
   260:   189971.003   190054.001   190086.003   190188.001   190387.003
   265:   190459.001   191110.003   191167.001   194264.003   194277.001
   270:   194747.003   194944.005   195175.009   196487.001   200993.003
   275:   201011.001   201980.003   202124.001   202806.003   203311.001
   280:   203656.003   204231.001   206036.003   206044.001   207803.003
   285:   208984.001   211264.003   211277.001   213610.003   213629.001
   290:   213732.003   213986.005   214212.009   214460.001   214518.003
   295:   214839.001   214890.003   214944.001   215398.003   215422.001
   300:   219662.003   219681.001   219765.003   219900.001   219927.003
   305:   220277.005   220467.009   222228.005   222295.009   222311.005
   310:   222336.009   223264.001   223315.003   223372.001   223627.003
   315:   224065.001   228420.003   228960.001   229030.003   229065.001
   320:   229627.003   229778.001   229855.003   229961.001   231732.003
   325:   231758.001   232669.003   232729.001   234092.003   234120.001
   330:   236134.003   236166.001   238436.003   240052.001   240372.003
   335:   244994.001   245049.003   245136.001   245544.003   245579.001
   340:   245619.003   246372.001   246517.003   246526.001   251526.018
   345:   253809.003   253815.016   253865.026   253929.005   254754.009
   350:   254783.005   254796.009   254818.005   255051.009   255500.001
   355:   255982.003   255991.001   258280.003   258297.001   258399.003
   360:   258418.001   258465.003   258885.001   259224.003   259270.001
   365:   259291.003   259416.001   259451.003   259491.001   264414.003
   370:   264438.001   265899.003   265952.001   266415.003   266447.001
   375:   266525.003   267011.001   267069.003   267080.001   267211.003
   380:   267229.001   268317.003   268331.001   273331.018   273798.003
   385:   273804.016   273854.026   273975.005   274548.009   274590.005
   390:   275030.009   276644.001   281644.018   283080.003   283086.016
   395:   283136.026   283247.005   284323.009   284335.005   284700.009
   400:   285369.001   290369.018   294160.003   294166.016   294216.026
   405:   294319.005   295505.009   295518.005   295986.009   296614.005
   410:   296890.009   297812.001   297847.003   297889.001   302889.018
   415:   304739.003   304745.016   304765.001   304795.026   305082.003
   420:   305215.005   306191.009   307007.001   312007.018   312500.003
   425:   312506.016   312556.026   312647.005   314261.009   314284.005
   430:   314353.009   314907.005   315355.009   315764.005   316213.009
   435:   317261.001   322261.018   325202.003   325208.016   325258.026
   440:   325331.005   325789.009   326601.001   331601.018   332929.003
   445:   332935.016   332985.026   333043.005   333721.009   334505.001
   450:   338304.003   338566.005   338586.009   338632.005   338986.009
   455:   339226.001   339321.003   339384.001   344248.003   345497.001
   460:   350134.003   351439.001   356439.018   357843.003   357849.016
   465:   357899.026   358011.005   358692.009   359787.001   359835.003
   470:   359924.001   359970.003   360050.001   365050.018   365215.003
   475:   365221.016   365271.026   365345.005   365682.009   367160.001
   480:   367295.003   367341.001   372341.018   374488.003   374494.016
   485:   374544.026   374664.005   375051.009   376036.001   381036.018
   490:   383560.003   383566.016   383616.026   383711.005   384548.009
   495:   385507.001   390507.018   393554.003   393560.016   393610.026
   500:   393701.005   394557.009   395919.001   400919.018   403371.003
   505:   403377.016   403427.026   403496.005   404619.009   405653.001
   510:   410298.003   410657.005   410786.009   410996.001   411385.003
   515:   412407.001   417407.018   420220.003   420226.016   420276.026
   520:   420376.005   420871.009   422255.001   427230.003   427836.005
   525:   427862.009   427866.005   428060.009   429610.001   434610.018
   530:   434956.003   434962.016   435012.026   435140.005   435924.009
   535:   437237.001   442237.018   443091.003   443097.016   443147.026
   540:   443260.005   444264.009   444693.001   449296.003   449822.001
   545:   449836.003   450109.001   453717.003   454387.001   455912.003
   550:   455935.001   455967.003   455980.001   460980.018   462815.003
   555:   462821.016   462871.026   462926.005   463482.009   464275.001
   560:   464406.003   464459.001   464626.003   464702.001   464807.003
   565:   464921.001   469921.018   470266.003   470272.016   470322.026
   570:   470331.001   470553.003   470726.005   471575.009   471610.005
   575:   471618.009   472752.001   473096.003   473185.001   474619.003
   580:   474641.001   479641.018   480204.003   480210.016   480231.001
   585:   480260.026   480272.003   480353.005   480842.009   482977.001
   590:   485272.003   485304.001   486305.003   488475.001   489431.003
   595:   489444.001   492580.003   493035.001   494365.003   494387.001
   600:   499387.018   501894.003   501900.016   501950.026   502036.005
   605:   502712.009   503855.001   508855.018   509224.003   509230.016
   610:   509280.026   509289.005   509783.009   511769.001   516769.018
   615:   518218.003   518224.016   518274.026   518339.005   518822.009
   620:   520570.001   525570.018   528328.003   528334.016   528384.026
   625:   528447.005   528825.009   531276.005   531486.009   531931.001
   630:   532018.003   532123.001   537123.018   537483.003   537489.016
   635:   537539.026   537549.005   538032.009   538081.005   538344.009
   640:   543755.001   547357.003   547430.005   547939.009   550825.001
   645:   555825.018   556108.003   556114.016   556164.026   556198.005
   650:   556894.009   557808.005   557815.009   557820.005   557877.009
   655:   558354.001   558449.003   558472.001   558796.003   558856.001
   660:   563368.003   563496.005   563665.009   563914.001   564038.003
   665:   564059.001   564223.003   564514.001   565420.003   565436.001
   670:   565932.003   565941.001   569027.003   569623.001   569726.003
   675:   569745.001   574745.018   575713.003   575719.016   575769.026
   680:   575842.001   576007.003   576112.005   576948.009   577940.001
   685:   581964.003   582143.005   582216.009   582241.005   582271.009
   690:   582499.001   582591.003   582652.001   586006.003   586566.001
   695:   587274.003   587323.001   591020.003   591406.005   591453.009
   700:   592472.001   597472.018   597755.003   597761.016   597811.026
   705:   597929.005   598647.009   599775.001   599856.003   599879.001
   710:   604879.018   605996.003   606002.016   606052.026   606190.005
   715:   606853.009   606948.005   606972.009   608916.001   609075.003
   720:   609156.001   613963.003   614826.001   614959.003   614986.001
   725:   619986.018   621892.003   621898.016   621919.005   621948.026
   730:   623439.009   624199.001   629199.018   631872.003   631878.016
   735:   631928.026   632050.005   632385.009   632574.005   632716.009
   740:   633898.001   637238.003   637660.001   642660.018   642995.003
   745:   643001.016   643029.001   643051.026   643574.003   643786.005
   750:   644373.009   644377.005   644392.009   645855.001   648857.003
   755:   648871.001   651136.003   651155.001   652080.003   652559.005
   760:   652898.009   653041.005   653232.009   655146.001   659505.003
   765:   659901.001   664901.018   666116.003   666122.016   666172.026
   770:   666277.005   667051.009   667060.005   667678.009   668794.005
   775:   668992.009   669527.001   673319.003   673334.001   676340.003
   780:   676514.005   676623.009   676989.001   681989.018   685572.003
   785:   685578.016   685612.005   685628.026   686374.009   687338.001
   790:   691726.003   692247.001   692266.003   692282.001   692326.003
   795:   692353.001   696757.003   697251.005   697271.009   699380.001
   800:   703190.003   704052.001   705716.003   705936.001   710936.018
   805:   711108.003   711114.016   711164.026   711267.005   711681.009
   810:   712149.001   712224.003   712293.001   717293.018   718980.003
   815:   718986.016   719036.026   719056.001   719374.003   719496.005
   820:   720064.009   720080.005   720386.009   721639.001   726017.003
   825:   726196.005   726244.009   726576.001   726775.003   726793.001
   830:   731793.018   734185.003   734191.016   734202.001   734241.026
   835:   734434.003   734498.005   735130.009   735156.005   735243.009
   840:   736137.001   741137.018   741935.003   741941.016   741991.026
   845:   742059.005   742767.009   742799.005   743409.009   743431.005
   850:   744772.009   745413.001   745641.003   745694.001   749431.003
   855:   750131.001   755131.018   756472.003   756478.016   756528.026
   860:   756549.005   757204.009   758551.001   758646.003   758682.001
   865:   760450.003   762601.001   766866.003   767245.005   767549.009
   870:   768842.001   773741.003   774130.001   775408.003   775429.001
   875:   779490.003   781180.001   781705.003   782171.001   785163.003
   880:   786773.001   790251.003   790450.005   790818.009   792504.001
   885:   792644.003   792718.001   792792.003   792815.001   792936.003
   890:   793161.001   796691.003   798379.001   798792.003   798818.001
   895:   799349.003   799428.001   804428.018   804827.003   804833.016
   900:   804856.001   804883.026   805238.003   805345.005   806102.009
   905:   806764.001   807330.003   807434.001   807646.003   807704.001
   910:   807848.003   807995.005   808162.009   808169.005   808174.009
   915:   808216.005   808474.009   810105.001   815105.018   815482.003
   920:   815488.016   815499.001   815538.026   815892.003   815984.005
   925:   816548.009   816599.005   816986.009   817827.001   818066.003
   930:   818375.001   822836.003   825159.005   825261.009   825299.005
   935:   825404.009   827594.001   828368.003   828390.001   828466.003
   940:   828606.001   832247.003   832740.001   834139.003   834196.001
   945:   834840.003   835047.001   839644.003   840382.001   841890.003
   950:   841949.001   846949.018   847276.003   847282.016   847332.026
   955:   847430.005   847948.009   848837.001   849148.003   849311.001
   960:   853792.003   854346.001   859346.018   859797.003   859803.016
   965:   859853.026   859973.005   860418.009   861926.001   862146.003
   970:   862185.001   866787.003   867222.001   867288.003   867351.001
   975:   867820.003   867867.001   868054.003   868069.001   870769.003
   980:   871357.001   871543.003   871578.001   874800.003   875024.005
   985:   875161.009   877354.005   877420.009   883251.001   887835.003
   990:   887852.001   888162.003   888536.005   888562.009   888919.001
   995:   888969.003   889441.001   894441.018   894645.003   894651.016
  1000:   894701.026   894814.005   895560.009   895617.005   895721.009
  1005:   896269.001   896782.003   896826.001   900216.003   900343.005
  1010:   900620.009   900892.001   904383.003   904601.005   904683.009
  1015:   907322.005   907369.009   907441.005   907532.009   909473.001
  1020:   909503.003   909562.001   913875.003   913949.005   914331.009
  1025:   914651.001   919616.003   920077.001   924643.003   925100.001
  1030:   925325.003   925369.001   925569.003   925984.001   926176.003
  1035:   926791.001   927203.003   927223.001   932223.018   933835.003
  1040:   933841.016   933891.026   933958.005   934431.009   935461.001
  1045:   937457.003   937771.005   937845.009   942291.001   945797.003
  1050:   946543.001   951543.018   951667.003   951673.016   951723.026
  1055:   951803.005   952480.009   953569.001   957506.003   957610.001
  1060:   957634.003   957744.005   958302.009   961495.001   966495.018
  1065:   968917.003   968923.016   968973.026   969032.005   969715.009
  1070:   971535.001   976535.018   978295.003   978301.016   978351.026
  1075:   978549.005   979455.009   980559.001   984975.003   985101.005
  1080:   985331.009   986290.001   986404.003   986450.001   991450.018
  1085:   992606.003   992612.016   992662.026   992735.005   994014.009
  1090:   995063.001   998787.003  1001874.001  1006601.003  1006773.005
  1095:  1006987.009  1007363.001  1007404.003  1007970.001  1012970.018
  1100:  1015717.003  1015723.016  1015773.026  1015828.005  1016860.009
  1105:  1016947.005  1017048.009  1017163.005  1017380.009  1019784.001
  1110:  1024784.018  1025075.003  1025081.016  1025131.026  1025209.005
  1115:  1025712.009  1025803.005  1025842.009  1026813.001  1031093.003
  1120:  1032111.001  1035561.003  1036231.001  1036403.003  1036435.001
  1125:  1040241.003  1040882.001  1040935.003  1040957.001  1041009.003
  1130:  1041045.001  1046045.018  1046407.003  1046413.016  1046463.026
  1135:  1046539.005  1046937.009  1047966.001  1048488.003  1048501.001
  1140:  1052902.003  1052929.001  1053000.003  1053330.005  1053531.009
  1145:  1053848.001  1058848.018  1060660.003  1060666.016  1060687.001
  1150:  1060716.026  1060732.003  1060811.005  1061240.009  1062534.001
  1155:  1066285.003  1066759.001  1066828.003  1066863.001  1068619.003
  1160:  1069155.001  1074155.018  1074262.003  1074268.016  1074318.026
  1165:  1074515.001  1074555.003  1074692.005  1075080.009  1075655.001
  1170:  1075727.003  1076053.001  1079239.003  1079570.005  1079608.009
  1175:  1079801.001  1079890.003  1079928.001  1084928.018  1086180.003
  1180:  1086186.016  1086229.001  1086236.026  1086451.003  1086552.005
  1185:  1087110.009  1087159.005  1087186.009  1087232.005  1087465.009
  1190:  1088126.001  1091920.003  1094178.001  1099178.018  1099895.003
  1195:  1099901.016  1099951.026  1099993.005  1100588.009  1101412.001
  1200:  1103350.003  1103508.001  1106207.003  1107682.001  1107747.003
  1205:  1107784.001  1111437.003  1111989.001  1113770.003  1113777.001
  1210:  1117182.003  1117739.001  1122739.018  1122865.003  1122871.016
  1215:  1122921.026  1123036.005  1123486.009  1123940.001  1125075.003
  1220:  1125106.001  1130106.018  1131246.003  1131252.016  1131302.026
  1225:  1131428.005  1132025.009  1132863.001  1137617.003  1138313.001
  1230:  1140265.003  1140297.001  1140947.003  1141154.001  1145694.003
  1235:  1148000.001  1148908.003  1148960.001  1151484.003  1151804.005
  1240:  1151870.009  1153954.001  1156759.003  1156777.001  1158601.003
  1245:  1160311.001  1160683.003  1160782.001  1161424.003  1161445.001
  1250:  1161818.003  1163566.001  1168006.003  1168212.005  1168267.009
  1255:  1168472.001  1168959.003  1169172.001  1174172.018  1175218.003
  1260:  1175224.016  1175274.026  1175378.005  1176095.009  1176746.001
  1265:  1181746.018  1183975.003  1183981.016  1184031.026  1184152.005
  1270:  1184691.009  1187716.001  1192716.018  1194570.003  1194576.016
  1275:  1194626.026  1194762.005  1195293.009  1195340.005  1195381.009
  1280:  1196194.001  1201176.003  1202209.001  1207209.018  1209511.003
  1285:  1209517.016  1209567.026  1209646.005  1210562.009  1214143.001
  1290:  1219143.018  1219144.003  1219150.016  1219200.026  1219326.005
  1295:  1219773.009  1220849.001  1220933.003  1221440.001  1225344.003
  1300:  1226214.001  1231214.018  1232423.003  1232429.016  1232479.026
  1305:  1232570.005  1233069.009  1233105.005  1233255.009  1235299.001
  1310:  1239270.003  1240359.001  1245359.018  1245564.003  1245570.016
  1315:  1245620.026  1245728.005  1246108.009  1247810.001  1250037.003
  1320:  1250247.001  1250529.003  1250571.001  1250612.003  1250626.001
  1325:  1251904.003  1252393.001  1252436.003  1252534.001  1256271.003
  1330:  1256768.001  1261462.003  1261825.005  1261845.009  1262119.001
  1335:  1262219.003  1264114.001  1267113.003  1269170.001  1271811.003
  1340:  1271919.001  1271944.003  1272177.005  1272190.009  1272236.005
  1345:  1272266.009  1272267.005  1272449.009  1275076.001  1278188.003
  1350:  1280249.001  1285249.018  1285284.003  1285290.016  1285340.026
  1355:  1285445.005  1286075.009  1286118.005  1286394.009  1287633.001
  1360:  1287739.003  1287783.001  1291676.003  1292246.001  1297246.018
  1365:  1298933.003  1298939.016  1298989.026  1299089.005  1300367.009
  1370:  1301641.001  1301704.003  1303622.001  1308622.018  1308656.003
  1375:  1308662.016  1308712.026  1308799.005  1309290.009  1310475.001
  1380:  1313840.003  1314467.001  1319467.018  1322745.003  1322751.016
  1385:  1322801.026  1322859.005  1323549.009  1324779.001  1329774.003
  1390:  1330637.001  1332410.003  1332542.001  1336469.003  1337921.001
  1395:  1341669.003  1343204.001  1346583.003  1346602.001  1348650.003
  1400:  1350369.001  1350628.003  1350655.001  1354642.003  1354654.001
  1405:  1354919.003  1357366.001  1362366.018  1365429.003  1365435.016
  1410:  1365441.001  1365485.026  1366507.003  1366541.001  1366891.003
  1415:  1366909.001  1367032.003  1367041.001  1367398.003  1367452.005
  1420:  1368203.009  1369430.001  1374080.003  1374108.001  1374766.003
  1425:  1375353.001  1380353.018  1380553.003  1380559.016  1380609.026
  1430:  1380611.001  1380793.003  1380863.005  1381480.009  1382277.001
  1435:  1387277.018  1388004.003  1388010.016  1388060.026  1388138.005
  1440:  1388533.009  1389972.005  1390085.009  1390668.001  1390923.003
  1445:  1390977.001  1395977.018  1396120.003  1396126.016  1396176.026
  1450:  1396458.005  1397498.009  1397511.005  1397555.009  1399442.001
  1455:  1403093.003  1403609.001  1403721.003  1403911.001  1404198.003
  1460:  1404260.001  1404355.003  1404412.001  1404514.003  1404569.001
  1465:  1404924.003  1405167.001  1405234.003  1405246.001  1405520.003
  1470:  1405670.001  1407570.003  1408017.005  1408199.009  1408643.001
  1475:  1413643.018  1415929.003  1415935.016  1415985.026  1416048.005
  1480:  1416488.009  1416501.005  1416875.009  1416891.005  1416985.009
  1485:  1417708.001  1422708.018  1423279.003  1423285.016  1423289.001
  1490:  1423335.026  1423513.003  1423593.005  1424555.009  1424669.005
  1495:  1424729.009  1426470.001  1430861.003  1431459.001  1436459.018
  1500:  1438201.003  1438207.016  1438257.026  1438327.005  1438696.009
  1505:  1441761.005  1441887.009  1442590.001  1447590.018  1448662.003
  1510:  1448668.016  1448718.026  1448758.005  1449806.009  1451455.001
  1515:  1456455.018  1458726.003  1458732.016  1458782.026  1458888.005
  1520:  1459782.009  1461518.001  1466518.018  1468413.003  1468419.016
  1525:  1468469.026  1468529.005  1468881.009  1470600.001  1473034.003
  1530:  1473055.001  1473712.003  1473736.001  1474267.003  1474287.001
  1535:  1474613.003  1474696.005  1475181.009  1478016.001  1483016.018
  1540:  1484995.003  1485001.016  1485051.026  1485110.005  1485962.009
  1545:  1486566.001  1491566.018  1492046.003  1492052.016  1492059.001
  1550:  1492102.026  1492247.003  1492326.005  1492794.009  1493963.001
  1555:  1497667.003  1497692.001  1498793.003  1498878.005  1499384.009
  1560:  1499895.001
B:
     0:        0.000      450.000        0.000      449.000        0.000
     5:      198.000        0.000        0.000        0.000      198.000
    10:        0.000        1.000        0.000        1.000        0.000
    15:        0.000       88.000        0.000       88.000        0.000
    20:        0.000        0.000        0.000        0.000        0.000
    25:        0.000       88.000        0.000        0.000        0.000
    30:        0.000
D:
     0:  3617888.000  3617778.000  3616676.000
E:
     0:     5000.000     5000.000
T:
     0:        0.000        0.000        0.000        0.000
W:
     0:        2.000        0.000        0.000
