File: C:\MED-PC IV\Data\Reyes\AW\AW1047.999


Start Date: 08/23/24
End Date: 08/23/24
Subject: 47
Experiment: AW
Group: LINEAR
Box: 3
Start Time: 15:08:50
End Time: 15:58:50
MSN: DRRD_lin
C:       0.000
F:       1.000
G:       0.000
H:       0.000
I:       0.000
J:       0.000
K:    8500.000
L:       0.000
M:       0.000
N:       0.000
O:       0.000
P:       0.000
Q:       0.000
R:       0.000
S:       0.000
U: 2985164.000
V:       0.000
X:       0.000
Y:    1956.000
Z:       0.000
A:
     0:  2984894.001  2984933.003     9278.001     9324.003     9337.001
     5:    10078.003    10121.001    10168.003    10216.001    10785.003
    10:    10788.001    11338.003    11341.001    13914.003    14323.001
    15:    14390.003    14435.001    15000.013    15000.011    15768.003
    20:    15792.001    17902.003    18543.001    18744.003    19412.001
    25:    19865.003    20103.001    23842.003    24290.001    24408.003
    30:    24681.001    24965.003    25828.001    25889.003    26154.005
    35:    26465.009    28127.001    28238.003    28369.001    28440.003
    40:    30519.005    30528.009    30941.001    31156.003    31214.001
    45:    31414.003    31440.001    31829.003    31842.001    32043.003
    50:    32052.001    32461.003    32495.001    32575.003    32585.001
    55:    33236.003    33263.001    35045.003    35373.001    35427.003
    60:    35505.001    35540.003    35712.001    38719.003    39361.005
    65:    39450.009    39870.005    39903.009    39904.005    40098.009
    70:    41998.005    42032.009    44968.005    45277.009    49198.001
    75:    49227.003    49461.001    49771.003    49796.001    49868.003
    80:    49933.001    49995.003    50159.001    52566.003    52610.001
    85:    55687.003    55822.001    55860.003    55959.001    56411.003
    90:    56420.001    57611.003    57630.001    59651.003    60271.001
    95:    60652.003    60670.001    63785.003    64293.001    64354.003
   100:    64712.001    64858.003    65046.001    65427.003    65675.001
   105:    65971.003    66052.001    66151.003    66687.001    66712.003
   110:    66779.001    66837.003    66899.001    66997.003    67009.001
   115:    68232.003    68240.001    69081.003    69088.001    71458.003
   120:    71787.005    71962.009    73677.001    73745.003    73873.001
   125:    74201.003    74341.001    74961.003    74986.001    78024.003
   130:    78516.005    78603.009    86772.005    87000.009    87716.005
   135:    87911.009    89648.001    90194.003    90246.001    90363.003
   140:    90388.001    91643.003    91654.001    94019.003    94663.001
   145:    98913.018    98952.003    98958.016    99008.026    99106.005
   150:    99668.009    99672.005    99797.009   102851.001   102951.003
   155:   102994.001   103268.003   103303.001   103405.003   103448.001
   160:   103694.003   103698.001   107952.018   108320.003   108326.016
   165:   108376.026   108481.005   108874.009   108885.005   109148.009
   170:   109417.005   110090.009   110102.005   110140.009   111871.001
   175:   111958.003   112234.001   115722.003   116090.001   116256.003
   180:   116290.001   116336.003   116345.001   119829.003   119948.001
   185:   119996.003   120066.001   120297.003   120392.001   124127.003
   190:   124785.001   124811.003   124873.001   124899.003   124941.001
   195:   126134.003   126177.001   129181.003   129536.001   129632.003
   200:   129923.001   130072.003   130081.001   134331.018   134403.003
   205:   134409.016   134459.026   134610.005   134989.009   136436.001
   210:   136519.003   136561.001   137260.003   137273.001   137680.003
   215:   137684.001   140628.003   141099.001   141119.003   141123.001
   220:   141510.003   141524.001   143332.003   143369.001   144542.003
   225:   145443.001   148806.003   149711.001   149834.003   149856.001
   230:   150026.003   150083.001   150109.003   150148.001   153679.003
   235:   154630.001   154684.003   154826.001   159076.018   159502.003
   240:   159508.016   159558.026   159670.005   160264.009   162832.001
   245:   163135.003   163180.001   163317.003   163364.001   163913.003
   250:   163963.001   165250.003   165273.001   165335.003   165338.001
   255:   167640.003   168216.001   168458.003   168660.001   168703.003
   260:   168918.001   168951.003   168994.001   169598.003   169599.001
   265:   172903.003   173367.001   173454.003   173743.001   173839.003
   270:   174084.001   174481.003   174524.001   178145.003   178210.001
   275:   178308.003   178916.001   179121.003   179126.001   182059.003
   280:   182067.001   183272.003   183920.001   184089.003   184115.001
   285:   184134.003   184138.001   185660.003   185694.001   186999.003
   290:   187003.001   189002.003   190172.001   191108.003   191225.001
   295:   191359.003   191378.001   192321.003   192335.001   194615.003
   300:   194635.001   194790.003   194918.001   195113.003   195322.001
   305:   195512.003   195742.001   195808.003   195810.001   195940.003
   310:   195988.001   198961.003   200569.001   200595.003   200916.001
   315:   201556.003   201589.001   201656.003   201663.001   205456.003
   320:   205507.001   205645.003   206411.001   206485.003   206515.001
   325:   207632.003   207761.001   207835.003   207959.001   208494.003
   330:   208534.001   210331.003   210340.001   210586.003   210619.001
   335:   213534.003   214069.001   214364.003   214370.001   216393.003
   340:   216418.001   217526.003   217986.001   218015.003   218191.001
   345:   218352.003   218401.001   222651.018   222675.003   222681.016
   350:   222719.001   222731.026   222774.003   222850.005   225115.009
   355:   226417.001   226471.003   226523.001   226724.003   226775.001
   360:   230012.003   230053.001   230205.003   230516.005   230539.009
   365:   230977.001   231085.003   231099.001   231304.003   231337.001
   370:   234714.003   235099.001   235283.003   235299.001   236794.003
   375:   236806.001   238793.003   239649.001   240975.003   240988.001
   380:   244111.003   244780.001   244836.003   244939.001   249189.018
   385:   249344.003   249350.016   249400.026   249491.005   249961.009
   390:   257658.001   258227.003   258275.001   258349.003   258367.001
   395:   258534.003   258666.001   259331.003   259380.001   261546.003
   400:   261564.001   265814.018   266066.003   266072.016   266122.026
   405:   266265.005   266766.009   266787.005   266810.009   266818.005
   410:   266877.009   270996.001   272126.003   272152.001   272760.003
   415:   272827.001   276441.003   276795.001   276976.003   276998.001
   420:   278562.003   278823.001   281558.003   281588.001   281804.003
   425:   282073.001   285150.003   285676.001   285701.003   285710.001
   430:   285728.003   285763.001   286116.003   286156.001   289699.003
   435:   289711.001   291683.003   293488.001   293727.003   293775.001
   440:   293828.003   293909.001   294168.003   294217.001   298200.003
   445:   298656.001   298767.003   298781.001   300700.003   300710.001
   450:   303276.003   303912.001   303956.003   303992.001   305196.003
   455:   305255.001   307949.003   308009.001   308165.003   308490.001
   460:   308559.003   308587.001   311227.003   311762.001   311878.003
   465:   311965.001   314512.003   314519.001   317504.003   318473.001
   470:   318795.003   318811.001   323061.018   323147.003   323153.016
   475:   323203.026   323312.005   324277.009   324353.005   324711.009
   480:   324729.005   324745.009   326747.001   330183.003   330216.001
   485:   330356.003   330768.001   330886.003   330893.001   335144.018
   490:   335623.003   335629.016   335674.001   335679.026   335732.003
   495:   335784.005   336670.009   336682.005   336706.009   338995.001
   500:   342736.003   342930.005   343141.009   343543.001   343573.003
   505:   343654.001   347904.018   348525.003   348531.016   348581.026
   510:   348671.005   349276.009   351384.001   352429.003   352439.001
   515:   354830.003   354883.001   355081.003   355429.001   358087.003
   520:   358889.001   362373.003   362413.001   362607.003   362876.001
   525:   362905.003   362922.001   366614.003   366675.001   366832.003
   530:   367303.001   371167.003   371232.001   371361.003   371827.001
   535:   371851.003   371863.001   372052.003   372062.001   375930.003
   540:   376390.001   376444.003   376463.001   378867.003   378896.001
   545:   380133.003   380888.001   384587.003   385082.001   385428.003
   550:   385434.001   386368.003   386411.001   386497.003   386503.001
   555:   388387.003   388420.001   388580.003   388914.001   388930.003
   560:   388945.001   389220.003   389226.001   393022.003   393083.001
   565:   393213.003   393488.001   393546.003   393817.001   395453.003
   570:   395454.001   397497.003   398063.001   398112.003   398140.001
   575:   398243.003   398250.001   402501.018   403585.003   403591.016
   580:   403637.001   403641.026   403702.003   403782.005   404477.009
   585:   404619.005   404639.009   404652.005   405129.009   406181.001
   590:   407263.003   407401.001   410110.003   410580.001   410603.003
   595:   410623.001   411411.003   411463.001   411549.003   411686.001
   600:   414946.003   415654.001   415906.003   415914.001   416752.003
   605:   416773.001   417584.003   417602.001   419771.003   419816.001
   610:   420020.003   420380.001   420458.003   420470.001   422149.003
   615:   422188.001   423835.003   423854.001   425048.003   425102.001
   620:   425378.003   425785.001   425921.003   425931.001   429799.003
   625:   430272.001   434522.018   435015.003   435021.016   435059.001
   630:   435071.026   435135.003   435228.005   435960.009   438233.001
   635:   438347.003   438594.001   438783.003   439067.001   439537.003
   640:   439595.001   443322.003   443950.001   448200.018   448993.003
   645:   448999.016   449040.001   449049.026   449117.003   449169.005
   650:   450188.009   450196.005   450232.009   451194.001   451320.003
   655:   451335.001   451823.003   452030.001   454210.003   454218.001
   660:   455260.003   455309.001   455447.003   455897.001   455921.003
   665:   455942.001   458923.003   458950.001   459014.003   459021.001
   670:   461189.003   461778.001   461826.003   461908.001   465669.003
   675:   466849.001   471099.018   471592.003   471598.016   471627.001
   680:   471648.026   471747.003   471798.005   472219.009   472295.005
   685:   472667.009   472676.005   472686.009   472758.005   472977.009
   690:   472986.005   473001.009   473028.005   473115.009   473117.005
   695:   473137.009   473793.001   477839.003   478628.001   478848.003
   700:   478863.001   482669.003   482692.001   482813.003   483286.001
   705:   483314.003   483336.001   483512.003   483525.001   487775.018
   710:   487983.003   487989.016   488039.026   488133.005   488598.009
   715:   491954.001   492093.003   492246.001   492785.003   492912.001
   720:   497046.003   497481.001   501217.003   501655.001   505905.018
   725:   506382.003   506388.016   506438.026   506560.005   507419.009
   730:   507435.005   507447.009   507476.005   507508.009   507571.005
   735:   509218.009   509241.005   509258.009   509270.005   509348.009
   740:   509528.005   509875.009   509885.005   509922.009   510162.005
   745:   510200.009   510267.005   510358.009   510381.005   510393.009
   750:   510545.005   510557.009   510566.005   511197.009   511274.005
   755:   512831.009   513077.005   513114.009   513806.005   513936.009
   760:   513983.005   514074.009   514115.005   514139.009   514147.005
   765:   514152.009   516941.001   517699.003   517774.001   518319.003
   770:   518362.001   520867.003   521369.001   521438.003   521477.001
   775:   521728.003   521731.001   525139.003   525776.001   526004.003
   780:   526110.001   529901.003   529965.001   530130.003   530523.001
   785:   530565.003   530606.001   531105.003   531123.001   534064.003
   790:   534731.001   534786.003   534799.001   539049.018   539073.003
   795:   539079.016   539110.001   539129.026   539208.003   539271.005
   800:   540026.009   540233.005   540477.009   541163.001   541190.003
   805:   541312.001   541504.003   541522.001   541649.003   542125.001
   810:   545807.003   545834.001   546043.003   546586.001   550071.003
   815:   550549.001   550571.003   550589.001   550770.003   550779.001
   820:   554975.003   555007.001   555135.003   555181.001   555413.003
   825:   555831.001   559131.003   559202.001   559401.003   559597.001
   830:   559708.003   560094.001   563428.003   563470.001   563654.003
   835:   564179.001   565126.003   565172.001   568647.003   568696.001
   840:   568809.003   569154.001   569189.003   569454.001   573159.003
   845:   573603.001   573642.003   574231.005   574243.009   574245.005
   850:   574329.009   575722.001   578248.003   578276.001   579014.003
   855:   579017.001   580097.003   580133.001   580319.003   581024.001
   860:   581266.003   581272.001   584427.003   584458.001   584552.003
   865:   584594.001   584848.003   585107.001   585231.003   585248.001
   870:   588759.003   589507.001   593757.018   594706.003   594712.016
   875:   594727.001   594762.026   594832.003   594912.005   595815.009
   880:   597253.005   597612.009   597825.005   598939.009   600103.001
   885:   600194.003   600376.001   600467.003   600501.001   601203.003
   890:   601216.001   604344.003   604852.001   605125.003   605138.001
   895:   605587.003   605628.001   609878.018   610397.003   610403.016
   900:   610453.001   610453.026   610478.003   610551.005   611335.009
   905:   614533.001   615085.003   615533.001   615614.003   615629.001
   910:   617188.003   617219.001   619080.003   619543.001   619714.003
   915:   619728.001   623576.003   623628.001   623819.003   624282.001
   920:   624421.003   624427.001   628071.003   628165.001   628322.003
   925:   628705.001   628781.003   628887.001   633137.018   633154.003
   930:   633160.016   633210.026   633328.005   634421.009   637409.001
   935:   637450.003   637731.001   638259.003   638304.001   638429.003
   940:   638485.001   638552.003   638580.001   638770.003   638779.001
   945:   642883.003   643423.001   643529.003   643775.001   643803.003
   950:   643908.001   644604.003   644646.001   644731.003   644767.001
   955:   648213.003   648918.001   648946.003   649007.001   650776.003
   960:   650788.001   654043.003   654646.001   658189.003   658930.001
   965:   660670.003   660712.001   664020.003   665001.001   666369.003
   970:   666381.001   667509.003   667532.001   669361.003   669414.001
   975:   669623.003   669982.001   670043.003   670081.001   673952.003
   980:   673997.001   674174.003   674917.001   678841.003   678916.001
   985:   679062.003   679610.001   683860.018   684075.003   684081.016
   990:   684123.001   684131.026   684208.003   684292.005   684699.009
   995:   684701.005   684757.009   688141.001   688443.003   688444.001
  1000:   688759.003   688761.001   692498.003   693107.001   693212.003
  1005:   693249.001   697499.018   697930.003   697936.016   697986.026
  1010:   698095.005   698570.009   698575.005   698726.009   700939.001
  1015:   701648.003   702049.001   705404.003   705763.001   705851.003
  1020:   706031.001   706114.003   706134.001   709555.003   709605.001
  1025:   709741.003   710212.001   710290.003   710313.001   711163.003
  1030:   711177.001   714156.003   714218.001   714729.003   715066.001
  1035:   719316.018   719518.003   719524.016   719574.026   719691.005
  1040:   720374.009   720852.005   720874.009   722384.001   726634.018
  1045:   726722.003   726728.016   726753.001   726778.026   726835.003
  1050:   726914.005   727557.009   729845.001   729943.003   730300.001
  1055:   732108.003   732278.001   732489.003   732547.001   732736.003
  1060:   732795.001   732896.003   733453.001   735231.003   735232.001
  1065:   738466.003   738491.001   738632.003   739234.001   743484.018
  1070:   744126.003   744132.016   744182.026   744305.005   744824.009
  1075:   747749.001   751999.018   752158.003   752164.016   752214.026
  1080:   752326.005   752744.009   755529.001   759779.018   759843.003
  1085:   759849.016   759899.026   759901.017   760039.005   760617.009
  1090:   760618.005   760629.009   762316.001   762978.003   762990.001
  1095:   766556.003   767293.001   771793.018   772830.003   772836.016
  1100:   772854.001   772886.026   773007.003   773066.005   773952.009
  1105:   774600.005   774628.009   774644.005   774907.009   775658.001
  1110:   776055.003   776089.001   776599.003   776601.001   779943.003
  1115:   779978.001   780101.003   780846.001   785346.018   785491.003
  1120:   785497.016   785547.026   785665.005   785959.009   788425.001
  1125:   791374.003   791385.001   794027.003   794674.001   798072.003
  1130:   798119.001   798182.003   798641.001   798685.003   798773.001
  1135:   798792.003   798851.001   803260.003   803330.001   803445.003
  1140:   804161.001   807256.003   807258.001   808967.003   808997.001
  1145:   809229.003   809852.001   811722.003   811733.001   814057.003
  1150:   814831.001   815072.003   815081.001   819388.003   820044.001
  1155:   820104.003   820139.001   820522.003   820528.001   823956.003
  1160:   824703.001   829203.018   829615.003   829621.016   829671.026
  1165:   829769.005   830754.009   831258.001   834572.003   834662.001
  1170:   834817.003   834975.001   835028.003   835233.001   839733.018
  1175:   840294.003   840300.016   840350.026   840473.005   841160.009
  1180:   841516.005   841526.009   841571.005   841616.009   841628.005
  1185:   844887.009   844912.005   844923.009   846037.001   850332.003
  1190:   850705.001   850810.003   851040.001   851273.003   851279.001
  1195:   851529.003   851569.001   851665.003   851679.001   855076.003
  1200:   855134.001   855391.003   855815.001   857034.003   857046.001
  1205:   859941.003   860801.001   862494.003   862504.001   865291.003
  1210:   865359.001   865619.003   866182.001   866259.003   866270.001
  1215:   869737.003   870389.001   874638.003   874679.001   874950.003
  1220:   875339.001   879839.018   881059.003   881065.016   881115.026
  1225:   881238.005   882552.009   882556.005   882572.009   882582.005
  1230:   882605.009   882623.005   882648.009   882657.005   882685.009
  1235:   882707.005   882756.009   882810.005   882821.009   883047.005
  1240:   884334.009   884351.005   885621.009   885623.005   885646.009
  1245:   885651.005   885828.009   885829.005   885868.009   889925.001
  1250:   890078.003   890108.001   891899.003   891907.001   895138.003
  1255:   895165.001   895311.003   895813.001   900313.018   900628.003
  1260:   900634.016   900684.026   900802.005   904356.009   904358.005
  1265:   904987.009   905020.005   905144.009   905151.005   905915.009
  1270:   911556.001   911800.003   912072.001   913279.003   913283.001
  1275:   916151.003   916177.001   916275.003   916505.001   916597.003
  1280:   916760.001   920540.003   920624.001   920804.003   921213.001
  1285:   924516.003   924568.001   924743.003   925354.001   926745.003
  1290:   926826.001   927176.003   927182.001   929745.003   929807.001
  1295:   929926.003   930277.001   930380.003   930492.001   934704.003
  1300:   935650.001   939913.003   940512.001   940557.003   940594.001
  1305:   941264.003   941268.001   944083.003   944914.001   945336.003
  1310:   945344.001   948811.003   948860.001   949009.003   949641.001
  1315:   953169.003   953199.001   953366.003   953886.001   954370.003
  1320:   954424.001   954525.003   954548.001   957438.003   958274.001
  1325:   958375.003   958399.001   958589.003   958602.001   962770.003
  1330:   963503.001   964366.003   964382.001   967076.003   967755.005
  1335:   967774.009   967782.005   967829.009   968245.001   972210.003
  1340:   972245.001   973242.003   973323.001   973475.003   974124.001
  1345:   977746.003   979050.001   982926.003   983550.005   983595.009
  1350:   983958.001   988458.018   989037.003   989043.016   989093.026
  1355:   989185.005   989610.009  1003791.001  1003913.003  1004052.001
  1360:  1004119.003  1004133.001  1004292.003  1004301.001  1004823.003
  1365:  1004843.001  1007547.003  1007563.001  1008346.003  1008647.001
  1370:  1008711.003  1008780.001  1009052.003  1009100.001  1009196.003
  1375:  1009206.001  1012533.003  1012590.001  1012766.003  1013205.001
  1380:  1017257.003  1017756.001  1017845.003  1017866.001  1019276.003
  1385:  1019329.001  1022028.003  1022869.001  1022916.003  1023934.001
  1390:  1024205.003  1024212.001  1027771.003  1027817.001  1028001.003
  1395:  1028542.001  1032532.003  1033060.001  1033242.003  1033276.001
  1400:  1037219.003  1037268.001  1037543.003  1038127.001  1042093.003
  1405:  1042138.001  1042736.003  1042976.001  1046438.003  1046456.001
  1410:  1046755.003  1046889.005  1046973.009  1047285.001  1050878.003
  1415:  1050904.001  1051120.003  1051438.001  1051461.003  1051471.001
  1420:  1051495.003  1051512.001  1051694.003  1051712.001  1055266.003
  1425:  1055304.001  1055583.003  1055916.001  1059322.003  1059392.001
  1430:  1059618.003  1060201.001  1064347.003  1064411.001  1064563.003
  1435:  1064934.005  1065264.009  1065913.001  1069779.003  1069838.001
  1440:  1069982.003  1070304.001  1070544.003  1070576.001  1070814.003
  1445:  1070821.001  1074159.003  1074221.001  1074396.003  1074702.001
  1450:  1074750.003  1074775.001  1074996.003  1075011.001  1078877.003
  1455:  1078922.001  1079341.003  1079752.001  1079829.003  1079886.001
  1460:  1083044.003  1083086.001  1083226.003  1083632.001  1088132.018
  1465:  1088562.003  1088568.016  1088591.001  1088618.026  1088695.003
  1470:  1088760.005  1089947.009  1091939.001  1092308.003  1092371.001
  1475:  1095814.003  1095862.001  1096004.003  1096734.001  1101234.018
  1480:  1101798.003  1101804.016  1101843.001  1101854.026  1101913.003
  1485:  1101986.005  1102467.009  1102486.005  1102509.009  1102519.005
  1490:  1102654.009  1102667.005  1104556.009  1105680.001  1105765.003
  1495:  1105936.001  1106357.003  1106383.001  1106580.003  1106582.001
  1500:  1106803.003  1106828.001  1110176.003  1110206.001  1110384.003
  1505:  1110839.001  1110959.003  1110976.001  1115158.003  1115198.001
  1510:  1115366.003  1115815.001  1119664.003  1120445.001  1124618.003
  1515:  1124691.001  1124897.003  1125314.001  1129814.018  1130017.003
  1520:  1130023.016  1130047.001  1130073.026  1130132.003  1130210.005
  1525:  1130756.009  1131005.005  1131162.009  1132097.001  1132423.003
  1530:  1132556.001  1136593.003  1136629.001  1136794.003  1138556.001
  1535:  1142487.003  1142538.001  1142694.003  1143237.001  1143268.003
  1540:  1143284.001  1143603.003  1143620.001  1144587.003  1144597.001
  1545:  1147702.003  1148557.001  1148595.003  1148612.001  1148721.003
  1550:  1148739.001  1149915.003  1149952.001  1152415.003  1152860.001
  1555:  1152963.003  1153049.001  1153464.003  1153471.001  1157094.003
  1560:  1157130.001  1157272.003  1157488.001  1157545.003  1157630.001
  1565:  1157747.003  1157756.001  1161457.003  1161531.001  1161785.003
  1570:  1162508.001  1167008.018  1167466.003  1167472.016  1167522.026
  1575:  1167651.005  1168188.009  1169884.001  1174384.018  1174601.003
  1580:  1174607.016  1174657.026  1174670.001  1174728.003  1174802.005
  1585:  1175400.009  1177813.001  1182313.018  1183154.003  1183160.016
  1590:  1183183.001  1183210.026  1183318.003  1183366.005  1183835.009
  1595:  1183928.005  1184191.009  1185640.001  1185853.003  1185888.001
  1600:  1186074.003  1186081.001  1189296.003  1189305.001  1190361.003
  1605:  1190758.001  1191094.003  1191149.001  1195649.018  1195671.003
  1610:  1195677.016  1195726.001  1195727.026  1195810.003  1195900.005
  1615:  1196359.009  1198009.001  1199065.003  1199095.001  1201977.003
  1620:  1202570.001  1202667.003  1202835.001  1203019.003  1203034.001
  1625:  1203135.003  1203166.001  1203324.003  1203384.001  1206575.003
  1630:  1206626.001  1206935.003  1207720.001  1212220.018  1212305.003
  1635:  1212311.016  1212336.001  1212361.026  1212471.003  1212520.005
  1640:  1213045.009  1214410.001  1217282.003  1217334.001  1219056.003
  1645:  1219902.001  1220021.003  1220037.001  1224116.003  1224144.001
  1650:  1224353.003  1224660.001  1224959.003  1225200.001  1226000.003
  1655:  1226011.001  1228490.003  1229232.001  1229297.003  1229367.001
  1660:  1229416.003  1229436.001  1229709.003  1229725.001  1233280.003
  1665:  1234040.001  1235876.003  1235890.001  1238369.003  1238751.001
  1670:  1238852.003  1238942.001  1242267.003  1242984.001  1247484.018
  1675:  1249744.003  1249750.016  1249774.001  1249800.026  1249894.003
  1680:  1249950.005  1250695.009  1252931.001  1253646.003  1253673.001
  1685:  1257483.003  1258139.001  1258193.003  1258210.001  1261473.003
  1690:  1262006.005  1262042.009  1262455.001  1266955.018  1267412.003
  1695:  1267418.016  1267452.001  1267468.026  1267505.003  1267585.005
  1700:  1268133.009  1269852.001  1269878.003  1269965.001  1270176.003
  1705:  1270261.001  1273176.003  1273193.001  1273424.003  1273990.001
  1710:  1274050.003  1274069.001  1277887.003  1277944.001  1278121.003
  1715:  1278379.001  1278484.003  1278681.001  1282833.003  1282859.001
  1720:  1283072.003  1283540.001  1288040.018  1288426.003  1288432.016
  1725:  1288482.026  1288622.005  1289077.009  1289096.005  1289159.009
  1730:  1292131.001  1295581.003  1296535.001  1300208.003  1300262.001
  1735:  1300466.003  1300808.001  1301020.003  1301048.001  1302726.003
  1740:  1302806.001  1305249.003  1305838.001  1306247.003  1306269.001
  1745:  1306645.003  1306654.001  1310434.003  1310972.001  1315472.018
  1750:  1316146.003  1316152.016  1316176.001  1316202.026  1316258.003
  1755:  1316309.005  1316735.009  1317492.005  1317533.009  1318921.001
  1760:  1319012.003  1319076.001  1319203.003  1319214.001  1322629.003
  1765:  1323402.001  1323611.003  1323620.001  1327073.003  1327693.001
  1770:  1327836.003  1327870.001  1329376.003  1329442.001  1332996.003
  1775:  1333027.001  1333208.003  1333384.001  1333417.003  1333622.001
  1780:  1337680.003  1338208.001  1342708.018  1343057.003  1343063.016
  1785:  1343099.001  1343113.026  1343183.003  1343264.005  1344918.009
  1790:  1345282.005  1347567.009  1347574.005  1348990.009  1350589.001
  1795:  1350865.003  1350914.001  1352970.003  1353005.001  1355023.003
  1800:  1355051.001  1355257.003  1355732.001  1355784.003  1355806.001
  1805:  1359473.003  1359524.001  1359749.003  1360161.001  1363901.003
  1810:  1364706.001  1364748.003  1364766.001  1365228.003  1365347.001
  1815:  1368477.003  1368524.001  1368705.003  1368984.001  1373484.018
  1820:  1373630.003  1373636.016  1373673.001  1373686.026  1373764.003
  1825:  1373815.005  1374403.009  1376060.001  1376943.003  1376989.001
  1830:  1377592.003  1377615.001  1380269.003  1380320.001  1380606.003
  1835:  1380874.001  1382066.003  1382288.001  1386451.003  1386480.001
  1840:  1386819.003  1387209.001  1391632.003  1392575.001  1393825.003
  1845:  1393879.001  1397991.003  1398445.001  1398529.003  1398640.001
  1850:  1399273.003  1399290.001  1401975.003  1402427.001  1406355.003
  1855:  1406398.001  1406565.003  1407033.001  1411105.003  1411136.001
  1860:  1411359.003  1411682.001  1414133.003  1414161.001  1416195.003
  1865:  1416244.001  1416506.003  1416857.001  1421355.003  1421405.001
  1870:  1421576.003  1422021.001  1423151.003  1423160.001  1425977.003
  1875:  1426050.001  1426311.003  1426688.001  1430736.003  1431439.001
  1880:  1432841.003  1432863.001  1435224.003  1435274.001  1435415.003
  1885:  1435910.001  1439516.003  1439586.001  1439733.003  1440247.001
  1890:  1440507.003  1440515.001  1445015.018  1445334.003  1445340.016
  1895:  1445377.001  1445390.026  1445402.003  1445472.005  1446126.009
  1900:  1447030.001  1451252.003  1451288.001  1451485.003  1452776.001
  1905:  1457276.018  1457536.003  1457542.016  1457592.026  1457750.005
  1910:  1458356.009  1458674.005  1459020.009  1459217.005  1459292.009
  1915:  1459933.001  1460229.003  1460256.001  1463621.003  1463671.001
  1920:  1463813.003  1464380.001  1464429.003  1464445.001  1468083.003
  1925:  1468721.001  1473221.018  1473858.003  1473864.016  1473914.026
  1930:  1474048.005  1474478.009  1475845.001  1478825.003  1478835.001
  1935:  1479872.003  1479905.001  1480048.003  1480672.001  1484395.003
  1940:  1484424.001  1484621.003  1485216.001  1485677.003  1485721.001
  1945:  1488714.003  1488811.001  1488926.003  1489432.001  1493932.018
  1950:  1495184.003  1495190.016  1495240.026  1495393.005  1495940.009
  1955:  1497467.001
B:
     0:        0.000      752.000        0.000      751.000        0.000
     5:      147.000        0.000        0.000        0.000      147.000
    10:        0.000        1.000        0.000        1.000        0.000
    15:        0.000       52.000        1.000       52.000        0.000
    20:        0.000        0.000        0.000        0.000        0.000
    25:        0.000       52.000        0.000        0.000        0.000
    30:        0.000
D:
     0:  4485169.000  4482631.000  4480348.000
E:
     0:     4250.000     4500.000
T:
     0:        0.000        0.000        0.000        0.000
W:
     0:        2.000        0.000        0.000
