File: C:\MED-PC IV\Data\Reyes\AW\AW1048.999


Start Date: 08/13/24
End Date: 08/13/24
Subject: 48
Experiment: AW
Group: EXP10
Box: 4
Start Time: 16:10:09
End Time: 17:00:09
MSN: DRRD_exp_10
C:       0.000
F:       1.000
G:       0.000
H:       0.000
I:       0.000
J:       0.000
K:    2780.000
L:       0.000
M:       0.000
N:       0.000
O:       0.000
P:       0.000
Q:       0.000
R:       0.000
S:       0.000
U: 3414793.000
V:       0.000
X:       0.000
Y:    2834.000
Z:       0.000
A:
     0:     7173.005     7308.009     7400.005     7596.009    15000.013
     5:    15000.011    16543.001    16891.003    16934.001    17016.003
    10:    17546.001    18033.003    18165.001    18258.003    18309.001
    15:    18566.003    18882.001    19136.003    19245.001    19305.003
    20:    19505.001    19996.003    20051.001    20277.003    20782.001
    25:    21243.003    21363.001    21408.003    21510.001    21567.003
    30:    21586.001    21604.003    21628.001    21930.003    22001.001
    35:    22014.003    22094.001    22140.003    22158.001    22299.003
    40:    22394.001    22465.003    22711.001    22830.003    23791.005
    45:    24254.009    28233.001    28277.003    28404.001    28493.003
    50:    28533.001    28723.003    29322.001    29448.003    29462.001
    55:    29991.003    30148.001    30239.003    30543.001    31227.003
    60:    31301.001    31379.003    31727.005    31913.009    31987.005
    65:    32175.009    34646.001    34817.003    34851.001    35406.003
    70:    35432.001    35706.003    36278.005    36367.009    37093.001
    75:    37574.003    37659.001    37725.003    41248.005    41594.009
    80:    42375.005    42493.009    44012.005    44018.009    44033.005
    85:    44118.009    46774.001    46800.003    46815.001    47427.003
    90:    47543.001    47682.003    47917.001    47960.003    48039.001
    95:    48081.003    49502.001    49533.003    49562.001    50069.003
   100:    50132.001    50247.003    50289.001    50325.003    50401.001
   105:    50463.003    50501.001    50716.003    50912.001    51067.003
   110:    51113.001    51314.003    52244.001    53225.003    53303.001
   115:    53452.003    53499.001    53565.003    54233.001    54732.003
   120:    55290.005    55696.009    60468.005    60485.009    60512.005
   125:    60530.009    67533.005    67818.009    72800.005    73218.009
   130:    82525.001    82666.003    82693.001    82764.003    83650.001
   135:    84142.003    84648.001    85087.003    85315.001    85355.003
   140:    85463.001    85491.003    86293.005    86677.009    87127.001
   145:    87712.003    88091.005    88572.009    89111.001    89731.003
   150:    89818.001    89903.003    90034.001    90112.003    90275.001
   155:    90307.003    90328.001    90371.003    90639.001    90729.003
   160:    90776.001    90861.003    91006.001    91097.003    91520.005
   165:    91709.009    92039.005    92694.009    92700.005    92809.009
   170:    92856.005    92862.009    92965.005    93121.009    93177.005
   175:    93185.009    93335.005    93462.009    94514.001    94563.003
   180:    94834.001    94870.003    96272.005    96344.009    96436.005
   185:    96611.009    96754.005    96800.009   102294.005   103042.009
   190:   111334.001   111401.003   111431.001   111739.003   112080.001
   195:   112108.003   112332.001   113392.003   114006.001   114333.003
   200:   114788.001   114819.003   115047.001   116243.003   117550.005
   205:   117638.009   117657.005   117677.009   119732.005   119998.009
   210:   121843.005   121863.009   127859.005   128085.009   130436.005
   215:   130452.009   131798.005   131844.009   137735.005   138000.009
   220:   141075.001   141730.003   141864.001   142137.003   142593.001
   225:   142656.003   142673.001   144063.018   144087.003   144093.016
   230:   144143.026   144492.005   145751.009   146488.005   147295.009
   235:   147356.005   147379.009   148650.001   148793.003   148833.001
   240:   149205.003   149267.001   149446.003   149870.005   150262.009
   245:   152112.005   152224.009   154433.001   154530.003   154604.001
   250:   155079.003   155105.001   155942.003   156283.005   156632.009
   255:   156648.005   156761.009   156795.005   156962.009   158060.001
   260:   159407.003   160011.001   160653.003   160693.001   160713.003
   265:   160852.001   161843.003   162064.001   162102.003   162151.001
   270:   162239.003   162416.001   162437.003   162581.001   163329.003
   275:   164076.005   164857.009   167744.001   168023.003   168677.001
   280:   170067.018   171391.003   171397.016   171447.026   171607.005
   285:   171631.009   171660.005   172732.009   173683.001   174458.003
   290:   174485.001   174520.003   174871.005   174984.009   175350.001
   295:   175966.003   176131.001   176515.003   176667.001   177487.003
   300:   177509.001   177600.003   177671.001   177931.003   178620.001
   305:   180010.018   180076.003   180082.016   180110.001   180132.026
   310:   180322.003   180460.005   181243.009   181245.005   181271.009
   315:   182167.001   182308.003   182364.001   183754.018   184025.003
   320:   184031.016   184081.026   184201.005   184822.009   184852.005
   325:   184875.009   185906.001   186122.003   186221.001   186980.003
   330:   187394.001   187937.003   187973.001   188046.003   188138.001
   335:   188783.003   188853.001   189485.003   189504.001   190894.018
   340:   192111.003   192117.016   192167.026   192179.001   192255.003
   345:   192477.005   193130.009   194602.001   194812.003   194918.001
   350:   194940.003   194971.001   195611.003   195697.001   195784.003
   355:   195905.001   196664.003   198516.001   198617.003   198691.001
   360:   198706.003   198777.001   199446.003   199471.001   199645.003
   365:   199842.001   199874.003   200775.001   200851.003   202229.001
   370:   202319.003   202394.001   203784.018   204219.003   204225.016
   375:   204275.026   204520.005   205089.009   205112.005   205115.009
   380:   206080.001   206448.003   206464.001   206996.003   207052.001
   385:   207078.003   207104.001   207243.003   207268.001   207982.003
   390:   208226.001   208435.003   209760.001   210373.003   212014.001
   395:   212642.003   213636.001   213732.003   213802.001   214363.003
   400:   214642.001   215128.003   215676.005   216383.009   219048.005
   405:   219069.009   220253.001   220467.003   220549.001   221159.003
   410:   221178.001   221343.003   221643.005   221863.009   223235.001
   415:   224625.018   225130.003   225136.016   225186.026   225203.001
   420:   225253.003   225341.005   225902.009   227210.001   227306.003
   425:   227321.001   227963.003   228416.001   229806.018   230466.003
   430:   230472.016   230522.026   230660.005   231296.009   232959.001
   435:   234339.003   236110.001   237500.018   238594.003   238600.016
   440:   238650.026   239282.005   239951.009   240396.005   240431.009
   445:   241174.001   242564.018   243016.003   243022.016   243072.026
   450:   243126.001   243198.003   243246.001   243480.003   244747.001
   455:   244888.003   244918.001   246152.003   246545.001   247624.003
   460:   247830.001   248669.003   248768.001   250158.018   250534.003
   465:   250540.016   250590.026   250652.001   250726.003   250836.005
   470:   251915.009   251921.005   252340.009   252366.005   252373.009
   475:   252455.005   252465.009   253210.001   253528.003   253871.001
   480:   255261.018   255366.003   255372.016   255422.026   255427.001
   485:   255698.003   256169.005   256865.009   258069.001   258117.003
   490:   258140.001   259337.003   259593.001   260859.003   261126.001
   495:   261199.003   261228.001   262452.003   262586.001   262623.003
   500:   263159.005   263799.009   264920.001   265106.003   265154.001
   505:   266162.003   266337.001   266463.003   267055.005   267370.009
   510:   270184.001   270290.003   271751.005   272033.009   273659.001
   515:   273772.003   273967.001   274811.003   274966.001   276082.003
   520:   276126.001   276191.003   276260.001   277136.003   278620.001
   525:   279112.003   279317.001   279357.003   279621.005   280294.009
   530:   282032.001   282170.003   282199.001   282662.003   283213.005
   535:   283403.009   287361.001   287578.003   287671.001   288151.003
   540:   288188.001   288333.003   288851.001   289728.003   290089.001
   545:   290166.003   290205.001   290297.003   290312.001   291389.003
   550:   292035.005   292689.009   294283.001   295179.003   296375.005
   555:   296984.009   297908.001   297995.003   298186.001   298231.003
   560:   298681.001   298757.003   298857.001   298915.003   299716.005
   565:   299862.009   300582.005   300660.009   302933.001   303930.003
   570:   303991.001   304160.003   304228.001   304252.003   304279.001
   575:   305346.003   305657.001   307047.018   307218.003   307224.016
   580:   307274.026   307553.005   308323.009   308762.001   308826.003
   585:   309254.001   309430.003   309498.001   309755.003   309931.001
   590:   309978.003   310202.005   310589.009   310610.005   310641.009
   595:   312729.001   312800.003   313244.001   313374.003   313749.001
   600:   314712.003   314984.001   315000.003   315300.001   315918.003
   605:   315954.001   315968.003   316054.001   316169.003   316858.005
   610:   316872.009   316877.005   317141.009   318439.001   318565.003
   615:   318599.001   319013.003   319168.001   319296.003   319342.001
   620:   319929.003   320006.001   320163.003   320469.001   321859.018
   625:   321893.003   321899.016   321903.001   321949.026   322111.003
   630:   322548.005   323281.009   324552.001   325227.003   325907.001
   635:   326986.003   327745.001   328258.003   328723.001   328759.003
   640:   329696.005   330047.009   330791.001   330901.003   330981.001
   645:   331674.003   331945.001   332012.003   332033.001   333242.003
   650:   333727.005   334099.009   335020.001   335147.003   335287.001
   655:   335900.003   335934.001   336804.003   336952.001   337193.003
   660:   337356.001   337570.003   338324.005   338345.009   338348.005
   665:   338872.009   338997.005   339283.009   340053.001   341439.003
   670:   342006.001   343322.003   343406.001   343858.003   344879.005
   675:   345635.009   347631.005   347648.009   349708.001   350014.003
   680:   350137.001   351012.003   351270.001   351809.003   352405.005
   685:   352815.009   354217.001   355607.018   356024.003   356030.016
   690:   356080.026   356260.005   356885.009   356913.005   357099.009
   695:   357973.001   358818.003   358888.001   358982.003   359215.001
   700:   359949.003   360482.005   360655.009   361045.001   361284.003
   705:   361348.001   362082.003   362139.001   362179.003   362340.001
   710:   362353.003   362400.001   362577.003   362631.001   363224.003
   715:   363840.005   364002.009   364154.005   364409.009   365874.001
   720:   366121.003   366160.001   366363.003   366431.001   366621.003
   725:   366747.001   367506.003   367793.001   368858.003   369197.001
   730:   369773.003   369820.001   369856.003   371149.001   371628.003
   735:   371697.001   372376.003   372785.005   373130.009   374239.001
   740:   375053.003   375416.001   376598.003   377013.001   377538.003
   745:   377603.001   377916.003   378106.001   378173.003   378235.001
   750:   379051.003   379443.001   380388.003   381200.001   381240.003
   755:   381534.001   381918.003   382483.005   383022.009   384479.005
   760:   384551.009   388364.005   388374.009   389136.005   389203.009
   765:   389214.005   389701.009   390345.001   391021.003   391070.001
   770:   391678.003   391940.001   393140.003   393425.001   394134.003
   775:   396532.005   396908.009   398490.001   399288.003   399776.005
   780:   400261.009   400366.005   400400.009   405404.005   405570.009
   785:   405703.005   405758.009   406453.001   407442.003   407741.001
   790:   408701.003   408729.001   408771.003   408790.001   409503.003
   795:   410044.005   410687.009   411680.001   412039.003   420341.005
   800:   420444.009   424615.001   424995.003   425715.001   425773.003
   805:   425946.001   426447.003   427324.001   427428.003   427503.001
   810:   428475.003   428854.005   429163.009   429214.005   429391.009
   815:   435269.005   435399.009   435471.005   435883.009   436778.001
   820:   436833.003   436989.001   437124.003   437877.001   439062.003
   825:   439132.001   439683.003   439820.001   439903.003   439949.001
   830:   440031.003   440305.001   440341.003   440489.001   440644.003
   835:   442506.005   442878.009   446079.005   446593.009   447097.001
   840:   447178.003   447227.001   447279.003   447461.001   447691.003
   845:   447965.001   448395.003   449958.005   450298.009   450358.005
   850:   450471.009   450853.001   451110.003   451163.001   451829.003
   855:   451868.001   451958.003   453028.005   453460.009   455619.001
   860:   455981.003   456029.001   456243.003   456339.001   456392.003
   865:   457090.001   457411.003   457496.001   458196.003   459289.001
   870:   459416.003   459458.001   459485.003   459502.001   459947.003
   875:   463519.005   464250.009   465745.005   465782.009   465931.005
   880:   466508.009   467653.001   467819.003   468714.005   468940.009
   885:   476343.005   476384.009   476397.005   476418.009   477777.001
   890:   477995.003   478362.001   478530.003   478722.001   478771.003
   895:   478853.001   478940.003   479198.001   479509.003   479988.005
   900:   480391.009   480416.005   480558.009   480977.005   481004.009
   905:   481742.001   482564.003   482654.001   483195.003   483348.001
   910:   483483.003   483527.001   483607.003   483637.001   484572.003
   915:   484690.001   485376.003   486522.005   487128.009   487199.005
   920:   487223.009   487883.005   487910.009   487919.005   487972.009
   925:   487980.005   488090.009   489429.001   489666.003   490280.005
   930:   490338.009   490944.001   491309.003   491515.001   491808.003
   935:   492475.001   493865.018   494123.003   494129.016   494179.026
   940:   494213.001   494249.003   494425.005   495463.009   496523.001
   945:   497081.003   497097.001   497401.003   497452.001   497512.003
   950:   497758.001   497918.003   498454.001   498599.003   499256.005
   955:   499726.009   500332.001   500679.003   500705.001   500946.003
   960:   501348.001   501852.003   502023.001   502088.003   502401.001
   965:   502505.003   502601.001   503897.003   503970.001   504110.003
   970:   504391.001   504894.003   504962.001   505328.003   505424.001
   975:   506378.003   506736.005   506977.009   506988.005   507035.009
   980:   508332.001   508345.003   508464.001   508970.003   509442.001
   985:   510228.003   510642.005   510834.009   511247.005   511326.009
   990:   513677.001   513745.003   514045.001   514200.003   514405.001
   995:   514469.003   514580.001   515599.003   517502.001   517626.003
  1000:   518004.001   519075.003   519118.001   519239.003   519254.001
  1005:   519390.003   519754.001   521120.003   521184.001   521445.003
  1010:   521916.005   522484.009   523571.001   524225.003   524308.001
  1015:   524461.003   524497.001   524659.003   525498.001   526571.003
  1020:   527220.001   528144.003   528351.001   528436.003   529885.005
  1025:   530583.009   543088.005   543346.009   549672.005   549826.009
  1030:   550910.005   550932.009   551205.001   551494.003   552028.001
  1035:   552262.003   552412.001   552965.003   553397.001   553512.003
  1040:   553654.001   553733.003   553851.001   553946.003   554415.005
  1045:   554765.009   563149.005   563414.009   563929.001   564704.003
  1050:   565109.001   565407.003   565460.001   566592.003   566966.001
  1055:   567043.003   567064.001   567598.003   567681.001   567696.003
  1060:   568417.005   568741.009   569882.001   570716.003   570808.001
  1065:   571059.003   571712.005   571960.009   571987.005   572019.009
  1070:   572264.005   572271.009   572356.005   573136.009   573182.005
  1075:   573235.009   573254.005   573321.009   573894.001   574258.003
  1080:   575217.001   575298.003   578161.005   578415.009   578831.005
  1085:   579047.009   580819.005   581357.009   581403.005   581862.009
  1090:   581880.005   583078.009   583091.005   583819.009   585064.005
  1095:   585874.009   586332.001   586396.003   587210.001   587373.003
  1100:   587558.001   587916.003   587975.001   588003.003   589557.005
  1105:   589871.009   590156.005   590172.009   593012.001   593511.003
  1110:   593608.001   593863.003   594316.001   594957.003   595515.001
  1115:   595560.003   595695.001   595713.003   596597.005   597216.009
  1120:   599726.001   600060.003   600101.001   600304.003   600694.001
  1125:   600712.003   601736.001   602545.003   603010.001   603053.003
  1130:   604478.005   604993.009   606587.001   606671.003   606690.001
  1135:   607293.003   607452.001   607495.003   607903.005   608033.009
  1140:   608167.005   608319.009   612547.005   612671.009   615640.001
  1145:   616658.003   616676.001   617984.003   618333.001   618388.003
  1150:   620526.005   620934.009   621119.005   621173.009   621632.005
  1155:   622034.009   624853.005   624962.009   626767.001   626877.003
  1160:   627193.001   627339.003   627401.001   628507.003   628625.001
  1165:   628724.003   628812.001   628830.003   629215.001   629386.003
  1170:   629720.005   630002.009   631620.005   631710.009   632569.001
  1175:   633340.003   633402.001   633631.003   634248.005   634468.009
  1180:   635163.001   635686.003   635926.001   635949.003   637804.005
  1185:   638394.009   639039.001   639708.003   639823.001   640107.003
  1190:   640493.001   640518.003   642196.001   643586.018   644074.003
  1195:   644080.016   644130.026   644204.001   644258.003   644388.005
  1200:   645167.009   645248.005   645278.009   645796.005   646290.009
  1205:   646361.005   646485.009   647296.001   647723.003   647781.001
  1210:   648807.003   649459.001   650849.018   650871.003   650877.016
  1215:   650927.026   651143.005   652231.009   652334.005   652383.009
  1220:   653087.001   653746.003   654076.001   655308.003   655522.001
  1225:   656912.018   657340.003   657346.016   657396.026   657535.001
  1230:   657566.003   657722.005   658907.009   658939.005   658940.009
  1235:   658970.005   659036.009   659058.005   659063.009   659149.005
  1240:   659217.009   659262.005   660206.009   660950.001   661125.003
  1245:   661213.001   662603.018   663615.003   663621.016   663671.026
  1250:   663906.005   664612.009   664623.005   665235.009   665241.005
  1255:   665375.009   665514.005   665537.009   665601.005   665912.009
  1260:   666401.005   666430.009   666893.001   667012.003   667192.001
  1265:   667821.003   667950.001   668706.003   669662.001   671052.018
  1270:   672256.003   672262.016   672312.026   672514.005   673217.009
  1275:   673248.005   673451.009   673492.005   673588.009   674582.001
  1280:   675620.003   675645.001   677035.018   677202.003   677208.016
  1285:   677258.026   677394.005   678271.009   679488.001   679576.003
  1290:   679781.001   680450.003   680971.001   681051.003   681080.001
  1295:   682470.018   682575.003   682581.016   682631.026   682899.005
  1300:   683771.009   684979.001   685146.003   685337.001   685592.003
  1305:   685658.001   687048.018   687139.003   687145.016   687195.026
  1310:   687459.005   688303.009   689147.001   689288.003   689342.001
  1315:   690344.003   690525.001   690611.003   690664.001   690953.003
  1320:   691178.001   691233.003   691674.005   693009.009   694255.001
  1325:   695619.003   695718.001   697108.018   697164.003   697170.016
  1330:   697219.001   697220.026   697321.003   697580.005   698680.009
  1335:   699437.001   699580.003   699712.001   701102.018   701667.003
  1340:   701673.016   701723.026   701912.005   702834.009   702844.005
  1345:   702849.009   702884.005   702893.009   703997.001   705306.003
  1350:   705490.001   705518.003   705588.001   706978.018   707278.003
  1355:   707284.016   707334.026   707605.005   708201.009   708225.005
  1360:   708268.009   709045.001   709173.003   709274.001   709779.003
  1365:   709806.001   710680.003   710781.001   710809.003   710845.001
  1370:   711044.003   711104.001   711126.003   711191.001   711257.003
  1375:   711280.001   711670.003   711809.001   712090.003   712308.005
  1380:   712716.009   714502.001   714559.003   714591.001   715981.018
  1385:   717974.003   717980.016   718005.001   718030.026   718034.003
  1390:   718047.001   718089.003   718201.005   718861.009   718896.005
  1395:   718902.009   718936.005   718956.009   718961.005   718985.009
  1400:   720919.001   722309.018   723978.003   723984.016   724034.026
  1405:   724144.005   724754.009   724812.005   724821.009   725848.001
  1410:   726747.003   726761.001   726925.003   727226.001   728408.003
  1415:   728436.001   728450.003   729643.001   731033.018   731798.003
  1420:   731804.016   731854.026   732254.005   732872.009   734483.001
  1425:   734513.003   734558.001   735396.003   735453.001   735554.003
  1430:   735562.001   736803.003   737506.005   738062.009   738373.005
  1435:   738437.009   738558.005   738950.009   739673.001   740493.003
  1440:   740676.001   740775.003   740863.001   741983.003   742306.001
  1445:   742352.003   742399.001   743163.003   743819.005   744211.009
  1450:   745146.001   746510.003   746932.001   747026.003   748005.005
  1455:   748295.009   749440.001   749630.003   749770.001   751160.018
  1460:   752176.003   752182.016   752232.026   752374.001   752397.003
  1465:   752521.005   753304.009   754004.001   754978.003   755421.001
  1470:   756014.003   756039.001   756123.003   757112.005   757574.009
  1475:   759262.001   759336.003   759370.001   759694.003   759708.001
  1480:   760344.003   760430.001   761469.003   761814.001   762391.003
  1485:   763049.001   763224.003   763821.005   764043.009   764081.005
  1490:   764249.009   768057.001   769447.018   769856.003   769862.016
  1495:   769912.026   769951.001   769981.003   770145.005   770753.009
  1500:   770796.005   770806.009   770904.005   770965.009   771858.001
  1505:   771957.003   771996.001   772692.003   772725.001   773511.003
  1510:   774728.005   774737.009   774746.005   774979.009   776036.001
  1515:   777227.003   777588.001   778978.018   779457.003   779463.016
  1520:   779472.001   779513.026   779717.003   779889.001   781279.018
  1525:   782231.003   782237.016   782287.026   782345.001   782404.003
  1530:   782571.005   783808.009   783889.005   784027.009   785871.001
  1535:   786360.003   786618.001   787592.003   787806.001   788643.003
  1540:   790186.001   791576.018   792903.003   792909.016   792959.026
  1545:   793053.001   793071.003   793267.005   794044.009   794061.005
  1550:   794078.009   795394.001   795447.003   795604.001   796197.003
  1555:   796425.001   796978.003   797122.001   797135.003   797556.001
  1560:   798711.003   800150.001   800965.003   801012.001   801095.003
  1565:   801160.001   802550.018   802656.003   802662.016   802712.026
  1570:   802920.005   803729.009   805565.001   805663.003   805750.001
  1575:   807042.003   807335.001   808259.003   808464.001   808526.003
  1580:   808678.001   809129.003   809192.001   809358.003   810470.001
  1585:   811267.003   811427.001   812074.003   812408.001   813798.018
  1590:   814683.003   814689.016   814739.026   814805.001   814909.003
  1595:   815293.001   815322.003   816338.005   817319.009   817950.005
  1600:   817994.009   821940.001   822700.003   823639.001   823961.003
  1605:   824010.001   824594.003   825647.001   826225.003   826518.001
  1610:   827101.003   827674.005   828156.009   833266.001   833482.003
  1615:   833551.001   834267.003   834482.001   834860.003   835263.005
  1620:   835693.009   844343.005   844534.009   846563.001   846687.003
  1625:   846742.001   847347.003   847389.001   847453.003   847565.001
  1630:   848478.003   848754.001   850144.018   850430.003   850436.016
  1635:   850486.026   850525.001   851148.003   851905.005   851994.009
  1640:   852107.005   852663.009   855573.005   855653.009   855691.005
  1645:   855980.009   856748.001   857883.003   858179.001   859569.018
  1650:   859999.003   860005.016   860055.026   860221.005   860906.009
  1655:   861901.001   861944.003   862049.001   862257.003   862328.001
  1660:   863640.003   863724.001   863746.003   863885.001   865275.018
  1665:   865829.003   865835.016   865885.026   865901.001   865916.003
  1670:   866063.005   866431.009   866495.005   866506.009   866874.005
  1675:   867257.009   871840.001   872697.003   872827.001   872949.003
  1680:   873238.001   873769.003   873945.001   875335.018   876264.003
  1685:   876270.016   876320.026   876410.001   876511.003   876823.005
  1690:   877627.009   880504.001   880617.003   880733.001   882123.018
  1695:   883169.003   883175.016   883211.001   883225.026   883366.003
  1700:   883600.005   884397.009   885259.001   885312.003   885411.001
  1705:   886656.003   886744.001   887414.003   887821.005   888236.009
  1710:   889028.001   890418.018   890684.003   890690.016   890715.001
  1715:   890740.026   890881.003   891037.005   891659.009   891785.005
  1720:   891798.009   892376.001   892475.003   892665.001   892856.003
  1725:   892886.001   893293.003   893335.001   894093.003   894208.001
  1730:   894414.003   894591.001   895981.018   897178.003   897184.016
  1735:   897234.026   897400.005   898099.009   898117.005   898130.009
  1740:   898138.005   898183.009   899742.001   899807.003   899925.001
  1745:   900095.003   900153.001   900806.003   901251.001   901759.003
  1750:   902416.005   902562.009   902575.005   902687.009   902706.005
  1755:   902768.009   904187.001   905577.018   906108.003   906114.016
  1760:   906164.026   906349.005   906841.009   910067.005   910119.009
  1765:   910143.005   910326.009   911764.001   912397.003   912458.001
  1770:   913187.003   913391.001   913983.003   914125.001   914350.003
  1775:   914751.001   916141.018   916567.003   916573.016   916623.026
  1780:   916762.005   917389.009   917426.005   917430.009   918290.001
  1785:   918957.003   918998.001   919390.003   919462.001   919586.003
  1790:   919964.005   920380.009   920791.001   920958.003   921844.001
  1795:   923234.018   923502.003   923508.016   923558.026   923780.005
  1800:   924366.009   924412.005   924468.009   928358.001   929748.018
  1805:   929885.003   929891.016   929941.026   929986.001   930033.003
  1810:   930316.005   931061.009   931869.001   933259.018   933271.003
  1815:   933277.016   933327.026   933350.001   933367.003   933781.005
  1820:   934190.009   935235.001   935830.003   935865.001   937075.003
  1825:   937134.001   937195.003   937217.001   938009.003   938124.001
  1830:   938491.003   939186.001   940540.003   940564.001   940732.003
  1835:   941096.005   941439.009   942716.001   942901.003   942922.001
  1840:   943250.003   943276.001   944564.003   945093.005   945345.009
  1845:   945738.005   945788.009   946944.001   948334.018   949641.003
  1850:   949647.016   949697.026   949946.005   950707.009   951227.005
  1855:   951866.009   954671.005   954700.009   954778.005   954789.009
  1860:   954883.005   954889.009   954918.005   954923.009   955220.005
  1865:   955231.009   955255.005   955267.009   955282.005   955297.009
  1870:   955313.005   955394.009   955398.005   955503.009   955505.005
  1875:   955509.009   957309.005   957546.009   958748.001   960138.018
  1880:   960185.003   960191.016   960241.026   960481.001   961871.018
  1885:   962388.003   962394.016   962444.026   962446.017   962747.005
  1890:   963678.009   964846.001   964947.003   965003.001   965059.003
  1895:   965097.001   965110.003   965194.001   965261.003   965350.001
  1900:   965608.003   965884.001   966852.003   967200.001   968729.018
  1905:   969629.003   969635.016   969685.026   969815.001   969859.003
  1910:   970032.005   970588.009   970598.005   970622.009   971595.001
  1915:   971642.003   971757.001   972931.003   972964.001   973574.003
  1920:   974187.001   974988.003   975018.001   976475.003   978314.001
  1925:   978403.003   978449.001   978487.003   979223.005   979233.009
  1930:   979234.005   979801.009   981842.005   982103.009   983266.001
  1935:   983782.003   983806.001   983985.003   984354.001   985883.018
  1940:   986129.003   986135.016   986185.026   986438.005   987223.009
  1945:   988321.001   988940.003   989034.001   989485.003   989562.001
  1950:   989573.003   989634.001   989733.003   990265.001   990997.003
  1955:   991050.001   991810.003   992412.005   992644.009   992665.005
  1960:   992677.009   997562.005   997838.009   999258.001   999324.003
  1965:   999399.001   999518.003   999595.001   999947.003  1000073.001
  1970:  1000164.003  1000303.001  1000531.003  1000631.001  1001030.003
  1975:  1001619.005  1001691.009  1005085.001  1005559.003  1005606.001
  1980:  1006268.003  1006473.001  1006491.003  1006566.001  1006597.003
  1985:  1006786.001  1007993.003  1008340.001  1008640.003  1008701.001
  1990:  1009637.003  1010011.005  1010415.009  1011508.001  1011760.003
  1995:  1011791.001  1011836.003  1011861.001  1012490.003  1012592.001
  2000:  1012640.003  1012687.001  1013243.003  1013502.001  1013520.003
  2005:  1013650.001  1014002.003  1014526.005  1014640.009  1016807.001
  2010:  1016903.003  1017072.001  1017210.003  1017350.001  1018577.003
  2015:  1019780.001  1021309.018  1021840.003  1021846.016  1021896.026
  2020:  1022212.005  1022833.009  1023182.005  1023220.009  1024169.001
  2025:  1025606.003  1025896.001  1026027.003  1026379.001  1026492.003
  2030:  1027104.005  1027263.009  1031005.005  1031010.009  1031022.005
  2035:  1031318.009  1032205.001  1032692.003  1032808.001  1033213.003
  2040:  1033253.001  1034782.018  1034802.003  1034808.016  1034844.001
  2045:  1034858.026  1034946.003  1035094.005  1035761.009  1035848.005
  2050:  1035906.009  1036971.001  1037088.003  1037137.001  1037942.003
  2055:  1038050.001  1038197.003  1038217.001  1038234.003  1038636.001
  2060:  1038748.003  1038834.001  1040363.018  1040461.003  1040467.016
  2065:  1040517.026  1040677.005  1041294.009  1041369.005  1041382.009
  2070:  1041879.001  1041971.003  1043474.001  1043783.003  1043903.001
  2075:  1044260.003  1044404.001  1045263.003  1045678.001  1047207.018
  2080:  1048752.003  1048758.016  1048808.026  1049057.005  1049776.009
  2085:  1049868.005  1049887.009  1050720.001  1051244.003  1051313.001
  2090:  1052588.003  1053054.001  1054583.018  1055321.003  1055327.016
  2095:  1055350.001  1055377.026  1055897.003  1056101.001  1057456.003
  2100:  1058091.005  1058943.009  1059847.001  1060021.003  1060069.001
  2105:  1060880.003  1061360.005  1062016.009  1062021.005  1062036.009
  2110:  1062093.005  1062885.009  1063764.001  1063973.003  1064016.001
  2115:  1065358.003  1065643.001  1067054.003  1067222.001  1067337.003
  2120:  1067737.005  1068070.009  1069445.005  1069467.009  1070902.005
  2125:  1070990.009  1076269.001  1076957.003  1077658.005  1078112.009
  2130:  1078113.005  1078121.009  1082353.001  1082400.003  1082512.001
  2135:  1083981.003  1084294.001  1085617.003  1086160.001  1087528.003
  2140:  1088905.001  1088966.003  1088994.001  1090361.003  1090602.001
  2145:  1091475.003  1091938.005  1092240.009  1096284.005  1096328.009
  2150:  1096335.005  1096373.009  1096403.005  1096425.009  1097690.001
  2155:  1099172.003  1099415.001  1100463.003  1100707.001  1102236.018
  2160:  1102373.003  1102379.016  1102429.026  1102635.005  1103268.009
  2165:  1104223.001  1104729.003  1104753.001  1105480.003  1105515.001
  2170:  1105540.003  1105965.005  1106178.009  1106658.001  1107537.003
  2175:  1107664.001  1108823.003  1109047.001  1109260.003  1109279.001
  2180:  1109788.003  1110071.001  1110466.003  1110891.005  1110952.009
  2185:  1114468.005  1114649.009  1114669.005  1114904.009  1115747.001
  2190:  1116006.003  1116084.001  1116239.003  1116282.001  1117280.003
  2195:  1117355.001  1117841.003  1118052.001  1118091.003  1118306.001
  2200:  1118401.003  1118720.005  1118790.009  1121879.005  1121918.009
  2205:  1123546.001  1123685.003  1124334.001  1125037.003  1125489.005
  2210:  1125638.009  1125709.005  1125736.009  1126726.001  1127280.003
  2215:  1127417.001  1128589.003  1129183.001  1129351.003  1129872.005
  2220:  1130079.009  1134347.001  1134770.003  1135061.005  1135264.009
  2225:  1138943.005  1138950.009  1138977.005  1139053.009  1140507.001
  2230:  1140570.003  1140634.001  1141831.003  1141959.001  1142018.003
  2235:  1142103.001  1142208.003  1142678.001  1144207.018  1144326.003
  2240:  1144332.016  1144382.026  1144578.005  1145426.009  1146074.001
  2245:  1146228.003  1146395.001  1146533.003  1146753.001  1147356.003
  2250:  1147378.001  1147649.003  1148032.001  1149281.003  1149758.005
  2255:  1149812.009  1150944.005  1151065.009  1151828.001  1151962.003
  2260:  1152086.001  1152371.003  1152501.001  1153798.003  1153894.001
  2265:  1155018.003  1155348.001  1156877.018  1157251.003  1157257.016
  2270:  1157307.026  1157545.005  1158473.009  1159479.001  1159641.003
  2275:  1159661.001  1161190.018  1161375.003  1161381.016  1161431.026
  2280:  1161458.001  1161492.003  1161735.005  1163106.009  1164008.001
  2285:  1165409.003  1165591.001  1166795.003  1167535.001  1169064.018
  2290:  1169577.003  1169583.016  1169633.026  1169809.005  1170632.009
  2295:  1171883.001  1173412.018  1173896.003  1173902.016  1173952.026
  2300:  1174326.005  1175022.009  1177648.005  1177657.009  1177673.005
  2305:  1177757.009  1178441.001  1178930.003  1178979.001  1180508.018
  2310:  1180515.003  1180521.016  1180571.026  1180852.005  1181435.009
  2315:  1181452.005  1181569.009  1182889.001  1183112.003  1183169.001
  2320:  1184568.003  1184823.001  1185443.003  1185521.001  1185864.003
  2325:  1185905.001  1185950.003  1186205.001  1187395.003  1187649.001
  2330:  1189178.018  1189730.003  1189736.016  1189786.026  1189964.005
  2335:  1190546.009  1190582.005  1190646.009  1193029.001  1193309.003
  2340:  1193335.001  1194084.003  1194132.001  1194160.003  1194401.001
  2345:  1195930.018  1196395.003  1196401.016  1196451.026  1196497.001
  2350:  1196518.003  1196758.005  1197405.009  1198210.001  1198544.003
  2355:  1198554.001  1200083.018  1200366.003  1200372.016  1200422.026
  2360:  1200577.005  1201309.009  1202439.001  1203755.003  1204056.001
  2365:  1204196.003  1204753.001  1204791.003  1204820.001  1206349.018
  2370:  1206845.003  1206851.016  1206879.001  1206901.026  1206910.003
  2375:  1207191.001  1207265.003  1207320.001  1208849.018  1209113.003
  2380:  1209119.016  1209169.026  1209471.005  1210345.009  1210389.005
  2385:  1210394.009  1212336.005  1212429.009  1213063.001  1213155.003
  2390:  1213242.001  1214771.018  1214983.003  1214989.016  1215039.026
  2395:  1215285.005  1215891.009  1215905.005  1215914.009  1216799.001
  2400:  1218328.018  1218684.003  1218690.016  1218740.026  1218793.001
  2405:  1218817.003  1219024.005  1219748.009  1220570.001  1221062.003
  2410:  1221120.001  1222169.003  1222312.001  1223069.003  1223492.001
  2415:  1225021.018  1225355.003  1225361.016  1225384.001  1225411.026
  2420:  1225558.003  1225927.001  1227456.018  1228131.003  1228137.016
  2425:  1228187.026  1228223.001  1228257.003  1228471.005  1229450.009
  2430:  1230883.001  1231157.003  1231200.001  1231666.003  1231821.001
  2435:  1233047.003  1233415.001  1233496.003  1233606.001  1234956.003
  2440:  1235521.005  1236156.009  1237869.001  1239398.018  1239766.003
  2445:  1239772.016  1239822.026  1240061.005  1240833.009  1242049.001
  2450:  1243286.003  1243326.001  1243427.003  1243564.001  1244363.003
  2455:  1244771.001  1246300.018  1246683.003  1246689.016  1246739.026
  2460:  1246985.005  1248070.009  1252298.001  1252410.003  1252508.001
  2465:  1253760.003  1254078.001  1255059.003  1255501.001  1255556.003
  2470:  1255623.001  1256491.003  1257135.001  1258118.003  1258849.005
  2475:  1259030.009  1259089.005  1259180.009  1262233.001  1263600.003
  2480:  1263862.001  1265317.003  1265665.001  1266740.003  1266777.001
  2485:  1267289.003  1267892.005  1268152.009  1268213.005  1268255.009
  2490:  1271990.001  1273166.003  1273451.001  1274151.003  1274598.005
  2495:  1274857.009  1276920.001  1277549.003  1277675.001  1278246.003
  2500:  1279242.001  1279304.003  1289846.001  1289924.003  1290016.001
  2505:  1290507.003  1290615.001  1291985.003  1292517.005  1292741.009
  2510:  1294041.001  1295226.003  1295382.001  1295410.003  1295629.001
  2515:  1296598.003  1296624.001  1296654.003  1296954.001  1298180.003
  2520:  1298291.001  1298307.003  1298729.005  1299138.009  1305134.005
  2525:  1305345.009  1305372.005  1305729.009  1308871.005  1308997.009
  2530:  1309448.001  1309692.003  1310123.001  1310936.003  1311384.001
  2535:  1312785.003  1313184.001  1314374.003  1315155.005  1315485.009
  2540:  1315842.001  1315892.003  1315966.001  1316925.003  1316985.001
  2545:  1317043.003  1317184.001  1317828.003  1317857.001  1317924.003
  2550:  1322866.005  1323055.009  1324578.005  1324590.009  1324627.005
  2555:  1324660.009  1325098.001  1326262.003  1326372.001  1326564.003
  2560:  1327060.001  1327564.003  1327584.001  1328285.003  1328801.001
  2565:  1329602.003  1330157.005  1330681.009  1342245.005  1342836.009
  2570:  1343130.005  1343315.009  1344180.001  1344377.003  1344795.001
  2575:  1345484.003  1345669.001  1345717.003  1346045.005  1346381.009
  2580:  1346427.005  1346705.009  1346738.005  1346795.009  1347631.001
  2585:  1348270.003  1348298.001  1349166.003  1349578.001  1350230.003
  2590:  1351275.005  1351439.009  1351448.005  1351567.009  1356997.005
  2595:  1357793.009  1358596.001  1359563.003  1359989.001  1360209.003
  2600:  1360256.001  1361177.003  1361727.005  1361995.009  1362063.005
  2605:  1362347.009  1362951.001  1363273.003  1363300.001  1363458.003
  2610:  1363912.001  1364382.003  1364402.001  1364717.003  1369570.005
  2615:  1369756.009  1370423.005  1370454.009  1379043.005  1379815.009
  2620:  1382729.005  1382754.009  1383361.001  1383428.003  1383639.001
  2625:  1383880.003  1383945.001  1384558.003  1386653.005  1387917.009
  2630:  1388377.001  1388398.003  1388445.001  1388950.003  1389993.005
  2635:  1390098.009  1390145.005  1390200.009  1390921.001  1391306.003
  2640:  1391611.001  1391669.003  1392610.001  1393032.003  1393740.005
  2645:  1394013.009  1394107.005  1394150.009  1394228.005  1394231.009
  2650:  1394341.005  1394777.009  1395120.001  1396048.003  1396077.001
  2655:  1397061.003  1397678.001  1397732.003  1399198.001  1399341.003
  2660:  1400109.005  1400630.009  1402487.005  1403018.009  1404361.005
  2665:  1404577.009  1404753.005  1404931.009  1405523.001  1405693.003
  2670:  1405739.001  1407199.003  1407781.001  1407945.003  1408245.005
  2675:  1408395.009  1408425.005  1408451.009  1408761.005  1408767.009
  2680:  1408790.005  1408812.009  1408830.005  1408923.009  1408991.005
  2685:  1409002.009  1409035.005  1409081.009  1409156.005  1409326.009
  2690:  1409510.005  1410154.009  1411970.001  1412450.003  1412531.001
  2695:  1412726.003  1412863.001  1413263.003  1413509.001  1413653.003
  2700:  1414535.005  1414681.009  1414713.005  1414937.009  1415057.005
  2705:  1415111.009  1430047.005  1430276.009  1437677.005  1437691.009
  2710:  1438780.001  1439733.003  1439887.001  1439925.003  1440008.001
  2715:  1440188.003  1440750.005  1441070.009  1441937.005  1442360.009
  2720:  1443168.001  1443570.003  1444186.005  1444327.009  1445847.001
  2725:  1446053.003  1446123.001  1446529.003  1447200.001  1447961.003
  2730:  1448420.001  1448847.003  1448977.005  1449662.009  1452578.005
  2735:  1452801.009  1453682.001  1453891.003  1454294.001  1454871.003
  2740:  1454982.005  1455245.009  1455900.001  1456863.003  1456983.001
  2745:  1457027.003  1457388.001  1457402.003  1457498.001  1458084.003
  2750:  1458162.001  1459103.003  1459918.001  1460028.003  1460164.001
  2755:  1461397.003  1461862.001  1463391.018  1463456.003  1463462.016
  2760:  1463512.026  1463788.005  1464241.009  1465914.001  1467443.018
  2765:  1467481.003  1467487.016  1467537.026  1467566.001  1467595.003
  2770:  1467745.005  1468794.009  1469953.005  1470064.009  1471293.001
  2775:  1471380.003  1471438.001  1471703.003  1471750.001  1471890.003
  2780:  1472065.001  1472117.003  1472180.001  1472970.003  1473573.001
  2785:  1474739.003  1475299.001  1476022.003  1476628.005  1476993.009
  2790:  1478993.001  1479798.003  1480147.001  1481676.018  1482083.003
  2795:  1482089.016  1482139.026  1482144.001  1482232.003  1482727.005
  2800:  1483803.009  1484821.001  1486350.018  1487386.003  1487392.016
  2805:  1487442.026  1487703.005  1488344.009  1489507.001  1489603.003
  2810:  1489712.001  1490911.003  1490984.001  1491424.003  1491883.001
  2815:  1491974.003  1492040.001  1493567.003  1493910.001  1495066.003
  2820:  1495205.001  1495267.003  1495612.001  1495729.003  1495768.001
  2825:  1497297.018  1497316.003  1497322.016  1497372.026  1497624.005
  2830:  1498501.009  1498565.005  1498663.009  1499491.001
B:
     0:        0.000      868.000        0.000      867.000        0.000
     5:      425.000        0.000        0.000        0.000      425.000
    10:        0.000        1.000        0.000        1.000        0.000
    15:        0.000       82.000        1.000       82.000        0.000
    20:        0.000        0.000        0.000        0.000        0.000
    25:        0.000       82.000        0.000        0.000        0.000
    30:        0.000
D:
     0:  4914798.000  4914284.000  4912109.000
E:
     0:     1390.000     1529.000
T:
     0:        0.000        0.000        0.000        0.000
W:
     0:        2.000        0.000        0.000
