File: C:\MED-PC IV\Data\Reyes\AW\AW1043.999


Start Date: 08/20/24
End Date: 08/20/24
Subject: 43
Experiment: AW
Group: LINEAR
Box: 5
Start Time: 14:16:07
End Time: 15:06:07
MSN: DRRD_lin
C:       0.000
F:       0.000
G:       0.000
H:       0.000
I:       0.000
J:       0.000
K:    7500.000
L:       0.000
M:       0.000
N:       0.000
O:       0.000
P:       0.000
Q:       0.000
R:       0.000
S:       0.000
U:  188695.000
V:       0.000
X:       0.000
Y:    1374.000
Z:       0.000
A:
     0:     4207.005     4336.009     7473.005     7925.009    15000.013
     5:    15000.011    15098.001    15113.003    15217.001    15730.003
    10:    16274.001    16494.003    16538.001    17176.003    17685.005
    15:    17849.009    18042.001    21627.003    23092.005    23113.009
    20:    23312.001    23929.003    23961.001    26008.003    27145.005
    25:    27801.009    46216.001    46485.003    46537.001    47381.003
    30:    47414.001    47578.003    47588.001    48961.003    48968.001
    35:    49616.003    51076.005    51533.009    51846.001    51965.003
    40:    51978.001    52102.003    52133.001    55883.018    57193.003
    45:    57199.016    57249.026    57354.005    57959.009    60715.005
    50:    60842.009    61282.001    61460.003    61490.001    64176.003
    55:    64634.001    66154.003    66164.001    68544.003    69159.005
    60:    69168.009    69181.005    69367.009    69806.001    69915.003
    65:    69928.001    70680.003    70703.001    71011.003    71022.001
    70:    71384.003    71399.001    71720.003    71743.001    74193.003
    75:    74962.005    75132.009    75374.001    75466.003    75481.001
    80:    78492.003    78529.001    78577.003    79140.005    79420.009
    85:    79827.001    80257.003    80287.001    80409.003    80440.001
    90:    81004.003    81020.001    81174.003    81193.001    81506.003
    95:    81513.001    84183.003    84971.001    87520.003    87537.001
   100:    89911.003    90530.005    90719.009    94491.001    96853.003
   105:    96872.001    99392.003   100211.005   100237.009   102201.005
   110:   102281.009   102335.005   102781.009   103889.005   103985.009
   115:   104293.001   104373.003   104451.001   104479.003   104782.001
   120:   105479.003   105505.001   106245.003   106259.001   109248.003
   125:   109268.001   110582.003   112306.001   113431.003   113445.001
   130:   117195.018   117544.003   117550.016   117600.026   117638.005
   135:   118592.009   120814.001   121042.003   121090.001   121488.003
   140:   121513.001   125029.003   125290.005   125493.009   125934.001
   145:   126994.003   127013.001   129321.003   130028.001   132188.003
   150:   132897.001   136647.018   136938.003   136944.016   136994.026
   155:   137233.005   137921.009   140982.005   141114.009   141367.005
   160:   141576.009   141635.005   141807.009   142822.001   142958.003
   165:   143004.001   143129.003   143184.001   143483.003   143496.001
   170:   144967.003   144977.001   147093.003   147945.001   151695.018
   175:   152721.003   152727.016   152746.001   152777.026   152915.003
   180:   152999.005   154310.009   154405.005   154893.009   155694.005
   185:   156426.009   156486.005   156664.009   158754.001   162504.018
   190:   164144.003   164150.016   164200.026   164345.005   164740.009
   195:   167037.005   167161.009   170266.001   170343.003   170390.001
   200:   170418.003   170530.001   170615.003   171157.005   171246.009
   205:   171792.001   172365.003   172408.001   174534.003   174554.001
   210:   175395.003   175429.001   175457.003   191417.005   191539.009
   215:   193276.001   196043.003   196946.001   197612.003   197635.001
   220:   199957.003   200752.001   202972.003   202982.001   204440.003
   225:   205254.001   208119.003   208550.005   208778.009   209308.001
   230:   210826.003   210836.001   211551.003   211566.001   211776.003
   235:   211793.001   212068.003   212092.001   212138.003   212150.001
   240:   212825.003   212855.001   213148.003   213161.001   213470.003
   245:   214489.001   216170.003   216186.001   216216.003   216239.001
   250:   216553.003   216625.001   217360.003   217436.001   217741.003
   255:   218703.001   218880.003   218913.001   220303.003   220324.001
   260:   221022.003   221944.001   225229.003   225870.005   226029.009
   265:   226443.001   230193.018   230197.003   230203.016   230253.026
   270:   230386.005   231316.009   232735.005   232748.009   232753.005
   275:   232898.009   233677.001   237224.003   238410.001   241844.003
   280:   242659.001   244936.003   244949.001   246346.003   246357.001
   285:   247345.003   248297.001   250989.003   251073.001   251887.003
   290:   251958.001   253223.003   254515.001   254951.003   254969.001
   295:   257533.003   257559.001   258937.003   259787.005   260196.009
   300:   261927.001   264648.003   265744.001   267777.003   267804.001
   305:   269434.003   270487.005   270516.009   276104.005   276279.009
   310:   276323.005   276329.009   279020.001   281696.003   282383.005
   315:   282523.009   282598.005   282727.009   283058.001   286196.003
   320:   286886.001   289391.003   289402.001   290107.003   290896.005
   325:   291062.009   291443.001   294013.003   294032.001   295469.003
   330:   296588.005   296702.009   296887.001   300637.018   300785.003
   335:   300791.016   300815.001   300841.026   300984.003   301085.005
   340:   301959.009   303310.001   306018.003   306649.001   310032.003
   345:   310967.001   314189.003   315782.001   317279.003   317293.001
   350:   320132.003   320868.005   321054.009   321478.001   323769.003
   355:   323785.001   324274.003   324285.001   324516.003   324587.001
   360:   325809.003   325830.001   326714.003   327983.001   331245.003
   365:   331265.001   331729.003   331766.001   333997.003   335408.001
   370:   337035.003   337062.001   340155.003   342365.001   345795.003
   375:   345830.001   346911.003   347003.001   348015.003   348531.005
   380:   349178.009   351897.005   351927.009   352431.001   355505.003
   385:   356139.005   356194.009   356234.005   356323.009   364891.005
   390:   364894.009   364913.005   365179.009   370795.005   370822.009
   395:   371172.005   371320.009   373057.001   373394.003   373409.001
   400:   375257.003   375271.001   376566.003   376587.001   377429.003
   405:   378454.001   379457.003   379474.001   382535.003   383791.005
   410:   384137.009   384864.001   384941.003   384976.001   386240.003
   415:   386253.001   388479.003   388511.001   388556.003   388587.001
   420:   388870.003   388949.001   389003.003   389680.001   391889.003
   425:   391944.001   392206.003   392289.001   392935.003   392949.001
   430:   394339.003   396035.005   396220.009   396956.001   400706.018
   435:   402558.003   402564.016   402614.026   402725.005   403218.009
   440:   407158.005   407790.009   407835.005   407972.009   409639.001
   445:   410528.003   410554.001   412154.003   412177.001   415511.003
   450:   416753.005   417014.009   431849.005   431863.009   431969.005
   455:   431990.009   431992.005   432473.009   432505.005   432538.009
   460:   434802.001   437439.003   438561.001   440563.003   440581.001
   465:   443005.003   444063.001   447813.018   448357.003   448363.016
   470:   448413.026   448563.005   449768.009   449797.005   449834.009
   475:   452053.005   452539.009   452554.005   452602.009   452642.005
   480:   452740.009   454002.001   456900.003   475789.005   476029.009
   485:   479176.001   481773.003   482611.001   483555.003   483577.001
   490:   484883.003   485728.001   489478.018   489950.003   489956.016
   495:   490006.026   490124.005   490875.009   492289.005   492683.009
   500:   493754.001   497291.003   498538.001   502118.003   502814.005
   505:   502893.009   503422.001   506396.003   506436.001   506680.003
   510:   506702.001   507221.003   508153.001   511421.003   512913.005
   515:   513070.009   513143.005   513353.009   513356.005   513518.009
   520:   514136.001   517543.003   518700.001   522108.003   522332.001
   525:   522741.003   523740.005   524070.009   524579.001   526430.003
   530:   526450.001   529019.003   530080.001   531543.003   531591.001
   535:   533110.003   533169.001   534543.003   535550.005   535774.009
   540:   535811.005   535866.009   536377.001   539127.003   539908.005
   545:   540418.009   540769.001   544519.018   544552.003   544558.016
   550:   544564.001   544608.026   544784.003   544866.005   545639.009
   555:   547728.001   550288.003   553394.005   554298.009   555193.001
   560:   556814.003   556853.001   559362.003   559376.001   559987.003
   565:   560006.001   560042.003   560070.001   560976.003   562281.001
   570:   566031.018   566147.003   566153.016   566203.026   566389.005
   575:   567060.009   569284.005   569684.009   571494.001   571615.003
   580:   571639.001   572569.003   586246.001   586753.003   586771.001
   585:   589831.003   590914.001   594617.003   595586.001   597811.003
   590:   597824.001   598188.003   598551.001   599167.003   600123.001
   595:   603211.003   603233.001   603678.003   603743.001   604902.003
   600:   605999.001   609568.003   610535.001   614167.003   614616.005
   605:   614831.009   615324.001   616738.003   616750.001   617772.003
   610:   617794.001   620026.003   621327.001   625077.018   625484.003
   615:   625490.016   625540.026   625657.005   626425.009   628480.005
   620:   628488.009   628509.005   628718.009   628799.005   628916.009
   625:   628926.005   628939.009   630594.001   632444.003   634031.001
   630:   636553.003   636566.001   638368.003   639438.001   643083.003
   635:   644382.005   644595.009   644657.005   644673.009   646184.001
   640:   649142.003   650114.001   650920.003   651019.001   651137.003
   645:   651156.001   651316.003   651331.001   653569.003   654713.001
   650:   658463.018   658673.003   658679.016   658729.026   658860.005
   655:   659607.009   662666.005   662956.009   663268.005   663325.009
   660:   663954.001   667657.003   668754.001   669329.003   669343.001
   665:   669618.003   669647.001   670309.003   670329.001   670494.003
   670:   670511.001   671712.003   671736.001   672532.003   673566.001
   675:   675381.003   675395.001   677372.003   678359.001   678919.003
   680:   678968.001   680133.003   680148.001   680612.003   680618.001
   685:   682553.003   683441.005   683749.009   683926.005   683932.009
   690:   684270.001   686911.003   687656.001   690113.003   690175.001
   695:   690850.003   690866.001   692341.003   693914.001   695727.003
   700:   695741.001   699038.003   700366.001   703898.003   710602.005
   705:   710683.009   711690.001   713882.003   715585.001   719170.003
   710:   720009.005   720226.009   721282.001   725032.018   725900.003
   715:   725906.016   725956.026   726090.005   726441.009   729075.005
   720:   729318.009   729380.005   729623.009   730971.005   731114.009
   725:   731183.005   731238.009   731944.001   733617.003   735016.001
   730:   736607.003   736637.001   739773.003   742703.001   745753.003
   735:   745775.001   747532.003   749422.005   749604.009   750168.001
   740:   753918.018   754916.003   754922.016   754972.026   755094.005
   745:   755760.009   758756.005   758775.009   758808.005   758891.009
   750:   759785.001   762982.003   763037.001   764073.003   766047.001
   755:   766994.003   767015.001   769227.003   769245.001   770337.003
   760:   773740.005   774058.009   774085.005   774143.009   774179.005
   765:   774225.009   785368.001   787133.003   789961.005   790423.009
   770:   790928.001   793364.003   794177.005   794340.009   795268.001
   775:   798518.003   799861.001   803604.003   804750.005   804843.009
   780:   805881.001   805891.003   805936.001   807867.003   807880.001
   785:   808688.003   808702.001   810249.003   812261.005   812448.009
   790:   812491.005   812530.009   813185.001   816846.003   817919.005
   795:   817983.009   818019.005   818025.009   818050.005   818128.009
   800:   818350.001   820126.003   820146.001   821475.003   822665.001
   805:   824692.003   825380.001   826918.003   828902.001   832329.003
   810:   832353.001   832562.003   832687.005   833209.009   833677.001
   815:   835256.003   835271.001   836653.003   837511.005   837635.009
   820:   837906.001   840251.003   840280.001   841207.003   842712.005
   825:   842966.009   842982.005   843019.009   847687.001   851336.003
   830:   852443.001   853016.003   853042.001   856716.003   860187.005
   835:   860564.009   860573.005   860597.009   860632.005   860823.009
   840:   860853.005   860984.009   863798.001   866321.003   866343.001
   845:   868394.003   869339.001   872266.003   872317.001   872889.003
   850:   872939.001   873186.003   873216.001   873345.003   875902.001
   855:   879257.003   879289.001   881087.003   882506.005   882697.009
   860:   883211.001   883826.003   883842.001   886955.003   888188.001
   865:   888454.003   888732.001   890613.003   890658.001   892923.003
   870:   894085.005   894247.009   894948.001   898698.018   899607.003
   875:   899613.016   899663.026   899753.005   900499.009   900520.005
   880:   900576.009   910832.001   914144.003   916286.005   916987.009
   885:   917071.005   917100.009   917121.005   917141.009   917155.005
   890:   917175.009   926450.001   930200.018   930405.003   930411.016
   895:   930426.001   930461.026   930631.003   930673.005   931545.009
   900:   931547.005   931645.009   939314.001   941318.003   944375.001
   905:   946797.003   948190.005   948603.009   953268.001   957018.018
   910:   957505.003   957511.016   957561.026   957684.005   958452.009
   915:   960991.005   961128.009   963388.001   963952.003   963981.001
   920:   964647.003   964678.001   965935.003   965975.001   966727.003
   925:   968499.005   968852.009   970099.001   970336.003   970363.001
   930:   973743.003   975273.001   978180.003   978196.001   978431.003
   935:   978669.001   980112.003   986385.001   990054.003   992770.005
   940:   992839.009   993585.001   994356.003   994372.001   996994.003
   945:   998516.005   998547.009   998584.005   998721.009   999140.001
   950:   999416.003   999438.001  1002793.003  1004653.005  1004795.009
   955:  1006061.005  1006414.009  1010257.001  1013804.003  1013814.001
   960:  1014596.003  1015590.001  1019340.018  1019468.003  1019474.016
   965:  1019524.026  1019632.005  1020108.009  1020156.005  1022086.009
   970:  1023497.005  1023841.009  1024680.001  1028430.018  1028507.003
   975:  1028513.016  1028563.026  1028692.005  1029144.009  1032335.005
   980:  1032344.009  1032354.005  1032513.009  1032703.005  1032736.009
   985:  1032804.005  1032806.009  1032879.005  1032970.009  1033730.001
   990:  1033912.003  1034053.001  1037464.003  1038746.001  1041360.003
   995:  1041429.001  1041681.003  1041708.001  1041753.003  1041909.001
  1000:  1042974.003  1042995.001  1043534.003  1043558.001  1044779.003
  1005:  1051232.005  1051272.009  1051276.005  1051563.009  1053670.005
  1010:  1053957.009  1054619.001  1058132.003  1059454.001  1061597.003
  1015:  1061625.001  1063014.003  1063946.005  1064099.009  1064365.001
  1020:  1064439.003  1064464.001  1065462.003  1065483.001  1068444.003
  1025:  1069476.005  1069598.009  1069831.001  1069895.003  1069909.001
  1030:  1073659.018  1074083.003  1074089.016  1074139.026  1074258.005
  1035:  1074624.009  1076719.005  1076740.009  1076747.005  1076944.009
  1040:  1077794.001  1080264.003  1082768.001  1083742.003  1083814.001
  1045:  1083888.003  1083914.001  1085411.003  1085433.001  1086594.003
  1050:  1089071.005  1089346.009  1089579.005  1089625.009  1093055.001
  1055:  1093521.003  1094581.001  1097181.003  1097211.001  1098679.003
  1060:  1099305.005  1099415.009  1104532.001  1104903.003  1105124.001
  1065:  1106728.003  1106744.001  1107784.003  1109847.001  1110311.003
  1070:  1110339.001  1112786.003  1114386.001  1114762.003  1114805.001
  1075:  1117091.003  1117922.005  1118084.009  1122744.005  1122875.009
  1080:  1123364.001  1123743.003  1125128.001  1126275.003  1126881.001
  1085:  1128493.003  1128505.001  1129821.003  1129838.001  1130188.003
  1090:  1130721.005  1130843.009  1132866.001  1133677.003  1133696.001
  1095:  1133785.003  1133802.001  1134527.003  1134539.001  1136035.003
  1100:  1138070.005  1138262.009  1138722.001  1138969.003  1139051.001
  1105:  1139068.003  1139083.001  1140151.003  1140169.001  1140384.003
  1110:  1140397.001  1142773.003  1145098.005  1145191.009  1145668.001
  1115:  1147941.003  1147949.001  1148983.003  1150432.005  1150630.009
  1120:  1154180.005  1154193.009  1155240.001  1155825.003  1155865.001
  1125:  1158379.003  1159398.001  1162565.003  1163499.005  1163640.009
  1130:  1163877.001  1164487.003  1164514.001  1165567.003  1165577.001
  1135:  1165816.003  1165845.001  1166681.003  1166692.001  1166855.003
  1140:  1167841.005  1168004.009  1168613.001  1171387.003  1189967.001
  1145:  1190682.003  1193635.001  1193817.003  1193895.001  1193940.003
  1150:  1194443.005  1194447.009  1194449.005  1194522.009  1197043.005
  1155:  1197161.009  1197575.001  1198718.003  1198758.001  1200733.003
  1160:  1202620.005  1202744.009  1203864.001  1207614.018  1207619.003
  1165:  1207625.016  1207675.026  1207801.005  1208256.009  1221634.005
  1170:  1221653.009  1221678.005  1221898.009  1222425.001  1223084.003
  1175:  1225009.001  1226813.003  1227512.005  1227710.009  1230759.005
  1180:  1231407.009  1233553.001  1233708.003  1234521.001  1237460.003
  1185:  1239211.005  1239616.009  1240280.001  1243429.003  1244898.005
  1190:  1244908.009  1244953.005  1245048.009  1245274.001  1245379.003
  1195:  1245409.001  1248175.003  1248198.001  1249329.003  1251791.005
  1200:  1252117.009  1252921.001  1255246.003  1255268.001  1256493.003
  1205:  1257606.005  1257697.009  1258285.001  1259866.003  1261271.001
  1210:  1265021.018  1265329.003  1265335.016  1265385.026  1265490.005
  1215:  1266174.009  1269180.005  1269238.009  1269765.001  1270462.003
  1220:  1270481.001  1272502.003  1273731.001  1273829.003  1273848.001
  1225:  1275632.003  1275645.001  1276747.003  1276764.001  1277584.003
  1230:  1278836.005  1278960.009  1279305.001  1283055.018  1283103.003
  1235:  1283109.016  1283159.026  1283291.005  1284290.009  1284425.005
  1240:  1285585.009  1288075.001  1289953.003  1289968.001  1290846.003
  1245:  1292225.001  1292300.003  1292318.001  1293318.003  1293334.001
  1250:  1295867.003  1296842.005  1296882.009  1297158.001  1300444.003
  1255:  1302791.005  1303079.009  1306990.005  1307168.009  1307180.005
  1260:  1307197.009  1307224.005  1307306.009  1308051.001  1309896.003
  1265:  1312530.001  1313398.003  1313421.001  1315176.003  1316557.005
  1270:  1316678.009  1316716.005  1316789.009  1317165.001  1317328.003
  1275:  1318057.001  1318603.003  1318639.001  1318680.003  1318709.001
  1280:  1321203.003  1323038.001  1323454.003  1323504.001  1327069.003
  1285:  1327822.005  1328006.009  1338808.005  1338870.009  1339808.001
  1290:  1341656.003  1345506.005  1345536.009  1345610.005  1345627.009
  1295:  1346075.001  1349467.003  1350582.005  1350700.009  1351094.001
  1300:  1352561.003  1352583.001  1353404.003  1353426.001  1354351.003
  1305:  1355775.001  1357517.003  1357526.001  1358359.003  1358371.001
  1310:  1359448.003  1362931.005  1363125.009  1363196.005  1363257.009
  1315:  1364094.001  1367259.003  1396856.001  1397038.003  1397314.005
  1320:  1397686.009  1416966.005  1417131.009  1448495.005  1448572.009
  1325:  1448657.005  1448798.009  1448840.005  1448927.009  1448933.005
  1330:  1448935.009  1448939.005  1449300.009  1449404.005  1449572.009
  1335:  1449626.005  1449678.009  1449764.005  1449777.009  1449790.005
  1340:  1449929.009  1465736.001  1466827.003  1467366.005  1467526.009
  1345:  1473873.001  1475426.003  1476296.001  1478576.003  1478631.001
  1350:  1479278.003  1479770.005  1480056.009  1480154.005  1480296.009
  1355:  1480495.001  1480557.003  1480567.001  1483023.003  1483996.001
  1360:  1486331.003  1486344.001  1486621.003  1486652.001  1487316.003
  1365:  1489195.005  1489314.009  1490167.001  1492933.003  1494976.001
  1370:  1497994.003  1498002.001  1499299.003  1499900.001
B:
     0:        0.000      426.000        0.000      425.000        0.000
     5:      223.000        0.000        0.000        0.000      223.000
    10:        0.000        1.000        0.000        1.000        0.000
    15:        0.000       25.000        0.000       25.000        0.000
    20:        0.000        0.000        0.000        0.000        0.000
    25:        0.000       25.000        0.000        0.000        0.000
    30:        0.000
D:
     0:  1688700.000  1688595.000  1687994.000
E:
     0:     3750.000     3750.000
T:
     0:        0.000        0.000        0.000        0.000
W:
     0:        2.000        0.000        0.000
