File: C:\MED-PC IV\Data\Reyes\AW\AW1048.999


Start Date: 08/14/24
End Date: 08/14/24
Subject: 48
Experiment: AW
Group: EXP10
Box: 4
Start Time: 16:14:22
End Time: 17:04:22
MSN: DRRD_exp_10
C:       0.000
F:       0.000
G:       0.000
H:       0.000
I:       0.000
J:       0.000
K:    3058.000
L:       0.000
M:       0.000
N:       0.000
O:       0.000
P:       0.000
Q:       0.000
R:       0.000
S:       0.000
U: 3887479.000
V:       0.000
X:       0.000
Y:    2732.000
Z:       0.000
A:
     0:     2767.005     2828.009     3242.005     3526.009     3604.005
     5:     3858.009     6261.005     6308.009    12359.005    12690.009
    10:    14102.005    14129.009    14139.005    14211.009    15000.013
    15:    15000.011    15887.001    16010.003    16443.005    16660.009
    20:    17198.001    18356.003    18447.001    18554.003    18593.001
    25:    18675.003    18905.001    19956.003    20019.001    20063.003
    30:    20121.001    20149.003    20178.001    20219.003    20301.001
    35:    21648.003    21803.001    22312.003    22685.005    23274.009
    40:    23648.001    23691.003    24131.001    24451.003    24523.001
    45:    24598.003    24774.001    25360.003    25461.001    25530.003
    50:    25909.005    25977.009    26355.001    26534.003    29015.001
    55:    29319.003    30087.005    30175.009    33627.005    33717.009
    60:    33815.005    33839.009    36770.005    37021.009    37027.005
    65:    37260.009    37569.001    37600.003    38014.001    39543.018
    70:    39709.003    39715.016    39765.026    40019.005    40097.009
    75:    40533.001    41738.003    41798.001    42037.003    42131.001
    80:    43590.003    43610.001    43706.003    43800.001    44154.003
    85:    44329.001    45003.003    45422.001    45643.003    45665.001
    90:    46428.003    46491.001    47073.003    47489.005    47638.009
    95:    48688.005    48799.009    50148.001    50180.003    50419.001
   100:    50915.003    50934.001    50953.003    50968.001    51726.003
   105:    51743.001    53167.003    53453.005    53680.009    54387.005
   110:    54388.009    55599.001    55983.003    56608.001    58137.018
   115:    58768.003    58774.016    58824.026    58843.001    58863.003
   120:    58979.005    59425.009    59480.005    59751.009    60399.001
   125:    61928.018    62005.003    62011.016    62061.026    62242.005
   130:    62881.009    63234.001    64763.018    64857.003    64863.016
   135:    64913.026    65054.001    66404.003    66526.001    66542.003
   140:    66574.001    67535.003    67881.001    68908.003    69002.001
   145:    70360.003    70505.001    71479.003    71819.005    71943.009
   150:    73249.005    73278.009    74268.001    74859.003    74898.001
   155:    75340.003    75456.001    75864.003    75996.005    76072.009
   160:    76135.005    76717.009    77260.001    77335.003    80986.005
   165:    81019.009    81972.005    82113.009    82292.001    82723.003
   170:    82760.001    82808.003    83265.001    83428.003    83466.001
   175:    84690.003    84914.001    86443.018    86628.003    86634.016
   180:    86684.026    86731.001    86759.003    86914.005    87301.009
   185:    87703.001    89232.018    89774.003    89780.016    89820.001
   190:    89830.026    90800.003    90867.001    92396.018    92465.003
   195:    92471.016    92521.026    92693.005    93754.009    94338.001
   200:    95622.003    95839.001    95856.003    95924.001    97453.018
   205:    97458.003    97464.016    97514.026    97760.005    98408.009
   210:    99149.001    99326.003    99410.001    99635.003    99700.001
   215:   100947.003   101211.001   102702.003   103153.001   103183.003
   220:   103215.001   104336.003   104540.001   104552.003   104586.001
   225:   106115.018   106357.003   106363.016   106413.026   106619.005
   230:   107453.009   108730.001   108884.003   109089.001   109652.003
   235:   109715.001   110690.003   110920.001   111043.003   111077.001
   240:   111982.003   112046.001   113575.018   113627.003   113633.016
   245:   113683.026   113857.005   114487.009   114581.005   114589.009
   250:   115227.001   115299.003   115372.001   116901.018   117380.003
   255:   117386.016   117436.026   117783.005   118290.009   118299.005
   260:   118417.009   119345.001   120874.018   121542.003   121548.016
   265:   121598.026   121712.001   121752.005   121755.003   122078.009
   270:   122964.001   123269.003   123363.001   123463.003   126729.001
   275:   126924.003   127024.001   128515.003   128751.001   130280.018
   280:   130545.003   130551.016   130601.026   130865.005   131451.009
   285:   131470.005   131501.009   131530.005   131561.009   132499.001
   290:   132640.003   132698.001   134227.018   134228.003   134234.016
   295:   134249.001   134284.026   134299.003   134482.005   135045.009
   300:   135391.001   135554.003   135661.001   137190.018   137548.003
   305:   137554.016   137604.026   137777.005   138146.009   138202.005
   310:   138275.009   138903.001   138970.003   139072.001   139178.003
   315:   139341.001   140443.003   140518.001   142047.018   142321.003
   320:   142327.016   142377.026   142388.001   142408.003   142620.005
   325:   143153.009   143189.005   143449.009   144383.001   145451.003
   330:   145532.001   146431.003   146851.001   146864.003   146927.001
   335:   148051.003   148530.005   148755.009   149741.001   149898.003
   340:   150087.001   150140.003   150547.001   152006.003   152027.001
   345:   153556.018   154020.003   154026.016   154076.026   154285.005
   350:   154886.009   154891.005   154975.009   155628.001   156946.003
   355:   157007.001   157089.003   157173.001   157861.003   157940.001
   360:   159413.003   159863.001   161392.018   161798.003   161804.016
   365:   161854.026   162116.005   162997.009   163948.001   164130.003
   370:   164231.001   164835.003   164890.001   165314.003   165450.001
   375:   165485.003   165591.001   165676.003   165865.001   167012.003
   380:   167310.001   168333.003   168837.005   168947.009   168994.005
   385:   169082.009   169109.005   169301.009   170899.001   172428.018
   390:   172854.003   172860.016   172910.026   172970.001   172993.003
   395:   173137.005   173800.009   174612.001   176141.018   176467.003
   400:   176473.016   176480.001   176523.026   176928.003   177067.001
   405:   178427.003   178770.001   180299.018   180606.003   180612.016
   410:   180662.026   180891.005   181898.009   183577.001   185106.018
   415:   185444.003   185450.016   185500.026   185520.001   185572.003
   420:   185728.005   186443.009   187309.001   188838.018   189150.003
   425:   189156.016   189159.001   189206.026   189349.003   189551.005
   430:   190238.009   191104.001   192633.018   193243.003   193249.016
   435:   193299.026   193519.005   194143.009   194492.001   196021.018
   440:   196411.003   196417.016   196443.001   196467.026   196516.003
   445:   196747.005   197148.009   197717.001   198571.003   198600.001
   450:   199937.003   200182.001   200894.003   200982.001   201621.003
   455:   201971.001   202237.003   202348.001   203623.003   203862.001
   460:   204301.003   205319.001   205995.003   206022.001   206825.003
   465:   207053.005   207323.009   208994.001   209581.003   209600.001
   470:   211129.018   211429.003   211435.016   211485.026   211492.001
   475:   211553.003   211626.005   212335.009   212977.001   213332.003
   480:   213347.001   214876.018   215078.003   215084.016   215134.026
   485:   215335.005   216041.009   216996.001   218380.003   218517.001
   490:   219840.003   219949.001   221478.018   221801.003   221807.016
   495:   221857.026   222044.005   222708.009   222772.005   222789.009
   500:   223517.001   223619.003   223802.001   223867.003   223897.001
   505:   224884.003   224937.001   225001.003   225223.001   226516.003
   510:   228161.001   229290.003   229710.005   230165.009   231827.001
   515:   232137.003   232176.001   233705.018   234850.003   234856.016
   520:   234906.026   234919.001   234953.003   234998.001   235051.003
   525:   235127.005   235501.009   235576.005   235625.009   236602.001
   530:   238131.018   238192.003   238198.016   238248.026   238278.001
   535:   238322.003   238446.005   238834.009   239796.001   240122.003
   540:   240236.001   241537.003   241665.001   242666.003   243117.001
   545:   244073.003   244318.005   244512.009   244540.005   244571.009
   550:   246463.001   247647.003   247670.001   248612.003   248761.001
   555:   249698.003   249875.005   249988.009   250887.001   251108.003
   560:   251230.001   252759.018   253322.003   253328.016   253378.026
   565:   253537.005   253988.009   254040.005   254054.009   254905.001
   570:   255114.003   255126.001   256655.018   256936.003   256942.016
   575:   256992.026   257023.001   257121.003   257370.005   257982.009
   580:   259105.001   260634.018   262767.003   262773.016   262823.026
   585:   262834.001   263105.003   263160.005   263763.009   265469.001
   590:   265969.003   266021.001   267550.018   268842.003   268848.016
   595:   268864.001   268898.026   269156.003   269407.001   269492.003
   600:   269535.001   270488.003   270678.001   271053.003   271182.005
   605:   271597.009   273135.001   273267.003   273577.001   274864.003
   610:   275037.001   275085.003   275176.001   276102.003   276280.001
   615:   277683.003   277918.001   278031.003   278060.001   278257.003
   620:   278352.001   279523.003   280053.001   280085.003   280097.005
   625:   280114.009   280128.005   280164.009   280263.005   280281.009
   630:   280715.005   280936.009   280974.005   281201.009   283447.001
   635:   283580.003   284454.001   284775.003   284847.001   286252.003
   640:   286411.001   286424.003   287541.001   289070.018   289434.003
   645:   289440.016   289490.026   289609.005   290026.009   290083.005
   650:   290228.009   291024.001   292348.003   292367.001   293673.003
   655:   293833.001   293861.003   294149.001   295238.003   295282.001
   660:   295305.003   295804.005   295973.009   296467.001   297996.018
   665:   298153.003   298159.016   298185.001   298203.003   298209.026
   670:   298354.005   299070.009   299094.005   299100.009   299744.001
   675:   301273.018   301362.003   301368.016   301418.026   301573.005
   680:   302192.009   302710.001   303020.003   303072.001   303541.003
   685:   303554.001   304390.003   304480.001   305974.003   306042.001
   690:   306129.003   306373.001   306472.003   306551.001   307936.003
   695:   308915.005   308923.009   308934.005   309252.009   309480.001
   700:   311009.018   312375.003   312381.016   312383.001   312431.026
   705:   312605.003   312709.005   313241.009   313549.001   315078.018
   710:   316886.003   316892.016   316902.001   316942.026   317062.003
   715:   317204.005   317909.009   318670.001   320199.018   320754.003
   720:   320760.016   320810.026   320938.005   321415.009   322347.001
   725:   323243.003   323589.001   325118.018   325156.003   325162.016
   730:   325212.026   325344.005   325868.009   327069.001   328598.018
   735:   330201.003   330207.016   330249.005   330257.026   331249.009
   740:   331594.005   331780.009   332356.001   333064.003   333392.001
   745:   334921.018   336347.003   336353.016   336403.026   336681.005
   750:   337186.009   337219.005   337224.009   337756.001   339285.018
   755:   339434.003   339440.016   339490.026   339611.001   339653.003
   760:   339767.005   340401.009   341120.001   342649.018   342887.003
   765:   342893.016   342943.026   343151.005   343694.009   344455.001
   770:   345984.018   346643.003   346649.016   346699.026   346979.005
   775:   347349.009   347760.001   347937.003   348042.001   349571.018
   780:   349837.003   349843.016   349893.026   349980.001   350030.003
   785:   350231.005   350738.009   350741.005   350760.009   351348.001
   790:   352877.018   353435.003   353441.016   353491.026   353649.005
   795:   354110.009   354116.005   354129.009   354223.005   354233.009
   800:   354902.001   356431.018   356857.003   356863.016   356913.026
   805:   357038.005   357631.009   358997.001   359196.003   359370.001
   810:   360899.018   361028.003   361034.016   361084.026   361216.005
   815:   361633.009   362494.001   363541.003   363561.001   364158.003
   820:   364182.001   364270.003   364595.001   364798.003   364823.001
   825:   366352.018   366949.003   366955.016   367005.026   367008.001
   830:   367080.003   367247.005   367778.009   369985.001   371514.018
   835:   371879.003   371885.016   371935.026   371948.001   372048.003
   840:   372359.001   373888.018   374108.003   374114.016   374164.026
   845:   374409.005   375799.009   376412.001   376570.003   376659.001
   850:   376888.003   376912.001   378441.018   378485.003   378491.016
   855:   378524.001   378536.003   378541.026   378816.005   379438.009
   860:   380567.001   382096.018   382939.003   382945.016   382995.026
   865:   383016.001   383642.003   383736.001   383837.003   383965.001
   870:   383978.003   384532.005   384545.009   384547.005   385124.009
   875:   385868.001   386480.003   386511.001   387318.003   387352.001
   880:   388338.003   389020.005   389400.009   389625.005   390055.009
   885:   391938.005   392010.009   392957.001   394486.018   395080.003
   890:   395086.016   395136.026   395248.001   395279.003   395398.005
   895:   395924.009   396035.005   396049.009   396262.005   396410.009
   900:   396652.001   396840.003   396904.001   398381.003   398438.001
   905:   399967.018   400150.003   400156.016   400206.026   400217.001
   910:   400295.003   400342.001   400411.005   400419.003   401194.009
   915:   401698.001   403227.018   403996.003   404002.016   404052.026
   920:   404211.001   404261.003   404351.005   405143.009   405656.001
   925:   405774.003   405977.001   406000.003   406115.001   407525.003
   930:   407702.001   409231.018   409335.003   409341.016   409391.026
   935:   409566.005   410164.009   410792.001   412321.018   413247.003
   940:   413253.016   413303.026   413528.005   414120.009   415270.001
   945:   416799.018   417040.003   417046.016   417096.026   417098.017
   950:   417099.001   417321.003   417607.001   419289.018   419700.003
   955:   419706.016   419741.001   419756.026   419890.003   419975.005
   960:   420678.009   420686.005   420736.009   421173.001   422855.018
   965:   423024.003   423030.016   423080.026   423119.001   423134.003
   970:   423255.005   423898.009   425740.005   425800.009   426625.001
   975:   428307.018   428817.003   428823.016   428873.026   429148.005
   980:   429707.009   430246.001   431928.018   432386.003   432392.016
   985:   432442.026   432698.005   433210.009   433219.005   433227.009
   990:   433888.001   435420.003   435704.001   435735.003   435755.001
   995:   436696.003   436906.001   437256.003   437295.001   438826.003
  1000:   438946.001   439005.003   439249.001   439303.003   439310.005
  1005:   439567.009   440903.001   442585.018   442893.003   442899.016
  1010:   442949.026   443171.005   443780.009   443804.005   443809.009
  1015:   444434.001   445919.003   445944.001   445960.003   446133.001
  1020:   446168.003   446196.001   447709.003   447975.001   448037.003
  1025:   448118.001   448427.003   449227.001   449443.003   449605.005
  1030:   449885.009   450829.001   451549.003   451603.001   453285.018
  1035:   453860.003   453866.016   453916.026   454091.005   454569.009
  1040:   454620.005   454627.009   454643.005   454653.009   454688.005
  1045:   454701.009   455439.001   455530.003   455585.001   457243.003
  1050:   457486.001   458651.003   458730.001   458772.003   458900.001
  1055:   460582.018   460631.003   460637.016   460687.026   460912.005
  1060:   461468.009   461506.005   461533.009   461933.001   463615.018
  1065:   464015.003   464021.016   464071.026   464284.005   464876.009
  1070:   465254.001   465852.003   465903.001   467029.003   467124.001
  1075:   467151.003   467205.001   468836.003   468957.001   469029.003
  1080:   469167.001   469396.003   469464.001   470450.003   470550.001
  1085:   471025.003   471058.001   471912.003   471993.001   473675.018
  1090:   473901.003   473907.016   473957.026   474179.005   474829.009
  1095:   475180.005   475238.009   476082.001   477385.003   477619.001
  1100:   478532.003   478765.001   478876.003   479151.001   479957.003
  1105:   480400.001   481291.003   481325.001   481349.003   481479.001
  1110:   482585.003   482791.001   483147.003   483339.001   483356.003
  1115:   483682.005   483788.009   485996.005   486142.009   486628.001
  1120:   488310.018   488584.003   488590.016   488613.001   488640.026
  1125:   488918.003   488944.005   489665.009   490554.001   490601.003
  1130:   490632.001   492314.018   492421.003   492427.016   492477.026
  1135:   492768.005   493361.009   494032.001   494225.003   494349.001
  1140:   495679.003   495780.001   497462.018   499380.003   499386.016
  1145:   499436.026   499671.005   500192.009   500410.005   500651.009
  1150:   502345.001   502609.003   502625.001   503071.003   503232.001
  1155:   504224.003   504237.001   504765.003   505748.001   507430.018
  1160:   507550.003   507556.016   507606.026   507829.005   508330.009
  1165:   508704.001   510112.003   510136.001   511005.003   511047.001
  1170:   512255.003   512740.005   513107.009   513124.005   513133.009
  1175:   514280.001   515962.018   515984.003   515990.016   516040.026
  1180:   516195.005   517015.009   517016.005   517083.009   517442.001
  1185:   519124.018   519795.003   519801.016   519851.026   519867.001
  1190:   519909.003   520080.005   521195.009   521562.005   521679.009
  1195:   522471.001   524153.018   524373.003   524379.016   524429.026
  1200:   524469.001   524563.003   524651.001   524752.003   525046.005
  1205:   525862.009   525909.005   526046.009   526671.001   528353.018
  1210:   528520.003   528526.016   528576.026   528628.001   528723.003
  1215:   529164.005   529735.009   529784.005   529797.009   530335.001
  1220:   532017.018   533007.003   533013.016   533063.026   533199.005
  1225:   533735.009   534065.001   535289.003   535401.001   535723.003
  1230:   535771.001   537232.003   537417.001   537511.003   537582.001
  1235:   539080.003   539435.005   539637.009   542028.001   543510.003
  1240:   543606.001   544880.003   544942.001   546624.018   546687.003
  1245:   546693.016   546743.026   546832.005   547317.009   549376.005
  1250:   549662.009   550990.001   551524.003   551950.001   552719.003
  1255:   552952.001   553005.003   553087.001   553133.003   553145.005
  1260:   553727.009   553773.005   553778.009   554436.001   555205.003
  1265:   555309.001   555456.003   561135.005   561156.009   561173.005
  1270:   561241.009   561763.001   563445.018   564103.003   564109.016
  1275:   564132.001   564159.026   564220.003   564268.001   564355.003
  1280:   564384.005   564904.009   567059.005   567195.009   568114.001
  1285:   569377.003   569402.001   569524.003   569790.001   569908.003
  1290:   570032.001   570384.003   570845.001   572398.003   572424.001
  1295:   572508.003   572678.001   572741.003   572771.001   574049.003
  1300:   574060.001   574408.003   574645.005   574806.009   580703.005
  1305:   580928.009   580945.005   581066.009   581376.001   582326.003
  1310:   585465.005   585551.009   592245.005   592495.009   592844.001
  1315:   594526.018   595083.003   595089.016   595129.001   595139.026
  1320:   595153.003   595528.005   596267.009   597691.001   597797.003
  1325:   597870.001   597912.003   598290.005   598380.009   598683.005
  1330:   598928.009   598959.005   598982.009   599188.005   599578.009
  1335:   603317.005   603439.009   603870.001   604078.003   604125.001
  1340:   605140.003   605487.001   606280.003   606369.001   606507.003
  1345:   606827.005   606891.009   606905.005   607116.009   613464.005
  1350:   613586.009   613633.005   613948.009   614014.005   614045.009
  1355:   614162.005   614778.009   618847.001   619250.003   619863.001
  1360:   621304.003   621386.001   621701.003   621988.005   622049.009
  1365:   622237.005   622244.009   622452.005   622891.009   623162.001
  1370:   623575.003   633899.001   635581.018   636219.003   636225.016
  1375:   636275.026   636341.001   636386.003   636501.005   637118.009
  1380:   637166.005   637174.009   637591.001   637678.003   637846.001
  1385:   637905.003   638054.001   638800.003   639066.001   639077.003
  1390:   639124.001   640600.003   640687.001   640811.003   641143.001
  1395:   642409.003   642491.001   642874.003   643032.005   643370.009
  1400:   643508.005   643528.009   645585.005   645592.009   645601.005
  1405:   645640.009   646024.001   647706.018   648151.003   648157.016
  1410:   648207.026   648362.005   649218.009   649261.005   649281.009
  1415:   650081.001   651271.003   651291.001   652545.003   652790.001
  1420:   654472.018   654565.003   654571.016   654621.026   654815.005
  1425:   655528.009   656199.001   657881.018   658250.003   658256.016
  1430:   658306.026   658313.001   658360.003   658501.005   659150.009
  1435:   659861.001   661543.018   662613.003   662619.016   662669.026
  1440:   662683.001   662769.003   662802.001   662879.003   662928.001
  1445:   662941.005   662953.003   663371.009   663426.005   663533.009
  1450:   663933.001   665615.018   667642.003   667648.016   667698.026
  1455:   667816.001   667870.003   667870.005   668370.009   668385.005
  1460:   668419.009   668925.001   670607.018   671454.003   671460.016
  1465:   671510.026   671691.005   672052.009   672517.001   674199.018
  1470:   674783.003   674789.016   674839.026   674866.001   674930.003
  1475:   675140.005   675852.009   677276.001   678527.003   678624.001
  1480:   680074.003   680145.001   680209.003   680253.001   680281.003
  1485:   680710.005   680958.009   681560.001   683242.018   684604.003
  1490:   684610.016   684660.026   684713.001   684756.003   684896.005
  1495:   685316.009   686227.001   687909.018   688451.003   688457.016
  1500:   688498.001   688507.026   688560.003   688766.005   689218.009
  1505:   689249.005   689263.009   689750.001   691432.018   691837.003
  1510:   691843.016   691852.001   691893.026   692063.003   692192.005
  1515:   693006.009   693748.001   694880.003   694898.001   696144.003
  1520:   696218.001   697610.003   697787.001   697816.003   697847.001
  1525:   699269.003   699624.005   699937.009   700208.001   701890.018
  1530:   702571.003   702577.016   702627.026   702694.001   702734.003
  1535:   702805.005   703295.009   703810.001   705492.018   705997.003
  1540:   706003.016   706053.026   706385.005   707089.009   707108.005
  1545:   707120.009   707405.001   708442.003   708464.001   709041.003
  1550:   709107.001   710426.003   710769.001   712042.003   712212.001
  1555:   712998.003   713666.001   713860.003   715155.005   715377.009
  1560:   719743.001   721173.003   721247.001   722929.018   723373.003
  1565:   723379.016   723429.026   723687.005   724459.009   725304.001
  1570:   726978.003   727126.005   727377.009   727388.005   727494.009
  1575:   730858.001   732540.018   733341.003   733347.016   733397.026
  1580:   733399.001   733598.003   733689.005   734097.009   734115.005
  1585:   734137.009   734430.001   736112.018   736620.003   736626.016
  1590:   736635.001   736676.026   736881.003   736973.005   737791.009
  1595:   738063.001   738105.003   738707.001   740389.018   740433.003
  1600:   740439.016   740489.026   740557.001   740631.003   740732.005
  1605:   741487.009   743362.001   744201.003   744237.001   744265.003
  1610:   744302.001   745984.018   747598.003   747604.016   747654.026
  1615:   747662.001   747749.003   747888.005   748628.009   748667.005
  1620:   748856.009   752490.001   754172.018   756120.003   756126.016
  1625:   756162.001   756176.026   756267.003   756352.005   756725.009
  1630:   757295.001   758977.018   759762.003   759768.016   759818.026
  1635:   759841.001   759924.003   759977.001   760017.003   760081.005
  1640:   760521.009   761433.001   763115.018   763225.003   763231.016
  1645:   763281.026   763503.005   763979.009   764773.001   766455.018
  1650:   766899.003   766905.016   766955.026   767095.005   767504.009
  1655:   767531.005   767540.009   768579.001   769841.003   769857.001
  1660:   771165.003   771250.001   771310.003   771527.001   773209.018
  1665:   773481.003   773487.016   773537.026   773611.001   773647.003
  1670:   773711.005   774222.009   774271.005   774440.009   775292.001
  1675:   776869.003   776892.001   776925.003   777609.001   778967.003
  1680:   779184.005   779388.009   783307.001   784989.018   786366.003
  1685:   786372.016   786422.026   786526.005   787020.009   787022.005
  1690:   787029.009   787840.001   789522.018   789701.003   789707.016
  1695:   789757.026   789766.001   789811.003   790091.005   790767.009
  1700:   790797.005   790943.009   791494.001   793176.018   794471.003
  1705:   794477.016   794527.026   794735.005   795476.009   796294.001
  1710:   797784.003   798268.001   799788.003   800064.001   801746.018
  1715:   802054.003   802060.016   802110.026   802324.005   803085.009
  1720:   803985.001   805667.018   806010.003   806016.016   806066.026
  1725:   806089.001   806132.003   806481.005   807023.009   807055.005
  1730:   807205.009   807910.001   809592.018   810151.003   810157.016
  1735:   810207.026   810397.005   811345.009   811960.001   813642.018
  1740:   814322.003   814328.016   814340.001   814378.026   814507.003
  1745:   814686.005   815582.009   816041.001   817723.018   817780.003
  1750:   817786.016   817836.026   817986.005   818521.009   818553.005
  1755:   818592.009   819171.001   820853.018   821861.003   821867.016
  1760:   821917.026   822020.005   822549.009   822714.005   822787.009
  1765:   822807.005   823053.009   823574.001   825256.018   827396.003
  1770:   827402.016   827452.026   827454.017   827595.005   828292.009
  1775:   828776.001   830627.018   833958.003   833964.016   834014.026
  1780:   834022.001   834095.003   834221.005   834645.009   834701.005
  1785:   834713.009   835278.001   837129.018   838477.003   838483.016
  1790:   838502.001   838533.026   838723.003   838829.005   839423.009
  1795:   839471.005   839542.009   840754.001   842416.003   842527.001
  1800:   843780.003   843796.001   844119.003   844338.001   846030.003
  1805:   846092.005   846340.009   849888.001   851382.003   851462.001
  1810:   851745.003   851794.001   853522.003   853634.001   855269.003
  1815:   855852.005   856059.009   857082.001   858933.018   859476.003
  1820:   859482.016   859532.026   859720.005   860567.009   860625.005
  1825:   860652.009   862275.001   863692.003   863795.001   863869.003
  1830:   863945.001   865491.003   865560.001   866867.003   867303.005
  1835:   867659.009   867996.001   869847.018   870737.003   870743.016
  1840:   870779.001   870793.026   871325.003   871673.005   872368.009
  1845:   873368.001   875219.018   875882.003   875888.016   875938.026
  1850:   875962.001   876049.003   876143.005   876683.009   877017.001
  1855:   878768.003   878857.001   878981.003   879043.001   880567.003
  1860:   880747.001   882598.018   882741.003   882747.016   882797.026
  1865:   882820.001   882888.003   882987.005   884106.009   884116.005
  1870:   884193.009   885232.001   886465.003   886875.001   887236.003
  1875:   887326.001   888864.003   889056.001   890667.003   890740.001
  1880:   892246.003   892746.005   892979.009   893029.005   893038.009
  1885:   893819.001   895670.018   896304.003   896310.016   896360.026
  1890:   896393.001   896439.003   896531.005   897037.009   897169.005
  1895:   897282.009   898940.001   899892.003   900048.001   901870.003
  1900:   902110.001   902592.003   902705.005   903018.009   903372.001
  1905:   904974.003   905138.001   905207.003   905227.001   905715.003
  1910:   905862.001   905905.003   905929.001   905999.003   906267.001
  1915:   906426.003   906475.001   906483.003   906679.001   906701.003
  1920:   906788.001   907342.003   907532.001   908194.003   908252.001
  1925:   908357.003   908965.001   908999.003   910426.001   910797.003
  1930:   911004.001   911019.003   911195.005   911389.009   914404.005
  1935:   914445.009   914456.005   914472.009   914500.005   914598.009
  1940:   922756.005   922770.009   922961.005   923058.009   924722.001
  1945:   924902.003   924918.001   924930.003   924959.001   925217.003
  1950:   925316.001   926632.003   926893.001   927733.003   928211.005
  1955:   928339.009   928700.005   928721.009   928979.005   929164.009
  1960:   929165.005   929448.009   933363.001   934108.003   936088.001
  1965:   936251.003   936694.005   936864.009   938844.001   939053.003
  1970:   939115.001   939636.003   939726.001   940190.003   941101.001
  1975:   941612.003   956029.005   956043.009   956061.005   956146.009
  1980:   962116.001   962665.003   962995.001   964332.003   964359.001
  1985:   964416.003   964716.001   965649.003   965824.001   965901.003
  1990:   965995.001   966293.003   966725.001   967335.003   968314.001
  1995:   968677.003   968853.005   969008.009   973574.001   974422.003
  2000:   974627.005   974864.009   975472.005   975812.009   976623.001
  2005:   978474.018   980354.003   980360.016   980410.026   980561.005
  2010:   981373.009   982071.001   983922.018   985047.003   985053.016
  2015:   985103.026   985121.001   985148.003   985308.005   985697.009
  2020:   986812.001   988663.018   988672.003   988678.016   988728.026
  2025:   988901.005   989263.009   989341.005   989359.009   989445.005
  2030:   989586.009   990828.001   992641.003   992780.001   994489.003
  2035:   994895.005   995070.009   995431.001   996907.003   996990.001
  2040:   997560.003   997594.001   999445.018   999492.003   999498.016
  2045:   999548.026   999743.005  1000543.009  1001553.001  1003404.018
  2050:  1003845.003  1003851.016  1003901.026  1004110.005  1004653.009
  2055:  1004657.005  1004763.009  1006110.001  1007961.018  1008193.003
  2060:  1008199.016  1008249.026  1008251.017  1008343.001  1008369.003
  2065:  1008458.005  1009207.009  1010675.001  1010832.003  1010861.001
  2070:  1012878.003  1013137.001  1015173.018  1015215.003  1015221.016
  2075:  1015271.026  1015492.005  1016175.009  1016698.001  1016801.003
  2080:  1016904.001  1018940.018  1019033.003  1019039.016  1019089.026
  2085:  1019347.005  1020035.009  1020536.001  1022572.018  1023212.003
  2090:  1023218.016  1023268.001  1023268.026  1023441.003  1023505.005
  2095:  1024121.009  1024165.005  1024345.009  1024815.001  1026851.018
  2100:  1027542.003  1027548.016  1027598.026  1027675.001  1027717.003
  2105:  1027823.005  1028496.009  1028689.005  1028879.009  1028911.005
  2110:  1028995.009  1033684.001  1035720.018  1039386.003  1039392.016
  2115:  1039442.026  1039697.005  1040552.009  1040624.005  1040727.009
  2120:  1040747.005  1040768.009  1041969.001  1043445.003  1043710.001
  2125:  1044930.003  1045224.001  1046767.003  1047088.001  1048919.003
  2130:  1049381.005  1049721.009  1052324.001  1054360.018  1056682.003
  2135:  1056688.016  1056738.026  1056921.005  1057602.009  1058201.001
  2140:  1060237.018  1060483.003  1060489.016  1060539.026  1060632.005
  2145:  1061516.009  1061547.005  1061558.009  1062310.001  1064346.018
  2150:  1064513.003  1064519.016  1064569.026  1064571.017  1064661.005
  2155:  1065234.009  1065238.005  1065240.009  1065267.005  1065282.009
  2160:  1065304.005  1065489.009  1066329.001  1068036.003  1068297.005
  2165:  1068303.009  1068326.005  1068704.009  1069049.001  1071288.018
  2170:  1071383.003  1071389.016  1071439.026  1071455.001  1071561.003
  2175:  1071775.005  1072516.009  1073232.001  1075471.018  1075670.003
  2180:  1075676.016  1075726.026  1075795.001  1075832.003  1075999.005
  2185:  1076921.009  1078517.001  1080756.018  1081386.003  1081392.016
  2190:  1081442.026  1081457.001  1081483.003  1081625.005  1082350.009
  2195:  1082389.005  1082425.009  1084272.001  1084371.003  1084531.001
  2200:  1085867.003  1085886.001  1085934.003  1086340.001  1088579.018
  2205:  1088607.003  1088613.016  1088663.026  1088768.005  1089337.009
  2210:  1089953.001  1092065.003  1092630.001  1094516.003  1094750.001
  2215:  1094827.003  1095176.001  1096391.003  1096572.001  1098142.003
  2220:  1098620.005  1098913.009  1099851.001  1101566.003  1101846.001
  2225:  1102367.003  1102678.005  1102880.009  1103297.001  1104589.003
  2230:  1104623.001  1106664.003  1107001.001  1107073.003  1107205.001
  2235:  1107281.003  1108076.005  1108408.009  1108899.001  1110430.003
  2240:  1110488.001  1112727.018  1115068.003  1115074.016  1115124.026
  2245:  1115316.005  1116072.009  1116536.001  1117576.003  1117603.001
  2250:  1117895.003  1118179.001  1120418.018  1120739.003  1120745.016
  2255:  1120767.001  1120795.026  1120885.003  1120961.005  1121707.009
  2260:  1122446.001  1123740.003  1123782.001  1123978.003  1124019.001
  2265:  1125577.003  1125648.001  1127643.003  1127757.001  1128242.003
  2270:  1128739.005  1128820.009  1130650.005  1130745.009  1130771.005
  2275:  1130828.009  1132588.001  1133678.003  1134492.001  1134872.003
  2280:  1134922.001  1135588.003  1151325.001  1151624.003  1153518.001
  2285:  1153575.003  1153987.005  1154199.009  1157552.001  1159091.003
  2290:  1159202.001  1159350.003  1159391.001  1159967.003  1160341.001
  2295:  1160819.003  1161237.005  1161428.009  1161886.001  1162769.003
  2300:  1182951.001  1183243.003  1183927.001  1184297.003  1184394.001
  2305:  1184744.003  1185234.005  1185510.009  1188202.001  1188455.003
  2310:  1217411.005  1217756.009  1231487.001  1231725.003  1231747.001
  2315:  1232167.003  1232443.001  1234278.003  1234347.001  1235584.003
  2320:  1236109.005  1236235.009  1236639.001  1238290.003  1238319.001
  2325:  1239226.003  1239422.001  1239576.003  1239698.001  1240681.003
  2330:  1240722.001  1240875.003  1241056.001  1242001.003  1242610.001
  2335:  1242637.003  1242767.001  1245006.018  1245436.003  1245442.016
  2340:  1245492.026  1245558.001  1245585.003  1245671.001  1245688.003
  2345:  1245728.005  1246229.009  1246843.001  1247266.003  1247309.001
  2350:  1249104.003  1249434.001  1250773.003  1250835.001  1251026.003
  2355:  1251056.001  1252635.003  1252696.005  1253293.009  1253655.001
  2360:  1255894.018  1256590.003  1256596.016  1256629.001  1256646.026
  2365:  1256700.003  1256797.005  1257480.009  1257500.005  1257514.009
  2370:  1258247.001  1258551.003  1258632.001  1260217.003  1260250.001
  2375:  1260372.003  1260407.001  1261980.003  1262267.001  1263353.003
  2380:  1263632.001  1265370.003  1265803.001  1267856.003  1267875.001
  2385:  1267935.003  1268654.005  1268886.009  1271003.005  1271261.009
  2390:  1272548.001  1274737.003  1274783.001  1275722.003  1276530.005
  2395:  1276649.009  1277874.001  1279820.003  1279889.001  1281618.003
  2400:  1281861.001  1281900.003  1282253.001  1282314.003  1282356.005
  2405:  1282705.009  1283263.005  1283362.009  1283446.005  1283673.009
  2410:  1284767.001  1287006.018  1287242.003  1287248.016  1287271.001
  2415:  1287298.026  1287315.003  1287588.005  1288449.009  1288464.005
  2420:  1288581.009  1289350.001  1291096.003  1291692.001  1291704.003
  2425:  1291788.001  1293069.003  1293382.001  1294186.003  1294203.001
  2430:  1295601.003  1295794.001  1295955.003  1296064.001  1296277.003
  2435:  1296302.001  1296787.003  1296888.001  1299075.003  1299121.001
  2440:  1299425.003  1299498.005  1299863.009  1299902.005  1299952.009
  2445:  1299995.005  1300015.009  1304721.005  1304791.009  1305171.001
  2450:  1307410.018  1308960.003  1308966.016  1309016.026  1309124.001
  2455:  1309153.003  1309273.005  1309939.009  1311818.005  1311863.009
  2460:  1312549.001  1314788.018  1315294.003  1315300.016  1315350.026
  2465:  1315491.005  1315945.009  1315947.005  1315955.009  1316472.001
  2470:  1318003.003  1318024.001  1318791.003  1319025.005  1319399.009
  2475:  1319888.001  1322127.018  1323008.003  1323014.016  1323064.026
  2480:  1323104.001  1323157.003  1323243.005  1324006.009  1324855.001
  2485:  1326886.003  1326928.001  1328831.003  1329080.001  1329728.003
  2490:  1329748.001  1330470.003  1338555.001  1339709.003  1339949.001
  2495:  1339982.003  1340036.001  1341206.003  1341435.005  1341647.009
  2500:  1342504.001  1344743.018  1345686.003  1345692.016  1345742.026
  2505:  1345745.001  1345801.003  1345907.005  1346587.009  1346633.005
  2510:  1346722.009  1347244.001  1349483.018  1352538.003  1352544.016
  2515:  1352594.026  1352667.005  1353017.009  1354354.001  1356061.003
  2520:  1356083.001  1356188.003  1356759.001  1358341.003  1358527.001
  2525:  1358551.003  1358700.001  1359936.003  1360317.001  1360926.003
  2530:  1361415.001  1361778.003  1361815.001  1362073.003  1362090.001
  2535:  1362358.003  1362510.001  1362547.003  1362618.005  1362754.009
  2540:  1362812.005  1363000.009  1371587.005  1371620.009  1371817.005
  2545:  1372093.009  1372532.001  1374771.018  1376902.003  1376908.016
  2550:  1376958.026  1377105.005  1377780.009  1381682.001  1382249.003
  2555:  1382280.001  1383273.003  1383342.001  1384750.003  1385126.005
  2560:  1385340.009  1385744.001  1387866.003  1388034.001  1388514.003
  2565:  1388639.001  1389423.003  1389522.001  1389928.003  1389994.001
  2570:  1391507.003  1391861.005  1392114.009  1392160.005  1392172.009
  2575:  1395114.001  1397353.018  1398935.003  1398941.016  1398991.026
  2580:  1399178.005  1400007.009  1400902.001  1403141.018  1403199.003
  2585:  1403205.016  1403255.026  1403275.001  1403310.003  1403446.005
  2590:  1403917.009  1403950.005  1404047.009  1404684.001  1406380.003
  2595:  1406619.001  1408287.003  1409146.005  1409248.009  1409791.001
  2600:  1411629.003  1411656.001  1411676.003  1411709.001  1411752.003
  2605:  1411896.001  1413573.003  1414035.005  1414247.009  1414735.005
  2610:  1414907.009  1417797.001  1420036.018  1421422.003  1421428.016
  2615:  1421478.026  1421561.005  1422317.009  1422376.005  1422433.009
  2620:  1423096.001  1425335.018  1425635.003  1425641.016  1425691.026
  2625:  1425865.005  1426493.009  1427380.001  1428458.003  1428559.005
  2630:  1428982.009  1429468.001  1431171.003  1431475.001  1431559.003
  2635:  1431622.001  1432661.003  1433073.001  1433306.003  1433447.001
  2640:  1433467.003  1433488.001  1433509.003  1433588.001  1434954.003
  2645:  1435342.001  1437269.003  1442970.001  1443145.003  1443398.001
  2650:  1443447.003  1444313.001  1444609.003  1444639.001  1444881.003
  2655:  1445143.005  1445230.009  1454603.001  1455536.003  1456095.005
  2660:  1456127.009  1456527.001  1458766.018  1459854.003  1459860.016
  2665:  1459910.026  1460016.005  1460815.009  1462214.001  1463652.003
  2670:  1463885.001  1464460.003  1467038.005  1467146.009  1467158.005
  2675:  1467596.009  1468245.001  1469089.003  1469292.001  1469735.003
  2680:  1470681.005  1470685.009  1470708.005  1470740.009  1470756.005
  2685:  1470795.009  1470807.005  1470842.009  1471495.001  1471865.003
  2690:  1474458.005  1474645.009  1477342.005  1477347.009  1477406.005
  2695:  1477410.009  1477464.005  1477655.009  1479101.001  1480782.003
  2700:  1480865.001  1480980.003  1481469.001  1481556.003  1481613.001
  2705:  1481646.003  1482091.001  1482442.003  1482789.005  1483002.009
  2710:  1485424.001  1485755.003  1486346.001  1488450.003  1488596.001
  2715:  1488713.003  1489276.001  1489576.003  1489602.001  1491841.018
  2720:  1493783.003  1493789.016  1493839.026  1493972.005  1495383.009
  2725:  1496029.005  1496117.009  1496903.001  1498858.003  1499146.001
  2730:  1499162.003  1499205.001
B:
     0:        0.000      738.000        0.000      737.000        0.000
     5:      390.000        0.000        0.000        0.000      390.000
    10:        0.000        1.000        0.000        1.000        0.000
    15:        0.000      157.000        4.000      157.000        0.000
    20:        0.000        0.000        0.000        0.000        0.000
    25:        0.000      157.000        0.000        0.000        0.000
    30:        0.000
D:
     0:  5387484.000  5386684.000  5386641.000
E:
     0:     1529.000     2238.609
T:
     0:        0.000        0.000        0.000        0.000
W:
     0:        2.000        0.000        0.000
