File: C:\MED-PC IV\Data\Reyes\AW\AW1042.999


Start Date: 08/18/24
End Date: 08/18/24
Subject: 42
Experiment: AW
Group: PERC
Box: 4
Start Time: 14:55:18
End Time: 15:45:17
MSN: DRRD_perc
C:       0.000
F:       0.000
G:       0.000
H:       0.000
I:       0.000
J:       0.000
K:   10000.000
L:       0.000
M:       0.000
N:       0.000
O:       0.000
Q:       0.000
S:       0.000
U:  625559.000
V:       0.000
X:       0.000
Y:    1478.000
Z:       0.000
A:
     0:     7919.005     7947.009     8273.005     8921.009    11196.005
     5:    11238.009    15000.013    15000.011    15481.001    15511.003
    10:    15521.001    15666.003    15699.001    15966.003    16469.001
    15:    17888.003    17957.001    18007.003    18246.001    18354.003
    20:    18433.001    22771.003    22803.001    22844.003    22904.001
    25:    23128.003    23477.001    25233.003    25354.001    25811.003
    30:    26878.001    26900.003    26917.001    30089.003    30415.005
    35:    30783.009    31274.001    31302.003    31359.001    32496.003
    40:    32564.001    37564.018    38841.003    38847.016    38897.026
    45:    39065.005    39618.009    39634.005    39663.009    39756.005
    50:    39779.009    41351.001    41385.003    41717.001    46717.018
    55:    49086.003    49092.016    49142.026    49250.005    49694.009
    60:    49743.005    49795.009    49801.005    49825.009    49991.005
    65:    50070.009    50089.005    50123.009    50140.005    50183.009
    70:    50238.005    50279.009    50405.005    50827.009    52167.001
    75:    56419.003    56461.001    61254.003    62356.001    67295.003
    80:    67645.005    67814.009    69129.001    69159.003    69188.001
    85:    74188.018    74568.003    74574.016    74624.026    74763.005
    90:    75293.009    77744.001    82632.003    84204.001    89204.018
    95:    91474.003    91480.016    91530.026    91638.005    92037.009
   100:    92315.005    93057.009    94298.001    94351.003    94386.001
   105:    99386.018    99495.003    99501.016    99551.026    99717.005
   110:   100292.009   100501.005   100796.009   100833.005   100891.009
   115:   100957.005   101599.009   102568.001   102931.003   102952.001
   120:   107514.003   109104.001   114104.018   114456.003   114462.016
   125:   114512.026   114691.005   115154.009   116573.001   116692.003
   130:   116742.001   119391.003   119408.001   119807.003   119842.001
   135:   120248.003   120320.001   120678.003   120728.001   120798.003
   140:   121469.001   126469.018   126580.003   126586.016   126636.026
   145:   126796.005   127345.009   127562.005   127569.009   127663.005
   150:   127669.009   127693.005   128061.009   128494.005   128694.009
   155:   129223.001   130392.003   130416.001   130995.003   131009.001
   160:   136009.018   136121.003   136127.016   136177.026   136314.005
   165:   136713.009   138482.001   138502.003   138542.001   143096.003
   170:   143338.001   143361.003   143414.001   147831.003   148194.001
   175:   153194.018   153567.003   153573.016   153623.026   153761.005
   180:   154206.009   154343.005   154347.009   154368.005   154594.009
   185:   155949.001   156057.003   156133.001   156499.003   156760.001
   190:   161760.018   162451.003   162457.016   162507.026   162686.005
   195:   163387.009   163600.005   163878.009   163892.005   163999.009
   200:   165573.001   170573.018   172501.003   172507.016   172557.026
   205:   172720.005   173420.009   173604.005   173698.009   173737.005
   210:   173744.009   175122.001   175518.003   175548.001   179276.003
   215:   179312.001   179338.003   179605.001   183741.003   185351.001
   220:   185393.003   185412.001   188123.003   189385.001   189519.003
   225:   189531.001   194235.003   194260.001   194441.003   195613.001
   230:   200581.003   201060.005   201359.009   202000.001   202891.003
   235:   202911.001   207204.003   207867.001   212867.018   214460.003
   240:   214466.016   214507.001   214516.026   214611.003   214781.005
   245:   215376.009   215463.005   215486.009   215519.005   215525.009
   250:   215532.005   215738.009   215761.005   215772.009   215777.005
   255:   216064.009   216079.005   216261.009   218446.001   218516.003
   260:   218572.001   223021.003   223068.001   228068.018   228627.003
   265:   228633.016   228683.026   228834.005   229316.009   229414.005
   270:   229512.009   229539.005   229710.009   230987.001   231252.003
   275:   231269.001   235412.003   235906.001   240906.018   241879.003
   280:   241885.016   241935.026   242302.005   242691.009   243046.005
   285:   243058.009   243195.005   243449.009   244587.001   244672.003
   290:   244714.001   249714.018   250128.003   250134.016   250184.026
   295:   250314.005   250851.009   251066.005   251750.009   251802.005
   300:   251957.009   252654.001   255009.003   255053.001   255169.003
   305:   255181.001   257709.003   257903.001   257988.003   258104.001
   310:   261400.003   263114.001   263178.003   263229.001   267461.003
   315:   267745.005   267883.009   268439.001   268498.003   268635.001
   320:   268796.003   269001.001   269207.003   269859.001   274859.018
   325:   275491.003   275497.016   275547.026   275693.005   276176.009
   330:   276501.005   276508.009   276540.005   276632.009   277658.001
   335:   277819.003   277848.001   282848.018   285378.003   285384.016
   340:   285434.026   285546.005   285987.009   285996.005   286001.009
   345:   286121.005   286184.009   286290.005   286493.009   286509.005
   350:   286951.009   288855.001   288962.003   289063.001   289100.003
   355:   289151.001   294151.018   294761.003   294767.016   294817.026
   360:   294852.001   294883.003   294978.005   295710.009   295805.005
   365:   295942.009   303025.001   303129.003   303292.001   303413.003
   370:   303487.001   303502.003   303520.001   304570.003   304863.001
   375:   309084.003   309422.001   311323.003   312344.005   312581.009
   380:   313608.001   318572.003   318835.001   321334.003   321378.001
   385:   321987.003   323020.001   323780.003   323791.001   328791.018
   390:   329098.003   329104.016   329154.026   329316.005   329755.009
   395:   329804.005   329823.009   329866.005   329893.009   331478.001
   400:   336478.018   337548.003   337554.016   337604.026   337775.005
   405:   338305.009   338376.005   338379.009   338778.005   338790.009
   410:   340299.005   340331.009   342553.001   347553.018   348957.003
   415:   348963.016   349013.026   349181.005   349569.009   349585.005
   420:   349616.009   351797.001   351879.003   351892.001   356027.003
   425:   356466.001   356747.003   356818.001   360907.003   362408.001
   430:   363823.003   364474.001   364688.003   364788.001   369636.003
   435:   369711.001   370087.003   370251.005   370495.009   372010.001
   440:   376819.003   378954.001   380280.003   380463.001   382830.003
   445:   382874.001   387874.018   387951.003   387957.016   388007.026
   450:   388132.005   388444.009   390686.001   395686.018   396123.003
   455:   396129.016   396179.026   396295.005   396885.009   396900.005
   460:   396949.009   397082.005   397101.009   397142.005   398385.009
   465:   398410.005   398534.009   399276.001   399357.003   399383.001
   470:   404383.018   404755.003   404761.016   404811.026   405005.005
   475:   405879.009   408315.001   412498.003   412533.001   412855.003
   480:   413065.001   413095.003   413343.001   413424.003   413462.001
   485:   416288.003   416837.001   420719.003   421775.001   426775.018
   490:   428672.003   428678.016   428728.026   428898.005   429273.009
   495:   431578.001   436578.018   436984.003   436990.016   437040.026
   500:   437205.005   437618.009   437661.005   437692.009   437827.005
   505:   438253.009   439165.001   444165.018   445597.003   445603.016
   510:   445653.026   445820.005   446287.009   447850.001   448282.003
   515:   448402.001   453365.003   453948.001   458779.003   459331.001
   520:   461529.003   462963.001   463022.003   463132.001   463184.003
   525:   463209.001   467551.003   467723.001   467827.003   469106.001
   530:   474106.018   475189.003   475195.016   475245.026   475411.005
   535:   476013.009   476018.005   476152.009   476197.005   476248.009
   540:   476336.005   476510.009   476534.005   476576.009   477643.001
   545:   477861.003   477924.001   482504.003   483103.001   485928.003
   550:   487065.001   487154.003   487183.001   492183.018   493662.003
   555:   493668.016   493718.026   493874.005   494232.009   496667.001
   560:   496729.003   496769.001   501178.003   501571.001   501805.003
   565:   502282.001   507282.018   507520.003   507526.016   507576.026
   570:   507699.005   508203.009   508239.005   508278.009   510991.001
   575:   515991.018   517599.003   517605.016   517655.026   517958.005
   580:   518874.009   518906.005   518912.009   518962.005   518967.009
   585:   518984.005   519093.009   519099.005   519617.009   523525.005
   590:   523609.009   525329.001   530329.018   530841.003   530847.016
   595:   530897.026   531035.005   531673.009   531707.005   531712.009
   600:   531766.005   531770.009   534026.001   534138.003   534159.001
   605:   538842.003   538903.001   539055.003   540774.001   540896.003
   610:   540943.001   545530.003   547762.001   548331.003   548368.001
   615:   552071.003   553322.001   556771.003   557455.005   557671.009
   620:   558163.001   558242.003   558269.001   559198.003   559235.001
   625:   563378.003   563909.001   568130.003   568473.001   568778.003
   630:   569088.001   572124.003   572522.001   576366.003   577388.001
   635:   577537.003   577698.001   577780.003   578043.001   578201.003
   640:   578364.001   583364.018   584293.003   584299.016   584349.026
   645:   584482.005   584747.009   584805.005   585155.009   587358.001
   650:   592358.018   592673.003   592679.016   592729.026   592882.005
   655:   593688.009   593716.005   593726.009   593770.005   593922.009
   660:   595509.001   600509.018   601264.003   601270.016   601320.026
   665:   601464.005   601962.009   602113.005   602144.009   602173.005
   670:   602179.009   602275.005   602427.009   602452.005   602707.009
   675:   606489.001   611489.018   612751.003   612757.016   612807.026
   680:   612960.005   613637.009   613668.005   613675.009   613808.005
   685:   613864.009   613931.005   613955.009   613969.005   613980.009
   690:   616139.001   621139.018   621256.003   621262.016   621312.026
   695:   621526.005   622373.009   622382.005   622718.009   622759.005
   700:   623020.009   624174.001   629174.018   629317.003   629323.016
   705:   629373.026   629506.005   630394.009   630466.005   630809.009
   710:   630828.005   630968.009   630988.005   631004.009   631027.005
   715:   631063.009   631979.001   634655.003   634697.001   635300.003
   720:   635381.001   635569.003   635858.001   635884.003   635918.001
   725:   640918.018   641249.003   641255.016   641305.026   641465.005
   730:   641882.009   644291.001   648771.003   648818.001   649560.003
   735:   650271.001   650297.003   650345.001   653480.003   655200.001
   740:   655388.003   655411.001   659771.003   661463.001   666463.018
   745:   667775.003   667781.016   667831.026   667985.005   668394.009
   750:   668766.005   669179.009   670979.001   675979.018   675987.003
   755:   675993.016   676043.026   676148.005   676963.009   679060.001
   760:   679447.003   679474.001   684473.003   685273.001   689451.003
   765:   690420.001   692223.003   694684.001   699684.018   700832.003
   770:   700838.016   700888.026   701042.005   701758.009   701787.005
   775:   701795.009   701828.005   701842.009   701846.005   701850.009
   780:   701866.005   701934.009   704366.001   704813.003   704835.001
   785:   709143.003   709736.001   713781.003   714321.001   719161.003
   790:   719950.001   722704.003   724094.005   724217.009   724232.005
   795:   724379.009   725465.001   730103.003   730688.001   735009.003
   800:   735457.005   735543.009   737441.001   737897.003   737945.001
   805:   742426.003   742477.001   742768.003   742803.001   743020.003
   810:   746282.001   746370.003   746504.001   751268.003   751343.001
   815:   751626.003   751746.001   755586.003   755618.001   756210.003
   820:   756415.001   756628.003   757782.001   757851.003   757890.001
   825:   762890.018   763504.003   763510.016   763560.026   763706.005
   830:   763977.009   764021.005   764040.009   773330.001   778330.018
   835:   778690.003   778696.016   778746.026   778908.005   779312.009
   840:   779327.005   779344.009   779814.005   779823.009   779826.005
   845:   779831.009   781819.001   781881.003   781924.001   785997.003
   850:   786178.001   786275.003   786983.001   787482.003   787729.001
   855:   792729.018   793514.003   793520.016   793570.026   793717.005
   860:   794229.009   796305.001   796637.003   796716.001   796775.003
   865:   796829.001   801585.003   802453.001   806593.003   806812.001
   870:   809299.003   809373.001   809804.003   809911.001   814628.003
   875:   814650.001   814798.003   815060.001   815178.003   815244.001
   880:   815267.003   815318.001   815850.003   817294.001   822294.018
   885:   822724.003   822730.016   822780.026   822906.005   823332.009
   890:   823908.005   823943.009   825531.001   825643.003   825687.001
   895:   830687.018   830948.003   830954.016   831004.026   831165.005
   900:   831529.009   834063.001   839063.018   839704.003   839710.016
   905:   839760.026   839905.005   840351.009   844064.001   844226.003
   910:   844261.001   844274.003   844380.001   844570.003   845158.001
   915:   850158.018   850566.003   850572.016   850622.026   850756.005
   920:   851102.009   851112.005   851251.009   853912.001   854116.003
   925:   854224.001   857385.003   857432.001   857774.003   857811.001
   930:   861533.003   863769.001   868642.003   869509.001   869997.003
   935:   870028.001   874264.003   875027.001   879869.003   882399.001
   940:   887399.018   888725.003   888731.016   888781.026   888951.005
   945:   889419.009   889433.005   889463.009   891936.001   892047.003
   950:   892133.001   897062.003   897137.001   897346.003   897518.001
   955:   902518.018   902977.003   902983.016   903033.026   903184.005
   960:   903494.009   906524.001   911524.018   911539.003   911545.016
   965:   911581.001   911595.026   911636.003   911685.001   911769.003
   970:   911845.005   912874.009   913093.005   913100.009   913118.005
   975:   913152.009   913313.005   913419.009   913424.005   913426.009
   980:   913516.005   913804.009   913848.005   913886.009   915914.001
   985:   920914.018   920982.003   920988.016   921038.026   921137.005
   990:   921642.009   921691.005   922405.009   925116.001   930116.018
   995:   931324.003   931330.016   931380.026   931497.005   932225.009
  1000:   932249.005   932254.009   932289.005   932300.009   935431.001
  1005:   939949.003   940015.001   945015.018   945611.003   945617.016
  1010:   945667.026   945808.005   946124.009   946253.005   946271.009
  1015:   948680.001   953379.003   953443.001   953794.003   953895.001
  1020:   958895.018   959602.003   959608.016   959658.026   959831.005
  1025:   960182.009   962396.001   967012.003   967079.001   972079.018
  1030:   972328.003   972334.016   972384.026   972423.001   972442.003
  1035:   972565.005   972986.009   974809.001   974855.003   974928.001
  1040:   978820.003   979143.001   979409.003   979432.001   983043.003
  1045:   983371.001   983559.003   983771.001   988502.003   989436.001
  1050:   989563.003   989586.001   992999.003   993870.001   998375.003
  1055:   998431.001   998547.003  1000055.001  1004744.003  1006062.001
  1060:  1006089.003  1006137.001  1009428.003  1009784.001  1009944.003
  1065:  1010920.001  1015920.018  1016735.003  1016741.016  1016791.026
  1070:  1016946.005  1018011.009  1018079.005  1018106.009  1018131.005
  1075:  1018155.009  1018171.005  1018195.009  1020195.001  1020382.003
  1080:  1020415.001  1020497.003  1020532.001  1024040.003  1024130.001
  1085:  1024350.003  1027062.001  1032062.018  1033256.003  1033262.016
  1090:  1033312.026  1033478.005  1033972.009  1034963.001  1035096.003
  1095:  1035131.001  1040131.018  1040224.003  1040230.016  1040280.026
  1100:  1040594.001  1040680.003  1042223.001  1046718.003  1048230.001
  1105:  1051486.003  1051750.001  1051912.003  1051975.001  1055127.003
  1110:  1056744.001  1056800.003  1056826.001  1061550.003  1062480.001
  1115:  1067480.018  1067793.003  1067799.016  1067849.026  1067972.005
  1120:  1068588.009  1070745.001  1075745.018  1076618.003  1076624.016
  1125:  1076674.026  1076823.005  1077199.009  1080203.001  1084735.003
  1130:  1084925.001  1089925.018  1090926.003  1090932.016  1090982.026
  1135:  1091099.005  1091639.009  1091894.005  1091922.009  1094337.001
  1140:  1094606.003  1094632.001  1094854.003  1094976.001  1099274.003
  1145:  1099779.001  1101658.003  1101677.001  1104628.003  1105230.001
  1150:  1110230.018  1111889.003  1111895.016  1111945.026  1112080.005
  1155:  1112378.009  1112417.005  1112455.009  1123968.001  1128223.003
  1160:  1128304.001  1133304.018  1133655.003  1133661.016  1133711.026
  1165:  1133825.005  1134137.009  1134863.005  1135129.009  1136494.001
  1170:  1141494.018  1142281.003  1142287.016  1142337.026  1142474.005
  1175:  1142948.009  1143007.005  1143033.009  1144978.001  1149978.018
  1180:  1150591.003  1150597.016  1150647.026  1150755.005  1152264.009
  1185:  1154067.001  1158659.003  1159043.001  1159147.003  1159199.001
  1190:  1162842.003  1163259.001  1166207.003  1166282.001  1166402.003
  1195:  1168608.001  1173357.003  1174765.001  1179045.003  1179450.001
  1200:  1183575.003  1185348.001  1185369.003  1185393.001  1189275.003
  1205:  1189574.001  1192999.003  1195996.001  1200996.018  1203140.003
  1210:  1203146.016  1203196.026  1203351.005  1203681.009  1203714.005
  1215:  1203984.009  1204083.005  1204251.009  1207999.001  1208086.003
  1220:  1208113.001  1213113.018  1213550.003  1213556.016  1213606.026
  1225:  1213728.005  1214443.009  1218233.001  1222260.003  1222510.001
  1230:  1225918.003  1226010.001  1226158.003  1226332.001  1229333.003
  1235:  1230448.001  1235448.018  1235489.003  1235495.016  1235545.026
  1240:  1235678.005  1236360.009  1236427.005  1236435.009  1236480.005
  1245:  1236482.009  1238888.001  1243888.018  1244169.003  1244175.016
  1250:  1244225.026  1244428.005  1244927.009  1247277.001  1251764.003
  1255:  1252262.001  1255647.003  1255877.001  1255966.003  1255993.001
  1260:  1256196.003  1256237.001  1259087.003  1259105.001  1259419.003
  1265:  1259716.001  1262793.003  1264856.001  1268704.003  1268734.001
  1270:  1269091.003  1270512.001  1275258.003  1276448.001  1280938.003
  1275:  1281018.001  1281522.003  1281763.001  1286763.018  1289423.003
  1280:  1289429.016  1289479.026  1289670.005  1290092.009  1290164.005
  1285:  1290179.009  1293157.001  1298157.018  1298873.003  1298879.016
  1290:  1298929.026  1299026.005  1299684.009  1299734.005  1299749.009
  1295:  1299799.005  1299857.009  1299982.005  1299991.009  1302562.001
  1300:  1307562.018  1307638.003  1307644.016  1307694.026  1307800.005
  1305:  1308116.009  1308876.005  1308976.009  1310778.001  1315778.018
  1310:  1315929.003  1315935.016  1315985.026  1316107.005  1316583.009
  1315:  1316588.005  1316676.009  1319041.001  1323663.003  1324375.001
  1320:  1324403.003  1324480.001  1329480.018  1330231.003  1330237.016
  1325:  1330287.026  1330460.005  1330725.009  1330897.005  1330980.009
  1330:  1331144.005  1331399.009  1331414.005  1331443.009  1331496.005
  1335:  1331707.009  1331745.005  1331774.009  1332092.005  1332122.009
  1340:  1332191.005  1332206.009  1332285.005  1332324.009  1332398.005
  1345:  1332468.009  1332583.005  1332665.009  1333603.001  1334246.003
  1350:  1334255.001  1338182.003  1339498.001  1343462.003  1343650.001
  1355:  1344103.003  1344873.001  1349873.018  1350611.003  1350617.016
  1360:  1350667.026  1350792.005  1351555.009  1351567.005  1351847.009
  1365:  1354123.001  1358304.003  1358329.001  1358459.003  1358532.001
  1370:  1358833.003  1358941.001  1362859.003  1363473.001  1367703.003
  1375:  1368047.001  1368076.003  1368132.001  1372240.003  1373215.001
  1380:  1378215.018  1378307.003  1378313.016  1378363.026  1378495.005
  1385:  1378918.009  1381418.001  1386418.018  1386442.003  1386448.016
  1390:  1386498.026  1386612.005  1387099.009  1387116.005  1387201.009
  1395:  1387209.005  1387227.009  1387361.005  1387372.009  1388669.005
  1400:  1389026.009  1389048.005  1389084.009  1395030.005  1395297.009
  1405:  1395915.001  1396382.003  1396443.001  1400122.003  1400281.001
  1410:  1403646.003  1403820.001  1403915.003  1404070.001  1407712.003
  1415:  1408117.001  1411913.003  1411995.001  1412260.003  1412330.001
  1420:  1417025.003  1419961.001  1424280.003  1424302.001  1424440.003
  1425:  1424484.001  1429484.018  1429546.003  1429552.016  1429602.026
  1430:  1429606.001  1429648.003  1429691.005  1430969.009  1430990.005
  1435:  1430999.009  1431053.005  1431057.009  1431775.005  1431877.009
  1440:  1436040.001  1440662.003  1441233.001  1441334.003  1441374.001
  1445:  1445948.003  1446154.001  1446315.003  1446497.001  1450819.003
  1450:  1469969.005  1470205.009  1470962.001  1475962.018  1476004.003
  1455:  1476010.016  1476060.026  1476173.005  1476870.009  1476988.005
  1460:  1476992.009  1478723.001  1478849.003  1478935.001  1483786.003
  1465:  1483862.001  1484093.003  1484220.001  1484411.003  1484443.001
  1470:  1488142.003  1488659.001  1488730.003  1488797.001  1493060.003
  1475:  1493640.001  1496995.003  1498683.001
B:
     0:        0.000      380.000        0.000      379.000        0.000
     5:      237.000        0.000        0.000        0.000      237.000
    10:        0.000        1.000        0.000        1.000        0.000
    15:        0.000       81.000        0.000       81.000        0.000
    20:        0.000        0.000        0.000        0.000        0.000
    25:        0.000       81.000        0.000        0.000        0.000
    30:        0.000
D:
     0:  2125564.000  2124242.000  2122554.000
E:
     0:     5000.000     5000.000
P:
     0:        0.000       30.000      145.000      267.000     1419.000
     5:       50.000      108.000     4338.000       41.000      224.000
    10:     1756.000      457.000       22.000     3172.000       28.000
    15:     1137.000     6277.000       34.000     7369.000     4252.000
    20:     4793.000     4939.000       30.000     5380.000     4888.000
    25:     7270.000       53.000     5109.000      363.000     4562.000
    30:     5352.000      119.000     2649.000      399.000      406.000
    35:      358.000       70.000     5111.000     1169.000      579.000
    40:     5112.000       20.000     4554.000       23.000     4417.000
    45:     5373.000      108.000      366.000     5691.000     6928.000
    50:      396.000     3728.000       26.000     4136.000       42.000
    55:     2711.000      134.000     4704.000      181.000     4968.000
    60:      891.000     4293.000     6593.000       93.000       70.000
    65:     4449.000     5559.000      265.000     4143.000     5973.000
    70:       85.000     5414.000     2355.000      116.000     2528.000
    75:       85.000     3296.000       64.000     4232.000       59.000
    80:      161.000      206.000     5632.000      161.000     7530.000
    85:      107.000       37.000     5610.000       31.000      104.000
    90:      121.000       15.000     1050.000     4221.000     1901.000
    95:     4964.000     2499.000      609.000      760.000     5307.000
   100:     6070.000     6404.000       82.000     4135.000      281.000
   105:     4089.000     1415.000      214.000     4848.000      376.000
   110:     4809.000     1326.000     2367.000     5077.000     5437.000
   115:       81.000     5372.000     4183.000      322.000       30.000
   120:       81.000     2826.000     3882.000     6897.000     5406.000
   125:     6432.000      432.000     4963.000     4831.000     2198.000
   130:       59.000       52.000     4342.000      104.000     6083.000
   135:      218.000     4580.000     2825.000       89.000     6479.000
   140:       62.000     4409.000      234.000     5238.000     6608.000
   145:     5512.000      112.000     4683.000      152.000      122.000
   150:     4587.000      569.000     3703.000     3449.000       79.000
   155:      929.000     4143.000     4221.000      305.000     3036.000
   160:     3844.000      149.000       82.000      158.000     5929.000
   165:     5315.000     5755.000     6262.000     5117.000     5143.000
   170:     2676.000      603.000      188.000       26.000     5331.000
   175:     4480.000      742.000       26.000     3135.000      188.000
   180:     4360.000     6312.000     5008.000      387.000     4999.000
   185:     4178.000     1803.000     6148.000      447.000     4308.000
   190:     4045.000     4840.000     2754.000     4638.000     4321.000
   195:      456.000     4481.000      291.000      217.000       88.000
   200:     4764.000      283.000     3840.000      592.000      213.000
   205:       69.000     5614.000     5360.000       62.000     4073.000
   210:       97.000      499.000     5785.000      332.000       59.000
   215:     4756.000     4140.000     2487.000      431.000     4717.000
   220:      148.000      118.000       23.000      532.000     5430.000
   225:      112.000     5261.000     5641.000      162.000       13.000
   230:      190.000     5408.000      204.000     3161.000      342.000
   235:     3722.000     4873.000      488.000     4236.000     4842.000
   240:     6326.000      111.000     4929.000      209.000     5459.000
   245:     5015.000       39.000       84.000     5068.000     6208.000
   250:     4518.000     5596.000     4699.000      351.000     5707.000
   255:     4616.000     5249.000       19.000       46.000     3892.000
   260:      266.000     3611.000      188.000     4731.000      127.000
   265:     3413.000     4505.000      116.000     4689.000       27.000
   270:     3291.000      160.000     5815.000      187.000       82.000
   275:     3508.000      220.000     6194.000      133.000     5093.000
   280:       86.000     4495.000     3256.000      162.000     3152.000
   285:       56.000     4724.000     5313.000     5873.000     4532.000
   290:     6001.000      269.000      222.000     4298.000     1879.000
   295:     2951.000     6659.000     4255.000     5351.000     5787.000
   300:     5613.000     4592.000      104.000     3643.000     2948.000
   305:      120.000     4749.000     4280.000     4125.000       21.000
   310:     3882.000     3425.000     7144.000       87.000     5437.000
   315:     4027.000     3408.000      148.000     3001.000     5041.000
   320:     5281.000     4487.000     3385.000       89.000      203.000
   325:     2850.000      314.000     3077.000     3848.000      357.000
   330:     4746.000     4490.000      504.000     7660.000     5716.000
   335:     5076.000     5151.000     4622.000       28.000     5751.000
   340:      643.000     3927.000     3964.000      453.000     5738.000
   345:     4181.000      130.000      301.000     3918.000     4230.000
   350:       29.000     4108.000     5092.000     5024.000      467.000
   355:     3679.000     3365.000       95.000     3642.000     3796.000
   360:      265.000     4695.000     4319.000      138.000     5062.000
   365:       42.000     4622.000      101.000     4574.000      161.000
   370:     4322.000     5042.000      126.000     4851.000      231.000
   375:      191.000     3699.000       71.000     4263.000     3355.000
   380:        0.000
R:
     0:        1.000        0.000        0.000
T:
     0:        0.000        0.000        0.000        0.000
W:
     0:        2.000        0.000        0.000
