File: C:\MED-PC IV\Data\Reyes\AW\AW1040.999


Start Date: 08/13/24
End Date: 08/13/24
Subject: 40
Experiment: AW
Group: EXP10
Box: 2
Start Time: 15:00:44
End Time: 15:50:44
MSN: DRRD_exp_10
C:       0.000
F:       0.000
G:       0.000
H:       0.000
I:       0.000
J:       0.000
K:    1427.000
L:       0.000
M:       0.000
N:       0.000
O:       0.000
P:       0.000
Q:       0.000
R:       0.000
S:       0.000
U: 1332228.000
V:       0.000
X:       0.000
Y:    5355.000
Z:       0.000
A:
     0:     6545.005     6552.009     6556.005     6649.009     9520.005
     5:     9652.009     9660.005    10173.009    10706.005    10717.009
    10:    10719.005    10725.009    10730.005    10777.009    10786.005
    15:    10800.009    10809.005    10822.009    13606.005    13613.009
    20:    13623.005    13628.009    13644.005    13936.009    15000.013
    25:    15000.011    15610.001    15642.003    15826.001    16003.003
    30:    17133.001    17165.003    18419.001    18838.003    19013.005
    35:    19184.009    19752.001    20100.003    20708.001    21422.018
    40:    21605.003    21611.016    21661.026    21750.005    21759.009
    45:    21760.005    22367.009    23416.005    23421.009    23431.005
    50:    23620.009    23628.005    23640.009    24358.001    24687.003
    55:    25654.001    26162.003    26651.001    26694.003    26728.001
    60:    26789.003    26801.001    27224.003    27379.005    27569.009
    65:    27570.005    27575.009    27579.005    27583.009    27831.001
    70:    28318.003    28603.001    28830.003    28883.001    28937.003
    75:    28958.001    29592.003    30004.005    30351.009    30820.001
    80:    30840.003    30875.001    31352.003    31387.001    31490.003
    85:    31522.001    31681.003    31710.001    32283.003    33469.001
    90:    33752.003    34500.001    34534.003    34561.001    34826.003
    95:    34899.001    35054.003    35105.001    35308.003    35440.001
   100:    35583.003    36246.001    36303.003    36417.001    36433.003
   105:    36453.001    37167.018    37250.003    37256.016    37306.026
   110:    37450.005    38957.009    40961.001    41374.003    41621.005
   115:    41847.009    41857.005    41863.009    41873.005    41875.009
   120:    41877.005    41883.009    41886.005    41898.009    41900.005
   125:    41911.009    41915.005    41927.009    41930.005    41943.009
   130:    41946.005    41957.009    41958.005    41972.009    41973.005
   135:    41986.009    41988.005    41992.009    42264.001    42293.003
   140:    42341.001    42968.003    44074.001    44463.003    44836.005
   145:    44968.009    45935.005    46191.009    46373.001    46383.003
   150:    46589.001    46762.003    46806.001    46859.003    46936.001
   155:    46984.003    47034.001    47062.003    47114.001    47148.003
   160:    47195.001    47406.003    47568.001    47658.003    47829.001
   165:    47927.003    48126.001    48205.003    48862.001    49043.003
   170:    49519.001    50015.003    50038.001    50096.003    50221.005
   175:    50427.009    50431.005    50514.009    50519.005    50536.009
   180:    50555.005    50569.009    50625.005    51095.009    51099.005
   185:    51109.009    51117.005    51135.009    51138.005    51144.009
   190:    51455.001    51490.003    51506.001    52162.003    52434.001
   195:    52645.003    53180.001    53317.003    53597.001    53702.003
   200:    54387.001    54618.003    54658.001    54686.003    54715.001
   205:    55160.003    55283.001    55444.003    56001.001    56121.003
   210:    56176.001    56197.003    56263.001    56390.003    56421.001
   215:    57135.018    57182.003    57188.016    57238.026    57317.005
   220:    58769.009    60674.005    60807.009    60808.005    60820.009
   225:    60835.005    60838.009    60852.005    60859.009    61211.001
   230:    61256.003    61975.001    61996.003    62037.001    62128.003
   235:    62239.001    62254.003    62329.001    62361.003    62375.001
   240:    62713.003    63292.001    63327.003    63433.001    64116.003
   245:    64657.001    65055.003    65112.001    65138.003    65173.001
   250:    65499.003    65859.001    65912.003    65934.001    66648.018
   255:    66656.003    66662.016    66712.026    66836.005    67387.009
   260:    67390.005    67420.009    67435.005    67601.009    70684.001
   265:    70853.003    71707.005    71739.009    71740.005    71789.009
   270:    71795.005    71830.009    71869.005    71884.009    71890.005
   275:    71896.009    71897.005    71901.009    71909.005    71914.009
   280:    71937.005    71948.009    71953.005    71960.009    71977.005
   285:    71981.009    72075.005    72096.009    72113.005    72128.009
   290:    72142.005    72162.009    72216.005    72239.009    72250.005
   295:    72274.009    72478.001    72533.003    72540.001    73255.018
   300:    73354.003    73360.016    73410.026    73525.005    74193.009
   305:    74202.005    74247.009    74250.005    74280.009    74301.005
   310:    74315.009    74343.005    74351.009    74356.005    74384.009
   315:    74393.005    74397.009    75058.001    75554.003    75620.001
   320:    75871.003    76176.001    76275.003    76394.001    76721.003
   325:    77136.001    77848.003    78253.001    78511.003    78712.001
   330:    79426.018    79553.003    79559.016    79609.026    79786.005
   335:    80911.009    80923.005    80938.009    81241.005    81252.009
   340:    81270.005    81282.009    81284.005    81297.009    81301.005
   345:    81427.009    81431.005    81475.009    81476.005    81495.009
   350:    81498.005    81514.009    81527.005    81534.009    81580.005
   355:    81588.009    81623.005    81628.009    81630.005    81637.009
   360:    81734.005    81741.009    81745.005    81753.009    81764.005
   365:    81770.009    81776.005    81786.009    81787.005    81796.009
   370:    81803.005    81845.009    81863.005    81876.009    81901.005
   375:    81904.009    83300.001    83348.003    83365.001    83737.003
   380:    84180.001    84193.003    84240.001    84480.003    84500.001
   385:    85081.003    85451.001    85769.003    86121.001    86336.003
   390:    87316.005    87491.009    87495.005    87508.009    87515.005
   395:    87534.009    87536.005    87540.009    87546.005    87556.009
   400:    87615.005    87623.009    87624.005    87636.009    87637.005
   405:    87669.009    87671.005    87684.009    87697.005    87701.009
   410:    87900.001    87944.003    87988.001    88646.003    88958.001
   415:    89242.003    89563.001    90277.018    90451.003    90457.016
   420:    90507.026    90566.001    90578.003    90694.005    91769.009
   425:    91791.005    91796.009    91818.005    91824.009    91825.005
   430:    92110.009    92967.001    93148.003    93399.005    93405.009
   435:    93437.005    93448.009    93453.005    93458.009    93797.001
   440:    93997.003    94075.001    94185.003    94193.001    94249.003
   445:    94309.001    94732.003    95167.001    95661.003    95970.001
   450:    96102.003    96281.001    96482.003    97044.001    97077.003
   455:    97121.001    97835.018    97884.003    97890.016    97940.026
   460:    98010.005    98691.009    98706.005    98721.009    98743.005
   465:    98747.009    98770.005    99206.009    99209.005    99222.009
   470:    99228.005    99232.009    99233.005    99238.009    99243.005
   475:    99256.009    99464.001    99902.003    99908.001   100232.003
   480:   100280.001   100327.003   100370.001   100822.003   101135.001
   485:   101438.003   101814.005   101939.009   101941.005   101956.009
   490:   101972.005   101981.009   101989.005   101998.009   102023.005
   495:   102300.009   102302.005   102313.009   102315.005   102331.009
   500:   102335.005   102346.009   102369.005   102376.009   102389.005
   505:   102401.009   102539.001   103253.018   103441.003   103447.016
   510:   103497.026   103577.005   104817.009   104818.005   104911.009
   515:   105124.001   105729.003   106101.001   106707.003   107056.001
   520:   107072.003   107226.001   107795.003   109132.001   109272.003
   525:   109314.001   109342.003   109385.001   110043.003   110410.005
   530:   110418.009   111414.001   111780.003   112099.001   112464.003
   535:   112883.001   113100.003   113394.001   113894.003   113970.001
   540:   114083.003   114462.005   114713.009   114761.005   114767.009
   545:   114785.005   114809.009   123413.001   123761.003   123866.001
   550:   124237.003   124732.001   124898.003   124990.001   125167.003
   555:   125581.005   125962.009   125980.005   126011.009   126022.005
   560:   126028.009   126032.005   126038.009   126051.005   126056.009
   565:   126057.005   126077.009   126078.005   126084.009   126085.005
   570:   126112.009   126117.005   126125.009   126150.005   126161.009
   575:   126185.005   126189.009   130835.005   131287.009   131586.001
   580:   131744.003   132366.005   132377.009   132407.005   132836.009
   585:   132843.005   132867.009   132869.005   132880.009   133048.001
   590:   133251.003   133570.001   133935.003   134414.001   134801.003
   595:   135095.005   135100.009   135142.005   135149.009   135150.005
   600:   135288.009   135290.005   135340.009   135341.005   135349.009
   605:   135381.005   135392.009   135454.005   135494.009   135511.005
   610:   135517.009   135518.005   135532.009   135542.005   135559.009
   615:   135572.005   135581.009   135625.005   135630.009   136159.001
   620:   136461.003   136917.001   137232.003   137738.001   137907.003
   625:   137933.001   138050.003   138125.001   138234.003   138304.001
   630:   138360.003   138398.001   139057.003   139280.005   139287.009
   635:   139547.001   139712.003   139722.001   140132.003   140505.001
   640:   141219.018   141224.003   141230.016   141280.026   141342.005
   645:   141791.009   141963.005   141968.009   141988.005   142013.009
   650:   143553.005   143564.009   143566.005   143569.009   143578.005
   655:   143584.009   143593.005   143599.009   143603.005   143716.009
   660:   145055.001   145344.003   145951.001   146055.003   146396.001
   665:   146961.003   147114.005   147257.009   147274.005   147283.009
   670:   147287.005   147307.009   147312.005   147318.009   147330.005
   675:   147334.009   147438.005   147442.009   147450.005   147465.009
   680:   147484.005   147489.009   147494.005   147499.009   147505.005
   685:   147511.009   147656.001   148370.018   148445.003   148451.016
   690:   148501.026   148610.005   149073.009   149074.005   149079.009
   695:   149084.005   149088.009   149107.005   149115.009   149116.005
   700:   149126.009   149282.001   149632.003   159421.005   159618.009
   705:   159635.005   159641.009   162423.001   162694.003   163926.001
   710:   164202.003   164269.001   164534.003   164819.001   165360.003
   715:   165607.001   165865.003   165902.001   165947.003   165994.001
   720:   166640.003   166902.005   167047.009   167059.005   167064.009
   725:   167068.005   167080.009   167096.005   167102.009   167111.005
   730:   167122.009   167148.005   167158.009   167161.005   167177.009
   735:   167183.005   167209.009   167320.001   167372.003   167383.001
   740:   168097.018   168274.003   168280.016   168330.026   168464.005
   745:   168936.009   168964.005   168971.009   169247.001   169848.003
   750:   170406.001   170444.003   170763.001   170922.003   170942.001
   755:   170975.003   170984.001   171527.003   172013.005   172022.009
   760:   172056.005   172074.009   172077.005   172289.009   172750.001
   765:   173102.003   173582.001   173762.003   174311.001   174688.003
   770:   175148.001   175182.003   175298.001   176012.018   176118.003
   775:   176124.016   176174.026   176280.005   176849.009   176853.005
   780:   176873.009   176885.005   176894.009   177090.005   177094.009
   785:   177095.005   177107.009   186846.001   187560.018   187787.003
   790:   187793.016   187843.026   187975.005   187980.009   187994.005
   795:   189314.009   189315.005   189438.009   190967.005   190973.009
   800:   190984.005   190992.009   191002.005   191280.009   191315.005
   805:   191321.009   193450.001   193493.003   193506.001   193825.003
   810:   194137.001   194422.003   194838.001   195232.003   195594.001
   815:   195639.003   195663.001   196257.003   196631.001   196664.003
   820:   196710.001   197186.003   197249.001   197963.018   198309.003
   825:   198315.016   198365.026   198489.005   199036.009   199038.005
   830:   199058.009   199059.005   199065.009   199070.005   199075.009
   835:   199132.005   199155.009   199458.001   199678.003   200702.001
   840:   201349.003   201747.001   202343.003   202356.001   202471.003
   845:   202992.001   203587.003   203626.001   203640.003   204064.001
   850:   204352.003   205327.001   205847.003   206361.001   206419.003
   855:   207071.001   207088.003   207155.001   207869.018   207900.003
   860:   207906.016   207956.026   208061.005   208577.009   208600.005
   865:   208653.009   208680.005   208692.009   208705.005   208711.009
   870:   208716.005   208723.009   208725.005   208730.009   208972.001
   875:   209686.018   210602.003   210608.016   210658.026   210810.005
   880:   210817.009   210820.005   211095.009   211106.005   211118.009
   885:   212076.005   212086.009   212091.005   212098.009   212105.005
   890:   212114.009   212123.005   212461.009   212486.005   212518.009
   895:   212571.005   212636.009   212651.005   212929.009   216072.005
   900:   216075.009   216085.005   216109.009   216114.005   216255.009
   905:   216261.005   216273.009   216333.005   216338.009   220075.001
   910:   220095.003   220128.001   220475.003   220820.001   221269.003
   915:   221361.001   221382.003   221806.001   222190.003   222902.001
   920:   222943.003   222953.001   223416.003   223833.001   223847.003
   925:   223899.001   224535.003   224986.001   225041.003   225155.001
   930:   225181.003   225233.001   225323.003   225376.001   226090.018
   935:   226170.003   226176.016   226226.026   226357.005   228524.009
   940:   232346.005   232366.009   232375.005   232515.009   233170.001
   945:   233527.003   233819.001   234533.018   234653.003   234659.016
   950:   234709.026   234819.005   235243.009   235246.005   235321.009
   955:   235328.005   235357.009   235380.005   235401.009   235435.005
   960:   235545.009   236512.001   236550.003   236578.001   237037.003
   965:   237606.001   237823.003   238296.001   238814.003   239053.005
   970:   239287.009   239300.005   239336.009   239348.005   239362.009
   975:   239377.005   239386.009   239398.005   239403.009   239407.005
   980:   239426.009   239433.005   239438.009   239442.005   239448.009
   985:   239468.005   239472.009   239706.001   240005.003   240091.001
   990:   240223.003   240668.001   241096.003   241478.001   241511.003
   995:   241548.001   242262.018   242328.003   242334.016   242384.026
  1000:   242505.005   243301.009   243318.005   243381.009   243387.005
  1005:   243432.009   243624.001   243826.003   243856.001   244276.003
  1010:   244660.001   244711.003   244751.001   245424.003   245991.001
  1015:   246036.003   246167.001   246849.003   247631.001   247711.003
  1020:   247859.001   247900.003   247943.001   248248.003   248261.001
  1025:   248822.003   248993.005   249099.009   249122.005   249207.009
  1030:   249224.005   249230.009   249292.005   249499.009   249504.005
  1035:   249509.009   249522.005   249541.009   249542.005   249559.009
  1040:   249566.005   249572.009   249763.001   249792.003   249827.001
  1045:   250541.018   250786.003   250792.016   250842.026   250957.005
  1050:   251588.009   251601.005   251627.009   251649.005   251653.009
  1055:   251662.005   251668.009   251674.005   251680.009   251684.005
  1060:   251690.009   251694.005   251699.009   251754.005   251759.009
  1065:   251781.005   252040.009   252258.001   252298.003   252368.001
  1070:   252597.003   252752.001   252878.003   253178.001   253778.003
  1075:   254227.001   254309.003   254349.001   254485.003   254641.001
  1080:   255229.003   256149.001   256539.003   256569.001   257184.003
  1085:   257569.001   257882.003   257897.001   257957.003   258005.001
  1090:   258064.003   258077.001   258790.003   259406.001   259793.003
  1095:   260124.001   260140.003   260242.001   260283.003   260330.001
  1100:   260968.003   263974.001   264103.003   264352.005   264552.009
  1105:   264567.005   264570.009   264571.005   264684.009   264871.005
  1110:   264880.009   264909.005   265863.009   271280.005   271294.009
  1115:   271304.005   271415.009   273767.001   274138.003   274574.001
  1120:   274593.003   274612.001   275326.018   275415.003   275421.016
  1125:   275471.026   275574.005   277033.009   277040.005   277893.009
  1130:   278354.001   278517.003   278589.001   278893.003   279134.001
  1135:   279165.003   279229.001   279275.003   279307.001   279957.003
  1140:   280123.005   280502.009   280507.005   280516.009   280517.005
  1145:   280539.009   280544.005   280570.009   280758.001   280798.003
  1150:   281219.001   281810.003   282281.001   282690.003   283061.001
  1155:   283099.003   283142.001   283856.018   283903.003   283909.016
  1160:   283959.026   284122.005   284681.009   284686.005   284721.009
  1165:   284722.005   284731.009   284733.005   284988.009   284991.005
  1170:   285003.009   285006.005   285266.009   285271.005   285294.009
  1175:   285313.005   285318.009   285319.005   285328.009   285332.005
  1180:   285339.009   285680.001   285738.003   285836.001   285874.003
  1185:   285891.001   286488.003   286790.001   287194.003   287781.005
  1190:   287786.009   288031.001   288088.003   288120.001   288224.003
  1195:   288271.001   288804.003   289182.001   289414.003   289467.001
  1200:   289517.003   289534.001   290248.018   290264.003   290270.016
  1205:   290320.026   290423.005   291160.009   291170.005   291267.009
  1210:   291269.005   291287.009   291299.005   291325.009   291414.005
  1215:   291420.009   291435.005   291506.009   291852.001   292109.003
  1220:   292203.001   292280.003   292587.001   293129.003   293499.001
  1225:   293980.003   294312.001   294336.003   294384.001   294471.003
  1230:   294502.001   295173.003   295515.001   296229.018   296259.003
  1235:   296265.016   296315.026   296426.005   297400.009   297701.005
  1240:   297707.009   297904.001   298618.018   298691.003   298697.016
  1245:   298747.026   298868.001   298885.003   298976.005   300850.009
  1250:   304299.005   304305.009   304338.005   304343.009   304368.005
  1255:   304380.009   304399.005   304574.009   305038.001   305351.003
  1260:   305594.001   305614.003   305636.001   306120.003   306777.001
  1265:   306900.003   307016.001   307056.003   307078.001   307785.003
  1270:   308299.001   309013.018   309160.003   309166.016   309216.026
  1275:   309320.005   310459.009   310468.005   310551.009   310554.005
  1280:   310592.009   310593.005   310661.009   310870.001   310968.003
  1285:   311127.001   311305.003   311416.001   311587.003   311890.001
  1290:   312571.003   312815.001   313529.018   313595.003   313601.016
  1295:   313651.026   313765.005   314436.009   314437.005   314450.009
  1300:   314453.005   314464.009   314472.005   314503.009   314508.005
  1305:   314534.009   314537.005   314544.009   314554.005   314562.009
  1310:   314565.005   314590.009   314597.005   314603.009   314618.005
  1315:   314713.009   314727.005   314732.009   315023.001   315666.003
  1320:   315998.001   316617.003   317095.001   317809.018   317946.003
  1325:   317952.016   318002.026   318091.005   319347.009   319441.001
  1330:   319512.003   319634.001   319840.003   319929.001   320473.003
  1335:   320822.001   321481.003   321918.001   322049.003   322080.001
  1340:   322110.003   322169.001   322202.003   322228.001   322942.018
  1345:   323019.003   323025.016   323075.026   323203.005   323644.009
  1350:   323646.005   323651.009   323662.005   323694.009   323696.005
  1355:   323710.009   323718.005   323754.009   323755.005   323784.009
  1360:   323788.005   323792.009   323816.005   323826.009   324087.001
  1365:   324189.003   324528.001   324637.003   324724.001   324781.003
  1370:   324836.001   324869.003   324938.001   324981.003   325246.001
  1375:   325960.018   326051.003   326057.016   326107.026   326212.005
  1380:   327230.009   327232.005   327252.009   327264.005   327285.009
  1385:   327289.005   327299.009   327413.005   327448.009   327450.005
  1390:   327460.009   327509.005   327515.009   328303.005   328321.009
  1395:   328553.005   328577.009   328650.005   328659.009   328670.005
  1400:   328677.009   328691.005   328867.009   328875.005   328881.009
  1405:   332300.001   332627.003   332897.001   333165.003   333410.001
  1410:   333434.003   333505.001   333538.003   333574.001   333990.003
  1415:   334175.001   334339.003   334771.001   334788.003   334828.001
  1420:   335542.018   335589.003   335595.016   335645.026   335827.005
  1425:   336493.009   336498.005   336505.009   336523.005   336528.009
  1430:   336529.005   336536.009   336553.005   336557.009   336561.005
  1435:   336566.009   337398.001   337505.003   337596.001   337803.003
  1440:   338247.001   338961.018   339013.003   339019.016   339069.026
  1445:   339164.005   339664.009   339665.005   339672.009   339713.005
  1450:   339718.009   339719.005   339723.009   339885.001   339933.003
  1455:   339964.001   340545.003   341053.001   341559.003   341812.001
  1460:   341837.003   341874.001   342499.003   342935.001   342957.003
  1465:   342982.001   343243.003   343271.001   343874.003   344420.001
  1470:   344495.003   344628.001   344661.003   344686.001   345395.003
  1475:   346250.001   346467.003   346537.001   346757.003   347311.001
  1480:   347733.003   347818.001   348264.003   348279.001   348699.003
  1485:   349151.001   349183.003   349289.001   350003.018   350089.003
  1490:   350095.016   350145.026   350262.005   350560.009   350566.005
  1495:   350571.009   350576.005   350600.009   350633.005   350642.009
  1500:   350868.005   350885.009   350892.005   350965.009   351084.005
  1505:   351089.009   351097.005   351118.009   351152.005   351176.009
  1510:   351202.005   351225.009   351246.005   351253.009   351305.005
  1515:   351307.009   351496.005   351510.009   352260.005   352273.009
  1520:   352305.005   352315.009   352320.005   352452.009   353879.001
  1525:   354133.003   354165.001   354681.003   355054.001   355101.003
  1530:   355233.001   355301.003   355349.001   356063.018   356133.003
  1535:   356139.016   356189.026   356272.001   356374.005   356388.009
  1540:   356844.003   357684.001   357842.003   357921.001   358186.003
  1545:   358294.001   358337.003   358448.001   358815.003   358842.001
  1550:   359556.018   359564.003   359570.016   359620.026   359706.005
  1555:   359716.009   359718.005   360991.009   360996.005   361065.009
  1560:   361126.005   361174.009   361625.001   362339.018   362496.003
  1565:   362502.016   362552.026   362641.005   362908.009   362939.005
  1570:   362957.009   362980.005   362982.009   362984.005   362992.009
  1575:   363361.005   363369.009   363547.005   363554.009   363562.005
  1580:   363569.009   363581.005   363586.009   363596.005   363626.009
  1585:   363631.005   363646.009   363670.005   363679.009   363696.005
  1590:   364394.009   364411.005   364423.009   364460.005   364466.009
  1595:   364660.005   364689.009   368667.005   368789.009   368794.005
  1600:   368814.009   371315.001   371445.003   371534.001   371667.003
  1605:   371868.001   371913.003   371969.001   372436.003   372491.001
  1610:   372573.003   372834.001   372941.003   373456.001   373491.003
  1615:   373551.001   374265.018   374326.003   374332.016   374382.026
  1620:   374499.005   375312.009   376121.001   376302.003   376710.001
  1625:   377236.003   377731.001   378392.003   378739.001   378829.003
  1630:   378902.001   379613.003   380385.001   380530.003   380843.001
  1635:   380871.003   380919.001   381633.018   381839.003   381845.016
  1640:   381895.026   381980.005   383222.009   383677.001   383777.003
  1645:   384309.001   384832.003   385305.001   385341.003   385483.001
  1650:   385531.003   385550.001   386223.003   386364.005   386548.009
  1655:   386550.005   386570.009   386579.005   386587.009   386595.005
  1660:   386601.009   386746.005   386765.009   386771.005   386779.009
  1665:   386814.005   386835.009   386853.005   386862.009   386868.005
  1670:   386901.009   386907.005   386916.009   386941.005   386946.009
  1675:   386950.005   386954.009   387209.001   387923.018   388364.003
  1680:   388370.016   388420.026   388509.005   389627.009   389633.005
  1685:   389753.009   390866.001   391402.003   391628.001   391674.003
  1690:   391718.001   392330.003   392694.001   392832.003   392892.001
  1695:   393284.003   393712.001   394426.018   394553.003   394559.016
  1700:   394609.026   394717.005   395872.009   395873.005   395888.009
  1705:   395908.005   395917.009   395918.005   395927.009   395928.005
  1710:   395933.009   396264.001   396710.003   396984.001   397590.003
  1715:   397982.001   398248.003   398266.001   398435.003   398824.001
  1720:   399538.018   399643.003   399649.016   399699.026   399818.005
  1725:   400732.009   400733.005   400756.009   400757.005   400815.009
  1730:   400825.005   400835.009   400844.005   400855.009   401633.001
  1735:   402163.003   402800.001   403349.003   403735.001   403766.003
  1740:   403816.001   404530.018   404699.003   404705.016   404755.026
  1745:   404843.005   405677.009   405679.005   405708.009   405759.005
  1750:   405793.009   405877.005   406329.009   406359.005   406384.009
  1755:   406625.001   406780.003   406812.001   407412.003   407921.001
  1760:   407945.003   407993.001   408634.003   409033.001   409747.018
  1765:   409890.003   409896.016   409946.026   410049.005   411015.009
  1770:   411041.005   411058.009   411071.005   411106.009   411116.005
  1775:   411201.009   411211.005   411224.009   411228.005   411376.009
  1780:   411388.005   411478.009   411489.005   411600.009   414902.005
  1785:   414924.009   414925.005   415085.009   415107.005   415123.009
  1790:   415126.005   415131.009   415135.005   415144.009   415146.005
  1795:   415151.009   427244.001   427363.003   427504.001   427794.003
  1800:   428054.001   428369.003   428633.001   428966.003   429123.001
  1805:   429620.003   430149.001   430174.003   430202.001   430382.003
  1810:   430427.001   431120.003   431552.001   431567.003   431618.001
  1815:   431644.003   431683.001   432397.018   432612.003   432618.016
  1820:   432668.026   432860.005   433776.009   433780.005   435092.009
  1825:   446175.005   446190.009   446197.005   446389.009   447341.001
  1830:   447994.003   448652.001   448822.003   448838.001   449120.003
  1835:   449197.001   449415.003   449977.005   450149.009   450395.005
  1840:   450654.009   450888.001   450910.003   450969.001   451583.003
  1845:   452224.001   452938.018   452998.003   453004.016   453054.026
  1850:   453140.005   453936.009   454674.001   455025.003   455050.001
  1855:   455062.003   455378.001   455672.003   455812.001   456004.003
  1860:   456572.001   457286.018   457294.003   457300.016   457350.026
  1865:   457427.005   458365.009   460401.001   461051.003   461658.001
  1870:   462372.018   462391.003   462397.016   462447.026   462526.005
  1875:   462847.009   462849.005   462879.009   462904.005   462917.009
  1880:   463409.005   463506.009   463530.005   463543.009   463599.005
  1885:   463611.009   463615.005   463626.009   463642.005   463658.009
  1890:   463667.005   463673.009   463713.005   463728.009   463733.005
  1895:   463748.009   463909.005   463933.009   464046.005   464062.009
  1900:   464098.005   464131.009   464135.005   464306.009   464334.005
  1905:   464350.009   464365.005   464379.009   464380.005   464410.009
  1910:   464596.001   464691.003   464718.001   465426.003   465670.001
  1915:   465943.003   466023.001   466045.003   466096.001   466137.003
  1920:   466163.001   466685.003   467040.001   467152.003   467262.001
  1925:   467976.018   468167.003   468173.016   468223.026   468284.005
  1930:   468969.009   468989.005   469099.009   469501.001   469710.003
  1935:   469974.001   470688.018   470693.003   470699.016   470749.026
  1940:   470867.005   471260.009   471265.005   471296.009   471312.005
  1945:   471322.009   471328.005   471344.009   471433.005   471450.009
  1950:   471452.005   471476.009   471506.005   471532.009   471550.005
  1955:   471588.009   471608.005   471618.009   471624.005   471641.009
  1960:   471659.005   471667.009   471676.005   471703.009   471712.005
  1965:   471939.009   471940.005   471962.009   471964.005   471983.009
  1970:   471994.005   472002.009   472532.001   472618.003   472714.001
  1975:   473212.003   473476.001   474104.003   474469.001   475183.018
  1980:   475224.003   475230.016   475280.026   475356.005   476775.009
  1985:   476777.005   476816.009   476829.005   476838.009   476962.005
  1990:   477002.009   477532.001   477598.003   477753.001   478412.003
  1995:   478708.001   479372.003   479487.005   479494.009   479498.005
  2000:   479502.009   479690.005   479792.009   479795.005   479800.009
  2005:   479802.005   479816.009   479820.005   479825.009   479828.005
  2010:   479834.009   479837.005   479853.009   479855.005   479867.009
  2015:   479871.005   479891.009   479892.005   479910.009   479922.005
  2020:   479934.009   479987.005   479992.009   480256.001   480378.003
  2025:   480475.001   481002.003   481456.001   481871.003   481893.001
  2030:   482607.018   482640.003   482646.016   482696.026   482848.005
  2035:   483434.009   483516.005   483523.009   484557.001   484685.003
  2040:   484753.001   484803.003   484855.001   484902.003   484946.001
  2045:   485574.003   486426.001   487140.018   487350.003   487356.016
  2050:   487406.026   487562.005   488922.009   488923.005   488934.009
  2055:   489640.001   490051.003   490092.001   490450.003   490575.001
  2060:   491210.003   491626.001   492336.003   492918.001   492943.003
  2065:   493003.001   493044.003   493066.001   493709.003   494380.001
  2070:   494406.003   494475.001   494529.003   494592.001   494606.003
  2075:   494658.001   495372.018   495373.003   495379.016   495429.026
  2080:   495431.001   495472.003   495496.001   496048.003   496781.001
  2085:   496819.003   496870.001   497246.003   497285.001   497762.003
  2090:   497805.001   498162.003   498323.001   498524.003   498746.005
  2095:   498751.009   498757.005   498838.009   498851.005   499722.009
  2100:   501046.001   501534.003   501894.001   502261.003   503009.001
  2105:   503638.003   504289.001   505003.018   505167.003   505173.016
  2110:   505223.026   505310.005   507184.009   507189.005   507195.009
  2115:   508787.001   508878.003   509021.001   509052.003   509238.001
  2120:   509793.003   510215.001   510882.003   511261.001   511434.003
  2125:   511477.001   512191.018   512213.003   512219.016   512269.026
  2130:   512340.005   512747.009   512749.005   512791.009   512795.005
  2135:   512826.009   512886.005   513184.009   513185.005   513196.009
  2140:   513202.005   513214.009   513259.005   513298.009   513299.005
  2145:   513301.009   513306.005   513308.009   513310.005   513314.009
  2150:   513358.005   513366.009   513606.001   514320.018   514368.003
  2155:   514374.016   514424.026   514528.005   514535.009   514539.005
  2160:   514877.009   514890.005   514936.009   514949.005   514960.009
  2165:   515057.005   515080.009   515399.005   515415.009   515430.005
  2170:   515447.009   515465.005   515482.009   515516.005   515562.009
  2175:   515583.005   515590.009   515591.005   515620.009   515622.005
  2180:   515654.009   515684.005   515754.009   515767.005   515802.009
  2185:   515819.005   515864.009   515876.005   515958.009   515962.005
  2190:   515974.009   515988.005   516167.009   516247.005   516254.009
  2195:   516259.005   516264.009   516781.001   517218.003   517528.001
  2200:   518094.003   518563.001   519217.003   519714.001   519784.003
  2205:   519823.001   520485.003   520805.001   520864.003   520916.001
  2210:   521630.018   521701.003   521707.016   521757.026   521911.005
  2215:   523157.009   523161.005   523166.009   523774.005   523785.009
  2220:   523879.005   523901.009   523921.005   523926.009   524826.005
  2225:   524832.009   524927.005   524970.009   525613.001   525951.003
  2230:   526005.001   526053.003   526067.001   526781.018   527075.003
  2235:   527081.016   527131.026   527253.005   527900.009   527906.005
  2240:   527912.009   527916.005   527927.009   527947.005   527961.009
  2245:   528610.001   529162.003   529415.001   529911.003   530251.001
  2250:   530881.003   531525.001   532205.003   532535.001   532600.003
  2255:   532701.001   533415.018   533487.003   533493.016   533543.026
  2260:   533662.005   534213.009   534214.005   534219.009   534230.005
  2265:   534266.009   534274.005   534292.009   534294.005   534303.009
  2270:   534321.005   534377.009   534385.005   534393.009   535075.001
  2275:   535223.003   535242.001   535330.003   535394.001   535934.003
  2280:   536014.001   536157.003   536585.001   537299.018   537805.003
  2285:   537811.016   537861.026   537965.005   538713.009   538716.005
  2290:   538720.009   538743.005   538751.009   538781.005   538786.009
  2295:   538796.005   538802.009   538816.005   538825.009   538856.005
  2300:   538862.009   538873.005   538878.009   539273.001   539393.003
  2305:   539528.001   539569.003   539643.001   539817.003   540089.001
  2310:   540353.003   540554.001   540575.003   540615.001   541223.003
  2315:   541558.001   542169.003   542186.001   542221.003   542730.001
  2320:   542799.003   543078.001   543792.018   543863.003   543869.016
  2325:   543919.026   543997.005   544790.009   544813.005   544865.009
  2330:   544866.005   544912.009   544919.005   545842.009   545844.005
  2335:   546015.009   546877.001   547090.003   547316.001   547344.003
  2340:   547396.001   548036.003   548694.001   548782.003   548827.001
  2345:   549447.003   550041.001   550748.003   551124.001   551170.003
  2350:   551221.001   551262.003   551336.001   551373.003   551404.001
  2355:   551514.003   551545.001   552259.018   552428.003   552434.016
  2360:   552484.026   552539.005   553263.009   553266.005   553289.009
  2365:   553376.005   553381.009   553388.005   553404.009   553891.001
  2370:   554073.003   554143.001   554196.003   554220.001   554838.003
  2375:   555177.001   555321.003   555425.001   556073.003   556637.001
  2380:   557311.003   557776.001   557793.003   557956.001   557990.003
  2385:   558074.001   558788.018   558968.003   558974.016   559024.026
  2390:   559117.005   559708.009   559724.005   559729.009   559845.005
  2395:   559859.009   559972.005   560012.009   560068.005   560093.009
  2400:   560142.005   560152.009   561107.001   561568.003   561698.001
  2405:   562412.018   562429.003   562435.016   562485.026   562601.005
  2410:   563597.009   563602.005   563618.009   563638.005   563643.009
  2415:   563645.005   563744.009   564001.001   564031.003   564098.001
  2420:   564287.003   564443.001   564520.003   564950.001   564985.003
  2425:   564997.001   565556.003   565843.001   565880.003   565927.001
  2430:   566641.018   566674.003   566680.016   566730.026   566860.005
  2435:   567274.009   567367.005   567383.009   567395.005   567410.009
  2440:   567423.005   567453.009   567467.005   567523.009   567546.005
  2445:   567575.009   567601.005   567653.009   567674.005   567690.009
  2450:   567709.005   567812.009   567814.005   568035.009   568054.005
  2455:   568063.009   568109.005   568121.009   568122.005   568129.009
  2460:   568131.005   568142.009   568282.005   568288.009   568356.005
  2465:   568362.009   568563.005   568567.009   568577.005   568594.009
  2470:   568604.005   568731.009   569746.001   570239.003   570689.001
  2475:   571386.003   572104.001   572818.018   572825.003   572831.016
  2480:   572881.026   572958.005   574180.009   575389.001   575938.003
  2485:   576401.001   577115.018   577209.003   577215.016   577265.026
  2490:   577346.005   578185.009   579756.001   580470.018   580541.003
  2495:   580547.016   580597.026   580726.005   581465.009   581473.005
  2500:   581481.009   581483.005   581492.009   581494.005   581504.009
  2505:   581642.005   581646.009   581841.005   581854.009   582010.005
  2510:   582021.009   589865.005   589875.009   589962.005   589988.009
  2515:   589989.005   590101.009   590149.005   590160.009   590205.005
  2520:   590210.009   590553.001   590734.003   590749.001   591342.003
  2525:   591585.001   591631.003   591667.001   592301.003   592825.001
  2530:   593530.003   593918.005   593923.009   594666.001   595310.003
  2535:   595753.001   595789.003   595841.001   596555.018   596649.003
  2540:   596655.016   596705.026   596819.005   598072.009   598095.005
  2545:   598126.009   598156.005   598162.009   598173.005   598181.009
  2550:   598599.001   598840.003   598925.001   599209.003   599226.001
  2555:   599444.003   599866.001   600580.018   600606.003   600612.016
  2560:   600662.026   600734.005   601409.009   601430.005   601438.009
  2565:   601477.005   601486.009   601508.005   601601.009   601619.005
  2570:   601630.009   601639.005   601956.009   602576.001   602728.003
  2575:   602773.001   602911.003   603003.001   603100.003   603162.001
  2580:   603186.003   603213.001   603927.018   604199.003   604205.016
  2585:   604255.026   604360.005   604624.009   604626.005   604660.009
  2590:   604673.005   604683.009   604701.005   604710.009   605123.005
  2595:   605185.009   605187.005   605207.009   605344.005   605361.009
  2600:   605377.005   605435.009   605641.005   605671.009   605678.005
  2605:   605684.009   605688.005   605693.009   605726.005   605741.009
  2610:   605743.005   605755.009   605804.005   605810.009   605975.005
  2615:   605979.009   618240.005   618393.009   618942.005   618979.009
  2620:   618995.005   619007.009   619041.005   619046.009   619054.005
  2625:   619067.009   619098.005   619106.009   629198.001   629233.003
  2630:   631051.001   631323.003   631758.001   631859.003   631908.001
  2635:   632398.003   632992.001   633626.003   634266.001   634931.003
  2640:   635759.001   636473.018   636484.003   636490.016   636540.026
  2645:   636667.005   637369.009   637377.005   637386.009   637409.005
  2650:   637417.009   637755.005   637764.009   637818.005   637829.009
  2655:   643527.005   644279.009   644714.001   644754.003   644790.001
  2660:   645148.003   645404.001   646118.018   646127.003   646133.016
  2665:   646183.026   646291.005   647347.009   647351.005   647359.009
  2670:   647373.005   647484.009   647546.005   647551.009   647892.005
  2675:   647897.009   648572.001   649122.003   649140.001   649672.003
  2680:   650258.001   650972.018   651008.003   651014.016   651064.026
  2685:   651154.005   651893.009   651910.005   651914.009   651919.005
  2690:   651934.009   653373.001   653841.003   654199.001   654873.003
  2695:   655356.001   656045.003   656619.001   656640.003   656731.001
  2700:   656745.003   656787.001   657501.018   657503.003   657509.016
  2705:   657559.026   657661.005   658746.009   658747.005   658770.009
  2710:   658797.005   658819.009   658836.005   659086.009   659144.005
  2715:   659168.009   659210.005   659217.009   659239.005   659333.009
  2720:   659759.001   660473.018   660528.003   660534.016   660584.026
  2725:   660734.005   661073.009   661095.005   661106.009   661149.005
  2730:   661160.009   661161.005   661215.009   661224.005   661279.009
  2735:   661295.005   661318.009   661363.005   661374.009   661458.005
  2740:   661470.009   661547.005   661577.009   661583.005   661612.009
  2745:   661626.005   661779.009   661861.005   661875.009   661887.005
  2750:   661899.009   661906.005   661929.009   661946.005   661996.009
  2755:   661997.005   662022.009   662027.005   662055.009   662058.005
  2760:   662075.009   662076.005   662102.009   662104.005   662112.009
  2765:   662118.005   662535.009   662616.005   662675.009   662681.005
  2770:   662699.009   662713.005   662743.009   662755.005   662781.009
  2775:   662791.005   662812.009   662821.005   663028.009   663405.001
  2780:   663914.003   664206.001   664668.003   665027.001   665741.018
  2785:   665789.003   665795.016   665845.026   665925.005   667545.009
  2790:   667909.001   668411.003   668654.001   669039.003   669396.001
  2795:   670021.003   670406.001   671120.018   671251.003   671257.016
  2800:   671307.026   671400.005   672719.009   672727.005   672752.009
  2805:   672766.005   672972.009   673639.001   673676.003   673728.001
  2810:   674051.003   674433.001   674999.003   675361.005   675369.009
  2815:   675405.005   675553.009   676071.001   676785.018   676883.003
  2820:   676889.016   676939.026   677106.005   677647.009   677656.005
  2825:   677662.009   677677.005   677694.009   677711.005   677794.009
  2830:   677796.005   677801.009   677819.005   677826.009   677843.005
  2835:   677851.009   677917.005   677926.009   677929.005   677953.009
  2840:   677990.005   678300.009   678311.005   678316.009   678459.005
  2845:   678471.009   678824.005   678833.009   678843.005   678852.009
  2850:   678907.005   678914.009   678915.005   678939.009   679226.005
  2855:   679233.009   679352.005   679365.009   679441.005   679477.009
  2860:   680282.001   680919.003   681114.001   681200.003   681441.001
  2865:   682155.018   682166.003   682172.016   682222.026   682338.005
  2870:   682849.009   682851.005   682963.009   682983.005   683099.009
  2875:   684357.001   684479.003   684589.001   684884.003   685476.001
  2880:   686113.003   686745.001   687315.003   688156.001   688867.003
  2885:   689500.001   690166.003   690324.005   690566.009   690582.005
  2890:   690602.009   690700.005   690861.009   690863.005   690918.009
  2895:   690922.005   690927.009   690934.005   690991.009   691003.005
  2900:   691013.009   691014.005   691051.009   691097.005   691105.009
  2905:   691115.005   691125.009   691477.001   692001.003   692082.001
  2910:   692517.003   692979.001   693039.003   693080.001   693794.018
  2915:   693963.003   693969.016   694019.026   694108.005   694699.009
  2920:   694703.005   694709.009   694710.005   695297.009   695307.005
  2925:   695323.009   695326.005   695344.009   695352.005   695368.009
  2930:   696276.005   696284.009   698165.001   698242.003   698299.001
  2935:   698762.003   699344.001   699996.003   700513.001   701227.018
  2940:   701297.003   701303.016   701353.026   701427.005   701791.009
  2945:   701793.005   701807.009   701823.005   701836.009   701839.005
  2950:   701847.009   703218.005   703230.009   703239.005   703265.009
  2955:   703362.005   703380.009   703628.005   703638.009   703800.005
  2960:   703809.009   703821.005   703836.009   703853.005   703860.009
  2965:   703891.005   703899.009   703926.005   703939.009   704101.005
  2970:   704106.009   704107.005   704114.009   704255.005   704269.009
  2975:   704296.005   704314.009   704319.005   704693.009   704698.005
  2980:   704711.009   704728.005   704734.009   704736.005   704752.009
  2985:   704757.005   704767.009   704801.005   704815.009   704830.005
  2990:   704840.009   704856.005   704864.009   704877.005   704893.009
  2995:   704902.005   704908.009   709186.001   709375.003   709643.001
  3000:   710186.003   710826.001   711540.018   711563.003   711569.016
  3005:   711619.026   711727.005   712088.009   712929.005   712935.009
  3010:   713078.005   713094.009   713107.005   713113.009   713140.005
  3015:   713152.009   713163.005   713170.009   713171.005   713186.009
  3020:   713193.005   713267.009   713273.005   713468.009   713472.005
  3025:   713492.009   713498.005   713531.009   713546.005   713563.009
  3030:   713580.005   713591.009   713593.005   713725.009   713744.005
  3035:   713760.009   713768.005   713781.009   713792.005   713829.009
  3040:   713837.005   713843.009   714650.001   714905.003   715160.001
  3045:   715619.003   715964.001   716678.018   716687.003   716693.016
  3050:   716743.026   716886.005   717275.009   717294.005   717308.009
  3055:   718219.005   718232.009   718264.005   718276.009   718303.005
  3060:   718330.009   718347.005   718360.009   718361.005   718745.009
  3065:   718759.005   718770.009   718774.005   718789.009   718799.005
  3070:   718818.009   718823.005   718838.009   718839.005   718855.009
  3075:   718867.005   718886.009   719596.001   720280.003   720463.001
  3080:   721107.003   721541.005   721544.009   721606.005   721739.009
  3085:   722059.001   722360.003   722433.001   722708.003   723103.001
  3090:   723137.003   723177.001   723891.018   723902.003   723908.016
  3095:   723958.026   724031.005   724846.009   724848.005   724967.009
  3100:   724978.005   724990.009   725793.001   726507.018   726708.003
  3105:   726714.016   726764.026   726866.005   726871.009   726883.005
  3110:   727265.009   727267.005   727310.009   727787.005   727793.009
  3115:   727849.005   727867.009   727874.005   727881.009   727890.005
  3120:   727897.009   727903.005   727910.009   727922.005   727931.009
  3125:   727942.005   727948.009   727951.005   727957.009   728896.005
  3130:   728906.009   729421.005   729434.009   729489.005   729501.009
  3135:   730101.005   730118.009   730158.005   730179.009   730197.005
  3140:   730616.009   730620.005   730648.009   730665.005   730671.009
  3145:   730673.005   730679.009   730682.005   730693.009   730698.005
  3150:   730729.009   730830.005   730835.009   731340.001   732054.018
  3155:   732065.003   732071.016   732121.026   732123.017   732247.005
  3160:   732575.009   732577.005   732597.009   732639.005   732659.009
  3165:   732692.005   732715.009   732977.005   733009.009   733017.005
  3170:   733022.009   733191.005   733224.009   733281.005   733289.009
  3175:   733307.005   733316.009   733329.005   733736.009   733755.005
  3180:   733762.009   733788.005   733794.009   733826.005   733844.009
  3185:   733849.005   733856.009   733861.005   733865.009   733868.005
  3190:   733897.009   733903.005   733912.009   733921.005   733939.009
  3195:   733948.005   733953.009   733956.005   733961.009   733965.005
  3200:   733995.009   733998.005   734005.009   734023.005   734047.009
  3205:   734051.005   734058.009   734098.005   734100.009   734144.005
  3210:   734150.009   734187.005   734203.009   734215.005   734236.009
  3215:   734244.005   734267.009   734278.005   734292.009   734323.005
  3220:   734378.009   734426.005   734448.009   734451.005   734484.009
  3225:   734485.005   734490.009   734491.005   734510.009   734520.005
  3230:   734583.009   734590.005   734600.009   735671.001   736119.003
  3235:   736156.001   736526.003   737441.001   737914.003   738181.001
  3240:   738235.003   738290.001   738963.003   739345.001   740130.003
  3245:   740136.016   740186.026   740269.005   740558.009   740561.005
  3250:   740577.009   740595.005   740604.009   740606.005   740611.009
  3255:   740705.005   740728.009   741059.005   741063.009   741086.005
  3260:   741096.009   741097.005   741119.009   741168.005   741173.009
  3265:   741258.005   741298.009   741302.005   741316.009   741327.005
  3270:   741380.009   741536.005   741553.009   741567.005   741579.009
  3275:   741583.005   741863.009   741871.005   741890.009   741891.005
  3280:   741901.009   741903.005   741909.009   741915.005   741923.009
  3285:   741965.005   741970.009   741992.005   742121.009   742134.005
  3290:   742218.009   743164.001   743825.003   744340.001   744946.003
  3295:   745503.001   746270.003   746425.005   746774.009   746775.005
  3300:   746780.009   746786.005   746797.009   746817.005   746830.009
  3305:   746838.005   746905.009   746910.005   746914.009   746930.005
  3310:   746968.009   747490.001   748252.003   748742.001   749527.018
  3315:   749557.003   749563.016   749613.026   749693.005   750516.009
  3320:   750526.005   750536.009   750547.005   750565.009   750578.005
  3325:   750584.009   750602.005   750631.009   750637.005   750644.009
  3330:   750870.005   750907.009   751309.005   751333.009   754216.005
  3335:   754221.009   754224.005   754234.009   754250.005   754430.009
  3340:   755728.001   755906.003   755941.001   756363.003   756905.001
  3345:   757436.003   758242.001   758682.003   759349.001   759369.003
  3350:   759405.001   759981.003   760898.001   760939.003   761069.001
  3355:   761854.018   761879.003   761885.016   761935.026   762038.005
  3360:   762948.009   762950.005   762955.009   762972.005   762990.009
  3365:   762996.005   763000.009   763002.005   763061.009   763067.005
  3370:   763072.009   763089.005   763111.009   763122.005   763134.009
  3375:   763155.005   763180.009   763191.005   763196.009   763228.005
  3380:   763237.009   763245.005   763254.009   763307.005   763309.009
  3385:   763766.001   763828.003   763985.001   764370.003   764849.001
  3390:   765367.003   765515.001   765534.003   765577.001   766167.003
  3395:   766741.001   767068.003   767105.001   767383.003   767801.001
  3400:   767835.003   767879.001   768526.003   769132.001   769859.003
  3405:   770165.005   770317.009   770332.005   770339.009   770421.005
  3410:   770687.009   770688.005   770699.009   771072.001   771857.018
  3415:   771937.003   771943.016   771993.026   772133.005   773066.009
  3420:   773075.005   773089.009   773112.005   773127.009   773300.005
  3425:   773382.009   773414.005   773421.009   773432.005   773442.009
  3430:   773519.005   773529.009   773914.005   773929.009   774002.005
  3435:   774193.009   775637.001   776088.003   776680.001   777261.003
  3440:   777780.001   778436.003   778999.001   779708.003   780100.001
  3445:   780860.003   781370.001   781611.003   781867.001   782547.003
  3450:   782689.005   782860.009   782861.005   782878.009   782887.005
  3455:   782916.009   782923.005   782981.009   783362.001   783587.003
  3460:   783606.001   783796.003   783956.001   783980.003   784030.001
  3465:   784621.003   784757.005   784878.009   784883.005   784923.009
  3470:   784926.005   785197.009   786586.001   786707.003   786798.001
  3475:   787178.003   788321.001   788362.003   788376.001   788940.003
  3480:   789437.001   789491.003   789525.001   790263.003   790475.005
  3485:   790485.009   790546.005   790639.009   790667.005   790678.009
  3490:   791053.001   791838.018   792032.003   792038.016   792088.026
  3495:   792212.005   793007.009   793024.005   793211.009   793217.005
  3500:   793399.009   793401.005   793491.009   793703.005   793711.009
  3505:   793715.005   793736.009   793926.005   793943.009   797210.005
  3510:   797217.009   797226.005   797378.009   797382.005   797408.009
  3515:   797423.005   797428.009   797429.005   797438.009   799473.001
  3520:   800258.018   800315.003   800321.016   800371.026   800602.005
  3525:   801070.009   801074.005   801098.009   801151.005   801721.009
  3530:   801722.005   801729.009   801746.005   802024.009   802030.005
  3535:   802037.009   802038.005   802044.009   802068.005   802072.009
  3540:   802187.005   802320.009   803641.001   804013.003   804360.001
  3545:   805002.003   805862.001   806525.003   806888.001   807673.018
  3550:   807714.003   807720.016   807770.026   807832.005   809372.009
  3555:   809373.005   809390.009   809394.005   809404.009   809405.005
  3560:   809417.009   809574.005   809585.009   810280.001   810486.003
  3565:   810516.001   810954.003   811248.001   811289.003   811347.001
  3570:   811924.003   812314.001   813008.003   813562.001   813766.003
  3575:   813793.001   814334.003   814756.001   814855.003   814871.001
  3580:   815640.003   816094.001   816879.018   816882.003   816888.016
  3585:   816938.026   817024.005   818068.009   818080.005   818105.009
  3590:   818111.005   818128.009   818182.005   818193.009   818195.005
  3595:   818206.009   818221.005   818240.009   818241.005   818265.009
  3600:   818269.005   818288.009   818298.005   818346.009   818350.005
  3605:   818402.009   818423.005   818434.009   818435.005   818450.009
  3610:   818495.005   818518.009   819375.005   819381.009   819424.005
  3615:   819431.009   819483.005   819489.009   819519.005   819561.009
  3620:   820265.001   820628.003   821051.001   821836.018   821886.003
  3625:   821892.016   821942.026   822008.005   823090.009   823091.005
  3630:   823183.009   823186.005   823200.009   823205.005   823222.009
  3635:   823827.001   824084.003   824227.001   824240.003   824475.001
  3640:   824509.003   824555.001   824990.003   825482.005   825630.009
  3645:   825631.005   825643.009   825644.005   825675.009   825903.001
  3650:   825926.003   825976.001   826639.003   826971.001   827007.003
  3655:   827054.001   827674.003   828175.001   828802.003   829316.001
  3660:   830101.018   830148.003   830154.016   830204.026   830270.005
  3665:   830689.009   830693.005   830709.009   830740.005   830746.009
  3670:   830748.005   830757.009   830765.005   830771.009   831072.005
  3675:   831088.009   831115.005   831131.009   831220.005   831242.009
  3680:   831275.005   831280.009   831323.005   831335.009   831370.005
  3685:   831376.009   831377.005   831390.009   831404.005   831441.009
  3690:   831447.005   832102.009   832128.005   832144.009   832735.001
  3695:   833095.003   833736.001   834356.003   835018.001   835718.003
  3700:   836244.001   836382.003   836462.001   837175.003   837317.005
  3705:   837560.009   837960.001   838556.003   839140.001   839925.018
  3710:   839970.003   839976.016   840026.026   840110.005   840902.009
  3715:   840903.005   840924.009   840936.005   841065.009   841656.001
  3720:   842027.003   842429.001   842767.003   842874.001   842916.003
  3725:   842947.001   843444.003   844016.001   844592.003   845042.001
  3730:   845827.018   845836.003   845842.016   845892.026   845977.005
  3735:   846298.009   846308.005   847211.009   847215.005   847240.009
  3740:   847248.005   847262.009   847270.005   847280.009   847281.005
  3745:   847287.009   847981.001   848536.003   848905.001   849592.003
  3750:   849943.001   850315.003   850683.001   851468.018   851554.003
  3755:   851560.016   851610.026   851673.005   852798.009   852880.005
  3760:   852888.009   852899.005   852923.009   852931.005   852937.009
  3765:   853015.005   853114.009   853167.005   853175.009   853181.005
  3770:   853184.009   854180.001   854682.003   855058.001   855843.018
  3775:   855993.003   855999.016   856049.026   856080.005   856482.009
  3780:   856492.005   856508.009   856846.005   856904.009   856920.005
  3785:   857026.009   857029.005   857055.009   857066.005   857076.009
  3790:   857082.005   857106.009   857122.005   857836.009   862472.001
  3795:   862645.003   862928.001   863010.003   863067.001   863726.003
  3800:   864320.001   865061.003   865699.001   866388.003   867053.001
  3805:   867789.003   868377.001   869162.018   869165.003   869171.016
  3810:   869221.026   869273.005   870034.009   870037.005   870053.009
  3815:   870061.005   870070.009   870078.005   870124.009   870133.005
  3820:   870243.009   870247.005   870259.009   873070.001   873110.003
  3825:   873166.001   873627.003   873939.001   874161.003   874218.001
  3830:   874446.003   874476.001   874912.003   875270.001   875928.003
  3835:   876273.001   876574.003   877114.001   877899.018   878005.003
  3840:   878011.016   878061.026   878093.005   880415.009   880418.005
  3845:   880519.009   880523.005   880777.009   880802.005   880842.009
  3850:   880878.005   880910.009   881543.001   882208.003   882459.001
  3855:   882498.003   882532.001   883317.018   883375.003   883381.016
  3860:   883431.026   883514.005   884376.009   884381.005   884997.009
  3865:   885034.005   885119.009   886441.001   886891.003   888600.001
  3870:   889219.003   889879.005   889887.009   889889.005   889895.009
  3875:   889929.005   889935.009   889940.005   889952.009   889972.005
  3880:   890008.009   890010.005   890085.009   914685.005   914697.009
  3885:   914727.005   914731.009   914735.005   914749.009   914777.005
  3890:   914992.009   914996.005   915003.009   915004.005   915248.009
  3895:   921903.005   921920.009   921934.005   923291.009   934830.005
  3900:   935484.009   935503.005   935871.009   935942.001   936446.003
  3905:   936790.001   937006.003   937231.005   937255.009   937265.005
  3910:   939373.009   939390.005   939416.009   939430.005   939724.009
  3915:   939991.005   940008.009   940016.005   940707.009   951007.001
  3920:   951435.003   951483.001   951573.003   951638.001   951780.003
  3925:   952427.001   952793.003   953274.001   953926.003   954106.005
  3930:   954133.009   954159.005   954189.009   954658.001   955017.003
  3935:   955036.001   955176.003   955193.001   955798.003   956340.001
  3940:   956373.003   956410.001   957195.018   957397.003   957403.016
  3945:   957453.026   957590.005   958427.009   958619.005   958637.009
  3950:   958665.005   958673.009   958675.005   958681.009   958696.005
  3955:   959547.009   959551.005   959564.009   959844.005   959854.009
  3960:   959873.005   959913.009   959914.005   960200.009   960201.005
  3965:   960209.009   960223.005   960241.009   960298.005   960308.009
  3970:   960363.005   960391.009   960430.005   960437.009   960953.005
  3975:   960965.009   965560.005   965809.009   965900.005   965903.009
  3980:   966229.001   966425.003   966510.001   966540.003   966573.001
  3985:   967153.003   967583.001   967635.003   967774.001   967865.003
  3990:   967898.001   967920.003   967958.001   968587.003   968862.005
  3995:   968880.009   968894.005   969009.009   969010.005   969018.009
  4000:   969333.001   970118.018   970136.003   970142.016   970192.026
  4005:   970286.005   971067.009   971114.005   971185.009   971582.001
  4010:   971680.003   971825.001   971887.003   972359.001   972723.003
  4015:   973338.001   973956.003   974518.001   975255.003   975740.001
  4020:   976105.003   976372.001   977157.018   977215.003   977221.016
  4025:   977271.026   977319.001   977342.003   977396.005   978122.009
  4030:   978128.005   978138.009   978144.005   978158.009   978758.001
  4035:   978973.003   979084.001   979490.003   979841.001   979900.003
  4040:   979966.001   980704.003   981081.001   981792.003   981861.001
  4045:   981903.003   982003.005   982007.009   982415.001   983200.018
  4050:   983299.003   983305.016   983355.026   983431.005   984180.009
  4055:   984181.005   984190.009   984220.005   984238.009   984268.005
  4060:   984278.009   984313.005   984465.009   984472.005   984479.009
  4065:   984489.005   984497.009   984499.005   984513.009   984534.005
  4070:   984571.009   985046.001   985243.003   985268.001   985785.003
  4075:   986223.001   987008.018   987020.003   987026.016   987076.026
  4080:   987146.005   987876.009   987893.005   987898.009   987903.005
  4085:   988007.009   988016.005   988033.009   988056.005   988064.009
  4090:   988065.005   988083.009   988085.005   988102.009   988132.005
  4095:   988139.009   988140.005   988146.009   988641.001   989000.003
  4100:   989252.001   989278.003   989325.001   989822.003   990227.001
  4105:   990430.003   990634.001   990681.003   990740.001   991394.003
  4110:   991950.001   992735.018   992815.003   992821.016   992871.026
  4115:   992948.005   993673.009   993777.005   993797.009   993898.005
  4120:   993907.009   994470.001   994912.003   995401.001   996025.003
  4125:   996463.001   997248.018   997268.003   997274.016   997324.026
  4130:   997428.005   998317.009   998698.005   998708.009   998730.005
  4135:   998736.009  1000227.005  1000243.009  1001183.001  1001372.003
  4140:  1002008.001  1002793.018  1002850.003  1002856.016  1002906.026
  4145:  1003002.005  1003808.009  1003813.005  1003827.009  1003850.005
  4150:  1003871.009  1003917.005  1004009.009  1004022.005  1004042.009
  4155:  1004050.005  1004056.009  1004061.005  1004075.009  1007070.005
  4160:  1007075.009  1007101.005  1007335.009  1008261.001  1008701.003
  4165:  1008986.001  1009520.003  1009541.001  1009696.003  1010389.001
  4170:  1011051.003  1011550.001  1012335.018  1012393.003  1012399.016
  4175:  1012449.026  1012535.005  1014360.009  1015105.001  1015699.003
  4180:  1016188.001  1016854.003  1017295.001  1018047.003  1018622.001
  4185:  1019347.003  1019741.001  1020526.018  1020556.003  1020562.016
  4190:  1020612.026  1020691.005  1021705.009  1021712.005  1021739.009
  4195:  1021741.005  1021761.009  1021764.005  1021831.009  1023107.005
  4200:  1023111.009  1028796.005  1028800.009  1028870.005  1029032.009
  4205:  1029037.005  1029053.009  1029726.001  1029888.003  1029918.001
  4210:  1030134.003  1030242.001  1030436.003  1030475.001  1031180.003
  4215:  1031511.001  1032203.003  1032668.001  1033453.018  1033533.003
  4220:  1033539.016  1033589.026  1033682.005  1034639.009  1034646.005
  4225:  1034679.009  1034684.005  1034694.009  1034702.005  1034708.009
  4230:  1034721.005  1034740.009  1034751.005  1034768.009  1034782.005
  4235:  1034809.009  1034815.005  1034848.009  1034864.005  1034880.009
  4240:  1034917.005  1034928.009  1034938.005  1035064.009  1035633.001
  4245:  1035651.003  1035666.001  1036142.003  1036371.001  1036395.003
  4250:  1036429.001  1036978.003  1037714.001  1038409.003  1039113.001
  4255:  1039728.003  1040439.001  1041162.003  1041766.001  1042541.003
  4260:  1043188.001  1043818.003  1044373.001  1045145.003  1046486.001
  4265:  1046519.003  1046872.001  1047619.003  1048174.001  1048464.003
  4270:  1048606.001  1048647.003  1048735.001  1049520.018  1049603.003
  4275:  1049609.016  1049659.026  1049748.005  1051028.009  1051442.005
  4280:  1051457.009  1051845.005  1051855.009  1054269.001  1054295.003
  4285:  1054347.001  1054436.003  1054451.001  1055129.003  1055418.001
  4290:  1056203.018  1056325.003  1056331.016  1056381.026  1056477.005
  4295:  1056992.009  1057003.005  1057030.009  1057034.005  1057059.009
  4300:  1057060.005  1057069.009  1057084.005  1057102.009  1057103.005
  4305:  1057115.009  1057119.005  1057124.009  1057131.005  1057136.009
  4310:  1057165.005  1057176.009  1057196.005  1057220.009  1057280.005
  4315:  1057334.009  1057335.005  1057427.009  1057455.005  1057482.009
  4320:  1057503.005  1057508.009  1057547.005  1057556.009  1057628.005
  4325:  1057648.009  1058057.001  1058842.018  1058849.003  1058855.016
  4330:  1058905.026  1059032.005  1061135.009  1061480.001  1061772.003
  4335:  1062416.001  1062670.003  1063142.001  1063708.003  1063984.001
  4340:  1064740.003  1065252.001  1066014.003  1066192.001  1066977.018
  4345:  1067192.003  1067198.016  1067248.026  1067328.005  1068825.009
  4350:  1069330.001  1069373.003  1070287.001  1070364.003  1070547.001
  4355:  1070810.003  1071163.001  1071948.018  1071954.003  1071960.016
  4360:  1072010.026  1072123.005  1073584.009  1073588.005  1073616.009
  4365:  1073618.005  1073628.009  1073632.005  1073720.009  1073897.005
  4370:  1073952.009  1075114.001  1075583.003  1076004.001  1076789.018
  4375:  1076831.003  1076837.016  1076887.026  1076987.005  1077648.009
  4380:  1077683.005  1078835.009  1079140.005  1079152.009  1079201.005
  4385:  1079204.009  1080014.001  1080765.003  1081185.001  1081970.018
  4390:  1081985.003  1081991.016  1082041.026  1082117.005  1082549.009
  4395:  1082550.005  1082561.009  1082565.005  1082602.009  1082605.005
  4400:  1082615.009  1082890.005  1082903.009  1082905.005  1082922.009
  4405:  1082979.005  1082989.009  1083050.005  1083061.009  1083138.005
  4410:  1083180.009  1083194.005  1083240.009  1083246.005  1083285.009
  4415:  1083305.005  1083363.009  1083365.005  1083407.009  1083408.005
  4420:  1083466.009  1083548.005  1083550.009  1084557.005  1084575.009
  4425:  1084636.005  1084646.009  1084685.005  1084697.009  1084698.005
  4430:  1084706.009  1084708.005  1084723.009  1084750.005  1085027.009
  4435:  1085028.005  1085060.009  1085061.005  1085072.009  1085149.005
  4440:  1085153.009  1086621.001  1087265.003  1087713.001  1088498.018
  4445:  1088577.003  1088583.016  1088633.026  1088820.005  1089676.009
  4450:  1089688.005  1089779.009  1089785.005  1089794.009  1089796.005
  4455:  1090042.009  1090384.005  1090509.009  1090510.005  1090515.009
  4460:  1090568.005  1090574.009  1090576.005  1090581.009  1090620.005
  4465:  1090623.009  1090624.005  1090725.009  1090776.005  1090796.009
  4470:  1090806.005  1090836.009  1091127.005  1091146.009  1091150.005
  4475:  1091211.009  1091321.005  1091326.009  1094936.001  1095085.003
  4480:  1095448.001  1096233.018  1096366.003  1096372.016  1096422.026
  4485:  1096559.005  1097934.009  1097937.005  1098020.009  1098079.005
  4490:  1098141.009  1098189.005  1098225.009  1098881.001  1098919.003
  4495:  1099345.001  1099916.003  1100378.001  1101027.003  1101119.005
  4500:  1101503.009  1101505.005  1101539.009  1101547.005  1101555.009
  4505:  1101565.005  1101573.009  1101578.005  1101584.009  1101594.005
  4510:  1101628.009  1101633.005  1101638.009  1101640.005  1101647.009
  4515:  1102037.001  1102706.003  1102742.001  1102760.003  1103241.001
  4520:  1103884.003  1104473.001  1105129.003  1105571.001  1106337.003
  4525:  1106787.001  1107140.003  1107161.001  1107718.003  1108178.005
  4530:  1108198.009  1109108.001  1109273.003  1109580.001  1110350.003
  4535:  1110795.001  1111016.003  1111157.001  1111198.003  1111276.001
  4540:  1112054.003  1112768.001  1113553.018  1113656.003  1113662.016
  4545:  1113712.026  1113806.005  1114689.009  1114696.005  1114705.009
  4550:  1116096.005  1116317.009  1116399.005  1116411.009  1117165.001
  4555:  1117593.003  1117880.001  1118567.003  1119147.001  1119932.018
  4560:  1120086.003  1120092.016  1120142.026  1120251.005  1120762.009
  4565:  1120791.005  1120798.009  1120809.005  1120819.009  1120831.005
  4570:  1120948.009  1120962.005  1120970.009  1120971.005  1120987.009
  4575:  1120998.005  1121013.009  1121024.005  1121033.009  1121554.001
  4580:  1122117.003  1122545.001  1123247.003  1123707.001  1124370.003
  4585:  1124775.001  1125560.018  1125580.003  1125586.016  1125636.026
  4590:  1125710.005  1126735.009  1126755.005  1126764.009  1126765.005
  4595:  1126772.009  1126790.005  1126796.009  1126859.005  1126889.009
  4600:  1126967.005  1127036.009  1127044.005  1127115.009  1127170.005
  4605:  1127191.009  1127201.005  1127215.009  1127223.005  1127322.009
  4610:  1127329.005  1127411.009  1127435.005  1127444.009  1127450.005
  4615:  1127467.009  1127470.005  1127477.009  1127486.005  1127502.009
  4620:  1128013.005  1128021.009  1128030.005  1128040.009  1173621.005
  4625:  1173628.009  1173688.005  1173695.009  1173700.005  1173706.009
  4630:  1175439.005  1175447.009  1175513.005  1175520.009  1175528.005
  4635:  1175533.009  1175542.005  1175552.009  1195489.005  1195847.009
  4640:  1195858.005  1195865.009  1216088.005  1216302.009  1216303.005
  4645:  1216322.009  1216346.005  1216354.009  1216423.005  1216455.009
  4650:  1227133.005  1227395.009  1227453.005  1227458.009  1227484.005
  4655:  1227489.009  1227508.005  1227513.009  1229448.001  1229782.003
  4660:  1230171.001  1230762.003  1231155.001  1231889.003  1232387.001
  4665:  1232868.003  1233296.001  1233762.003  1233788.001  1234084.003
  4670:  1234639.005  1234955.009  1235467.001  1235493.003  1235551.001
  4675:  1236336.018  1236489.003  1236495.016  1236545.026  1236676.005
  4680:  1238119.009  1238159.005  1238165.009  1238190.005  1238320.009
  4685:  1238686.001  1238809.003  1239102.001  1239608.003  1240106.001
  4690:  1240817.003  1241348.001  1241970.003  1242516.001  1243301.018
  4695:  1243372.003  1243378.016  1243428.026  1243524.005  1246105.009
  4700:  1248097.005  1248176.009  1248191.005  1248200.009  1248220.005
  4705:  1248225.009  1248659.001  1248973.003  1249004.001  1249019.003
  4710:  1249076.001  1249861.018  1249905.003  1249911.016  1249961.026
  4715:  1250093.005  1251173.009  1251244.005  1251253.009  1252080.001
  4720:  1252450.003  1253186.001  1253738.003  1254229.001  1255014.018
  4725:  1255024.003  1255030.016  1255080.026  1255182.005  1255839.009
  4730:  1255867.005  1256053.009  1256109.005  1256130.009  1256214.005
  4735:  1256226.009  1256291.005  1256296.009  1257034.001  1257148.003
  4740:  1257312.001  1258076.003  1258378.001  1259084.003  1259355.001
  4745:  1259375.003  1259420.001  1260123.003  1260663.001  1261212.003
  4750:  1262132.001  1262917.018  1262918.003  1262924.016  1262974.026
  4755:  1263122.005  1264075.009  1264076.005  1264085.009  1264107.005
  4760:  1264118.009  1264164.005  1264585.009  1264587.005  1264604.009
  4765:  1264612.005  1264619.009  1264666.005  1264672.009  1264674.005
  4770:  1264696.009  1264802.005  1264810.009  1264811.005  1264819.009
  4775:  1269290.001  1269929.003  1270274.001  1270315.003  1270355.001
  4780:  1271090.003  1271485.001  1272077.003  1272557.001  1272609.003
  4785:  1272630.001  1273415.018  1273450.003  1273456.016  1273506.026
  4790:  1273626.005  1275035.009  1275046.005  1275060.009  1275673.005
  4795:  1275678.009  1275721.005  1275726.009  1276298.001  1276716.003
  4800:  1276900.001  1277552.003  1278102.001  1278887.018  1278964.003
  4805:  1278970.016  1279020.026  1279112.005  1280323.009  1280329.005
  4810:  1280376.009  1280385.005  1280394.009  1280409.005  1280415.009
  4815:  1280428.005  1280438.009  1280444.005  1280471.009  1280478.005
  4820:  1280490.009  1280504.005  1280593.009  1280612.005  1280636.009
  4825:  1280643.005  1280713.009  1280715.005  1280788.009  1280827.005
  4830:  1280957.009  1281081.005  1281086.009  1281703.001  1282126.003
  4835:  1282625.001  1283331.003  1283769.001  1284554.018  1284657.003
  4840:  1284663.016  1284713.026  1284796.005  1285662.009  1285684.005
  4845:  1289026.009  1291418.001  1292053.003  1292625.001  1292666.003
  4850:  1292702.001  1293487.018  1293533.003  1293539.016  1293589.026
  4855:  1293670.005  1294755.009  1294771.005  1294789.009  1294799.005
  4860:  1294813.009  1294955.005  1294978.009  1294980.005  1294996.009
  4865:  1294999.005  1295003.009  1295013.005  1295038.009  1295057.005
  4870:  1295063.009  1295067.005  1295075.009  1295083.005  1295090.009
  4875:  1295092.005  1295112.009  1309323.005  1309570.009  1309571.005
  4880:  1309576.009  1309595.005  1309680.009  1309744.005  1309750.009
  4885:  1309766.005  1309787.009  1309797.005  1309968.009  1309972.005
  4890:  1310004.009  1311473.001  1311579.003  1311727.001  1311942.003
  4895:  1312219.001  1312831.003  1313221.001  1314006.018  1314073.003
  4900:  1314079.016  1314129.026  1314229.005  1317825.009  1319063.001
  4905:  1319603.003  1320328.001  1321005.003  1321912.001  1321958.003
  4910:  1322014.001  1322682.003  1323260.001  1324014.003  1324498.001
  4915:  1325283.018  1325370.003  1325376.016  1325426.026  1325542.005
  4920:  1326828.009  1326903.005  1326917.009  1327884.001  1328639.003
  4925:  1329548.001  1330121.003  1330681.001  1331389.003  1332035.001
  4930:  1332065.003  1332144.001  1332929.018  1332987.003  1332993.016
  4935:  1333043.026  1333148.005  1334316.009  1334326.005  1334345.009
  4940:  1334382.005  1334391.009  1334471.005  1334544.009  1334613.005
  4945:  1334632.009  1334636.005  1334658.009  1334937.005  1334950.009
  4950:  1334961.005  1334968.009  1335014.005  1335023.009  1335053.005
  4955:  1335066.009  1335072.005  1335097.009  1335337.005  1335367.009
  4960:  1335657.005  1335681.009  1335685.005  1335697.009  1335706.005
  4965:  1335754.009  1339029.001  1339394.003  1339478.001  1340015.003
  4970:  1340582.001  1340853.003  1340894.001  1340949.003  1340975.001
  4975:  1341602.003  1342333.001  1343015.003  1343665.001  1344375.003
  4980:  1344979.001  1345762.003  1346414.001  1346682.003  1346716.001
  4985:  1347501.018  1347643.003  1347649.016  1347699.026  1347770.005
  4990:  1348835.009  1348844.005  1348875.009  1348919.005  1348967.009
  4995:  1349025.005  1349060.009  1349082.005  1349086.009  1349135.005
  5000:  1349159.009  1349215.005  1349220.009  1349237.005  1349261.009
  5005:  1349328.005  1349358.009  1350097.005  1350104.009  1350105.005
  5010:  1350115.009  1350194.005  1350202.009  1350208.005  1350214.009
  5015:  1351434.005  1351439.009  1351440.005  1351444.009  1351582.005
  5020:  1351589.009  1352524.001  1353117.003  1353791.001  1354547.003
  5025:  1355475.001  1356202.003  1356830.001  1356931.003  1356977.001
  5030:  1357584.003  1358202.001  1358753.003  1359931.001  1360038.003
  5035:  1360098.001  1360563.003  1360591.001  1361093.003  1361514.005
  5040:  1362095.009  1363043.005  1363307.009  1363316.005  1363330.009
  5045:  1363339.005  1363431.009  1363439.005  1363448.009  1363450.005
  5050:  1363456.009  1363458.005  1363465.009  1364263.001  1364662.003
  5055:  1364708.001  1365115.003  1365582.001  1366225.003  1366561.001
  5060:  1367346.018  1367634.003  1367640.016  1367690.026  1367805.005
  5065:  1368931.009  1368947.005  1369004.009  1369011.005  1369018.009
  5070:  1369031.005  1369043.009  1369053.005  1369065.009  1369078.005
  5075:  1369087.009  1369132.005  1369146.009  1369158.005  1369218.009
  5080:  1369241.005  1369261.009  1369279.005  1369439.009  1370486.001
  5085:  1370550.003  1371043.001  1371562.003  1371957.001  1372590.003
  5090:  1372739.005  1373070.009  1373082.005  1373105.009  1373116.005
  5095:  1373124.009  1373436.001  1374028.003  1374427.001  1375128.003
  5100:  1375642.001  1376423.003  1376872.001  1377657.018  1377844.003
  5105:  1377850.016  1377900.026  1378111.005  1378836.009  1378841.005
  5110:  1378872.009  1378886.005  1378931.009  1379368.005  1379401.009
  5115:  1381418.005  1381434.009  1381692.005  1381714.009  1381723.005
  5120:  1381972.009  1382004.005  1382037.009  1382458.005  1382470.009
  5125:  1383166.001  1383951.018  1384058.003  1384064.016  1384114.026
  5130:  1384389.005  1385375.009  1385382.005  1385390.009  1385399.005
  5135:  1385416.009  1385470.005  1385477.009  1385488.005  1385500.009
  5140:  1385530.005  1385539.009  1385546.005  1385552.009  1385583.005
  5145:  1385634.009  1385642.005  1385667.009  1385672.005  1385680.009
  5150:  1385703.005  1385715.009  1385743.005  1385758.009  1385784.005
  5155:  1385802.009  1385815.005  1385854.009  1386046.005  1386056.009
  5160:  1386060.005  1386161.009  1386905.005  1386909.009  1386953.005
  5165:  1386969.009  1387891.001  1388521.003  1388974.001  1389714.003
  5170:  1390259.001  1391044.018  1391079.003  1391085.016  1391135.026
  5175:  1391269.005  1392551.009  1392562.005  1392734.009  1392735.005
  5180:  1392746.009  1392751.005  1392765.009  1392792.005  1392801.009
  5185:  1392839.005  1392849.009  1392955.005  1392962.009  1393438.005
  5190:  1393445.009  1394342.001  1394535.003  1394568.001  1394796.003
  5195:  1395487.001  1396272.018  1396382.003  1396388.016  1396438.026
  5200:  1396595.005  1397607.009  1397619.005  1398544.009  1399374.001
  5205:  1399544.003  1400034.001  1400673.003  1401265.001  1401709.003
  5210:  1402145.001  1402828.003  1403261.001  1404046.018  1404101.003
  5215:  1404107.016  1404157.026  1404244.005  1405352.009  1405358.005
  5220:  1405404.009  1405406.005  1405595.009  1405612.005  1405618.009
  5225:  1405631.005  1405643.009  1405702.005  1405721.009  1405728.005
  5230:  1405756.009  1405778.005  1405791.009  1405795.005  1405805.009
  5235:  1405860.005  1405954.009  1405963.005  1405970.009  1405997.005
  5240:  1406046.009  1406052.005  1406772.009  1406777.005  1406786.009
  5245:  1406789.005  1406827.009  1406830.005  1406837.009  1406870.005
  5250:  1406894.009  1406920.005  1407011.009  1407046.005  1407061.009
  5255:  1407077.005  1407175.009  1407180.005  1407237.009  1407297.005
  5260:  1407346.009  1407352.005  1407418.009  1408848.001  1409496.003
  5265:  1409874.001  1410442.003  1411992.001  1412200.003  1412229.001
  5270:  1412859.003  1413260.001  1414008.003  1414373.001  1414608.003
  5275:  1414922.001  1415707.018  1415839.003  1415845.016  1415895.026
  5280:  1416011.005  1416611.009  1416614.005  1416848.009  1416850.005
  5285:  1416879.009  1416886.005  1416894.009  1416965.005  1416976.009
  5290:  1417094.005  1417127.009  1418699.005  1418716.009  1425720.001
  5295:  1426361.003  1426400.001  1427185.018  1427329.003  1427335.016
  5300:  1427385.026  1427498.005  1429073.009  1429106.005  1429242.009
  5305:  1429272.005  1429296.009  1429306.005  1429322.009  1429380.005
  5310:  1429416.009  1429501.005  1429510.009  1429520.005  1429531.009
  5315:  1429532.005  1429544.009  1440476.005  1440494.009  1453855.005
  5320:  1453865.009  1484200.005  1484207.009  1484219.005  1484245.009
  5325:  1484246.005  1484385.009  1490867.005  1490895.009  1490896.005
  5330:  1491710.009  1491713.005  1492341.009  1495206.005  1495224.009
  5335:  1495225.005  1495231.009  1495268.005  1495285.009  1495295.005
  5340:  1495302.009  1495309.005  1495314.009  1496269.001  1496444.003
  5345:  1496633.001  1496674.003  1496703.001  1497192.003  1497283.001
  5350:  1497495.003  1498049.001  1498778.003  1499477.001  1499888.003
B:
     0:        0.000      964.000        0.000      964.000        0.000
     5:     1489.000        0.000        0.000        0.000     1489.000
    10:        0.000        1.000        0.000        1.000        0.000
    15:        0.000      149.000        1.000      148.000        0.000
    20:        0.000        0.000        0.000        0.000        0.000
    25:        0.000      149.000        0.000        0.000        0.000
    30:        0.000
D:
     0:  2832115.000  2831705.000  2832116.000
E:
     0:      713.500      784.850
T:
     0:        0.000        0.000        0.000        0.000
W:
     0:        0.000        0.000        0.000
