File: C:\MED-PC IV\Data\Reyes\AW\AW1042.999


Start Date: 08/28/24
End Date: 08/28/24
Subject: 42
Experiment: AW
Group: PERC
Box: 4
Start Time: 14:18:59
End Time: 15:08:59
MSN: DRRD_perc
C:       0.000
F:       0.000
G:       0.000
H:       0.000
I:       0.000
J:       0.000
K:   10000.000
L:       0.000
M:       0.000
N:       0.000
O:       0.000
Q:       0.000
S:       0.000
U:    2980.000
V:       0.000
X:       0.000
Y:    1579.000
Z:       0.000
A:
     0:     1963.005     1971.009     8284.005     8393.009     9007.005
     5:     9145.009     9202.005     9215.009     9255.005     9262.009
    10:     9287.005     9468.009    15000.013    15000.011    15580.001
    15:    15660.003    15992.001    16033.003    16062.001    16079.003
    20:    16118.001    16394.003    16595.001    16658.003    16703.001
    25:    17327.003    17800.001    17951.003    17970.001    18063.003
    30:    18096.001    18160.003    18692.001    18733.003    18760.001
    35:    18826.003    18853.001    19029.003    19306.001    19339.003
    40:    19373.001    19652.003    20276.001    20338.003    20360.001
    45:    20867.003    22746.001    22773.003    22812.001    23214.003
    50:    23240.001    23332.003    23346.001    26775.003    26899.005
    55:    27130.009    27387.001    27445.003    27569.001    27771.003
    60:    27817.001    28366.003    28421.001    28479.003    28534.001
    65:    28553.003    28562.001    33096.003    33270.005    33391.009
    70:    34203.001    39195.003    40123.001    40136.003    40185.001
    75:    40848.003    41511.001    41843.003    41907.001    46907.018
    80:    48130.003    48136.016    48186.026    48306.005    48816.009
    85:    48907.005    48937.009    48966.005    48974.009    50037.001
    90:    50191.003    50205.001    50328.003    50340.001    55340.018
    95:    56178.003    56184.016    56234.026    56345.005    56674.009
   100:    57601.001    62601.018    63266.003    63272.016    63322.026
   105:    63419.005    63780.009    65474.001    65671.003    65694.001
   110:    70694.018    71263.003    71269.016    71319.026    71545.005
   115:    71854.009    72427.001    77427.018    79441.003    79447.016
   120:    79497.026    79615.005    79838.009    80351.001    85351.018
   125:    85910.003    85916.016    85966.026    86113.005    86324.009
   130:    86347.005    86443.009    87109.001    92109.018    92723.003
   135:    92729.016    92779.026    92896.005    93262.009    93968.001
   140:    98968.018    99700.003    99706.016    99756.026    99887.005
   145:   100288.009   100401.005   100409.009   101167.001   101299.003
   150:   101321.001   106321.018   108436.003   108442.016   108492.026
   155:   108596.005   108922.009   109517.001   109769.003   109825.001
   160:   110053.003   110075.001   115075.018   115601.003   115607.016
   165:   115627.001   115657.026   115713.003   115817.005   116067.009
   170:   116804.001   117983.003   118005.001   118374.003   118449.001
   175:   118485.003   118549.001   118597.003   118615.001   123615.018
   180:   125499.003   125505.016   125555.026   125568.001   125623.003
   185:   125749.005   126291.009   127126.001   131173.003   131223.001
   190:   131505.003   131574.001   131615.003   131624.001   131646.003
   195:   131662.001   136662.018   138736.003   138742.016   138792.026
   200:   138820.001   138904.003   138925.005   139425.009   140008.001
   205:   145008.018   145273.003   145279.016   145329.026   145448.005
   210:   145875.009   146431.001   151431.018   153092.003   153098.016
   215:   153148.026   153359.005   153842.009   154601.001   154714.003
   220:   154724.001   159724.018   161637.003   161643.016   161693.026
   225:   161843.005   162212.009   163036.001   163194.003   163362.001
   230:   163389.003   163420.001   166136.003   167318.001   172318.018
   235:   173685.003   173691.016   173741.026   173848.005   174371.009
   240:   175321.001   180321.018   181821.003   181827.016   181877.026
   245:   182020.005   182264.009   183036.001   183110.003   183138.001
   250:   188040.003   188110.001   188156.003   188817.001   193817.018
   255:   194975.003   194981.016   195031.026   195186.005   195761.009
   260:   196441.001   196520.003   196560.001   201560.018   202193.003
   265:   202199.016   202249.026   202398.005   202991.009   203680.001
   270:   203921.003   203943.001   208943.018   209077.003   209083.016
   275:   209133.026   209291.005   210022.009   211101.001   216101.018
   280:   216205.003   216211.016   216246.001   216261.026   216268.003
   285:   216432.005   216690.009   217820.001   222820.018   223951.003
   290:   223957.016   224007.026   224160.005   224476.009   224972.001
   295:   229972.018   231274.003   231280.016   231330.026   231477.005
   300:   231813.009   232944.001   233069.003   233091.001   238091.018
   305:   238525.003   238531.016   238581.026   238752.005   239161.009
   310:   240217.001   245217.018   248006.003   248012.016   248062.026
   315:   248193.005   248570.009   249560.001   254560.018   256564.003
   320:   256570.016   256620.026   256748.005   257058.009   257554.001
   325:   262554.018   264222.003   264228.016   264260.001   264278.026
   330:   264427.005   264474.003   264726.009   265023.001   270023.018
   335:   270853.003   270859.016   270909.026   271012.005   271381.009
   340:   272347.001   272727.003   272743.001   277743.018   279162.003
   345:   279168.016   279218.026   279366.005   279717.009   279722.005
   350:   280002.009   280544.001   280940.003   280958.001   285958.018
   355:   287548.003   287554.016   287604.026   287745.005   288201.009
   360:   288642.001   293642.018   295065.003   295071.016   295121.026
   365:   295242.005   295798.009   296282.001   296667.003   296705.001
   370:   301705.018   302713.003   302719.016   302769.026   302907.005
   375:   303117.009   303177.005   303198.009   303710.001   308710.018
   380:   310654.003   310660.016   310710.026   310761.001   310900.003
   385:   310975.005   311385.009   311411.005   311414.009   312030.001
   390:   312359.003   312376.001   317376.018   318379.003   318385.016
   395:   318435.026   318657.005   319294.009   319947.001   324947.018
   400:   326108.003   326114.016   326164.026   326302.005   326567.009
   405:   326953.001   331953.018   333744.003   333750.016   333800.026
   410:   333966.005   334241.009   334303.005   334329.009   335479.001
   415:   340479.018   341878.003   341884.016   341934.026   342101.005
   420:   342640.009   343241.001   348241.018   349927.003   349933.016
   425:   349983.026   350144.005   350488.009   350941.001   355941.018
   430:   357076.003   357082.016   357132.026   357288.005   357560.009
   435:   358577.001   358760.003   358777.001   363777.018   363860.003
   440:   363866.016   363916.026   364060.001   364119.003   364127.005
   445:   364638.009   365916.001   370916.018   373868.003   373874.016
   450:   373924.026   374078.005   374220.009   374486.001   375410.003
   455:   375589.001   380589.018   381859.003   381865.016   381915.026
   460:   381931.001   382034.003   382082.005   382452.009   382739.001
   465:   383727.003   383741.001   388402.003   388464.001   388602.003
   470:   388838.005   389070.009   389351.001   394351.018   397198.003
   475:   397204.016   397254.026   397371.005   397713.009   397758.005
   480:   397879.009   398670.001   403670.018   404354.003   404360.016
   485:   404378.001   404410.026   404468.003   404569.005   405101.009
   490:   405548.001   410548.018   411259.003   411265.016   411284.001
   495:   411315.026   411383.003   411498.005   412047.009   412965.001
   500:   417965.018   423029.003   423035.016   423085.026   423234.005
   505:   423538.009   424024.001   429024.018   430684.003   430690.016
   510:   430740.026   430877.005   431320.009   440642.001   441420.003
   515:   441638.001   445327.003   445415.001   445607.003   446552.001
   520:   451552.018   453929.003   453935.016   453985.026   454122.005
   525:   454631.009   455321.001   455435.003   455452.001   460452.018
   530:   461997.003   462003.016   462053.026   462168.005   462625.009
   535:   463800.001   468800.018   470116.003   470122.016   470172.026
   540:   470349.005   470744.009   471566.001   476566.018   477783.003
   545:   477789.016   477817.001   477839.026   477841.003   477992.005
   550:   478315.009   478330.005   478373.009   478397.005   478405.009
   555:   478417.005   478465.009   478520.005   478527.009   479779.001
   560:   484779.018   486130.003   486136.016   486186.026   486323.005
   565:   486811.009   486840.005   486856.009   486871.005   486946.009
   570:   488054.001   493054.018   493924.003   493930.016   493980.026
   575:   494125.005   494859.009   495302.001   500302.018   502275.003
   580:   502281.016   502331.026   502530.005   502823.009   503352.001
   585:   508352.018   509431.003   509437.016   509487.026   509666.005
   590:   509932.009   510468.001   515468.018   516350.003   516356.016
   595:   516406.026   516552.005   517034.009   518017.001   523017.018
   600:   523797.003   523803.016   523853.026   523879.001   523973.003
   605:   524011.005   524442.009   525113.001   525342.003   525382.001
   610:   525480.003   525494.001   529852.003   530152.001   530281.003
   615:   530320.001   535320.018   536716.003   536722.016   536772.026
   620:   536905.005   537258.009   537790.001   542790.018   543919.003
   625:   543925.016   543975.026   544143.005   544459.009   545055.001
   630:   550055.018   552160.003   552166.016   552216.026   552355.005
   635:   552616.009   553398.001   558398.018   558456.003   558462.016
   640:   558512.026   558665.005   558931.009   558961.005   558991.009
   645:   560050.001   565050.018   566092.003   566098.016   566148.026
   650:   566278.005   566632.009   567283.001   572283.018   574693.003
   655:   574699.016   574749.026   574884.005   575188.009   575195.005
   660:   575268.009   576112.001   581112.018   583732.003   583738.016
   665:   583788.026   583956.005   584205.009   584797.001   589797.018
   670:   589867.003   589873.016   589923.026   590078.005   590403.009
   675:   598326.001   602234.003   602309.001   602487.003   603321.001
   680:   608321.018   608858.003   608864.016   608873.001   608914.026
   685:   608925.003   609019.005   609419.009   610502.001   615502.018
   690:   615952.003   615958.016   616008.026   616080.001   616139.003
   695:   616156.005   616464.009   616465.005   616733.009   617251.001
   700:   622251.018   622751.003   622757.016   622807.026   622957.005
   705:   623280.009   623743.001   628743.018   628985.003   628991.016
   710:   629041.026   629115.001   629201.003   629209.005   629648.009
   715:   630335.001   635335.018   635626.003   635632.016   635649.001
   720:   635682.026   635740.003   635901.005   636555.009   637871.001
   725:   642871.018   644478.003   644484.016   644534.026   644660.005
   730:   645124.009   645607.001   650607.018   651604.003   651610.016
   735:   651634.001   651660.026   651749.003   651817.005   652211.009
   740:   652895.001   657895.018   658733.003   658739.016   658766.001
   745:   658789.026   658902.003   658909.005   659231.009   659800.001
   750:   664800.018   665073.003   665079.016   665129.026   665137.001
   755:   665274.003   665300.005   665608.009   667622.001   672622.018
   760:   673812.003   673818.016   673868.026   674011.005   674349.009
   765:   675067.001   680067.018   680281.003   680287.016   680337.026
   770:   680514.005   681034.009   682522.001   683284.003   683333.001
   775:   688333.018   689251.003   689257.016   689307.026   689468.005
   780:   689771.009   690781.001   695781.018   696885.003   696891.016
   785:   696941.026   697107.005   697511.009   698338.001   703338.018
   790:   703537.003   703543.016   703593.026   703766.005   704442.009
   795:   704448.005   704498.009   705556.001   705906.003   705930.001
   800:   710930.018   711210.003   711216.016   711266.026   711463.005
   805:   711858.009   712980.001   717980.018   719234.003   719240.016
   810:   719290.026   719454.005   719711.009   721631.001   726631.018
   815:   729098.003   729104.016   729154.026   729304.005   729667.009
   820:   730103.001   735103.018   735900.003   735906.016   735956.026
   825:   736180.005   736657.009   737600.001   742600.018   744006.003
   830:   744012.016   744062.026   744064.001   744168.005   744199.003
   835:   744425.009   745627.001   750093.003   750297.005   750458.009
   840:   750807.001   755807.018   757167.003   757173.016   757223.026
   845:   757359.005   757716.009   759264.001   764264.018   766127.003
   850:   766133.016   766183.026   766354.005   766634.009   767621.001
   855:   772111.003   772315.001   772339.003   772398.001   772558.003
   860:   772980.001   777980.018   779410.003   779416.016   779466.026
   865:   779660.005   780074.009   781026.001   786026.018   787206.003
   870:   787212.016   787262.026   787432.005   787804.009   787812.005
   875:   787826.009   790033.001   795033.018   796347.003   796353.016
   880:   796403.026   796426.001   796475.003   796556.005   796788.009
   885:   797656.001   802656.018   804897.003   804903.016   804953.026
   890:   805104.005   805438.009   805466.005   805472.009   805581.005
   895:   805632.009   805694.005   805771.009   806423.001   811423.018
   900:   811534.003   811540.016   811590.026   811600.001   811764.003
   905:   811774.005   812032.009   812590.001   817590.018   818161.003
   910:   818167.016   818217.026   818359.005   818649.009   820371.001
   915:   825371.018   825832.003   825838.016   825888.026   826027.005
   920:   826289.009   827278.001   831891.003   832633.001   837633.018
   925:   838737.003   838743.016   838793.026   838940.005   839255.009
   930:   840434.001   845434.018   846013.003   846019.016   846069.026
   935:   846217.005   846587.009   847333.001   852333.018   853844.003
   940:   853850.016   853900.026   854085.005   854411.009   854997.001
   945:   856153.003   856297.001   856317.003   856443.001   861443.018
   950:   862580.003   862586.016   862636.026   862789.005   863157.009
   955:   863588.001   868588.018   869583.003   869589.016   869639.026
   960:   869741.005   870343.009   871070.001   876070.018   877326.003
   965:   877332.016   877353.001   877382.026   877564.003   877601.005
   970:   878262.009   879105.001   879431.003   879461.001   884461.018
   975:   885392.003   885398.016   885448.026   885659.005   885936.009
   980:   886423.001   891423.018   891919.003   891925.016   891975.026
   985:   892108.005   892695.009   893391.001   898391.018   899735.003
   990:   899741.016   899791.026   899951.005   900213.009   900830.001
   995:   905830.018   906902.003   906908.016   906958.026   907039.005
  1000:   907468.009   909024.001   914024.018   915253.003   915259.016
  1005:   915309.026   915547.005   915957.009   925976.001   926142.003
  1010:   926192.001   926271.003   926297.001   926920.003   926944.001
  1015:   930671.003   930741.001   931031.003   932788.001   932803.003
  1020:   932861.001   937861.018   938115.003   938121.016   938159.001
  1025:   938171.026   938238.003   938312.005   938841.009   939758.001
  1030:   940128.003   940167.001   944890.003   944959.001   944996.003
  1035:   946030.001   951030.018   952223.003   952229.016   952279.026
  1040:   952320.001   952365.003   952420.005   952811.009   953648.001
  1045:   954820.003   956717.001   961717.018   963735.003   963741.016
  1050:   963791.026   963923.005   964380.009   965772.001   966031.003
  1055:   966061.001   966228.003   966252.001   966320.003   966339.001
  1060:   971339.018   971523.003   971529.016   971541.001   971579.026
  1065:   971628.003   971741.005   972007.009   972739.001   973261.003
  1070:   973269.001   978269.018   978961.003   978967.016   979017.026
  1075:   979125.005   979431.009   980232.001   985232.018   987159.003
  1080:   987165.016   987215.026   987401.005   987734.009   988449.001
  1085:   993449.018   995471.003   995477.016   995527.026   995664.005
  1090:   995974.009   996956.001  1001636.003  1001808.001  1001910.003
  1095:  1002794.001  1007794.018  1010801.003  1010807.016  1010857.026
  1100:  1011019.005  1011335.009  1011798.001  1016798.018  1018523.003
  1105:  1018529.016  1018579.026  1018704.005  1019191.009  1019632.001
  1110:  1024632.018  1025656.003  1025662.016  1025712.026  1025845.005
  1115:  1026368.009  1027863.001  1032863.018  1034104.003  1034110.016
  1120:  1034160.026  1034315.005  1034809.009  1035769.001  1036473.003
  1125:  1036482.001  1040618.003  1042401.001  1042674.003  1042704.001
  1130:  1042824.003  1042921.001  1047921.018  1048785.003  1048791.016
  1135:  1048832.001  1048841.026  1048860.003  1048964.005  1049273.009
  1140:  1049726.001  1054726.018  1056132.003  1056138.016  1056188.026
  1145:  1056318.005  1056620.009  1057519.001  1062519.018  1062891.003
  1150:  1062897.016  1062947.026  1063125.005  1063717.009  1064807.001
  1155:  1069807.018  1071233.003  1071239.016  1071279.001  1071289.026
  1160:  1071372.003  1071473.005  1072165.009  1072763.001  1073625.003
  1165:  1073645.001  1078370.003  1079609.001  1084609.018  1085419.003
  1170:  1085425.016  1085475.026  1085636.005  1085937.009  1086954.001
  1175:  1091954.018  1092225.003  1092231.016  1092281.026  1092438.005
  1180:  1092721.009  1093772.001  1098772.018  1099154.003  1099160.016
  1185:  1099210.026  1099365.005  1099955.009  1101320.001  1106320.018
  1190:  1107364.003  1107370.016  1107420.026  1107562.005  1107876.009
  1195:  1107890.005  1108011.009  1108608.001  1109077.003  1109095.001
  1200:  1114095.018  1114099.003  1114105.016  1114155.026  1114309.005
  1205:  1114614.009  1115802.001  1120802.018  1122224.003  1122230.016
  1210:  1122280.026  1122475.005  1122900.009  1123723.001  1128723.018
  1215:  1130240.003  1130246.016  1130296.026  1130445.005  1130735.009
  1220:  1132060.001  1137060.018  1139165.003  1139171.016  1139221.026
  1225:  1139381.005  1139652.009  1140072.001  1145072.018  1147007.003
  1230:  1147013.016  1147063.026  1147217.005  1147544.009  1148237.001
  1235:  1153237.018  1153359.003  1153365.016  1153415.026  1153577.005
  1240:  1154047.009  1154642.001  1159642.018  1160428.003  1160434.016
  1245:  1160449.001  1160484.026  1160843.003  1160968.001  1165469.003
  1250:  1166308.001  1171308.018  1173710.003  1173716.016  1173766.026
  1255:  1173937.005  1174100.009  1174508.001  1179508.018  1180887.003
  1260:  1180893.016  1180943.026  1181150.005  1181587.009  1181626.005
  1265:  1181641.009  1186981.001  1187074.003  1187110.001  1191885.003
  1270:  1192537.001  1197537.018  1198040.003  1198046.016  1198071.001
  1275:  1198096.026  1198105.003  1198174.005  1198877.009  1199842.001
  1280:  1204842.018  1205353.003  1205359.016  1205409.026  1205415.001
  1285:  1205473.003  1205545.005  1205949.009  1206025.005  1206178.009
  1290:  1209065.001  1209105.003  1209172.001  1214172.018  1214452.003
  1295:  1214458.016  1214472.001  1214508.026  1214584.003  1214639.005
  1300:  1214963.009  1214975.005  1215154.009  1216543.001  1221543.018
  1305:  1221822.003  1221828.016  1221878.026  1222004.005  1222287.009
  1310:  1223715.001  1228715.018  1229115.003  1229121.016  1229160.001
  1315:  1229171.026  1229205.003  1229372.005  1229685.009  1231198.001
  1320:  1236198.018  1238749.003  1238755.016  1238805.026  1238838.001
  1325:  1238911.003  1238935.005  1239379.009  1240351.001  1245351.018
  1330:  1246966.003  1246972.016  1247022.026  1247151.005  1247609.009
  1335:  1247612.005  1247711.009  1248891.001  1253891.018  1254478.003
  1340:  1254484.016  1254534.026  1254673.005  1254969.009  1255747.001
  1345:  1260747.018  1260989.003  1260995.016  1261040.001  1261045.026
  1350:  1261066.003  1261118.001  1261234.003  1261284.005  1261773.009
  1355:  1264834.001  1265046.003  1265056.001  1270056.018  1270100.003
  1360:  1270106.016  1270156.026  1270323.005  1270931.009  1271510.001
  1365:  1276510.018  1277119.003  1277125.016  1277175.026  1277314.005
  1370:  1277586.009  1278504.001  1283504.018  1284338.003  1284344.016
  1375:  1284394.026  1284455.005  1284978.009  1285041.005  1285096.009
  1380:  1285737.001  1290737.018  1292910.003  1292916.016  1292966.026
  1385:  1293082.005  1293414.009  1294051.001  1299051.018  1299754.003
  1390:  1299760.016  1299810.026  1299946.005  1300303.009  1300339.005
  1395:  1300362.009  1304024.001  1309024.018  1309433.003  1309439.016
  1400:  1309489.026  1309658.005  1309895.009  1312614.001  1316651.003
  1405:  1318981.001  1323981.018  1324468.003  1324474.016  1324524.026
  1410:  1324651.005  1324975.009  1328396.001  1328480.003  1328505.001
  1415:  1333505.018  1334632.003  1334638.016  1334688.026  1334797.005
  1420:  1335215.009  1335222.005  1335263.009  1335301.005  1335302.009
  1425:  1336977.001  1341977.018  1342359.003  1342365.016  1342415.026
  1430:  1342567.005  1342771.009  1342790.005  1342998.009  1344960.001
  1435:  1349543.003  1349608.001  1349816.003  1350962.001  1351471.003
  1440:  1351963.001  1356963.018  1358818.003  1358824.016  1358874.026
  1445:  1358894.001  1358914.003  1359052.005  1359616.009  1369936.001
  1450:  1374574.003  1374636.001  1374811.003  1375579.001  1380579.018
  1455:  1381915.003  1381921.016  1381971.026  1382083.005  1382562.009
  1460:  1383827.001  1388827.018  1390773.003  1390779.016  1390829.026
  1465:  1390989.005  1391593.009  1393262.001  1393565.003  1393586.001
  1470:  1398586.018  1399293.003  1399299.016  1399349.026  1399497.005
  1475:  1399756.009  1399784.005  1399802.009  1399837.005  1399851.009
  1480:  1400601.001  1405601.018  1406223.003  1406229.016  1406279.026
  1485:  1406463.005  1406994.009  1408083.001  1413083.018  1413934.003
  1490:  1413940.016  1413990.026  1414163.005  1414525.009  1415598.001
  1495:  1420598.018  1421493.003  1421499.016  1421549.026  1421687.005
  1500:  1422100.009  1422106.005  1422158.009  1422196.005  1422218.009
  1505:  1422235.005  1422249.009  1423465.001  1428465.018  1429327.003
  1510:  1429333.016  1429383.026  1429542.005  1429987.009  1430645.001
  1515:  1435645.018  1436146.003  1436152.016  1436202.026  1436387.005
  1520:  1436994.009  1438034.001  1443034.018  1444472.003  1444478.016
  1525:  1444528.026  1444690.005  1445039.009  1445966.001  1450966.018
  1530:  1451535.003  1451541.016  1451591.026  1451747.005  1452126.009
  1535:  1453461.001  1458097.003  1458179.001  1458340.003  1460020.001
  1540:  1465020.018  1466329.003  1466335.016  1466385.026  1466523.005
  1545:  1466834.009  1467713.001  1472713.018  1473903.003  1473909.016
  1550:  1473959.026  1474110.005  1474495.009  1475803.001  1480803.018
  1555:  1481809.003  1481815.016  1481865.026  1482031.005  1482560.009
  1560:  1483415.001  1488415.018  1489500.003  1489506.016  1489556.026
  1565:  1489680.005  1490143.009  1490168.005  1490244.009  1492012.001
  1570:  1497012.018  1498152.003  1498158.016  1498203.001  1498208.026
  1575:  1498262.003  1498373.005  1498846.009  1499969.001
B:
     0:        0.000      326.000        0.000      325.000        0.000
     5:      214.000        0.000        0.000        0.000      214.000
    10:        0.000        1.000        0.000        1.000        0.000
    15:        0.000      166.000        0.000      166.000        0.000
    20:        0.000        0.000        0.000        0.000        0.000
    25:        0.000      166.000        0.000        0.000        0.000
    30:        0.000
D:
     0:  1502985.000  1502949.000  1501242.000
E:
     0:     5000.000     5000.000
P:
     0:        0.000       80.000       41.000       17.000      276.000
     5:       63.000      624.000      151.000       93.000       64.000
    10:       41.000       66.000      176.000       33.000      279.000
    15:       62.000      507.000       27.000      402.000       92.000
    20:     3429.000       58.000      202.000      549.000       58.000
    25:       19.000     4534.000     4992.000       13.000      663.000
    30:      332.000     6223.000      154.000      123.000     5838.000
    35:     5665.000      197.000     5569.000     7014.000     5559.000
    40:     5614.000     5732.000      132.000     7115.000      252.000
    45:      228.000     5526.000       54.000     1179.000      369.000
    50:       36.000       48.000     6884.000       55.000     4047.000
    55:      282.000       41.000       22.000     7074.000       84.000
    60:     5265.000     6661.000      113.000     6913.000      158.000
    65:       27.000     2716.000     6367.000     6500.000       74.000
    70:     4902.000       46.000     6158.000       79.000     5633.000
    75:      241.000     5134.000     5104.000        5.000     6131.000
    80:     6302.000      125.000     5434.000     7789.000     7004.000
    85:     6668.000      194.000     5830.000      380.000     6419.000
    90:      396.000     6590.000     6423.000      385.000     6008.000
    95:     6944.000      139.000      329.000     6003.000     6161.000
   100:     6791.000     6399.000     6686.000     6135.000      183.000
   105:     5083.000       59.000     7952.000      924.000     6270.000
   110:      103.000      988.000     4661.000      138.000     7847.000
   115:     5684.000       56.000     5711.000       66.000    10064.000
   120:     6660.000      778.000     3689.000      192.000     7377.000
   125:      114.000     6545.000     6316.000     6217.000        0.000
   130:     6351.000     5870.000     6973.000     6079.000     5882.000
   135:     5780.000       94.000      229.000       98.000     4358.000
   140:      129.000     6396.000     6129.000     7105.000     5058.000
   145:     6042.000     7410.000     7620.000     5070.000     3908.000
   150:      178.000     5537.000        9.000     5450.000       59.000
   155:     5500.000     5242.000       86.000     5291.000       56.000
   160:     6607.000     5997.000       87.000     5838.000      111.000
   165:     5273.000      137.000     6190.000     5214.000      762.000
   170:     5918.000     6104.000     5199.000      350.000     5280.000
   175:     6254.000     7467.000     5797.000     6406.000      135.000
   180:     4466.000     6360.000     6863.000     4490.000       24.000
   185:      160.000     6430.000     6180.000     6314.000       49.000
   190:     7241.000     5111.000      164.000     5571.000     5461.000
   195:     4613.000     6104.000     5579.000     6511.000     1156.000
   200:       20.000     6137.000     5995.000     6256.000      180.000
   205:      326.000     5931.000     5496.000     6344.000     6072.000
   210:     6229.000      166.000       79.000      623.000     3727.000
   215:      290.000       15.000     5254.000       65.000      370.000
   220:     4723.000       37.000     6193.000       45.000     1172.000
   225:     7018.000      259.000      167.000       68.000     5184.000
   230:       47.000      522.000     5692.000     6927.000     7022.000
   235:     4680.000      102.000     8007.000     6725.000     6024.000
   240:     6241.000      704.000     4136.000      273.000      120.000
   245:     5864.000       17.000     6406.000     5372.000     6426.000
   250:       81.000      862.000     4725.000     5810.000     5271.000
   255:     5382.000     6044.000      469.000     5004.000     6422.000
   260:     6517.000     7105.000     6935.000     5122.000     5786.000
   265:      357.000     4501.000     7402.000     6379.000       93.000
   270:     4775.000     5503.000        7.000     5511.000       58.000
   275:       40.000     5280.000       74.000     5279.000     5400.000
   280:       32.000     7551.000       73.000     6615.000     5587.000
   285:     5242.000       19.000      116.000      212.000     5044.000
   290:     5609.000     5834.000     7173.000     5703.000     5409.000
   295:     4037.000     5487.000       84.000     6127.000     5382.000
   300:     4583.000      208.000      509.000     6855.000       20.000
   305:     4638.000      175.000     6336.000     6946.000      303.000
   310:     5707.000     5622.000     5851.000     5895.000     5862.000
   315:     5501.000     6438.000     5569.000     4636.000      161.000
   320:     6309.000     6190.000     6006.000     6085.000     6140.000
   325:       52.000        0.000
R:
     0:        1.000        0.000        0.000
T:
     0:        0.000        0.000        0.000        0.000
W:
     0:        2.000        0.000        0.000
