File: C:\MED-PC IV\Data\Reyes\AW\AW1045.999


Start Date: 08/18/24
End Date: 08/18/24
Subject: 45
Experiment: AW
Group: EXP20
Box: 1
Start Time: 15:57:16
End Time: 16:47:16
MSN: DRRD_exp_20
C:       0.000
F:       0.000
G:       0.000
H:       0.000
I:       0.000
J:       0.000
K:    2579.000
L:       0.000
M:       0.000
N:       0.000
O:       0.000
P:       0.000
Q:       0.000
R:       0.000
S:       0.000
U:    2239.000
V:       0.000
X:       0.000
Y:    2525.000
Z:       0.000
A:
     0:     6558.005     6569.009     6595.005     6616.009    15000.013
     5:    15000.011    15758.001    16515.003    17339.001    18478.003
    10:    19148.001    19190.003    19228.001    19239.003    19247.001
    15:    19346.003    19347.001    20632.003    21293.001    22407.003
    20:    22810.001    24050.003    24219.005    24605.009    25084.001
    25:    26374.018    26753.003    26759.016    26809.026    26914.005
    30:    27321.009    27846.001    27878.003    27881.001    29176.018
    35:    29741.003    29747.016    29797.026    29894.005    30317.009
    40:    30637.001    30711.003    30720.001    30822.003    30828.001
    45:    31981.003    32489.001    32517.003    32535.001    32611.003
    50:    32645.001    32922.003    32925.001    33844.003    33980.005
    55:    34127.009    34301.001    34367.003    34379.001    35669.018
    60:    35984.003    35990.016    36040.026    36154.005    36603.009
    65:    36822.001    36899.003    36920.001    36989.003    37005.001
    70:    37205.003    37209.001    38327.003    38670.001    38754.003
    75:    38765.001    39960.003    39983.001    40060.003    40706.001
    80:    40731.003    40741.001    41048.003    41052.001    42255.003
    85:    42405.005    42569.009    42717.001    42797.003    42808.001
    90:    42874.003    42880.001    43282.003    43287.001    44225.003
    95:    44702.001    45992.018    46361.003    46367.016    46417.026
   100:    46519.005    46835.009    47114.001    47196.003    47217.001
   105:    47252.003    47254.001    48550.018    49064.003    49070.016
   110:    49120.026    49257.005    49596.009    49966.001    51256.018
   115:    52114.003    52120.016    52170.026    52287.005    52623.009
   120:    52949.001    52970.003    53028.001    53399.003    53406.001
   125:    54590.003    54897.005    55114.009    55115.005    55139.009
   130:    55435.001    55516.003    55528.001    56415.003    56426.001
   135:    57472.003    59743.001    59809.003    59815.001    59847.003
   140:    59856.001    59951.003    59957.001    61249.018    62324.003
   145:    62330.016    62380.026    62503.005    63162.009    63571.001
   150:    63596.003    63609.001    63698.003    63705.001    63870.003
   155:    63877.001    65168.018    65613.003    65619.016    65669.026
   160:    65808.005    66227.009    66445.001    66482.003    66514.001
   165:    66537.003    66553.001    66641.003    66653.001    67943.018
   170:    68560.003    68566.016    68616.026    68770.005    69328.009
   175:    69644.001    69686.003    69734.001    69797.003    69813.001
   180:    69939.003    69949.001    71239.018    71987.003    71993.016
   185:    72043.026    72168.005    72533.009    73031.001    73071.003
   190:    73076.001    74369.018    75202.003    75208.016    75258.026
   195:    75349.005    75973.009    76264.001    76536.003    76558.001
   200:    77848.018    78085.003    78091.016    78141.026    78269.005
   205:    78685.009    78930.001    79220.003    79290.001    79347.003
   210:    79456.001    80746.018    81090.003    81096.016    81146.026
   215:    81270.005    81895.009    82175.001    82385.003    82427.001
   220:    82499.003    82511.001    83201.003    83223.001    84228.003
   225:    84235.001    84408.003    84777.001    84846.003    84869.001
   230:    85022.003    85030.001    85368.003    85423.001    86494.003
   235:    86608.005    86711.009    87240.001    87589.003    87594.001
   240:    88887.018    89008.003    89014.016    89034.001    89064.026
   245:    89143.003    89259.005    89787.009    91810.001    91914.003
   250:    92165.001    92226.003    92515.001    92605.003    92643.001
   255:    92758.003    92762.001    94056.018    95039.003    95045.016
   260:    95095.026    95199.005    95662.009    95676.005    95779.009
   265:    96610.001    96655.003    96673.001    96727.003    96753.001
   270:    96829.003    96836.001    98127.018    99558.003    99564.016
   275:    99614.026    99734.005   100079.009   100389.001   100513.003
   280:   100528.001   100649.003   100657.001   101947.018   102463.003
   285:   102469.016   102519.026   102643.005   102979.009   103260.001
   290:   104138.003   104145.001   105436.018   105557.003   105563.016
   295:   105613.026   105812.005   106214.009   106618.001   106761.003
   300:   106846.001   108136.018   109398.003   109404.016   109454.026
   305:   109553.005   109944.009   109962.005   109996.009   109998.005
   310:   110155.009   110676.001   110823.003   110888.001   111071.003
   315:   111126.001   111161.003   111171.001   112461.018   112975.003
   320:   112981.016   113031.026   113126.005   113560.009   113615.005
   325:   113644.009   113683.005   113697.009   114062.001   114172.003
   330:   114229.001   115519.018   116393.003   116399.016   116413.001
   335:   116449.026   116651.003   116779.005   117210.009   117444.001
   340:   117640.003   117675.001   117766.003   117777.001   119028.003
   345:   119434.001   119471.003   119480.001   119507.003   119518.001
   350:   119707.003   119711.001   121005.018   121052.003   121058.016
   355:   121108.026   121210.005   121773.009   122159.001   122509.003
   360:   122609.001   122633.003   122634.001   123931.018   124401.003
   365:   124407.016   124457.026   124558.005   125004.009   126286.001
   370:   126446.003   126470.001   126599.003   126614.001   127733.003
   375:   127757.001   127948.003   127951.001   129204.003   129876.001
   380:   129923.003   129925.001   131159.003   131369.005   131516.009
   385:   131795.001   131879.003   131898.001   132178.003   132181.001
   390:   133476.018   133773.003   133779.016   133829.026   133931.005
   395:   134413.009   135478.001   135543.003   135634.001   135778.003
   400:   135865.001   135888.003   135899.001   137189.018   138224.003
   405:   138230.016   138280.026   138369.005   138854.009   139353.001
   410:   139788.003   139792.001   141086.018   141100.003   141106.016
   415:   141108.001   141156.026   141335.003   141473.005   142564.009
   420:   143495.001   143701.003   143739.001   143818.003   143897.001
   425:   144394.003   144407.001   144440.003   144455.001   144558.003
   430:   144567.001   145857.018   145921.003   145927.016   145977.026
   435:   146107.005   146484.009   146879.001   147191.003   147197.001
   440:   147590.003   147591.001   148688.003   148718.001   148873.003
   445:   149292.001   149316.003   149335.001   149407.003   149411.001
   450:   149504.003   149515.001   149615.003   149621.001   149822.003
   455:   149833.001   150611.003   150646.001   151936.018   151982.003
   460:   151988.016   152038.026   152155.005   152585.009   152934.001
   465:   152979.003   153020.001   153109.003   153180.001   153268.003
   470:   153401.001   153434.003   153439.001   153646.003   153650.001
   475:   154944.018   155798.003   155804.016   155854.026   155981.005
   480:   156595.009   156885.001   157064.003   157089.001   157126.003
   485:   157414.001   158047.003   158058.001   158412.003   158465.001
   490:   159235.003   159660.001   159686.003   159694.001   159727.003
   495:   159736.001   159820.003   159830.001   159867.003   159871.001
   500:   160118.003   160386.001   160412.003   160423.001   160489.003
   505:   160496.001   160627.003   160631.001   161127.003   161150.001
   510:   161444.003   162515.001   162556.003   162566.001   162639.003
   515:   162646.001   163937.018   164465.003   164471.016   164521.026
   520:   164669.005   165014.009   165425.001   165548.003   165615.001
   525:   165665.003   180492.005   180522.009   180545.005   180626.009
   530:   181400.001   181645.003   182869.001   182894.003   182902.001
   535:   182932.003   182936.001   183010.003   183019.001   184309.018
   540:   184823.003   184829.016   184879.026   184992.005   185386.009
   545:   185659.001   185847.003   185902.001   185944.003   185945.001
   550:   187242.018   188336.003   188342.016   188392.026   188515.005
   555:   188864.009   189307.001   189520.003   189593.001   189682.003
   560:   189688.001   190980.018   191665.003   191671.016   191721.026
   565:   191841.005   192339.009   192361.005   192385.009   192404.005
   570:   192443.009   192905.001   192960.003   193069.001   194359.018
   575:   195242.003   195248.016   195298.026   195415.005   195929.009
   580:   196367.001   196464.003   196468.001   197762.018   198565.003
   585:   198571.016   198621.026   198768.005   199407.009   200140.001
   590:   200555.003   200559.001   201853.018   202120.003   202126.016
   595:   202176.026   202256.005   203574.009   203585.005   203666.009
   600:   203745.005   204420.009   208281.005   208358.009   209675.001
   605:   209990.003   210000.001   210693.003   210751.001   211445.003
   610:   211857.001   211894.003   211906.001   211934.003   211941.001
   615:   212019.003   212026.001   213317.018   214050.003   214056.016
   620:   214106.026   214237.005   214748.009   215050.001   215303.003
   625:   215317.001   216607.018   217733.003   217739.016   217789.026
   630:   217888.005   218323.009   218343.005   218363.009   218830.001
   635:   218995.003   219012.001   220302.018   220529.003   220535.016
   640:   220573.001   220585.026   220715.003   220841.005   221587.009
   645:   221986.001   222161.003   222225.001   223515.018   223865.003
   650:   223871.016   223921.026   224032.005   224521.009   225464.001
   655:   226754.018   226827.003   226833.016   226851.001   226883.026
   660:   227013.003   227119.005   227881.009   228403.001   228426.003
   665:   228457.001   228681.003   228687.001   229779.003   230323.001
   670:   230401.003   230422.001   230611.003   230616.001   231461.003
   675:   232401.001   232435.003   232440.001   233733.018   234817.003
   680:   234823.016   234873.026   234987.005   235365.009   235410.005
   685:   235473.009   235872.001   235995.003   236036.001   237326.018
   690:   237488.003   237494.016   237498.001   237544.026   237746.003
   695:   237924.005   238338.009   238736.001   238793.003   238958.001
   700:   239283.003   239286.001   240581.018   240722.003   240728.016
   705:   240778.026   240901.005   241346.009   241377.005   241412.009
   710:   241717.001   241778.003   242718.001   242798.003   242799.001
   715:   244096.018   244288.003   244294.016   244344.026   244473.005
   720:   245145.009   245155.005   245227.009   246367.001   246399.003
   725:   246415.001   246435.003   246440.001   246562.003   246567.001
   730:   247796.003   247873.001   248135.003   248157.001   248189.003
   735:   248197.001   248277.003   248347.001   248384.003   248396.001
   740:   248528.003   248531.001   248754.003   248758.001   249205.003
   745:   249216.001   249837.003   250374.001   250423.003   250430.001
   750:   251721.018   252620.003   252626.016   252676.026   252797.005
   755:   253386.009   256319.001   257024.003   257045.001   258335.018
   760:   259196.003   259202.016   259252.026   259373.005   259833.009
   765:   260762.001   260887.003   260919.001   261344.003   261348.001
   770:   261712.003   261741.001   262321.003   263548.001   263673.003
   775:   263679.001   264971.018   265187.003   265193.016   265243.026
   780:   265320.005   266626.009   275243.001   275272.003   275280.001
   785:   275386.003   275387.001   275858.003   275862.001   276046.003
   790:   276056.001   277346.018   277583.003   277589.016   277639.026
   795:   277808.005   278447.009   279085.001   279135.003   279148.001
   800:   280438.018   282024.003   282030.016   282080.026   282221.005
   805:   282827.009   283293.001   284107.003   284114.001   285275.003
   810:   285872.001   285905.003   285913.001   285950.003   285953.001
   815:   287248.018   287445.003   287451.016   287501.026   287652.005
   820:   288331.009   288922.001   289058.003   289067.001   290357.018
   825:   291015.003   291021.016   291071.026   291200.005   291732.009
   830:   292797.001   292986.003   293104.001   293142.003   293145.001
   835:   293181.003   293189.001   293288.003   293302.001   293634.003
   840:   293639.001   294932.018   295298.003   295304.016   295354.026
   845:   295457.005   296263.009   297328.001   297639.003   297656.001
   850:   297699.003   297714.001   297743.003   297755.001   299045.018
   855:   299985.003   299991.016   300041.026   300157.005   300939.009
   860:   302078.001   302120.003   302129.001   302204.003   302211.001
   865:   302398.003   302406.001   303696.018   304390.003   304396.016
   870:   304446.026   304540.005   305095.009   305101.005   305155.009
   875:   305164.005   305206.009   305838.001   306451.003   306478.001
   880:   306531.003   306534.001   307829.018   307969.003   307975.016
   885:   308025.026   308143.005   308601.009   309104.001   310394.018
   890:   310840.003   310846.016   310896.026   311015.005   311596.009
   895:   313159.001   314449.018   315276.003   315282.016   315332.026
   900:   315334.017   315467.005   315896.009   315994.005   316007.009
   905:   316249.005   317784.009   317806.005   318462.009   319671.001
   910:   320090.003   334027.001   334205.003   334377.001   334456.003
   915:   335015.001   335119.003   335147.001   336695.018   336790.003
   920:   336796.016   336846.026   336973.005   337338.009   337593.001
   925:   337876.003   338143.001   338175.003   338181.001   339363.003
   930:   339774.001   339854.003   339863.001   339948.003   339952.001
   935:   340199.003   340252.001   340573.003   340582.001   341207.003
   940:   341580.001   341598.003   341612.001   341643.003   341651.001
   945:   341731.003   341757.001   341867.003   341868.001   343423.018
   950:   343682.003   343688.016   343738.026   343863.005   344314.009
   955:   344640.001   344825.003   344860.001   344911.003   345288.001
   960:   345385.003   345392.001   345686.003   345716.001   347264.018
   965:   347417.003   347423.016   347473.026   347599.005   347979.009
   970:   348467.001   348804.003   348815.001   348944.003   348991.001
   975:   350539.018   350561.003   350567.016   350617.026   350738.005
   980:   351215.009   352628.001   352815.003   352836.001   352879.003
   985:   352891.001   353024.003   353032.001   353598.003   353603.001
   990:   355154.018   355584.003   355590.016   355640.026   355752.005
   995:   356288.009   357322.001   357452.003   357462.001   357623.003
  1000:   357653.001   357690.003   357704.001   359098.003   359478.001
  1005:   359653.003   359657.001   359849.003   359851.001   361405.018
  1010:   361505.003   361511.016   361561.026   361694.005   362149.009
  1015:   362940.001   364488.018   365213.003   365219.016   365269.026
  1020:   365378.005   365796.009   365832.005   365849.009   366463.001
  1025:   366640.003   366705.001   366757.003   366771.001   366894.003
  1030:   366912.001   367272.003   367285.001   368833.018   368973.003
  1035:   368979.016   369029.026   369140.005   369590.009   369604.005
  1040:   369649.009   369737.005   369747.009   372841.001   372937.003
  1045:   373249.001   373290.003   373293.001   374846.018   376065.003
  1050:   376071.016   376121.026   376222.005   376818.009   377437.001
  1055:   377516.003   377588.001   377756.003   377783.001   379331.018
  1060:   380178.003   380184.016   380234.026   380357.005   380892.009
  1065:   381990.001   382387.003   382394.001   383771.003   383932.005
  1070:   384006.009   384218.001   384242.003   384256.001   384278.003
  1075:   384288.001   384322.003   384331.001   384358.003   384366.001
  1080:   384447.003   384453.001   386003.018   386388.003   386394.016
  1085:   386444.026   386575.005   386921.009   387779.001   387885.003
  1090:   387968.001   389347.003   390073.001   390205.003   390215.001
  1095:   391763.018   392395.003   392401.016   392451.026   392573.005
  1100:   393127.009   394474.001   396022.018   396618.003   396624.016
  1105:   396640.001   396674.026   396769.003   396902.005   397505.009
  1110:   398265.001   398321.003   398340.001   398804.003   398808.001
  1115:   400360.018   400481.003   400487.016   400490.001   400537.026
  1120:   400658.003   400777.005   401294.009   401837.001   402858.003
  1125:   403137.001   403182.003   403198.001   404579.003   405067.001
  1130:   405129.003   405132.001   405205.003   405209.001   405292.003
  1135:   405304.001   406852.018   406924.003   406930.016   406980.026
  1140:   407106.005   407629.009   418256.001   419804.018   420916.003
  1145:   420922.016   420972.026   421102.005   421565.009   421574.005
  1150:   421639.009   422284.001   422397.003   422624.001   424172.018
  1155:   424949.003   424955.016   425005.026   425139.005   425529.009
  1160:   427606.001   429154.018   430340.003   430346.016   430396.026
  1165:   430542.005   430899.009   431531.001   431589.003   431686.001
  1170:   433085.003   433433.001   433519.003   433520.001   433556.003
  1175:   433564.001   435112.018   436724.003   436730.016   436780.026
  1180:   436904.005   437407.009   439756.001   439819.003   440091.001
  1185:   441639.018   443482.003   443488.016   443538.026   443659.005
  1190:   444067.009   444093.005   444121.009   448517.001   448584.003
  1195:   448653.001   448772.003   448927.001   448954.003   448976.001
  1200:   449061.003   449072.001   449168.003   449176.001   449701.003
  1205:   449707.001   451257.018   452100.003   452106.016   452156.026
  1210:   452254.005   453303.009   454162.001   454451.003   454463.001
  1215:   454753.003   454765.001   454985.003   454988.001   456541.018
  1220:   457078.003   457084.016   457134.026   457259.005   457567.009
  1225:   458884.001   458996.003   459040.001   459133.003   459173.001
  1230:   460721.018   461037.003   461043.016   461093.026   461211.005
  1235:   461828.009   461860.005   461880.009   461992.005   462037.009
  1240:   463420.001   464968.018   465433.003   465439.016   465489.026
  1245:   465631.005   465933.009   466147.005   466315.009   475080.001
  1250:   475259.003   475343.001   475361.003   475373.001   475419.003
  1255:   475451.001   475532.003   475542.001   475786.003   475795.001
  1260:   477343.018   478359.003   478365.016   478415.026   478568.005
  1265:   479225.009   480766.001   482314.018   482770.003   482776.016
  1270:   482826.026   482944.005   483373.009   484488.001   484686.003
  1275:   484723.001   485423.003   485455.001   486357.003   486741.001
  1280:   486763.003   486771.001   486831.003   486879.001   488036.003
  1285:   488077.001   488339.003   488351.001   489899.018   489915.003
  1290:   489921.016   489971.026   490108.005   490578.009   492684.001
  1295:   492853.003   492937.001   493038.003   493112.001   493357.003
  1300:   493373.001   494702.003   495040.001   495072.003   495086.001
  1305:   495162.003   495173.001   495254.003   495259.001   496810.018
  1310:   497083.003   497089.016   497139.026   497249.005   497649.009
  1315:   498310.001   498681.003   504192.001   504296.003   504308.001
  1320:   505856.018   506328.003   506334.016   506384.026   506497.005
  1325:   506923.009   507851.001   508131.003   508206.001   508564.003
  1330:   508572.001   510120.018   510534.003   510540.016   510590.026
  1335:   510745.005   511071.009   511861.001   512082.003   512169.001
  1340:   513717.018   514090.003   514096.016   514146.026   514284.005
  1345:   514768.009   527357.005   527400.009   527406.005   529452.009
  1350:   532060.001   532162.003   532359.005   532381.009   532396.005
  1355:   532757.009   532818.005   533439.009   534967.001   536515.018
  1360:   536871.003   536877.016   536927.026   537048.005   537585.009
  1365:   545558.005   545571.009   545580.005   545668.009   545670.005
  1370:   545781.009   547061.001   547386.003   547391.001   548643.003
  1375:   549965.001   551447.003   551466.001   551482.003   551509.001
  1380:   552208.003   552545.001   552596.003   553119.001   553144.003
  1385:   553157.001   553203.003   553207.001   553269.003   553273.001
  1390:   554697.003   555086.001   555123.003   555173.001   555211.003
  1395:   555216.001   555240.003   555253.001   555335.003   555346.001
  1400:   556817.003   561871.001   562043.003   562197.001   562440.003
  1405:   562472.001   562518.003   562539.001   562608.003   562617.001
  1410:   564165.018   564830.003   564836.016   564886.026   564997.005
  1415:   565726.009   566588.001   566790.003   566848.001   568396.018
  1420:   568915.003   568921.016   568971.026   569083.005   569706.009
  1425:   569741.005   569760.009   571187.001   571569.003   571591.001
  1430:   571897.003   571902.001   573453.018   574174.003   574180.016
  1435:   574230.026   574350.005   574795.009   574845.005   574882.009
  1440:   576357.001   576667.003   576778.001   577217.003   577298.001
  1445:   578805.003   579359.001   579403.003   579415.001   579451.003
  1450:   579454.001   581007.018   581255.003   581261.016   581311.026
  1455:   581431.005   582213.009   582313.005   582330.009   584790.001
  1460:   584868.003   584880.001   586428.018   586762.003   586768.016
  1465:   586818.026   586927.005   587485.009   587555.005   587588.009
  1470:   587652.005   587679.009   589252.001   589463.003   589481.001
  1475:   591000.003   591529.001   592297.003   592325.001   592346.003
  1480:   592361.001   593020.003   593072.001   593247.003   593969.001
  1485:   594005.003   594065.001   594108.003   594118.001   594310.003
  1490:   594315.001   595866.018   596891.003   596897.016   596947.026
  1495:   597078.005   597744.009   602191.005   602223.009   603276.001
  1500:   603349.003   603372.001   603502.003   603521.001   603767.003
  1505:   603775.001   603893.003   603897.001   605449.018   605643.003
  1510:   605649.016   605674.001   605699.026   605896.003   606041.005
  1515:   606706.009   609015.001   609199.003   609292.001   610840.018
  1520:   611175.003   611181.016   611231.026   611345.005   612033.009
  1525:   612824.001   614372.018   614802.003   614808.016   614858.026
  1530:   614966.005   615435.009   615565.005   615605.009   615678.005
  1535:   615786.009   617383.001   617668.003   617682.001   619230.018
  1540:   619800.003   619806.016   619856.026   619966.001   620005.003
  1545:   620127.005   620594.009   620665.005   620730.009   620967.005
  1550:   621020.009   621043.005   621076.009   622868.001   622958.003
  1555:   623027.001   623110.003   623129.001   624677.018   624936.003
  1560:   624942.016   624992.026   625117.005   625966.009   626262.005
  1565:   626320.009   629725.001   631273.018   631620.003   631626.016
  1570:   631676.026   631800.005   632564.009   635407.001   635662.003
  1575:   635723.001   637271.018   637721.003   637727.016   637777.026
  1580:   637886.005   638479.009   639171.001   639265.003   639272.001
  1585:   640821.018   641441.003   641447.016   641497.026   641614.005
  1590:   642344.009   642398.005   642443.009   646587.001   647446.003
  1595:   649374.001   649416.003   649476.001   651008.003   651447.001
  1600:   651476.003   651523.001   651580.003   651588.001   653136.018
  1605:   653575.003   653581.016   653631.026   653746.005   654514.009
  1610:   654528.005   654642.009   656831.001   657508.003   657520.001
  1615:   658913.003   659574.001   659642.003   659684.001   659729.003
  1620:   659733.001   660003.003   660182.001   660219.003   660266.001
  1625:   661814.018   662136.003   662142.016   662192.026   662306.005
  1630:   663140.009   666025.001   666703.003   666711.001   666939.003
  1635:   666950.001   667933.003   668346.001   668377.003   668395.001
  1640:   669943.018   670406.003   670412.016   670462.026   670575.005
  1645:   671075.009   698411.005   699006.009   699558.001   701106.018
  1650:   701525.003   701531.016   701581.026   701710.005   702224.009
  1655:   702690.001   702765.003   702962.001   703116.003   703200.001
  1660:   703375.003   703382.001   704931.018   705307.003   705313.016
  1665:   705363.026   705495.005   706090.009   706117.005   706176.009
  1670:   707853.001   708233.003   708283.001   708386.003   708394.001
  1675:   709942.018   710648.003   710654.016   710704.026   710835.005
  1680:   711213.009   711303.005   711333.009   711337.005   711478.009
  1685:   711505.005   711550.009   712882.001   713247.003   713347.001
  1690:   714189.003   714226.001   714895.003   725513.001   727061.018
  1695:   727518.003   727524.016   727574.026   727720.005   728241.009
  1700:   734990.001   735059.003   735130.001   735410.003   735428.001
  1705:   736976.018   737533.003   737539.016   737589.026   737710.005
  1710:   738353.009   739066.001   739306.003   739319.001   740867.018
  1715:   741925.003   741931.016   741981.026   742100.005   742475.009
  1720:   763598.005   763616.009   763619.005   764554.009   766365.005
  1725:   766503.009   766589.005   766630.009   766647.005   766668.009
  1730:   766777.005   767635.009   776279.005   776421.009   777370.001
  1735:   777460.003   777644.001   778014.003   778060.001   779131.003
  1740:   779173.001   779827.003   779884.001   780006.003   780207.005
  1745:   780289.009   780600.001   780678.003   780686.001   782234.018
  1750:   782691.003   782697.016   782747.026   782851.005   783705.009
  1755:   789214.001   789423.003   789442.001   789621.003   789637.001
  1760:   791185.018   791221.003   791227.016   791277.026   791400.005
  1765:   792193.009   792245.005   792426.009   792457.005   792511.009
  1770:   792697.005   796002.009   796059.005   796073.009   796093.005
  1775:   796138.009   796388.005   796478.009   800814.001   800934.003
  1780:   800939.001   802490.018   802628.003   802634.016   802684.026
  1785:   802788.005   805341.009   805517.005   805571.009   805593.005
  1790:   805625.009   806847.001   806961.003   806982.001   807076.003
  1795:   807090.001   808529.003   809342.005   809382.009   809485.005
  1800:   810578.009   810897.001   811095.003   811159.001   812524.003
  1805:   813044.001   813121.003   813122.001   814677.018   814839.003
  1810:   814845.016   814895.026   815020.005   815815.009   817236.001
  1815:   817395.003   817429.001   818977.018   819019.003   819025.016
  1820:   819075.026   819223.005   819673.009   824615.001   826163.018
  1825:   826328.003   826334.016   826384.026   826546.005   827081.009
  1830:   827090.005   827119.009   827181.005   827202.009   827229.005
  1835:   827270.009   827299.005   827381.009   830492.001   830574.003
  1840:   831078.001   831129.003   831184.001   832732.018   832922.003
  1845:   832928.016   832978.026   833087.005   834141.009   836801.001
  1850:   837270.003   837884.001   837915.003   837933.001   839286.003
  1855:   853773.005   853933.009   854596.001   854876.003   854937.001
  1860:   855142.003   855165.001   856311.003   856488.005   856626.009
  1865:   856900.001   857036.003   857055.001   857361.003   857379.001
  1870:   857521.003   857573.001   858545.003   859116.001   859162.003
  1875:   859210.001   859284.003   859303.001   859544.003   859552.001
  1880:   860527.003   861040.001   861111.003   861125.001   862673.018
  1885:   862798.003   862804.016   862854.026   862985.005   863762.009
  1890:   871523.005   871576.009   871895.001   872144.003   872234.001
  1895:   872334.003   872413.001   873961.018   874366.003   874372.016
  1900:   874401.001   874422.026   874497.003   874608.005   875135.009
  1905:   875147.005   875379.009   922587.005   922747.009   923108.001
  1910:   923170.003   923222.001   923336.003   924431.001   924464.003
  1915:   924538.001   924958.003   925853.001   925872.003   925878.001
  1920:   926385.003   926645.001   926768.003   927098.001   927292.003
  1925:   927310.001   928858.018   929347.003   929353.016   929403.026
  1930:   929531.005   930298.009   935938.001   936066.003   936187.001
  1935:   936330.003   936401.001   937949.018   938096.003   938102.016
  1940:   938152.026   938299.005   938777.009   938815.005   938887.009
  1945:   940605.001   940738.003   940931.001   941664.003   941692.001
  1950:   942348.003   943111.001   944659.018   945931.003   945937.016
  1955:   945979.001   945987.026   946159.003   946296.005   947063.009
  1960:   947081.005   947151.009   950055.001   950243.003   950262.001
  1965:   950548.003   950570.001   950763.003   950779.001   950966.003
  1970:   950986.001   952070.003   952153.001   952750.003   952780.001
  1975:   952943.003   953381.005   953544.009   953920.001   955468.018
  1980:   956154.003   956160.016   956210.026   956332.005   957273.009
  1985:   961420.001   961598.003   961676.001   961863.003   961975.001
  1990:   963523.018   964086.003   964092.016   964142.026   964294.005
  1995:   964850.009   965272.001   965346.003   965400.001   965479.003
  2000:   965491.001   965655.003   965658.001   966664.003   967146.001
  2005:   967223.003   967244.001   967305.003   967318.001   968866.018
  2010:   969991.003   969997.016   970047.026   970188.005   970392.009
  2015:   970749.001   970865.003   970877.001   970951.003   970955.001
  2020:   972362.003   973145.001   973195.003   973226.001   973260.003
  2025:   973274.001   973588.003   973593.001   975144.018   975734.003
  2030:   975740.016   975790.026   975803.001   975830.003   975951.005
  2035:   976272.009   976905.001   978453.018   978627.003   978633.016
  2040:   978638.001   978683.026   978937.003   978977.001   979716.003
  2045:  1000384.005  1000418.009  1000419.005  1000479.009  1004867.001
  2050:  1005389.003  1005639.001  1005706.003  1005720.001  1007206.003
  2055:  1007562.005  1007710.009  1007977.001  1008122.003  1008220.001
  2060:  1009768.018  1010081.003  1010087.016  1010137.026  1010286.005
  2065:  1010329.009  1010520.001  1012068.018  1012450.003  1012456.016
  2070:  1012473.001  1012506.026  1013118.003  1013530.001  1013581.003
  2075:  1013594.001  1013619.003  1013624.001  1013673.003  1013680.001
  2080:  1013782.003  1013790.001  1013872.003  1013878.001  1015226.003
  2085:  1016542.001  1018090.018  1020131.003  1020137.016  1020187.026
  2090:  1020326.005  1020629.009  1021203.001  1021231.003  1021245.001
  2095:  1021307.003  1021318.001  1022866.018  1023699.003  1023705.016
  2100:  1023755.026  1023917.005  1024065.009  1024278.001  1024320.003
  2105:  1024323.001  1024513.003  1024515.001  1024555.003  1024563.001
  2110:  1026111.018  1026144.003  1026150.016  1026200.026  1027349.001
  2115:  1027415.003  1027426.001  1028974.018  1029592.003  1029598.016
  2120:  1029648.026  1029785.005  1029920.009  1029997.005  1030146.009
  2125:  1031960.001  1032136.003  1032153.001  1033701.018  1035443.003
  2130:  1035449.016  1035465.001  1035499.026  1036059.003  1036552.005
  2135:  1036747.009  1037074.001  1037135.003  1037213.001  1038761.018
  2140:  1039527.003  1039533.016  1039565.001  1039583.026  1039994.003
  2145:  1040018.001  1041200.003  1042036.001  1042081.003  1042137.001
  2150:  1043685.018  1043989.003  1043995.016  1044045.026  1044118.005
  2155:  1044625.009  1045445.001  1046934.003  1046944.001  1046975.003
  2160:  1047453.001  1047618.003  1047631.001  1049179.018  1050889.003
  2165:  1050895.016  1050945.026  1051085.005  1051174.009  1051567.001
  2170:  1051625.003  1051644.001  1053192.018  1053204.003  1053210.016
  2175:  1053241.001  1053260.026  1054101.003  1054569.001  1054619.003
  2180:  1054631.001  1056179.018  1057628.003  1057634.016  1057684.026
  2185:  1057850.005  1058098.009  1198764.005  1198801.009  1198820.005
  2190:  1198856.009  1214889.001  1214957.003  1229663.005  1229823.009
  2195:  1230026.005  1230185.009  1230186.005  1230215.009  1230247.005
  2200:  1230284.009  1230291.005  1231658.009  1231679.005  1232525.009
  2205:  1232552.005  1232572.009  1232650.005  1232678.009  1232962.005
  2210:  1234719.009  1234731.005  1234746.009  1234969.005  1235043.009
  2215:  1236123.005  1236163.009  1236194.005  1236698.009  1236882.005
  2220:  1237017.009  1238492.005  1238608.009  1238652.005  1238673.009
  2225:  1238701.005  1239369.009  1239401.005  1239478.009  1242299.005
  2230:  1242412.009  1243056.001  1243109.003  1244045.001  1244319.003
  2235:  1244325.001  1245091.003  1245107.001  1246264.003  1247032.001
  2240:  1247071.003  1247089.001  1247107.003  1247114.001  1247264.003
  2245:  1247267.001  1248820.018  1248992.003  1248998.016  1249048.026
  2250:  1249162.005  1249398.009  1249438.005  1249463.009  1249479.005
  2255:  1249907.009  1250000.005  1252132.009  1253763.001  1255311.018
  2260:  1255793.003  1255799.016  1255849.026  1255974.005  1256483.009
  2265:  1257957.001  1258086.003  1258092.001  1259221.003  1259650.001
  2270:  1259683.003  1259695.001  1259755.003  1259763.001  1259787.003
  2275:  1259793.001  1261343.018  1262175.003  1262181.016  1262231.026
  2280:  1262378.005  1263075.009  1263378.001  1263797.003  1263845.001
  2285:  1263894.003  1264951.001  1266499.018  1267017.003  1267023.016
  2290:  1267073.026  1267253.005  1267616.009  1268402.001  1268431.003
  2295:  1268444.001  1269992.018  1270137.003  1270143.016  1270193.026
  2300:  1270316.005  1270389.009  1270625.001  1272173.018  1272908.003
  2305:  1272914.016  1272964.026  1273090.005  1273572.009  1274881.001
  2310:  1276429.018  1276826.003  1276832.016  1276848.001  1276882.026
  2315:  1276884.017  1277032.003  1277790.001  1278478.003  1278513.001
  2320:  1278576.003  1278610.001  1280467.018  1280939.003  1280945.016
  2325:  1280995.026  1281620.001  1281797.003  1281819.001  1282398.003
  2330:  1282417.001  1282637.003  1282673.001  1284530.018  1285176.003
  2335:  1285182.016  1285232.026  1350180.005  1351157.009  1352076.001
  2340:  1352496.003  1352540.001  1352960.003  1354061.005  1354319.009
  2345:  1354392.005  1354430.009  1354465.005  1354592.009  1354728.005
  2350:  1354767.009  1377314.001  1377474.003  1377589.001  1377797.003
  2355:  1402833.005  1403022.009  1427275.005  1427412.009  1427451.005
  2360:  1429701.009  1430459.005  1430602.009  1430663.005  1430707.009
  2365:  1439282.005  1439826.009  1439899.005  1440052.009  1440136.005
  2370:  1440877.009  1440893.005  1441039.009  1441079.005  1441096.009
  2375:  1441178.005  1441226.009  1441268.005  1441281.009  1441329.005
  2380:  1443659.009  1443669.005  1443680.009  1443733.005  1443747.009
  2385:  1443884.005  1444347.009  1444489.005  1444745.009  1445424.005
  2390:  1446298.009  1446402.005  1446847.009  1446969.005  1447341.009
  2395:  1447542.005  1447565.009  1447623.005  1447653.009  1447668.005
  2400:  1447798.009  1447801.005  1447895.009  1447899.005  1447946.009
  2405:  1447948.005  1447980.009  1448376.005  1449717.009  1449899.005
  2410:  1449944.009  1449953.005  1450713.009  1450714.005  1450744.009
  2415:  1451434.005  1451812.009  1451858.005  1451948.009  1451972.005
  2420:  1452035.009  1452091.005  1452136.009  1452151.005  1452178.009
  2425:  1452210.005  1453065.009  1453098.005  1453111.009  1453120.005
  2430:  1453154.009  1453268.005  1453528.009  1453705.005  1453715.009
  2435:  1453834.005  1453852.009  1453895.005  1454040.009  1454499.005
  2440:  1454698.009  1458611.005  1458623.009  1458910.005  1458942.009
  2445:  1458962.005  1459001.009  1459010.005  1459043.009  1459263.005
  2450:  1459962.009  1459978.005  1460062.009  1460068.005  1460122.009
  2455:  1461643.005  1461658.009  1461808.005  1462781.009  1462877.005
  2460:  1462916.009  1463064.005  1463094.009  1463780.005  1464689.009
  2465:  1468054.001  1469150.003  1469202.001  1469541.003  1469798.001
  2470:  1469848.003  1470104.005  1470238.009  1470311.005  1471279.009
  2475:  1471299.005  1472739.009  1472759.005  1472781.009  1472795.005
  2480:  1472808.009  1473285.005  1473486.009  1473505.005  1473838.009
  2485:  1474017.005  1474050.009  1475828.005  1476310.009  1476596.001
  2490:  1476759.003  1476970.001  1478827.018  1479504.003  1479510.016
  2495:  1479560.026  1479678.005  1480097.009  1480431.001  1480561.003
  2500:  1480652.001  1480689.003  1480771.001  1480887.003  1480896.001
  2505:  1481286.003  1481405.001  1482835.003  1483494.001  1483713.003
  2510:  1483717.001  1485578.018  1486261.003  1486267.016  1486284.001
  2515:  1486317.026  1486746.003  1489472.001  1489644.003  1494708.001
  2520:  1494800.003  1494805.001  1495006.003  1497796.005  1498812.009
B:
     0:        0.000      693.000        0.000      693.000        0.000
     5:      338.000        0.000        0.000        0.000      338.000
    10:        0.000        1.000        0.000        1.000        0.000
    15:        0.000      153.000        2.000      153.000        0.000
    20:        0.000        0.000        0.000        0.000        0.000
    25:        0.000      153.000        0.000        0.000        0.000
    30:        0.000
D:
     0:  1497244.000  1497047.000  1497245.000
E:
     0:     1289.500     1856.880
T:
     0:        0.000        0.000        0.000        0.000
W:
     0:        0.000        0.000        0.000
