File: C:\MED-PC IV\Data\Reyes\AW\AW1040.999


Start Date: 08/26/24
End Date: 08/26/24
Subject: 40
Experiment: AW
Group: EXP10
Box: 2
Start Time: 14:04:13
End Time: 14:54:13
MSN: DRRD_exp_10
C:       0.000
F:       0.000
G:       0.000
H:       0.000
I:       0.000
J:       0.000
K:   10000.000
L:       0.000
M:       0.000
N:       0.000
O:       0.000
P:       0.000
Q:       0.000
R:       0.000
S:       0.000
U:  201880.000
V:       0.000
X:       0.000
Y:    1888.000
Z:       0.000
A:
     0:     1238.005     1969.009     3711.005     3804.009     3813.005
     5:     3820.009     3921.005     3953.009    11335.005    11376.009
    10:    11587.005    11633.009    15000.013    15000.011    15594.001
    15:    15825.003    16408.001    16906.003    16986.001    17401.003
    20:    17562.001    18099.003    18140.001    18347.003    18488.005
    25:    20901.009    20905.005    20917.009    20954.005    20958.009
    30:    20988.005    21011.009    21852.005    22077.009    22095.005
    35:    22101.009    22104.005    22328.009    22330.005    22337.009
    40:    22352.005    22364.009    22367.005    22858.009    22924.005
    45:    22929.009    22947.005    22953.009    22957.005    22967.009
    50:    23130.005    23279.009    23556.001    25506.003    25511.001
    55:    26272.003    26348.005    26604.009    26636.005    26705.009
    60:    26707.005    26731.009    26733.005    26837.009    26863.005
    65:    27016.009    27033.005    27037.009    27148.005    27166.009
    70:    27382.001    29575.003    29597.001    30963.003    31514.005
    75:    31805.009    31852.005    31858.009    31866.005    31871.009
    80:    31884.005    31892.009    31941.005    31970.009    31979.005
    85:    31998.009    32012.005    32025.009    32236.005    32241.009
    90:    33967.005    33971.009    33972.005    33976.009    34109.005
    95:    34111.009    35432.001    35700.003    35771.001    40771.018
   100:    41482.003    41488.016    41538.026    41629.005    42273.009
   105:    42279.005    42384.009    42401.005    42509.009    43404.005
   110:    43431.009    43856.005    45806.009    47184.001    47295.003
   115:    47342.001    47493.003    47538.001    47654.003    47693.001
   120:    50086.003    50105.001    52495.003    53302.005    53435.009
   125:    53546.005    53551.009    53579.005    53593.009    53602.005
   130:    53650.009    53652.005    54245.009    54250.005    54309.009
   135:    54341.005    54407.009    54460.005    54469.009    54491.005
   140:    54581.009    54643.005    54732.009    55166.005    55174.009
   145:    55178.005    55188.009    70955.001    71075.003    71309.005
   150:    71531.009    71532.005    71540.009    71541.005    71547.009
   155:    75895.005    76116.009    76131.005    76288.009    77255.001
   160:    80893.003    81817.005    81995.009    82081.005    82084.009
   165:    82108.005    82179.009    82213.005    82231.009    82234.005
   170:    82318.009    82369.005    82374.009    82680.001    86450.003
   175:    86463.001    87498.003    87891.005    88674.009    88689.005
   180:    88695.009    88701.005    88709.009    89357.005    89368.009
   185:    89661.005    89853.009    89875.005    89885.009    89893.005
   190:    89902.009    90718.001    90810.003    91116.001    91455.003
   195:    91778.001    96089.003    96712.005    97112.009   100877.005
   200:   100910.009   100923.005   101010.009   101046.005   101067.009
   205:   101075.005   101127.009   101563.001   102252.003   102270.001
   210:   106386.003   107981.005   108539.009   108579.005   108607.009
   215:   108658.005   108679.009   109361.001   113576.003   113731.005
   220:   114336.009   114346.005   114350.009   116172.001   116311.003
   225:   116337.001   116723.003   116741.001   119974.003   122972.005
   230:   123125.009   131244.005   131451.009   131536.005   131545.009
   235:   131549.005   131580.009   131614.005   131636.009   131717.005
   240:   131748.009   131788.005   131800.009   131833.005   132111.009
   245:   132113.005   132125.009   132492.001   132610.003   132690.001
   250:   133261.003   133857.001   138857.018   139269.003   139275.016
   255:   139325.026   139415.005   140468.009   140473.005   140557.009
   260:   140569.005   141547.009   141557.005   141829.009   141905.005
   265:   141927.009   142235.005   142265.009   142340.005   142352.009
   270:   142883.001   142953.003   142984.001   147359.003   147629.005
   275:   148431.009   148545.005   148553.009   148608.005   148624.009
   280:   148627.005   148631.009   148635.005   148664.009   148665.005
   285:   148674.009   149481.005   149495.009   155700.005   155708.009
   290:   155799.005   156409.009   156785.005   156793.009   156842.005
   295:   156877.009   156902.005   156936.009   156961.005   157082.009
   300:   157084.005   157101.009   157119.005   157495.009   157521.005
   305:   157525.009   157662.001   157759.003   157826.001   159649.003
   310:   159923.001   160054.003   160207.001   164818.003   165017.005
   315:   165491.009   165492.005   165575.009   165578.005   165584.009
   320:   166835.001   166871.003   166901.001   168854.003   168861.001
   325:   170327.003   170346.001   171870.003   172207.001   172369.003
   330:   172982.005   173083.009   173096.005   173268.009   173270.005
   335:   173275.009   173363.005   173387.009   173478.005   173483.009
   340:   173492.005   173516.009   173520.005   173525.009   173587.005
   345:   174402.009   174445.005   174458.009   174658.001   179658.003
   350:   179664.016   179714.026   179826.005   181609.009   181668.005
   355:   181681.009   181731.005   181977.009   182113.005   182121.009
   360:   182213.005   182219.009   182228.005   182234.009   182237.005
   365:   182504.009   182506.005   182546.009   182953.005   183008.009
   370:   183279.005   183349.009   183367.005   184148.009   184408.001
   375:   184564.003   184698.001   188594.003   192229.005   192465.009
   380:   192568.005   192587.009   192615.005   192620.009   192639.005
   385:   192678.009   192847.005   192855.009   192870.005   192901.009
   390:   192917.005   192924.009   193933.005   193941.009   196977.005
   395:   197134.009   197580.001   198108.003   198148.001   198422.003
   400:   198430.001   202425.003   202804.001   203167.003   204265.001
   405:   204390.003   206853.001   208832.003   209744.005   209922.009
   410:   210118.005   210127.009   210216.005   210220.009   212898.005
   415:   212927.009   213606.005   213752.009   213813.005   213829.009
   420:   213834.005   213860.009   213871.005   213960.009   214009.005
   425:   214028.009   214422.001   215261.003   215311.001   220144.003
   430:   220312.001   220943.003   224180.001   225421.003   226263.005
   435:   226460.009   226462.005   226470.009   226510.005   226574.009
   440:   226579.005   226618.009   226745.005   226768.009   226785.005
   445:   226819.009   226913.005   226951.009   227321.001   227361.003
   450:   227413.001   232413.018   232474.003   232480.016   232530.026
   455:   232653.005   233795.009   233817.005   234196.009   234218.005
   460:   234267.009   234323.005   234365.009   234804.005   234823.009
   465:   234833.005   235887.009   235892.005   235945.009   236049.005
   470:   236055.009   236193.005   236204.009   237160.001   241284.003
   475:   241509.001   242147.003   242380.001   242601.003   243591.005
   480:   243839.009   243864.005   243887.009   243888.005   243895.009
   485:   243955.005   243999.009   244034.005   244078.009   244107.005
   490:   244114.009   244119.005   244132.009   244666.001   249108.003
   495:   252148.005   252347.009   252350.005   252364.009   252427.005
   500:   252473.009   252751.001   257207.003   258982.005   259186.009
   505:   259188.005   259194.009   259215.005   259222.009   259288.005
   510:   259306.009   259755.001   259808.003   259833.001   264451.003
   515:   264683.001   264876.003   264944.001   265298.003   265612.005
   520:   265907.009   265909.005   265917.009   265925.005   265930.009
   525:   265971.005   266012.009   266182.005   266213.009   266324.005
   530:   266345.009   266439.005   266483.009   267008.001   268304.003
   535:   268484.001   272005.003   272673.001   272714.003   273763.005
   540:   274062.009   274165.005   274199.009   274412.005   274427.009
   545:   274513.005   274521.009   274873.001   279554.003   280178.005
   550:   280458.009   280778.005   280807.009   280852.005   280972.009
   555:   280992.005   281107.009   281109.005   281125.009   281136.005
   560:   281144.009   281147.005   281183.009   281211.005   281217.009
   565:   281269.005   281280.009   281289.005   281336.009   281346.005
   570:   281807.009   281811.005   281816.009   282966.001   286661.003
   575:   286696.001   288415.003   288686.001   288780.003   289496.005
   580:   289890.009   289891.005   289897.009   290021.005   290168.009
   585:   290174.005   290183.009   290193.005   290199.009   290236.005
   590:   290245.009   290549.001   294965.003   295149.005   295520.009
   595:   296545.005   296563.009   298771.001   298846.003   298955.001
   600:   299040.003   301085.001   301253.003   301283.001   301642.003
   605:   301765.001   301849.003   301954.001   304448.003   304508.001
   610:   305996.003   308204.005   308348.009   308421.005   308425.009
   615:   308435.005   308440.009   309043.005   309057.009   318188.001
   620:   318268.003   318406.005   318499.009   318969.005   319218.009
   625:   319224.005   319602.009   319646.005   319687.009   320703.001
   630:   321658.003   323206.001   328024.003   328711.005   328960.009
   635:   329036.005   329048.009   329074.005   329078.009   329090.005
   640:   329111.009   329271.005   329278.009   329629.001   329693.003
   645:   329734.001   330084.003   330142.001   332210.003   332230.001
   650:   333879.003   334646.001   334806.003   337508.001   337646.003
   655:   338059.001   338107.003   338139.001   342253.003   342472.001
   660:   342603.003   342691.005   343589.009   351753.005   351987.009
   665:   351990.005   351998.009   352088.005   352223.009   352230.005
   670:   352234.009   352340.005   352363.009   352524.005   352535.009
   675:   353985.001   354300.003   354311.001   359311.018   360157.003
   680:   360163.016   360213.026   360336.005   361215.009   361217.005
   685:   361311.009   362049.005   364270.009   364828.001   364888.003
   690:   365039.001   370039.018   370415.003   370421.016   370471.026
   695:   370577.005   371165.009   371172.005   371181.009   371187.005
   700:   371229.009   371715.005   371720.009   371832.005   371843.009
   705:   371874.005   371949.009   371997.005   372010.009   372016.005
   710:   372020.009   372027.005   372037.009   372044.005   372068.009
   715:   372083.005   372105.009   372110.005   372126.009   372463.005
   720:   372471.009   373167.005   373177.009   373268.005   373321.009
   725:   373702.005   373724.009   373846.005   374174.009   374232.005
   730:   374238.009   374280.005   374282.009   375582.005   375599.009
   735:   391329.005   391340.009   391355.005   391863.009   392425.001
   740:   392499.003   392596.001   393208.003   393230.001   394406.003
   745:   395813.005   395912.009   395948.005   396000.009   396011.005
   750:   396016.009   396067.005   396269.009   396285.005   396450.009
   755:   396601.005   396611.009   396721.005   396749.009   396761.005
   760:   396851.009   397109.001   397210.003   397279.001   397441.003
   765:   397510.001   400815.003   400863.001   402251.003   403047.005
   770:   403345.009   403346.005   403431.009   403432.005   403438.009
   775:   404753.005   405515.009   405529.005   405557.009   405568.005
   780:   405576.009   405611.005   405638.009   405641.005   405672.009
   785:   405837.005   405892.009   405899.005   405910.009   406025.005
   790:   406034.009   406058.005   406065.009   406439.001   406545.003
   795:   406575.001   406693.003   406739.001   410215.003   410227.001
   800:   410409.003   410434.001   411394.003   411480.001   412629.003
   805:   412978.001   413452.003   414669.005   414910.009   414931.005
   810:   414938.009   415002.005   415041.009   415083.005   415249.009
   815:   415259.005   415301.009   415379.005   415453.009   415757.001
   820:   415948.003   416045.001   416103.003   416194.001   420412.003
   825:   421131.001   421357.003   422144.005   422619.009   424596.005
   830:   424601.009   424606.005   424696.009   424734.005   424832.009
   835:   425643.001   426141.003   426306.001   426493.003   426513.001
   840:   430472.003   431701.005   432104.009   432112.005   432120.009
   845:   432124.005   432192.009   432238.005   432265.009   433533.001
   850:   438215.003   440451.005   440574.009   440575.005   440583.009
   855:   440645.005   440651.009   440652.005   440657.009   440743.005
   860:   440746.009   440771.005   440786.009   440833.005   440940.009
   865:   441046.005   441051.009   441074.005   441087.009   441088.005
   870:   441091.009   441264.005   441310.009   441679.001   441786.003
   875:   441802.001   446413.003   448609.005   448865.009   448875.005
   880:   448886.009   449599.001   452309.003   452339.001   452363.003
   885:   452464.001   454728.003   457182.005   457456.009   457461.005
   890:   457465.009   457480.005   457485.009   457490.005   457497.009
   895:   457555.005   457578.009   457805.005   457814.009   458103.001
   900:   458902.003   458954.001   463122.003   464370.001   464609.003
   905:   465601.005   465835.009   465848.005   465857.009   466109.005
   910:   466114.009   466195.005   466296.009   466328.005   466348.009
   915:   466384.005   466510.009   466561.005   466599.009   466677.005
   920:   466687.009   466881.001   467429.003   467492.001   471080.003
   925:   472200.005   472423.009   473103.005   473108.009   473109.005
   930:   473486.009   473488.005   473522.009   473540.005   473739.009
   935:   473828.005   473852.009   473983.005   473999.009   474296.005
   940:   474356.009   474844.001   479844.018   479997.003   480003.016
   945:   480053.026   480181.005   481264.009   481280.005   481297.009
   950:   481333.005   481348.009   482061.005   482427.009   482472.005
   955:   482497.009   482721.005   482725.009   482810.005   482818.009
   960:   482877.005   482881.009   482884.005   482888.009   483175.005
   965:   483180.009   483258.005   483301.009   483302.005   483315.009
   970:   483378.005   483472.009   483486.005   483577.009   483597.005
   975:   483660.009   483731.005   483736.009   483832.005   483915.009
   980:   483918.005   484095.009   484113.005   484117.009   484281.005
   985:   484706.009   484714.005   484721.009   485147.001   485247.003
   990:   485323.001   485425.003   485470.001   489854.003   490453.001
   995:   490733.003   490942.001   491079.003   492035.005   492227.009
  1000:   505463.001   505579.003   505749.005   506093.009   506293.005
  1005:   506328.009   506566.005   506571.009   506604.005   506646.009
  1010:   506729.005   506735.009   507707.005   507710.009   507745.005
  1015:   507750.009   507808.005   507852.009   507885.005   507905.009
  1020:   508729.001   509487.003   510892.001   513843.003   513859.001
  1025:   516122.003   516520.001   516932.003   518346.005   518371.009
  1030:   518391.005   518672.009   519350.005   519359.009   536711.005
  1035:   536757.009   536838.005   537065.009   545715.001   546360.003
  1040:   546408.001   546491.003   546527.001   550846.003   552529.005
  1045:   552534.009   552535.005   553010.009   553115.005   553119.009
  1050:   574286.005   574482.009   574495.005   574510.009   574702.005
  1055:   574951.009   575558.005   575568.009   602224.005   602238.009
  1060:   602292.005   602299.009   602319.005   602686.009   626408.005
  1065:   626413.009   626428.005   626521.009   647079.001   647870.003
  1070:   648057.005   648291.009   648310.005   648316.009   648399.005
  1075:   648408.009   648446.005   648449.009   648478.005   648483.009
  1080:   648488.005   648786.009   648997.005   649017.009   657500.005
  1085:   657539.009   657541.005   657550.009   657553.005   657560.009
  1090:   657644.005   658191.009   658203.005   658209.009   658231.005
  1095:   658243.009   658263.005   658331.009   658361.005   658371.009
  1100:   658377.005   658386.009   658393.005   658789.009   658854.005
  1105:   659024.009   659082.005   659102.009   659243.005   659257.009
  1110:   659260.005   659283.009   659284.005   659294.009   659297.005
  1115:   659455.009   659558.005   659693.009   659936.005   659942.009
  1120:   775503.005   775678.009   777318.005   777420.009   784215.001
  1125:   784303.003   784385.001   784427.003   785539.005   785644.009
  1130:   795366.005   795375.009   827115.005   827163.009   827270.005
  1135:   827282.009   827322.005   827328.009   827346.005   827698.009
  1140:   827729.005   827772.009   827819.005   827849.009   827856.005
  1145:   827988.009   827994.005   828190.009   843207.005   843216.009
  1150:   843228.005   843429.009   843443.005   843447.009   844258.005
  1155:   844263.009   844307.005   844312.009   844320.005   844392.009
  1160:   844531.005   844559.009   844739.005   844747.009   844858.005
  1165:   844868.009   845069.005   845146.009   845204.005   845460.009
  1170:   845521.005   845588.009   846657.001   847168.003   847217.001
  1175:   847773.003   847822.001   847843.003   847877.001   852372.003
  1180:   853841.005   853945.009   866772.005   867290.009   867296.005
  1185:   867337.009   867340.005   867364.009   867375.005   867474.009
  1190:   868466.001   868591.003   869217.001   870112.003   870129.001
  1195:   873971.003   875170.005   875406.009   875440.005   875460.009
  1200:   875549.005   875720.009   876769.001   876866.003   876942.001
  1205:   877048.003   885967.001   886327.003   887907.001   887968.003
  1210:   888151.001   888382.003   888456.001   888563.003   888653.001
  1215:   888856.003   889038.001   889105.003   889266.005   889928.009
  1220:   889952.005   889958.009   890038.005   890059.009   890070.005
  1225:   890074.009   890652.005   890673.009   899272.005   899693.009
  1230:   906317.005   906502.009   906571.005   906846.009   906898.005
  1235:   906915.009   906959.005   907006.009   907018.005   907024.009
  1240:   960954.005   961581.009   969672.001   970166.003   970289.001
  1245:   970402.003   972679.001   972967.003   973219.005   973359.009
  1250:   973369.005   973630.009   989236.005   989241.009   989244.005
  1255:   989474.009   989735.005   989776.009   989784.005   989793.009
  1260:   996271.005   996393.009   998247.001   998980.003  1000270.001
  1265:  1001436.003  1001563.005  1001991.009  1002008.005  1002014.009
  1270:  1002040.005  1002066.009  1002165.005  1002171.009  1002233.005
  1275:  1002331.009  1002409.005  1002419.009  1002466.005  1002494.009
  1280:  1003032.005  1003040.009  1013137.001  1015125.003  1015373.001
  1285:  1015401.003  1015515.005  1016074.009  1016085.005  1016090.009
  1290:  1016095.005  1016331.009  1016334.005  1016338.009  1016341.005
  1295:  1016518.009  1016534.005  1016556.009  1016585.005  1016593.009
  1300:  1016670.005  1016721.009  1016746.005  1016757.009  1016763.005
  1305:  1016777.009  1016778.005  1016785.009  1016799.005  1016804.009
  1310:  1016818.005  1016832.009  1017257.005  1017268.009  1043477.005
  1315:  1043960.009  1044052.005  1044066.009  1044092.005  1044254.009
  1320:  1062844.005  1062868.009  1062880.005  1062887.009  1062939.005
  1325:  1062961.009  1062983.005  1063095.009  1063229.005  1063502.009
  1330:  1063552.005  1063878.009  1063964.005  1064111.009  1064133.005
  1335:  1064142.009  1064157.005  1064163.009  1064165.005  1064186.009
  1340:  1064201.005  1064211.009  1064381.005  1064713.009  1064774.005
  1345:  1064784.009  1065643.005  1065758.009  1065765.005  1066160.009
  1350:  1067275.001  1068657.003  1068709.001  1072642.003  1073616.005
  1355:  1073967.009  1073988.005  1073990.009  1073991.005  1074000.009
  1360:  1074005.005  1074079.009  1074157.005  1074292.009  1074363.005
  1365:  1074411.009  1074434.005  1074747.009  1074761.005  1074860.009
  1370:  1074959.005  1074972.009  1075475.001  1075545.003  1075585.001
  1375:  1080585.018  1080780.003  1080786.016  1080836.026  1080946.005
  1380:  1081603.009  1081694.005  1081779.009  1081816.005  1081865.009
  1385:  1081898.005  1082114.009  1082138.005  1082213.009  1082246.005
  1390:  1082415.009  1082651.005  1082688.009  1082825.005  1082833.009
  1395:  1082854.005  1082859.009  1084313.005  1084326.009  1084814.005
  1400:  1085693.009  1085696.005  1085781.009  1085808.005  1085847.009
  1405:  1085863.005  1085869.009  1086399.001  1087649.003  1088250.001
  1410:  1091838.003  1091860.001  1093621.003  1093827.001  1094233.003
  1415:  1094844.005  1095205.009  1095229.005  1095262.009  1095367.005
  1420:  1095381.009  1095418.005  1095424.009  1095643.005  1095830.009
  1425:  1095846.005  1095894.009  1095899.005  1095964.009  1096007.005
  1430:  1096011.009  1096013.005  1096018.009  1096046.005  1096066.009
  1435:  1096094.005  1096138.009  1096154.005  1096294.009  1096415.005
  1440:  1096420.009  1096421.005  1096435.009  1096860.001  1100183.003
  1445:  1100220.001  1102089.003  1103994.005  1104368.009  1104393.005
  1450:  1104454.009  1104460.005  1104477.009  1104518.005  1104533.009
  1455:  1104559.005  1104591.009  1104673.005  1104679.009  1104690.005
  1460:  1104697.009  1104719.005  1104732.009  1104819.005  1104837.009
  1465:  1104871.005  1104963.009  1104982.005  1105143.009  1105239.005
  1470:  1105256.009  1105351.005  1105369.009  1105373.005  1105402.009
  1475:  1105404.005  1105678.009  1105699.005  1105711.009  1106131.001
  1480:  1110826.003  1112347.001  1112803.003  1112951.001  1113058.003
  1485:  1114554.001  1115887.003  1116073.001  1116261.003  1116377.005
  1490:  1116621.009  1116626.005  1116636.009  1116641.005  1116650.009
  1495:  1116706.005  1116756.009  1116869.005  1116883.009  1116921.005
  1500:  1116925.009  1117093.001  1117132.003  1117258.001  1117307.003
  1505:  1117371.001  1120495.003  1120529.001  1123359.003  1124063.001
  1510:  1124420.003  1124954.005  1125259.009  1125296.005  1125306.009
  1515:  1125310.005  1125634.009  1126039.001  1126190.003  1126245.001
  1520:  1131245.018  1131788.003  1131794.016  1131844.026  1131950.005
  1525:  1132687.009  1132692.005  1132728.009  1132747.005  1132775.009
  1530:  1132798.005  1132977.009  1133012.005  1133590.009  1133595.005
  1535:  1133633.009  1133641.005  1133645.009  1133657.005  1133669.009
  1540:  1134241.005  1134254.009  1136801.005  1137564.009  1137938.005
  1545:  1137942.009  1138125.005  1138131.009  1138292.005  1138306.009
  1550:  1138313.005  1138335.009  1138399.005  1138441.009  1138468.005
  1555:  1138478.009  1138479.005  1138514.009  1138536.005  1138560.009
  1560:  1138586.005  1138594.009  1138640.005  1138651.009  1139239.001
  1565:  1144239.018  1144556.003  1144562.016  1144612.026  1144717.005
  1570:  1145594.009  1145662.005  1145668.009  1145733.005  1145745.009
  1575:  1145753.005  1145783.009  1145802.005  1145861.009  1145869.005
  1580:  1145900.009  1145901.005  1145906.009  1145918.005  1145939.009
  1585:  1145953.005  1145962.009  1146226.005  1146242.009  1146254.005
  1590:  1146526.009  1146583.005  1146624.009  1146664.005  1146729.009
  1595:  1146813.005  1146820.009  1146821.005  1146830.009  1147442.005
  1600:  1147479.009  1147614.005  1147621.009  1147625.005  1147632.009
  1605:  1147642.005  1147670.009  1148305.001  1153305.018  1153340.003
  1610:  1153346.016  1153396.026  1153536.005  1154355.009  1154397.005
  1615:  1154450.009  1154579.005  1155581.009  1155587.005  1155592.009
  1620:  1155631.005  1156019.009  1156045.005  1156195.009  1156199.005
  1625:  1156218.009  1156343.005  1156380.009  1156440.005  1156444.009
  1630:  1156456.005  1156467.009  1157599.001  1157846.003  1157868.001
  1635:  1160667.003  1160693.001  1162132.003  1163649.001  1163725.003
  1640:  1163948.005  1164275.009  1166065.005  1166093.009  1174459.001
  1645:  1174601.003  1174611.001  1174714.003  1174831.001  1174955.003
  1650:  1175071.001  1175148.003  1175177.001  1179275.003  1180637.005
  1655:  1180891.009  1180910.005  1180917.009  1180937.005  1180942.009
  1660:  1180967.005  1180973.009  1181015.005  1181037.009  1181109.005
  1665:  1181113.009  1181123.005  1181135.009  1181174.005  1181181.009
  1670:  1181592.001  1186500.003  1187283.005  1187291.009  1187296.005
  1675:  1187516.009  1187539.005  1187560.009  1187742.005  1187752.009
  1680:  1189246.005  1189251.009  1189259.005  1189778.009  1189793.005
  1685:  1189811.009  1189915.005  1189919.009  1190584.001  1191139.003
  1690:  1193361.001  1197464.003  1197742.001  1198023.003  1199695.001
  1695:  1202087.003  1203596.005  1203902.009  1204642.001  1204761.003
  1700:  1204796.001  1207892.003  1209056.001  1209124.003  1209145.001
  1705:  1209226.003  1209247.001  1212811.003  1213406.001  1213640.003
  1710:  1215492.005  1215736.009  1215748.005  1215756.009  1216230.001
  1715:  1216342.003  1216500.001  1216548.003  1216623.001  1220515.003
  1720:  1220522.001  1221555.003  1222226.001  1222364.003  1223390.001
  1725:  1223431.003  1223469.001  1227637.003  1227661.001  1228153.003
  1730:  1229918.001  1231021.003  1239893.005  1240363.009  1271800.005
  1735:  1271840.009  1271999.005  1272011.009  1272013.005  1272286.009
  1740:  1272296.005  1272307.009  1272355.005  1272431.009  1289647.005
  1745:  1289652.009  1289667.005  1290640.009  1290653.005  1290658.009
  1750:  1291115.001  1293149.003  1293265.001  1293491.003  1293617.001
  1755:  1295413.003  1295632.001  1298632.003  1299568.005  1299814.009
  1760:  1299823.005  1299833.009  1299862.005  1299870.009  1299885.005
  1765:  1299934.009  1300022.005  1300032.009  1300040.005  1300314.009
  1770:  1300397.005  1300407.009  1300443.005  1300452.009  1300830.001
  1775:  1301651.003  1302851.001  1302971.003  1303061.001  1303349.003
  1780:  1303478.001  1307670.003  1308921.005  1309193.009  1309202.005
  1785:  1309211.009  1309333.005  1309338.009  1309350.005  1309356.009
  1790:  1309443.005  1309450.009  1309459.005  1309482.009  1309484.005
  1795:  1309651.009  1309659.005  1309668.009  1309744.005  1309762.009
  1800:  1309832.005  1310042.009  1310052.005  1310133.009  1310528.005
  1805:  1310533.009  1310898.001  1310954.003  1311014.001  1312466.003
  1810:  1312489.001  1312911.003  1312926.001  1314376.003  1314408.001
  1815:  1316507.003  1316704.001  1316821.003  1317351.005  1317609.009
  1820:  1317625.005  1317635.009  1317677.005  1317762.009  1317918.005
  1825:  1317929.009  1317968.005  1318027.009  1318061.005  1318074.009
  1830:  1318946.001  1321969.003  1322072.001  1322114.003  1322164.001
  1835:  1324299.003  1326266.005  1326456.009  1327696.005  1327704.009
  1840:  1348469.005  1348673.009  1348727.005  1348802.009  1356948.001
  1845:  1357113.003  1368931.005  1369352.009  1369467.005  1369493.009
  1850:  1369555.005  1369561.009  1369680.005  1369688.009  1369699.005
  1855:  1369761.009  1369805.005  1369885.009  1369919.005  1369980.009
  1860:  1369997.005  1370024.009  1370085.005  1370092.009  1370107.005
  1865:  1370115.009  1382083.001  1382322.003  1382478.005  1382484.009
  1870:  1382490.005  1382498.009  1382502.005  1382639.009  1440313.005
  1875:  1440438.009  1460995.005  1461376.009  1496736.005  1496753.009
  1880:  1496764.005  1496960.009  1496986.005  1497036.009  1497060.005
  1885:  1497070.009  1497091.005  1497098.009
B:
     0:        0.000      241.000        0.000      241.000        0.000
     5:      686.000        0.000        0.000        0.000      686.000
    10:        0.000        1.000        0.000        1.000        0.000
    15:        0.000       11.000        0.000       10.000        0.000
    20:        0.000        0.000        0.000        0.000        0.000
    25:        0.000       11.000        0.000        0.000        0.000
    30:        0.000
D:
     0:  1584201.000  1583963.000  1584202.000
E:
     0:     5000.000     5000.000
T:
     0:        0.000        0.000        0.000        0.000
W:
     0:        0.000        0.000        0.000
