File: C:\MED-PC IV\Data\Reyes\AW\AW1050.999


Start Date: 08/23/24
End Date: 08/23/24
Subject: 50
Experiment: AW
Group: PERC
Box: 6
Start Time: 15:08:50
End Time: 15:58:50
MSN: DRRD_perc
C:       0.000
F:       0.000
G:       0.000
H:       0.000
I:       0.000
J:       0.000
K:    8205.000
L:       0.000
M:       0.000
N:       0.000
O:       0.000
Q:     993.550
S:    1166.210
U: 2985164.000
V:       0.000
X:       0.000
Y:     340.000
Z:       0.000
A:
     0:     2216.001     2267.003     2907.001     2977.003     3138.001
     5:     3484.003     3665.001     3761.003     4171.001     4298.003
    10:     4344.001     4408.003     4462.001     6630.003     7187.005
    15:     7914.009     8172.005     8176.009     8524.005     8582.009
    20:     9145.001     9935.003    10840.005    10905.009    15000.013
    25:    15000.011    25278.005    25326.009    25382.005    25415.009
    30:    25435.005    25443.009    25450.005    25534.009    25568.005
    35:    25730.009    25739.005    25755.009    25790.005    25840.009
    40:    25881.005    26033.009    26075.005    26146.009    26154.005
    45:    26166.009    26175.005    26251.009    26287.005    26461.009
    50:    26479.005    26544.009    26570.005    26629.009    26689.005
    55:    26700.009    26720.005    26728.009    26790.005    26801.009
    60:    26827.005    27159.009    27202.005    27264.009    27297.005
    65:    27351.009    27404.005    27445.009    27485.005    27729.009
    70:    28029.005    28491.009    29395.005    29528.009    32778.001
    75:    32805.003    38254.001    38836.003    38863.001    40338.003
    80:    40407.001    40511.003    40625.001    40648.003    40968.005
    85:    41036.009    41072.005    41080.009    41805.005    42049.009
    90:    42056.005    43037.009    43561.001    43574.003    43745.001
    95:    47493.003    48197.005    48329.009    48379.005    48568.009
   100:    48620.005    48635.009    48951.001    49060.003    49320.001
   105:    49560.003    49579.001    50237.003    50284.001    50357.003
   110:    50370.001    50932.003    52470.001    54029.003    54615.005
   115:    54701.009    54989.001    55000.003    55409.001    58750.003
   120:    59503.005    59621.009    59631.005    60041.009    60081.005
   125:    60246.009    60303.005    60426.009    92316.001    92349.003
   130:    92478.001    92764.003   115303.005   116182.009   116336.005
   135:   116545.009   116668.005   116717.009   117242.005   117285.009
   140:   118276.001   119989.003   120612.001   120958.003   121175.001
   145:   121918.003   123449.005   123473.009   123534.005   123587.009
   150:   123663.005   123676.009   123830.005   123992.009   124700.001
   155:   127207.003   127718.001   129634.003   129696.001   130393.003
   160:   131320.005   131353.009   131406.005   131579.009   141470.005
   165:   141495.009   141832.005   142009.009   269036.005   269070.009
   170:   269173.005   270721.009   273314.005   273504.009   273508.005
   175:   276166.009   276189.005   276195.009   276231.005   276305.009
   180:   276314.005   276373.009   276668.005   277806.009   277860.005
   185:   278911.009   278958.005   280840.009   280869.005   281661.009
   190:   281686.005   281694.009   281754.005   281765.009   281802.005
   195:   281856.009   281868.005   282094.009   282118.005   282373.009
   200:   282534.005   282581.009   282601.005   282671.009   282750.005
   205:   282818.009   283691.005   283899.009   288742.001   288896.003
   210:   292097.001   294231.003   294302.001   294589.003   294726.001
   215:   294931.003   295173.001   298301.003   298567.001   299043.003
   220:   299440.001   299761.003   299949.001   299964.003   303477.001
   225:   303864.003   303942.001   304223.003   306981.005   307010.009
   230:   307037.005   308535.009   308698.005   308799.009   309376.001
   235:   309462.003   309666.001   309721.003   310130.001   310412.003
   240:   310496.001   311502.003   312413.001   315865.003   321757.001
   245:   324418.003   324818.005   324821.009   325241.005   326067.009
   250:   336415.001   339343.003   339618.001   340198.003   341805.005
   255:   342157.009   342426.005   342653.009   343875.001   344069.003
   260:   344098.001   346291.003   354646.005   354871.009   354994.005
   265:   355116.009   356857.001   357071.003   359719.005   359873.009
   270:   359895.005   360061.009   360148.005   360159.009   526555.005
   275:   526561.009   526632.005   526653.009   526753.005   527662.009
   280:   527671.005   528342.009   528361.005   528485.009   528540.005
   285:   529251.009   654415.005   654444.009   655350.005   655440.009
   290:   655480.005   655605.009   784263.005   784273.009   789435.005
   295:   789473.009   983459.005   983484.009   983505.005   983518.009
   300:   983532.005   983851.009  1111637.005  1111786.009  1149892.005
   305:  1149937.009  1149952.005  1149965.009  1149988.005  1150174.009
   310:  1150933.001  1151449.003  1151555.001  1151617.003  1255462.005
   315:  1255762.009  1256169.005  1256203.009  1260779.005  1261000.009
   320:  1261256.005  1261322.009  1271438.001  1272472.003  1411923.005
   325:  1411987.009  1412005.005  1412422.009  1412626.005  1412809.009
   330:  1413644.005  1413707.009  1414428.005  1414459.009  1414490.005
   335:  1414504.009  1414971.005  1415002.009  1415160.005  1416405.009
B:
     0:        0.000       55.000        0.000       55.000        0.000
     5:      114.000        0.000        0.000        0.000      114.000
    10:        0.000        1.000        0.000        1.000        0.000
    15:        0.000        0.000        0.000        0.000        0.000
    20:        0.000        0.000        0.000        0.000        0.000
    25:        0.000        0.000        0.000        0.000        0.000
    30:        0.000
D:
     0:  4257635.000  4256602.000  4257636.000
E:
     0:     4102.500     4102.500
P:
     0:        0.000        0.000        0.000        0.000        0.000
     5:        0.000        0.000        0.000        0.000       27.000
    10:      582.000     1475.000      104.000       23.000       13.000
    15:     3748.000      109.000      240.000      658.000       73.000
    20:      562.000     1559.000       11.000     3341.000       33.000
    25:      286.000     1713.000      346.000      743.000     2507.000
    30:     1916.000      697.000      154.000     2134.000      287.000
    35:      205.000     3128.000      476.000      321.000       15.000
    40:      387.000      281.000       86.000       55.000      282.000
    45:     1006.000     3452.000     2661.000     2928.000      580.000
    50:      194.000     2193.000      214.000      516.000       62.000
    55:     1034.000
R:
     0:        1.000  1360044.787        0.000
T:
     0:        0.000        0.000        0.000        0.000
W:
     0:        0.000        0.000        0.000
