File: C:\MED-PC IV\Data\Reyes\AW\AW1050.999


Start Date: 08/14/24
End Date: 08/14/24
Subject: 50
Experiment: AW
Group: PERC
Box: 6
Start Time: 16:14:22
End Time: 17:04:22
MSN: DRRD_perc
C:       0.000
F:       1.000
G:       0.000
H:       0.000
I:       0.000
J:       0.000
K:    4392.000
L:       0.000
M:       0.000
N:       0.000
O:       0.000
Q:    1072.300
S:     974.125
U: 3887479.000
V:       0.000
X:       0.000
Y:    2497.000
Z:       0.000
A:
     0:    15000.013    15000.011    15565.005    15846.009    16923.001
     5:    16945.003    17222.001    17344.003    17366.001    17418.003
    10:    17439.001    17775.003    17803.001    17970.003    17987.001
    15:    18026.003    19301.001    19496.003    19506.001    19684.003
    20:    19750.001    19830.003    19921.001    20227.003    20249.001
    25:    20286.003    20820.005    21121.009    21775.001    21850.003
    30:    21902.001    22902.003    23158.001    23173.003    23207.001
    35:    23251.003    23785.001    23820.003    24035.001    24095.003
    40:    24117.001    24665.003    24678.001    25740.003    25789.001
    45:    25967.003    26392.005    26497.009    31706.001    31828.003
    50:    31858.001    31954.003    32273.001    33244.003    33281.001
    55:    33455.003    33592.001    33713.003    33721.001    35071.003
    60:    35367.001    35579.003    35586.001    36128.003    36138.001
    65:    36360.003    36375.001    36456.003    36465.001    37284.003
    70:    37533.001    37570.003    37644.001    37741.003    37755.001
    75:    39756.003    39840.005    40012.009    40688.001    42199.003
    80:    42233.001    42388.003    42558.001    44272.003    44305.001
    85:    44520.003    44817.001    46153.003    47542.005    47597.009
    90:    50742.005    50765.009    51089.001    53285.018    53333.003
    95:    53339.016    53389.026    53393.001    53401.003    53465.005
   100:    54504.009    54562.005    54612.009    55361.001    55659.003
   105:    55900.001    56101.003    56120.001    57349.003    58103.001
   110:    59677.003    61101.001    61191.003    61248.001    63334.003
   115:    63639.005    63891.009    64253.001    66191.003    66246.001
   120:    66390.003    66903.001    66972.003    66993.001    67127.003
   125:    67144.001    67197.003    67251.001    67589.003    67621.001
   130:    67973.003    68295.001    68322.003    68344.001    68689.003
   135:    68702.001    70329.003    70741.005    71320.009    71336.005
   140:    71351.009    71608.001    71674.003    72074.001    74270.018
   145:    74562.003    74568.016    74618.026    74744.005    75275.009
   150:    75292.005    75521.009    75562.005    75675.009    75912.005
   155:    75964.009    76288.005    76331.009    76514.005    76522.009
   160:    77058.001    78856.003    78978.001    79017.003    79346.001
   165:    79385.003    79513.001    80940.003    80959.001    81458.003
   170:    82501.001    84407.003    84629.005    84931.009    85299.001
   175:    87117.003    87889.001    89614.003    90138.005    90144.009
   180:    90155.005    90306.009    90521.001    92668.003    92757.001
   185:    92986.003    93105.005    93363.009    93829.001    94287.003
   190:    94323.001    94614.003    94673.001    95661.003    96295.001
   195:    96378.003    96439.001    96591.003    97030.001    97132.003
   200:    97178.001    97985.003    98589.001   100360.003   100800.005
   205:   101219.009   101222.005   101229.009   101243.005   101245.009
   210:   101817.001   101873.003   101897.001   101987.003   102012.001
   215:   103780.003   103808.001   104108.003   104578.001   106316.003
   220:   106340.001   106520.003   106809.001   106851.003   106867.001
   225:   107678.003   108212.001   109321.003   109638.005   109673.009
   230:   109692.005   109701.009   109884.005   110417.009   110709.001
   235:   112905.018   112997.003   113003.016   113024.001   113053.026
   240:   113113.003   113158.005   114312.009   114333.005   114386.009
   245:   114523.005   114564.009   114697.005   114897.009   115288.001
   250:   115454.003   115486.001   117675.003   117957.001   120153.018
   255:   120213.003   120219.016   120269.026   120381.005   121020.009
   260:   121058.005   121247.009   122066.001   122227.003   122259.001
   265:   124272.003   125102.001   125259.003   125875.001   127402.003
   270:   127420.001   127800.003   127835.001   128263.003   128518.005
   275:   128592.009   128862.001   130922.003   130971.001   131124.003
   280:   131187.001   131220.003   131292.001   132149.003   133067.001
   285:   134840.003   134863.001   135114.003   135162.001   135217.003
   290:   135226.001   136777.003   137689.001   137931.003   137969.001
   295:   138113.003   138134.001   138205.003   138220.001   138291.003
   300:   138310.001   138372.003   138384.001   138408.003   138419.001
   305:   139230.003   139261.001   139453.003   139622.001   139704.003
   310:   139721.001   139855.003   139865.001   141250.003   141627.001
   315:   141718.003   141732.001   142367.003   142384.001   142890.003
   320:   142903.001   143963.003   144321.001   144420.003   144457.001
   325:   146653.018   146834.003   146840.016   146883.001   146890.026
   330:   146964.003   147025.005   147687.009   147719.005   147774.009
   335:   147794.005   147893.009   148572.001   150375.003   150557.001
   340:   150581.003   150604.001   150623.003   150651.001   150658.003
   345:   150671.001   151130.003   151155.001   152533.003   152855.001
   350:   152906.003   152941.001   153801.003   154210.005   154339.009
   355:   154749.001   156945.018   157183.003   157189.016   157239.026
   360:   157334.005   159032.009   159057.005   159138.009   159155.005
   365:   159205.009   159391.005   159487.009   159531.005   159577.009
   370:   160210.001   161688.003   162045.005   162346.009   162902.001
   375:   165098.018   165478.003   165484.016   165534.026   165643.005
   380:   166515.009   166581.005   166618.009   166766.005   166849.009
   385:   167467.001   169189.003   169727.001   170778.003   171971.001
   390:   172547.003   172582.001   172691.003   172775.001   173344.003
   395:   173767.001   174512.003   174655.001   174686.003   174705.001
   400:   174764.003   174775.001   174977.003   174991.001   176297.003
   405:   176606.001   176814.003   176833.001   177687.003   177943.005
   410:   178099.009   179140.001   179618.003   180066.001   181480.003
   415:   181612.001   181641.003   181920.001   181957.003   181995.001
   420:   182421.003   182429.001   183296.003   183342.001   183786.003
   425:   183803.001   183963.003   184143.001   184199.003   184238.001
   430:   185963.003   186961.001   188847.003   189208.001   189340.003
   435:   189876.005   190091.009   190580.001   191738.003   191761.001
   440:   192912.003   193175.001   193288.003   193297.001   193406.003
   445:   193418.001   193609.003   193617.001   194613.003   194734.001
   450:   194889.003   194902.001   195624.003   195639.001   196148.003
   455:   196167.001   196394.003   196413.001   196477.003   196485.001
   460:   196953.003   197298.005   197437.009   197640.001   199422.003
   465:   200266.001   201596.003   201631.001   202034.003   202061.001
   470:   202563.003   203442.005   203588.009   204269.001   204309.003
   475:   204417.001   206227.003   207110.001   208366.003   208391.001
   480:   209005.003   209488.001   211564.003   212109.005   212247.009
   485:   212512.001   214708.018   215047.003   215053.016   215103.026
   490:   215198.005   216479.009   216910.005   216987.009   222231.001
   495:   224427.018   224503.003   224509.016   224559.026   224585.001
   500:   224592.003   224689.005   225508.009   226198.001   228098.003
   505:   228367.001   228510.003   228527.001   228777.003   228791.001
   510:   229350.003   229400.001   229688.003   229703.001   230329.003
   515:   230345.001   230609.003   230620.001   231378.003   231388.001
   520:   232179.003   232365.001   232445.003   232539.001   232612.003
   525:   232650.001   234192.003   234887.001   235239.003   235259.001
   530:   235377.003   235606.001   235992.003   236028.001   236236.003
   535:   236278.001   238088.003   238134.001   238270.003   238312.001
   540:   238502.003   238650.001   238819.003   238859.001   238902.003
   545:   238909.001   238974.003   238984.001   239366.003   239393.001
   550:   240690.003   241217.001   241366.003   241372.001   242864.003
   555:   242895.001   243289.003   244312.001   245921.003   245952.001
   560:   246371.003   246926.001   248077.003   248666.005   248845.009
   565:   248970.005   249062.009   249394.001   250528.003   250580.001
   570:   250611.003   250631.001   251705.003   251783.001   251822.003
   575:   251889.001   252018.003   252037.001   252095.003   252107.001
   580:   253417.003   253429.001   253698.003   253982.001   254020.003
   585:   254037.001   254100.003   254112.001   255009.003   255026.001
   590:   255110.003   255126.001   255884.003   255906.001   256184.003
   595:   256326.005   256562.009   257428.001   257447.003   257502.001
   600:   257625.003   257665.001   258239.003   258615.001   258719.003
   605:   258732.001   260253.003   260282.001   260813.003   261385.001
   610:   261463.003   261491.001   261557.003   261562.001   261590.003
   615:   261599.001   261675.003   261683.001   263480.003   263499.001
   620:   263541.003   263772.001   263830.003   263843.001   263915.003
   625:   263925.001   265270.003   266123.001   267523.003   268218.001
   630:   270297.003   270702.001   272898.018   273017.003   273023.016
   635:   273073.026   273136.005   273532.009   275071.005   275086.009
   640:   275090.005   275807.009   276478.001   276594.003   276855.001
   645:   278981.003   287524.005   288501.009   289612.005   289631.009
   650:   289764.005   289832.009   291042.005   291183.009   291333.005
   655:   291352.009   293691.001   295483.003   295559.001   295764.003
   660:   295804.001   295967.003   295982.001   296001.003   296012.001
   665:   296885.003   296901.001   297287.003   297299.001   297726.003
   670:   297783.001   299602.003   299944.001   299994.003   300036.001
   675:   300079.003   300090.001   302099.003   302566.001   304154.003
   680:   304560.005   304604.009   304797.005   305021.009   305350.001
   685:   307546.018   309257.003   309263.016   309313.026   309316.017
   690:   309317.001   309392.003   309453.005   310382.009   310416.005
   695:   310436.009   311295.001   313162.003   313170.017   313464.001
   700:   313668.003   314026.001   314057.003   314077.001   314141.003
   705:   314150.001   314235.003   314244.001   316042.003   317034.005
   710:   317162.009   317755.001   319714.003   319839.001   319982.003
   715:   320045.001   320081.003   320501.001   320637.003   320654.001
   720:   320731.003   320743.001   320817.003   320828.001   323071.018
   725:   323311.003   323317.016   323367.026   323406.005   324217.009
   730:   324289.005   324299.009   324385.005   324389.009   324553.005
   735:   324572.009   325372.001   327615.018   327744.003   327750.016
   740:   327800.026   327845.005   328714.009   328866.005   329005.009
   745:   329753.001   331996.018   332011.003   332017.016   332067.026
   750:   332070.017   332097.001   332111.003   332169.005   333279.009
   755:   333470.005   333475.009   333496.005   333538.009   333646.005
   760:   333702.009   333763.005   333874.009   333905.005   333943.009
   765:   334767.001   335860.003   337268.001   338406.003   338578.001
   770:   338594.003   339100.001   341351.018   341840.003   341846.016
   775:   341896.026   341917.001   342365.003   342822.005   342835.009
   780:   342847.005   343520.009   343916.005   344302.009   344821.001
   785:   346820.003   347358.001   348865.003   350328.005   350351.009
   790:   350492.005   350762.009   351192.001   353341.003   353369.001
   795:   353941.003   354153.001   354218.003   354231.001   355479.003
   800:   355999.001   356135.003   356173.001   356760.003   357133.001
   805:   357165.003   357180.001   357240.003   357255.001   357938.003
   810:   357953.001   358023.003   358035.001   358612.003   358773.001
   815:   358800.003   359039.001   359081.003   359095.001   359169.003
   820:   359183.001   359702.003   360046.005   360190.009   361962.001
   825:   363512.003   363633.001   363674.003   364210.001   366016.003
   830:   366519.001   366611.003   366653.001   368904.018   368973.003
   835:   368979.016   369029.026   369133.005   369896.009   369935.005
   840:   369971.009   370177.005   370185.009   370788.001   372296.003
   845:   372865.001   374769.003   375176.005   375338.009   375825.001
   850:   378076.018   378174.003   378180.016   378230.026   378247.005
   855:   379566.009   379643.005   379717.009   380274.005   380437.009
   860:   380517.005   380547.009   381104.001   383355.018   383526.003
   865:   383532.016   383582.026   383597.005   384154.009   385073.005
   870:   385287.009   385318.005   385350.009   385394.005   385399.009
   875:   386030.001   388187.003   388485.005   388787.009   388791.005
   880:   388797.009   388977.005   389134.009   390157.001   390521.003
   885:   390978.001   391335.003   391357.001   393131.003   393260.001
   890:   393278.003   393938.001   394172.003   394218.001   396469.018
   895:   396613.003   396619.016   396669.026   396745.005   397660.009
   900:   397670.005   397727.009   397791.005   397937.009   398749.001
   905:   401000.018   401162.003   401168.016   401218.026   401259.005
   910:   402172.009   402186.005   402253.009   402347.005   402464.009
   915:   402506.005   402543.009   402565.005   402822.009   402994.005
   920:   403034.009   403678.001   404073.003   404096.001   405967.003
   925:   405975.017   406924.001   407028.003   407036.017   407098.001
   930:   409135.003   409143.017   409951.001   412216.003   412224.017
   935:   412548.001   414937.018   414958.003   414964.016   414981.001
   940:   415014.026   415017.017   415030.003   415096.005   415586.009
   945:   415589.005   415852.009   415882.005   415909.009   415953.005
   950:   415969.009   416115.005   416151.009   416175.005   416216.009
   955:   416964.001   418846.003   418910.001   419053.003   419163.001
   960:   419173.003   419540.005   419736.009   419767.005   419776.009
   965:   420358.001   422106.003   422368.001   422413.003   422859.001
   970:   422895.003   422907.001   424229.003   424241.001   424394.003
   975:   424414.001   426109.003   426683.001   429126.018   429216.003
   980:   429222.016   429272.026   429310.005   430251.009   430446.005
   985:   430532.009   431216.001   433227.003   433968.001   435950.003
   990:   436321.001   436345.003   436806.001   439139.003   439201.001
   995:   439367.003   439405.001   439581.003   439591.001   439784.003
  1000:   439812.001   441999.003   442586.001   445029.018   445310.003
  1005:   445316.016   445366.026   445393.005   446407.009   446412.005
  1010:   446619.009   446705.005   446739.009   447420.001   449418.003
  1015:   449966.001   449999.003   450017.001   450034.003   450044.001
  1020:   450274.003   450359.001   451709.003   451746.001   452326.003
  1025:   453207.001   455650.018   455864.003   455870.016   455920.026
  1030:   455958.005   456717.009   457552.005   457709.009   458349.001
  1035:   460792.018   460917.003   460923.016   460973.026   461000.005
  1040:   461503.009   462175.005   462341.009   462925.001   464948.003
  1045:   465565.005   465732.009   465913.005   466043.009   466520.001
  1050:   468233.003   468495.001   468988.003   469042.001   471014.003
  1055:   471341.005   471498.009   472047.001   474490.018   474549.003
  1060:   474555.016   474605.026   474675.005   475789.009   475924.005
  1065:   475982.009   477027.001   477456.003   477474.001   478183.003
  1070:   478398.005   478563.009   478646.005   478675.009   479000.001
  1075:   480608.003   480616.001   481105.003   481235.001   481528.003
  1080:   482507.001   484840.003   485127.005   485443.009   485787.001
  1085:   488230.018   488302.003   488308.016   488358.026   488385.005
  1090:   489497.009   490556.005   490811.009   491107.005   491122.009
  1095:   491708.001   493268.003   493871.005   494032.009   494132.005
  1100:   494246.009   494641.001   496349.003   497908.005   497945.009
  1105:   497967.005   497988.009   498878.001   500250.003   500275.001
  1110:   500436.003   500750.001   500789.003   500804.001   500871.003
  1115:   500878.001   500959.003   500967.001   502051.003   503448.005
  1120:   503630.009   504696.005   504864.009   505219.001   505343.003
  1125:   505355.001   507773.003   508028.005   508184.009   508239.005
  1130:   508247.009   508687.001   511130.018   511177.003   511183.016
  1135:   511233.026   511351.005   511993.009   512134.005   512387.009
  1140:   512434.005   512447.009   512650.005   512665.009   513467.001
  1145:   513766.003   513894.001   515867.003   516003.005   516321.009
  1150:   517043.005   517169.009   544678.001   544766.003   544795.001
  1155:   547238.018   547580.003   547586.016   547636.026   547757.005
  1160:   548697.009   548708.005   549069.009   550346.001   550517.003
  1165:   550585.001   551965.003   552593.005   552867.009   554496.001
  1170:   556139.003   556156.001   556504.003   557342.001   559773.003
  1175:   560494.001   562673.003   563192.005   563351.009   563376.005
  1180:   563380.009   563730.001   565684.003   566140.005   566239.009
  1185:   566560.001   568695.003   568752.001   569093.003   569388.001
  1190:   569534.003   569549.001   570120.003   570139.001   571904.003
  1195:   571934.001   572237.003   573585.001   574801.003   575198.005
  1200:   575246.009   584634.005   584772.009   585155.001   585478.003
  1205:   585504.001   587947.018   588016.003   588022.016   588072.026
  1210:   588116.005   589344.009   589376.005   589393.009   591122.005
  1215:   591208.009   591774.001   593385.003   594000.005   594138.009
  1220:   597098.001   597303.003   597323.001   599347.003   599843.001
  1225:   602286.018   602451.003   602457.016   602507.026   602559.005
  1230:   603125.009   604664.005   604692.009   605331.001   606895.003
  1235:   607315.005   607492.009   607571.005   607608.009   607947.001
  1240:   609723.003   610269.005   610541.009   610947.001   613390.018
  1245:   613528.003   613534.016   613584.026   613638.005   614848.009
  1250:   617464.005   617506.009   618068.001   619952.003   620647.001
  1255:   620728.003   620777.001   622375.003   623348.001   625269.003
  1260:   625830.001   628273.018   628335.003   628341.016   628391.026
  1265:   628445.005   629430.009   629522.005   629558.009   629615.005
  1270:   629772.009   629798.005   630041.009   630058.005   630209.009
  1275:   633227.001   635186.003   636592.001   639035.018   639093.003
  1280:   639099.016   639149.026   639158.005   640171.009   640240.005
  1285:   640711.009   643731.001   645337.003   645345.017   645783.005
  1290:   646062.009   646119.005   646259.009   646699.001   648866.003
  1295:   648874.017   649554.005   649733.009   650281.001   650428.003
  1300:   650436.017   650453.001   652412.003   652420.017   653092.001
  1305:   654917.003   654925.017   655325.005   655599.009   655948.001
  1310:   658474.018   658642.003   658648.016   658698.026   658701.017
  1315:   658735.005   659477.009   660841.005   660966.009   661546.001
  1320:   663473.003   663481.017   664423.001   666385.003   666469.005
  1325:   666671.009   667139.001   669074.003   669413.005   669906.009
  1330:   669934.005   669943.009   669966.005   670005.009   670503.001
  1335:   672664.003   673320.001   674744.003   674775.001   675857.003
  1340:   675877.005   676047.009   678923.001   681110.003   681809.001
  1345:   683876.003   684411.005   684534.009   686076.005   686137.009
  1350:   686511.001   688535.003   689561.001   691620.003   691753.001
  1355:   691805.003   692224.005   692404.009   692856.005   692882.009
  1360:   693431.001   695812.003   695854.001   696113.003   697408.001
  1365:   697495.003   697505.001   699503.003   700132.005   700301.009
  1370:   700843.001   702720.003   703334.005   703651.009   703926.001
  1375:   706050.003   706773.001   706794.003   706855.001   706913.003
  1380:   706924.001   709328.003   710215.001   712134.003   712908.005
  1385:   713067.009   713389.001   715950.018   716161.003   716167.016
  1390:   716217.026   716285.005   717220.009   717271.005   717327.009
  1395:   717353.005   717402.009   717967.005   718085.009   718104.005
  1400:   718162.009   718214.005   718258.009   718284.005   718288.009
  1405:   719410.001   721522.003   722149.005   722182.009   722593.001
  1410:   723682.003   723718.001   725327.003   725907.001   727506.003
  1415:   727848.005   728152.009   728601.001   730460.003   731293.001
  1420:   731336.003   731368.001   733742.003   734497.001   734572.003
  1425:   734603.001   736841.003   737246.001   737701.003   737729.001
  1430:   739126.003   739808.001   741743.003   742126.001   744613.003
  1435:   745629.001   745761.003   745791.001   746691.003   746712.001
  1440:   746905.003   746916.001   747357.003   748659.001   748997.003
  1445:   749018.001   750273.003   750752.005   750814.009   750829.005
  1450:   754047.009   757938.005   758175.009   773542.001   773630.003
  1455:   773690.001   776251.018   777983.003   777989.016   778039.026
  1460:   778061.001   778074.003   778141.005   778929.009   778937.005
  1465:   778968.009   779520.005   779532.009   779568.005   779613.009
  1470:   780578.001   780863.003   780874.001   782193.003   783099.001
  1475:   785462.003   786713.005   786882.009   787250.001   788934.003
  1480:   789462.001   789606.003   789624.001   791387.003   792260.001
  1485:   794447.003   794972.005   795089.009   795524.001   798085.018
  1490:   798262.003   798268.016   798318.026   798396.005   798943.009
  1495:   798967.005   799003.009   799044.005   799173.009   799248.005
  1500:   799399.009   799469.005   799485.009   799598.005   800060.009
  1505:   800098.005   800141.009   800186.005   800302.009   801149.001
  1510:   803055.003   803402.001   805367.003   806079.005   806263.009
  1515:   806656.001   808538.003   809316.001   811228.003   812511.001
  1520:   813796.003   814478.001   816452.003   817004.001   817022.003
  1525:   817030.001   817030.017   819023.003   819031.017   819201.001
  1530:   819416.003   819572.001   819599.003   819824.001   822444.018
  1535:   822730.003   822736.016   822786.026   822817.005   824007.009
  1540:   824019.005   824189.009   824192.005   824200.009   824579.005
  1545:   824870.009   825519.001   826878.003   828321.005   828403.009
  1550:   828439.005   828461.009   829139.001   831395.003   832576.001
  1555:   833201.003   833214.001   834491.003   835392.001   838012.018
  1560:   838040.003   838046.016   838096.026   838125.005   839246.009
  1565:   839283.005   839377.009   839405.005   839456.009   840855.005
  1570:   841062.009   841133.005   841422.009   841448.005   841485.009
  1575:   842142.001   843751.003   844477.001   846441.003   846518.001
  1580:   846782.003   847353.001   847425.003   847465.001   847572.003
  1585:   847592.001   849339.003   850292.005   850323.009   850330.005
  1590:   850398.009   850437.005   850444.009   850796.001   853231.003
  1595:   853718.005   853862.009   854237.001   856857.018   857221.003
  1600:   857227.016   857277.026   857314.005   858425.009   858434.005
  1605:   858882.009   859236.005   859329.009   859357.005   859416.009
  1610:   860240.001   862860.018   862939.003   862945.016   862995.026
  1615:   863038.005   863837.009   863846.005   863921.009   864534.005
  1620:   864563.009   864572.005   864652.009   872856.005   873222.009
  1625:   873823.001   875780.003   876673.001   878317.003   879029.001
  1630:   881278.003   882017.001   883704.003   884415.005   884644.009
  1635:   885155.001   887481.003   887489.017   887557.005   887736.009
  1640:   887975.005   888148.009   888586.001   890831.003   892170.001
  1645:   892941.003   893007.005   893392.009   893822.001   893916.003
  1650:   893953.001   896593.018   896623.003   896629.016   896679.026
  1655:   896725.005   897396.009   899259.001   900544.003   901167.005
  1660:   901393.009   901867.001   904161.003   905701.001   908341.018
  1665:   908413.003   908419.016   908469.026   908472.017   908538.005
  1670:   909528.009   909566.005   909589.009   909655.005   909752.009
  1675:   909769.005   909824.009   909985.005   910013.009   911807.005
  1680:   911968.009   912858.001   915166.003   915174.017   917032.001
  1685:   918882.003   918890.017   919093.001   919747.003   920174.005
  1690:   920284.009   921035.001   923746.018   923997.003   924003.016
  1695:   924023.001   924053.026   924056.017   924266.003   924391.005
  1700:   924927.009   925694.005   926095.009   927731.001   927768.003
  1705:   928083.001   929855.003   929941.005   930448.009   930486.005
  1710:   930494.009   930886.001   931026.003   931093.001   932854.003
  1715:   933558.005   933721.009   934100.001   935892.003   935975.005
  1720:   936176.009   936549.001   937565.003   938395.001   940354.003
  1725:   940593.005   940870.009   941249.001   943203.003   943273.005
  1730:   943717.009   945348.005   945452.009   945915.001   948708.018
  1735:   949347.003   949353.016   949403.026   949442.005   949818.009
  1740:   949930.005   950012.009   950073.005   950087.009   950117.005
  1745:   950156.009   950896.005   951009.009   951016.005   951069.009
  1750:   951085.005   951249.009   951279.005   951301.009   951349.005
  1755:   951375.009   952311.001   953885.003   955682.005   955951.009
  1760:   956075.005   956312.009   956331.005   956341.009   956373.005
  1765:   956412.009   956933.001   958471.003   958507.001   958899.003
  1770:   961303.001   961366.003   961470.001   963137.003   963443.001
  1775:   965333.003   966825.001   967858.003   968722.001   970585.003
  1780:   972192.005   972478.009   972491.005   972496.009   972966.001
  1785:   975759.018   978248.003   978254.016   978304.026   978307.017
  1790:   978341.005   979111.009   979224.005   979596.009   981197.005
  1795:   981348.009   981497.005   981544.009   981573.005   981610.009
  1800:   982247.001   982559.003   982586.001   983954.003   986142.001
  1805:   987817.003   989194.001   989227.003   989241.001   991554.003
  1810:   992170.005   992182.009   992725.001   994242.003   994287.001
  1815:   994616.003   994746.001   994770.003   994930.001   994938.003
  1820:   995406.001   995570.003   995608.001   997548.003   997833.001
  1825:   998380.003   998870.001   998919.003   998947.001  1000466.003
  1830:  1001098.001  1001477.003  1001581.001  1003432.003  1004642.005
  1835:  1004802.009  1004941.005  1005129.009  1005688.001  1007766.003
  1840:  1008342.005  1008369.009  1008517.005  1008595.009  1008887.001
  1845:  1010850.003  1010891.001  1011275.003  1013686.001  1016372.003
  1850:  1017061.005  1017086.009  1017668.001  1020494.003  1020886.001
  1855:  1023142.003  1023781.001  1023950.003  1023984.001  1026701.003
  1860:  1028108.001  1028139.003  1028203.001  1030727.003  1031926.001
  1865:  1033867.003  1034811.001  1037082.003  1038467.001  1040787.003
  1870:  1041629.001  1041677.003  1042258.001  1043909.003  1044687.005
  1875:  1044713.009  1044717.005  1044898.009  1045073.005  1045174.009
  1880:  1045798.001  1047344.003  1048760.001  1051046.003  1051761.005
  1885:  1052036.009  1052098.005  1052123.009  1052145.005  1052185.009
  1890:  1052681.001  1054404.003  1054546.001  1054594.003  1055357.001
  1895:  1057584.003  1057606.001  1057913.003  1059211.005  1059379.009
  1900:  1059700.001  1059982.003  1059995.001  1061057.003  1061074.001
  1905:  1061175.003  1061199.001  1061338.003  1061515.001  1061553.003
  1910:  1061569.001  1061628.003  1061639.001  1062327.003  1062336.001
  1915:  1065057.003  1065334.005  1065779.009  1066396.001  1069275.018
  1920:  1069314.003  1069320.016  1069370.026  1069382.005  1070086.009
  1925:  1071838.005  1071862.009  1071869.005  1071904.009  1071972.005
  1930:  1071984.009  1072727.001  1074796.003  1075555.001  1075779.003
  1935:  1075823.001  1077786.003  1077871.005  1078268.009  1078417.005
  1940:  1078458.009  1079159.001  1079406.003  1079449.001  1080720.003
  1945:  1082305.001  1085184.018  1085414.003  1085420.016  1085470.026
  1950:  1085496.005  1086450.009  1101463.005  1101890.009  1102699.001
  1955:  1102889.003  1103110.001  1104596.003  1105512.001  1107415.003
  1960:  1108516.005  1108828.009  1109303.001  1111345.003  1111652.001
  1965:  1111778.003  1111807.001  1113245.003  1113672.005  1113972.009
  1970:  1114315.001  1115883.003  1116188.005  1116223.009  1116235.005
  1975:  1116322.009  1116349.005  1116432.009  1116823.001  1118997.003
  1980:  1119988.001  1120560.003  1120590.001  1122115.003  1122475.001
  1985:  1124142.003  1124157.001  1124326.003  1124445.001  1124456.003
  1990:  1125080.001  1126558.003  1127565.001  1130444.018  1130646.003
  1995:  1130652.016  1130702.026  1130741.005  1131217.009  1131421.005
  2000:  1131547.009  1131620.005  1131639.009  1131681.005  1132083.009
  2005:  1132474.005  1132545.009  1133311.001  1136190.018  1136500.003
  2010:  1136506.016  1136556.026  1136733.001  1136743.003  1137012.005
  2015:  1137692.009  1137850.005  1138156.009  1138466.005  1138592.009
  2020:  1139999.001  1140235.003  1141245.001  1143330.003  1143387.001
  2025:  1144295.003  1144709.005  1144900.009  1145493.001  1146916.003
  2030:  1147543.001  1147789.003  1148228.001  1149914.003  1150306.005
  2035:  1150324.009  1150330.005  1150778.009  1150793.005  1150806.009
  2040:  1155736.001  1155857.003  1156065.001  1157883.003  1157921.005
  2045:  1158267.009  1158282.005  1158347.009  1158668.001  1160781.003
  2050:  1161548.001  1162969.003  1162990.001  1163060.003  1163082.001
  2055:  1163422.003  1163573.001  1163588.003  1164085.005  1164184.009
  2060:  1164402.001  1165504.003  1165536.001  1165935.003  1166032.001
  2065:  1166050.003  1166175.001  1166189.003  1166663.001  1168303.003
  2070:  1168331.001  1168547.003  1169578.005  1169764.009  1170119.001
  2075:  1170184.003  1170218.001  1172601.003  1173133.001  1175955.003
  2080:  1176326.005  1176538.009  1178365.005  1178646.009  1179098.001
  2085:  1181380.003  1182284.001  1184867.003  1184909.005  1185123.009
  2090:  1186586.005  1186677.009  1187300.001  1187514.003  1187545.001
  2095:  1189828.003  1189873.005  1190078.009  1190490.001  1190592.003
  2100:  1190650.001  1193109.003  1194045.005  1194255.009  1195613.005
  2105:  1195682.009  1197313.005  1197357.009  1197760.001  1197777.003
  2110:  1197913.001  1200566.003  1200670.001  1200790.003  1200857.001
  2115:  1203065.003  1204216.001  1206047.003  1206789.005  1206918.009
  2120:  1207367.001  1209507.003  1210876.001  1212720.003  1213302.005
  2125:  1213715.009  1213829.005  1213844.009  1214240.001  1217119.018
  2130:  1218712.003  1218718.016  1218768.026  1218771.017  1218773.001
  2135:  1218790.003  1218861.005  1219861.009  1222349.001  1224806.003
  2140:  1224814.017  1225474.005  1225562.009  1225665.005  1225686.009
  2145:  1226311.001  1228895.003  1228903.017  1229128.005  1229280.009
  2150:  1229794.001  1232821.018  1232897.003  1232903.016  1232953.026
  2155:  1232956.017  1232997.005  1233687.009  1233726.005  1234033.009
  2160:  1234072.005  1234104.009  1234164.005  1234248.009  1234365.005
  2165:  1234381.009  1235718.001  1237419.003  1238056.005  1238285.009
  2170:  1238339.005  1238441.009  1238485.005  1238498.009  1239054.001
  2175:  1240418.003  1241307.001  1241404.003  1241425.001  1243635.003
  2180:  1245312.001  1246994.003  1247875.001  1250616.003  1251605.005
  2185:  1251714.009  1252081.001  1253599.003  1254116.001  1254136.003
  2190:  1254153.001  1256813.003  1256851.005  1257321.009  1257943.001
  2195:  1259793.003  1260702.001  1260858.003  1260871.001  1262642.003
  2200:  1263137.005  1263286.009  1263803.001  1264660.003  1264704.001
  2205:  1264748.003  1264836.001  1266865.003  1267506.005  1267646.009
  2210:  1268491.005  1268714.009  1269204.001  1269669.003  1269689.001
  2215:  1270000.003  1270068.001  1271685.003  1272489.001  1274362.003
  2220:  1274493.001  1274551.003  1275202.001  1275280.003  1275314.001
  2225:  1277515.003  1279017.001  1279180.003  1279209.001  1281457.003
  2230:  1281908.001  1284046.003  1284727.005  1284825.009  1285259.001
  2235:  1288359.003  1288534.001  1290530.003  1290555.001  1291247.003
  2240:  1291321.001  1291518.003  1291541.001  1292707.003  1293143.005
  2245:  1293263.009  1295474.001  1297250.003  1297303.001  1297450.003
  2250:  1297513.001  1299219.003  1299345.001  1299355.003  1301994.005
  2255:  1302045.009  1302497.005  1302519.009  1302862.001  1303057.003
  2260:  1303147.001  1303167.003  1303217.001  1304557.003  1304577.001
  2265:  1305059.003  1305495.001  1307142.003  1307215.001  1307483.003
  2270:  1307604.001  1307833.003  1308143.001  1308185.003  1308784.001
  2275:  1308881.003  1308922.001  1311427.003  1311751.005  1311853.009
  2280:  1352160.001  1352631.003  1356654.005  1356865.009  1357300.001
  2285:  1357431.003  1357532.001  1357617.003  1357637.001  1360052.003
  2290:  1360151.005  1360346.009  1360743.001  1361709.003  1361753.001
  2295:  1361932.003  1361956.001  1362011.003  1362050.001  1362266.003
  2300:  1362310.001  1363309.003  1363342.001  1363393.003  1363596.001
  2305:  1363643.003  1363664.001  1363730.003  1363747.001  1363840.003
  2310:  1363847.001  1364562.003  1364708.001  1364759.003  1364783.001
  2315:  1364848.003  1364866.001  1364954.003  1364967.001  1367028.003
  2320:  1367736.005  1367834.009  1368488.001  1369191.003  1369221.001
  2325:  1369278.003  1369304.001  1369965.003  1370011.001  1370102.003
  2330:  1370305.001  1371516.003  1371536.001  1371607.003  1371621.001
  2335:  1371706.003  1371715.001  1373010.003  1373157.001  1373477.003
  2340:  1373497.001  1374438.003  1374448.001  1374530.003  1374539.001
  2345:  1376536.003  1377712.005  1377794.009  1379573.005  1379582.009
  2350:  1380203.001  1382254.003  1383445.001  1385557.003  1386324.005
  2355:  1386487.009  1386972.001  1388701.003  1389901.001  1390297.003
  2360:  1390325.001  1390597.003  1390638.001  1390758.003  1390771.001
  2365:  1390842.003  1391109.001  1391206.003  1391228.001  1391276.003
  2370:  1391290.001  1391374.003  1391386.001  1391475.003  1391494.001
  2375:  1392160.003  1392180.001  1393010.003  1394120.001  1394312.003
  2380:  1394329.001  1394974.003  1395039.001  1395168.003  1395217.001
  2385:  1395247.003  1395258.001  1396401.003  1396603.001  1396826.003
  2390:  1396868.001  1396909.003  1396926.001  1398003.003  1398040.001
  2395:  1398608.003  1399349.005  1399653.009  1400374.001  1400706.003
  2400:  1400720.001  1402796.003  1403496.005  1403629.009  1403744.005
  2405:  1403763.009  1404185.001  1404431.003  1404548.001  1404913.003
  2410:  1404937.001  1405110.003  1405232.001  1405292.003  1405377.001
  2415:  1405513.003  1405534.001  1405587.003  1405599.001  1406366.003
  2420:  1407699.001  1410621.003  1411914.005  1412034.009  1412608.001
  2425:  1414655.003  1415373.005  1415507.009  1416039.001  1417704.003
  2430:  1417740.001  1417750.003  1417841.001  1417956.003  1417966.001
  2435:  1417998.003  1418007.001  1418135.003  1418149.001  1419305.003
  2440:  1419651.001  1419862.003  1419872.001  1420316.003  1420369.001
  2445:  1421099.003  1421426.001  1423628.003  1424544.001  1426638.003
  2450:  1428160.001  1429475.003  1429901.005  1431366.009  1433155.005
  2455:  1433185.009  1443267.005  1443755.009  1478190.001  1478285.003
  2460:  1478484.001  1479483.003  1480350.001  1481034.003  1481061.001
  2465:  1481823.003  1482219.001  1482358.003  1482446.001  1482571.003
  2470:  1482822.001  1483042.003  1483129.001  1483549.003  1483822.005
  2475:  1483936.009  1484046.005  1484177.009  1484581.001  1487182.003
  2480:  1487760.005  1487862.009  1488225.001  1490928.003  1492375.001
  2485:  1493638.003  1495354.001  1498498.018  1498509.003  1498515.016
  2490:  1498565.005  1498565.026  1499626.009  1499662.005  1499747.009
  2495:  1499757.005  1499868.009
B:
     0:        0.000      764.000        0.000      764.000        0.000
     5:      389.000        0.000        0.000        0.000      389.000
    10:        0.000        1.000        0.000        1.000        0.000
    15:        0.000       54.000       27.000       54.000        0.000
    20:        0.000        0.000        0.000        0.000        0.000
    25:        0.000       54.000        0.000        0.000        0.000
    30:        0.000
D:
     0:  5385987.000  5382833.000  5385988.000
E:
     0:     2196.000     3143.554
P:
     0:        0.000       22.000      122.000       52.000      336.000
     5:      167.000       39.000      195.000      178.000       80.000
    10:      306.000       37.000       75.000     1000.000       15.000
    15:       44.000       35.000       60.000      548.000     1062.000
    20:      178.000      122.000       96.000      971.000      174.000
    25:      121.000     1349.000      212.000      540.000      222.000
    30:       81.000      819.000       37.000       97.000     2001.000
    35:     1511.000      155.000     1714.000      215.000     1336.000
    40:     2244.000        8.000      298.000      201.000     1229.000
    45:     1574.000       90.000     2086.000     1938.000      144.000
    50:       69.000      134.000       53.000      338.000      352.000
    55:       27.000      345.000     1627.000       66.000     2488.000
    60:     1798.000       39.000       39.000     1427.000      499.000
    65:     1906.000     1818.000     1725.000     2147.000      229.000
    70:      458.000      291.000      988.000       83.000      152.000
    75:      102.000      807.000     1771.000       56.000       90.000
    80:     1768.000      300.000     1738.000      180.000       42.000
    85:      811.000     1109.000     2288.000       56.000      166.000
    90:     2189.000     2256.000      161.000     2013.000      157.000
    95:     1527.000      380.000      428.000     2060.000      153.000
   100:       33.000      857.000     1773.000      251.000       55.000
   105:     1551.000      242.000      144.000       71.000       71.000
   110:       62.000       24.000      811.000      192.000       82.000
   115:      134.000     1385.000       91.000      635.000      506.000
   120:     1060.000       99.000     2377.000       70.000     1803.000
   125:       24.000       19.000        7.000      459.000     1378.000
   130:       51.000      860.000     2434.000     1478.000     2576.000
   135:     1722.000     1051.000      576.000      109.000      569.000
   140:      745.000       31.000       59.000      202.000     1306.000
   145:      208.000      854.000      478.000     1414.000       29.000
   150:       37.000      426.000      866.000      444.000      160.000
   155:       56.000     1725.000     1886.000      132.000     1158.000
   160:     1151.000      113.000      109.000      191.000      995.000
   165:      155.000      722.000      509.000      227.000       64.000
   170:      467.000     1782.000     1330.000      403.000      502.000
   175:       40.000     1810.000     1256.000      614.000     2076.000
   180:     2535.000     2272.000        7.000     1900.000      143.000
   185:      250.000      559.000      288.000      626.000      264.000
   190:      758.000      791.000       80.000       73.000     1542.000
   195:      352.000      118.000      386.000      208.000     1810.000
   200:      136.000      190.000      169.000       43.000       63.000
   205:      382.000     1297.000      149.000     1489.000      394.000
   210:     1609.000      419.000     1151.000     1134.000       31.000
   215:     1074.000       39.000      129.000       58.000     1310.000
   220:      269.000       38.000       63.000      897.000       84.000
   225:      758.000      278.000       19.000      123.000      574.000
   230:      104.000     1521.000      531.000       78.000       66.000
   235:       24.000       76.000     1796.000       42.000       58.000
   240:       72.000     1345.000     1400.000     2079.000     2315.000
   245:      116.000     2126.000     1792.000      205.000      163.000
   250:       19.000      873.000      386.000      427.000     1819.000
   255:       50.000       43.000     2009.000     1588.000     3907.000
   260:       75.000     1867.000      204.000       31.000       64.000
   265:       85.000     1798.000     1959.000      143.000       36.000
   270:      136.000       77.000       74.000     2483.000     2372.000
   275:     2258.000       14.000     1093.000     1138.000       16.000
   280:     2740.000      448.000     1999.000     1507.000     2149.000
   285:      572.000       65.000     1248.000      136.000      587.000
   290:       32.000       60.000      683.000       70.000      577.000
   295:       27.000       42.000       74.000      519.000     1550.000
   300:       41.000     1806.000       92.000     2320.000     1508.000
   305:     1904.000     2349.000     2422.000     2157.000      364.000
   310:      357.000     1774.000       18.000      234.000     2395.000
   315:     2413.000      395.000     1871.000      104.000     2037.000
   320:     2265.000     2410.000       12.000     1882.000      143.000
   325:       10.000     1748.000       45.000       36.000     1322.000
   330:      153.000     1695.000     2533.000     2011.000     1982.000
   335:       24.000     2333.000      166.000      176.000      193.000
   340:     2187.000     2724.000     1998.000       33.000       17.000
   345:      230.000     1350.000      580.000     2657.000     2568.000
   350:     2023.000     1713.000      493.000     1972.000     2502.000
   355:      429.000      709.000     1608.000      488.000      293.000
   360:     2333.000     2515.000     1560.000     1708.000     1372.000
   365:      161.000       39.000       67.000       79.000     1083.000
   370:      124.000     2418.000     2490.000      299.000     1973.000
   375:       88.000     2785.000      171.000     1380.000     1643.000
   380:      348.000     2431.000     2179.000     1954.000     2135.000
   385:      341.000      146.000      571.000     1765.000      303.000
   390:     1216.000      323.000     2512.000     1611.000      205.000
   395:     2024.000     2608.000     1564.000     1776.000     2581.000
   400:     1884.000       81.000     1598.000     1921.000     2505.000
   405:     1959.000     2501.000     1606.000     2167.000      147.000
   410:     1959.000     1825.000     2694.000     1927.000     1962.000
   415:     1935.000     2161.000     1424.000     1082.000     2187.000
   420:     2067.000     2024.000     2059.000       52.000     2381.000
   425:      259.000       87.000     1998.000     1877.000     2124.000
   430:       21.000       58.000     2404.000     1919.000     2772.000
   435:     2112.000     1089.000     1609.000     1599.000     1859.000
   440:       43.000     2374.000       75.000     2238.000      455.000
   445:     1397.000     1935.000     2487.000      132.000      900.000
   450:      193.000      441.000      338.000     1255.000       88.000
   455:     4293.000       13.000      285.000     1319.000     2363.000
   460:     1684.000      144.000     1763.000     2187.000     2738.000
   465:     1906.000     1965.000     1882.000     1912.000     1285.000
   470:     1974.000       18.000     1992.000      215.000       27.000
   475:     2906.000     1359.000     2256.000      625.000     1277.000
   480:     2648.000     1609.000     1964.000      264.000       72.000
   485:      107.000     1747.000     2435.000     2984.000     2699.000
   490:     1957.000     1644.000     2249.000     1687.000     2326.000
   495:     2245.000      771.000       94.000     2670.000     1285.000
   500:     2294.000     2712.000     2308.000     1850.000      654.000
   505:     2962.000      209.000       37.000     1772.000      140.000
   510:     1761.000     1792.000     1016.000     1959.000     1954.000
   515:     3432.000     1574.000     1538.000      392.000       63.000
   520:     1667.000     1890.000     1033.000     1863.000     5282.000
   525:      312.000     1368.000     1675.000       33.000     2313.000
   530:     1517.000      329.000       24.000        8.000      164.000
   535:     1940.000      547.000       49.000     1519.000      379.000
   540:     1851.000     2078.000     1963.000      384.000     2686.000
   545:     2826.000     2256.000      169.000     2717.000       31.000
   550:     2524.000     1941.000     2271.000     2320.000       48.000
   555:     1651.000     1546.000     2286.000     1723.000       48.000
   560:     2227.000      307.000      282.000     1062.000      101.000
   565:      139.000       38.000       59.000      688.000     2721.000
   570:     2918.000     2069.000      224.000     1963.000      247.000
   575:     1271.000     3109.000      190.000     1486.000     1903.000
   580:     2042.000      126.000     1438.000     1568.000     2174.000
   585:      572.000     1525.000     1667.000      169.000       11.000
   590:     1478.000     3081.000     3189.000       10.000      236.000
   595:     2085.000      908.000     1423.000      246.000     1686.000
   600:      121.000     1818.000     2113.000     1421.000       70.000
   605:      340.000       15.000     1102.000      399.000       18.000
   610:       14.000     1640.000      216.000       65.000     2383.000
   615:     2822.000     2282.000     2583.000      214.000     2283.000
   620:      102.000     2459.000       17.000     2653.000      120.000
   625:     2208.000     1831.000     2140.000     1844.000     4472.000
   630:       17.000     2457.000     2584.000     3103.000     1701.000
   635:     1364.000       97.000     2210.000     1682.000     2741.000
   640:     1518.000       20.000     2660.000     1850.000      156.000
   645:     1771.000      857.000       44.000     2029.000      465.000
   650:      311.000     1617.000     1873.000       58.000       78.000
   655:     2201.000      163.000     2248.000     2138.000     3100.000
   660:     1996.000      692.000      197.000     1166.000     1776.000
   665:      147.000     1706.000       10.000      195.000       20.000
   670:     1340.000      482.000     1647.000      268.000      229.000
   675:       42.000       97.000     2505.000      471.000      131.000
   680:       85.000     2415.000      966.000      179.000       55.000
   685:      216.000      999.000       51.000       47.000       66.000
   690:       93.000      713.000       51.000       65.000       88.000
   695:     2061.000      703.000       57.000      661.000       91.000
   700:     1211.000       71.000       85.000     1295.000      320.000
   705:      941.000       82.000     1997.000     2051.000     2112.000
   710:     1729.000      396.000      272.000      120.000       71.000
   715:       97.000       48.000       84.000       89.000      666.000
   720:      830.000      192.000      645.000      129.000       30.000
   725:     1143.000      223.000       41.000     1077.000      568.000
   730:      332.000     2076.000      246.000      365.000      173.000
   735:       60.000      136.000       53.000      767.000     2922.000
   740:     2047.000     1665.000       10.000      115.000       32.000
   745:      128.000     1156.000      211.000      444.000      730.000
   750:     2202.000     2094.000     1315.000       95.000      999.000
   755:      684.000      762.000      139.000      125.000      220.000
   760:      420.000     2601.000     2703.000     1263.000     3155.000
R:
     0:        1.000   948919.589        0.000
T:
     0:        0.000        0.000        0.000        0.000
W:
     0:        0.000        0.000        0.000
