File: C:\MED-PC IV\Data\Reyes\AW\AW1048.999


Start Date: 08/28/24
End Date: 08/28/24
Subject: 48
Experiment: AW
Group: EXP10
Box: 4
Start Time: 15:29:29
End Time: 16:19:29
MSN: DRRD_exp_10
C:       0.000
F:       0.000
G:       0.000
H:       0.000
I:       0.000
J:       0.000
K:   10000.000
L:       0.000
M:       0.000
N:       0.000
O:       0.000
P:       0.000
Q:       0.000
R:       0.000
S:       0.000
U: 2117883.000
V:       0.000
X:       0.000
Y:    1608.000
Z:       0.000
A:
     0:     1303.005     1365.009     2030.005     2149.009     7584.005
     5:     7714.009    14058.005    14704.009    14974.005    15000.013
    10:    15000.011    15038.009    15057.005    15071.009    16502.001
    15:    16840.003    18627.001    22481.003    22826.001    22962.003
    20:    23401.001    24990.003    25158.005    25167.009    25173.005
    25:    25276.009    25289.005    25298.009    25328.005    25359.009
    30:    25835.005    25861.009    26154.005    26189.009    26546.001
    35:    26668.003    27886.001    27983.003    28210.001    28303.003
    40:    28339.001    33339.018    34077.003    34083.016    34133.026
    45:    34240.005    34596.009    34647.005    34656.009    35450.001
    50:    36944.005    36985.009    37154.005    37165.009    40450.018
    55:    40808.003    40814.016    40864.026    40883.005    41355.009
    60:    41386.005    41403.009    41929.001    46929.018    48192.003
    65:    48198.016    48248.026    48387.005    48882.009    50423.001
    70:    55423.018    56329.003    56335.016    56385.026    56493.005
    75:    56893.009    57332.001    61340.005    61348.009    62332.018
    80:    62401.005    62426.009    62446.003    62452.016    62502.026
    85:    62605.005    63088.009    63095.005    63125.009    63667.001
    90:    68667.018    70252.003    70258.016    70308.026    70396.005
    95:    70796.009    70840.005    70846.009    71405.001    76405.018
   100:    76979.003    76985.016    77035.026    77170.005    77722.009
   105:    77734.005    77754.009    78221.001    81872.005    82083.009
   110:    82218.005    82756.009    82860.005    83033.009    83056.005
   115:    83141.009    83221.018    84558.005    84604.009    84757.005
   120:    84866.003    84872.016    84914.009    84922.026    85017.005
   125:    85439.009    85772.001    90772.018    93895.003    93901.016
   130:    93951.026    94056.005    94625.009    95268.001   100268.018
   135:   101338.003   101344.016   101394.026   101490.005   101990.009
   140:   102358.001   107358.018   108072.003   108078.016   108128.026
   145:   108235.005   108777.009   109177.001   113104.005   113549.009
   150:   113646.005   113664.009   114177.018   114739.003   114745.016
   155:   114753.005   114795.009   114795.026   114819.001   114849.003
   160:   114975.005   115551.009   115565.005   115616.009   116024.001
   165:   116722.003   116743.001   121743.018   122407.003   122413.016
   170:   122463.026   122569.005   122932.009   122968.005   123011.009
   175:   123408.001   128408.018   131423.003   131429.016   131479.026
   180:   131580.005   131943.009   132403.001   137403.018   138982.005
   185:   139011.009   139019.005   139038.009   139054.005   139112.009
   190:   139129.005   139220.009   139371.003   139377.016   139427.026
   195:   139443.005   140192.009   140370.005   140397.009   141318.001
   200:   141330.003   141473.001   141650.003   141665.001   141683.003
   205:   141719.001   146719.018   147142.003   147148.016   147198.026
   210:   147293.005   147616.009   147639.005   147659.009   148178.001
   215:   148937.003   150243.001   150439.003   150534.001   150604.003
   220:   150653.005   150661.009   151472.001   155786.005   156472.018
   225:   157372.003   157378.016   157428.026   157435.009   157509.005
   230:   158271.009   158926.001   159433.003   159962.001   160420.003
   235:   161108.001   166108.018   168108.003   168114.016   168164.026
   240:   168203.005   168879.009   169226.001   174226.018   175012.003
   245:   175018.016   175068.026   175191.005   175661.009   176091.001
   250:   181091.018   182453.003   182459.016   182509.026   182590.005
   255:   183003.009   183267.001   188267.018   189213.003   189219.016
   260:   189269.026   189306.001   189363.003   189429.005   189858.009
   265:   189870.005   189883.009   189906.005   189953.009   190393.001
   270:   195393.018   195948.003   195954.016   196004.026   196072.005
   275:   196881.009   197344.001   202344.018   203573.003   203579.016
   280:   203629.026   203757.005   204462.009   204980.001   209980.018
   285:   210502.003   210508.016   210558.026   210633.005   211060.009
   290:   211285.001   214706.005   214920.009   214996.005   215017.009
   295:   215081.005   215120.009   215256.005   215654.009   215715.005
   300:   215743.009   216285.018   216673.005   216692.003   216698.016
   305:   216721.009   216748.026   216892.005   217222.009   217379.005
   310:   217398.009   218226.001   223226.018   224564.003   224570.016
   315:   224620.026   224737.005   225092.009   225334.001   230334.018
   320:   230922.003   230928.016   230978.026   231066.005   231502.009
   325:   231814.001   231855.003   231974.001   236974.018   237574.003
   330:   237580.016   237630.026   237731.005   238087.009   238363.001
   335:   243363.018   244523.003   244529.016   244579.026   244733.005
   340:   245403.009   246299.001   246445.003   246558.001   247307.003
   345:   247360.001   252360.018   252713.003   252719.016   252769.026
   350:   252862.005   253399.009   253846.001   254428.003   254471.001
   355:   259471.018   259687.003   259693.016   259743.026   259955.005
   360:   260480.009   260711.001   265711.018   267601.003   267607.016
   365:   267657.026   267815.005   268160.009   268171.005   268204.009
   370:   268492.001   273492.018   273959.003   273965.016   274015.026
   375:   274094.005   274600.009   274835.001   279835.018   280544.003
   380:   280550.016   280600.026   280821.005   281295.009   281672.001
   385:   285633.003   285654.001   288489.003   289025.005   289322.009
   390:   289335.005   289403.009   291058.005   291071.009   291358.001
   395:   296358.018   296534.003   296540.016   296590.026   296719.005
   400:   297365.009   297624.001   302624.018   303342.003   303348.016
   405:   303398.026   303503.005   303827.009   303857.005   303986.009
   410:   304013.005   304025.009   304407.001   309407.018   310355.003
   415:   310361.016   310411.026   310499.005   310858.009   310871.005
   420:   310964.009   311105.005   311127.009   311158.005   311206.009
   425:   311216.005   311677.009   311703.005   311809.009   312068.001
   430:   316913.003   317292.001   317312.003   317734.001   317850.003
   435:   319273.005   319285.009   319308.005   319352.009   319734.001
   440:   320096.003   320124.001   325124.018   325530.003   325536.016
   445:   325586.026   325656.005   326366.009   326577.001   331577.018
   450:   332207.003   332213.016   332263.026   332412.005   333124.009
   455:   333444.001   338444.018   338540.003   338546.016   338596.026
   460:   338714.005   339078.009   339293.001   344293.018   345237.003
   465:   345243.016   345293.026   345417.005   345735.009   346270.001
   470:   350623.003   350781.005   351368.009   352584.001   357226.003
   475:   359249.001   359351.003   359391.001   359437.003   360712.001
   480:   360860.003   360896.001   365896.018   367136.003   367142.016
   485:   367192.026   367289.005   367840.009   368101.001   372960.003
   490:   373119.005   373381.009   373385.005   373410.009   373682.001
   495:   378682.018   379576.003   379582.016   379632.026   379667.005
   500:   380442.009   380790.001   385790.018   386052.003   386058.016
   505:   386108.005   386108.026   386844.009   386866.005   386881.009
   510:   387247.001   392247.018   393005.003   393011.016   393061.026
   515:   393161.005   393888.009   394132.001   399132.018   400254.003
   520:   400260.016   400310.026   400411.005   401031.009   401620.001
   525:   404681.003   404713.001   408392.003   408614.005   408681.009
   530:   408812.005   408835.009   408896.005   409086.009   409139.005
   535:   409459.009   410617.005   410645.009   410915.001   410977.003
   540:   411926.001   416702.003   417398.005   417447.009   418145.001
   545:   423145.018   424384.003   424390.016   424440.026   424508.005
   550:   424919.009   425213.001   430213.018   430595.003   430601.016
   555:   430651.026   430792.005   431574.009   431983.001   436983.018
   560:   438279.003   438285.016   438335.026   438448.005   438869.009
   565:   439234.001   444145.003   444418.001   444717.003   444928.001
   570:   444987.003   445347.005   445367.009   446585.001   451225.003
   575:   453120.001   458120.018   458220.003   458226.016   458276.026
   580:   458370.005   458850.009   459258.001   464258.018   465319.003
   585:   465325.016   465375.026   465432.005   465832.009   465858.005
   590:   465864.009   466385.001   466746.003   466960.001   471960.018
   595:   472310.003   472316.016   472342.001   472366.026   472374.003
   600:   472410.001   472447.003   472503.005   473333.009   473737.001
   605:   478737.018   479995.003   480001.016   480051.026   480154.005
   610:   480567.009   480586.005   480603.009   481132.001   481845.003
   615:   488214.005   488231.009   488258.005   488266.009   489290.001
   620:   494290.018   495131.003   495137.016   495187.026   495307.005
   625:   496047.009   496457.001   499169.005   499258.009   499465.005
   630:   499488.009   499544.005   499723.009   501457.018   501680.003
   635:   501686.016   501736.026   501840.005   502197.009   502479.001
   640:   507479.018   508963.003   508969.016   509019.026   509195.005
   645:   509544.009   510119.001   515119.018   515948.003   515954.016
   650:   516004.026   516163.005   516837.009   517071.001   522071.018
   655:   523204.003   523210.016   523260.026   523368.005   523833.009
   660:   524062.001   529062.018   530045.003   530051.016   530101.026
   665:   530215.005   530660.009   530963.001   531001.003   531082.001
   670:   536082.018   536340.003   536346.016   536396.026   536519.005
   675:   536873.009   538429.005   538518.009   538767.001   538800.003
   680:   539998.001   544998.018   545109.003   545115.016   545165.026
   685:   545374.005   545785.009   546064.001   550659.003   551176.005
   690:   551343.009   552753.001   557753.018   557776.005   557825.009
   695:   557865.005   557910.009   557961.005   557973.009   558450.005
   700:   558494.003   558500.016   558550.026   558566.009   558683.005
   705:   559289.009   559328.005   559332.009   559375.005   559411.009
   710:   560070.001   565070.018   565180.003   565186.016   565208.001
   715:   565236.026   565266.003   565333.005   566157.009   566565.001
   720:   569448.003   570656.005   570675.009   571058.001   576058.018
   725:   576673.003   576679.016   576729.026   576877.005   577560.009
   730:   577993.001   578447.003   578667.001   582463.003   582477.001
   735:   582660.003   582965.005   583172.009   584789.001   589789.018
   740:   589879.003   589885.016   589935.026   590091.005   590421.009
   745:   590902.001   595902.018   596480.003   596486.016   596536.026
   750:   596682.005   596992.009   597276.001   602035.003   602060.001
   755:   602169.003   603863.001   608552.003   608806.005   609026.009
   760:   612482.005   612580.009   612978.001   617621.003   618177.001
   765:   623177.018   623792.003   623798.016   623848.026   624013.005
   770:   624610.009   625185.001   629994.003   630089.005   630236.009
   775:   630657.001   635462.003   636447.005   636596.009   638451.001
   780:   642699.003   643077.005   643237.009   643637.001   648637.018
   785:   650026.003   650032.016   650052.001   650074.003   650082.026
   790:   650192.005   650874.009   651143.001   656143.018   656473.003
   795:   656479.016   656529.026   656592.001   656685.003   656795.005
   800:   657611.009   658805.001   663805.018   664141.003   664147.016
   805:   664197.026   664381.005   665021.009   665269.001   670113.003
   810:   670205.001   670269.003   670597.001   671919.003   671965.001
   815:   675836.003   676045.001   676221.003   676353.001   676690.003
   820:   678622.001   683622.018   684583.003   684589.016   684639.026
   825:   684776.005   685496.009   685902.001   690902.018   691533.003
   830:   691539.016   691589.026   691666.005   692045.009   692092.005
   835:   692102.009   692172.005   692233.009   692448.001   697448.018
   840:   697897.003   697903.016   697953.026   698060.005   698688.009
   845:   699170.001   704170.018   705058.003   705064.016   705114.026
   850:   705196.001   705234.003   705237.005   705643.009   705954.001
   855:   706612.003   707287.001   711283.003   712176.005   712237.009
   860:   713220.001   717518.003   718341.005   718482.009   719404.001
   865:   723898.003   724163.001   725507.003   726403.001   728118.003
   870:   728270.001   728358.003   728408.001   733408.018   733979.003
   875:   733985.016   734035.026   734152.005   734993.009   735311.001
   880:   740311.018   741628.003   741634.016   741684.026   741789.005
   885:   742580.009   743099.001   748099.018   748325.003   748331.016
   890:   748381.026   748550.005   749151.009   749602.001   752485.005
   895:   752494.009   754602.018   754922.003   754928.016   754978.026
   900:   754981.005   755088.009   755147.005   755515.009   755564.005
   905:   755637.009   756137.001   761137.018   761138.003   761144.016
   910:   761194.026   761350.005   762048.009   762919.001   767919.018
   915:   768071.003   768077.016   768127.026   768281.005   769040.009
   920:   769558.001   774558.018   774750.003   774756.016   774806.026
   925:   774906.005   775793.009   776465.001   781465.018   782434.003
   930:   782440.016   782490.026   782706.005   783092.009   783653.001
   935:   788653.018   788921.003   788927.016   788977.026   789097.005
   940:   789664.009   789862.001   794862.018   794956.003   794962.016
   945:   795012.026   795063.005   795620.009   796097.001   800983.003
   950:   802121.005   802414.009   804515.001   809515.018   809722.003
   955:   809728.016   809778.026   809885.005   810603.009   811112.001
   960:   816112.018   816578.003   816584.016   816634.026   816740.005
   965:   817256.009   817748.001   822748.018   823202.003   823208.016
   970:   823258.026   823408.005   823757.009   823766.005   823843.009
   975:   824358.001   829308.003   829911.005   830068.009   830386.001
   980:   835386.018   835424.003   835430.016   835480.026   835672.005
   985:   836103.009   837919.005   837937.009   839332.001   844031.003
   990:   846217.001   848508.003   848533.001   851988.003   853956.001
   995:   858664.003   860086.001   863710.003   863788.001   864092.003
  1000:   864469.001   869469.018   872085.003   872091.016   872141.026
  1005:   872399.005   872807.009   873610.001   878610.018   879392.003
  1010:   879398.016   879448.026   879572.005   880814.009   880868.005
  1015:   880903.009   880919.005   880922.009   880965.005   880977.009
  1020:   881000.005   881067.009   882738.005   882772.009   883172.001
  1025:   883933.003   883966.001   888966.018   889677.003   889683.016
  1030:   889733.026   889829.001   889899.003   889976.005   890649.009
  1035:   891073.001   896073.018   898288.003   898294.016   898344.026
  1040:   898361.001   898435.003   898591.005   898972.009   902113.001
  1045:   907113.018   908515.003   908521.016   908571.026   908812.005
  1050:   909732.009   911228.001   916228.018   916784.003   916790.016
  1055:   916840.026   916881.001   916978.003   917096.005   917416.009
  1060:   919337.005   919342.009   919371.005   919402.009   919730.001
  1065:   919818.003   920064.001   925064.018   925692.003   925698.016
  1070:   925748.026   925980.005   926349.009   926618.001   931618.018
  1075:   931750.003   931756.016   931806.026   931957.005   932301.009
  1080:   932351.005   932364.009   933206.001   936750.003   936804.001
  1085:   937249.003   939777.001   944777.018   945678.003   945684.016
  1090:   945734.026   945841.005   946822.009   947261.001   951861.003
  1095:   952683.001   952861.003   955009.001   959171.003   960695.005
  1100:   960844.009   963561.001   967950.003   967987.001   968064.003
  1105:   969084.001   974084.018   974249.003   974255.016   974305.026
  1110:   974404.005   975009.009   975430.001   980430.018   980535.003
  1115:   980541.016   980591.026   980740.005   981390.009   982043.001
  1120:   982920.003   982941.001   987941.018   988074.003   988080.016
  1125:   988130.026   988222.005   988809.009   989131.001   994131.018
  1130:   994863.003   994869.016   994896.001   994919.026   994974.003
  1135:   995071.005   995817.009   996426.001  1001426.018  1002731.003
  1140:  1002737.016  1002787.026  1002935.005  1003278.009  1003597.001
  1145:  1008597.018  1008921.003  1008927.016  1008977.026  1009127.005
  1150:  1009580.009  1009626.005  1009633.009  1009994.001  1014994.018
  1155:  1016126.003  1016132.016  1016182.026  1016378.005  1017114.009
  1160:  1017586.001  1022586.018  1022763.003  1022769.016  1022819.026
  1165:  1022954.005  1023383.009  1023492.005  1023494.009  1025658.005
  1170:  1025689.009  1026968.001  1031721.003  1033589.001  1038589.018
  1175:  1039519.003  1039525.016  1039575.026  1039805.005  1040567.009
  1180:  1041009.001  1046009.018  1046126.003  1046132.016  1046182.026
  1185:  1046372.005  1046852.009  1047123.001  1052123.018  1053218.003
  1190:  1053224.016  1053274.026  1053555.005  1054153.009  1054158.005
  1195:  1054192.009  1054307.005  1054314.009  1055385.001  1060215.003
  1200:  1060589.005  1060901.009  1061156.001  1066156.018  1066651.003
  1205:  1066657.016  1066707.026  1066840.005  1067555.009  1067853.001
  1210:  1067879.003  1068008.001  1073008.018  1074562.003  1074568.016
  1215:  1074618.026  1074681.001  1074983.003  1075102.005  1075807.009
  1220:  1076701.001  1081701.018  1082674.003  1082680.016  1082730.026
  1225:  1082997.005  1083641.009  1083703.005  1083711.009  1083739.005
  1230:  1083752.009  1084224.001  1089224.018  1089901.003  1089907.016
  1235:  1089915.001  1089957.026  1090072.003  1090491.005  1091068.009
  1240:  1091686.001  1096686.018  1097301.003  1097307.016  1097357.026
  1245:  1097615.005  1098150.009  1100283.005  1100292.009  1102033.001
  1250:  1106509.003  1109128.005  1109137.009  1109147.005  1109228.009
  1255:  1109229.005  1109369.009  1111380.001  1112651.003  1112697.001
  1260:  1116344.003  1117233.001  1121191.003  1121483.001  1126483.018
  1265:  1127415.003  1127421.016  1127471.026  1127629.005  1128075.009
  1270:  1129314.001  1129410.003  1129471.001  1134471.018  1137455.003
  1275:  1137461.016  1137511.026  1137639.005  1138137.009  1138654.001
  1280:  1143654.018  1144345.003  1144351.016  1144401.026  1144441.005
  1285:  1144884.009  1144933.005  1144948.009  1145550.001  1150550.018
  1290:  1151278.003  1151284.016  1151334.026  1151344.001  1151426.003
  1295:  1151676.005  1152379.009  1154088.001  1159088.018  1160196.003
  1300:  1160202.016  1160252.026  1160528.005  1161317.009  1162021.001
  1305:  1162389.003  1162418.001  1167043.003  1167825.005  1168489.009
  1310:  1168902.005  1169000.009  1170749.001  1174854.003  1175129.001
  1315:  1175347.003  1177260.001  1182260.018  1182459.003  1182465.016
  1320:  1182515.026  1182659.005  1183156.009  1183710.001  1188119.003
  1325:  1190737.001  1195737.018  1197248.003  1197254.016  1197304.026
  1330:  1197560.005  1198252.009  1198862.001  1203702.003  1203748.001
  1335:  1204015.003  1204734.005  1204748.009  1204813.005  1204857.009
  1340:  1205322.001  1210322.018  1213282.003  1213288.016  1213338.026
  1345:  1213558.005  1214202.009  1214730.001  1219730.018  1220111.003
  1350:  1220117.016  1220150.001  1220167.026  1220200.003  1220331.005
  1355:  1221045.009  1222022.001  1227022.018  1228175.003  1228181.016
  1360:  1228231.026  1228281.001  1228337.003  1228519.005  1229023.009
  1365:  1229475.001  1234475.018  1235877.003  1235883.016  1235933.026
  1370:  1236186.005  1237080.009  1238135.001  1243135.018  1244443.003
  1375:  1244449.016  1244485.001  1244499.026  1244558.003  1244623.005
  1380:  1245171.009  1245660.001  1250660.018  1251509.003  1251515.016
  1385:  1251565.026  1251729.005  1252582.009  1253342.001  1258342.018
  1390:  1259486.003  1259492.016  1259542.026  1259761.005  1260483.009
  1395:  1260972.001  1265972.018  1266497.003  1266503.016  1266517.001
  1400:  1266553.026  1266609.003  1266708.005  1267428.009  1267868.001
  1405:  1272868.018  1273991.003  1273997.016  1274047.026  1274194.005
  1410:  1274719.009  1275231.001  1279184.003  1279215.001  1279457.003
  1415:  1279875.005  1280019.009  1281779.001  1286779.018  1288807.003
  1420:  1288813.016  1288863.026  1288874.001  1288946.003  1289031.005
  1425:  1289545.009  1290000.001  1294919.003  1295091.005  1295332.009
  1430:  1296467.001  1301467.018  1301713.003  1301719.016  1301737.001
  1435:  1301769.026  1301908.003  1301917.005  1302695.009  1303217.001
  1440:  1308217.018  1310194.003  1310200.016  1310250.026  1310404.005
  1445:  1311007.009  1311559.001  1316559.018  1318812.003  1318818.016
  1450:  1318868.026  1318988.005  1319607.009  1320642.001  1324643.003
  1455:  1324746.001  1324844.003  1328115.005  1328256.009  1328682.001
  1460:  1333682.018  1335421.003  1335427.016  1335477.026  1335626.005
  1465:  1336134.009  1336589.001  1341589.018  1341926.003  1341932.016
  1470:  1341982.026  1342114.005  1342545.009  1343113.001  1347342.003
  1475:  1348065.001  1348132.003  1357503.001  1357559.003  1358344.001
  1480:  1363344.018  1364944.003  1364950.016  1365000.026  1365218.005
  1485:  1365767.009  1366628.001  1371337.003  1371772.001  1371946.003
  1490:  1371977.001  1376821.003  1377003.005  1377142.009  1379658.001
  1495:  1384604.003  1388508.005  1388664.009  1391702.005  1391900.009
  1500:  1392939.001  1397591.003  1397941.001  1398131.003  1398203.001
  1505:  1402478.003  1402647.001  1403065.003  1403554.001  1408554.018
  1510:  1409573.003  1409579.016  1409629.026  1409773.005  1410296.009
  1515:  1410736.001  1414423.005  1414456.009  1415736.018  1416464.005
  1520:  1416486.003  1416487.009  1416492.016  1416542.026  1416665.005
  1525:  1417003.009  1417034.005  1417175.009  1417582.001  1422582.018
  1530:  1425460.003  1425466.016  1425516.026  1425745.005  1426414.009
  1535:  1426963.001  1431963.018  1433529.003  1433535.016  1433585.026
  1540:  1433701.005  1434288.009  1435064.001  1435698.003  1435716.001
  1545:  1440716.018  1442437.003  1442443.016  1442493.026  1442754.005
  1550:  1443217.009  1443745.001  1448745.018  1450132.003  1450138.016
  1555:  1450188.026  1450383.005  1451105.009  1453094.005  1453128.009
  1560:  1454743.001  1459743.018  1461151.003  1461157.016  1461207.026
  1565:  1461332.005  1461666.009  1463399.001  1468399.018  1470373.003
  1570:  1470379.016  1470429.026  1470635.005  1471295.009  1471767.001
  1575:  1476767.018  1477368.003  1477374.016  1477424.026  1477552.005
  1580:  1478273.009  1478309.005  1478442.009  1478443.005  1478509.009
  1585:  1478530.005  1479099.009  1479142.005  1479450.009  1479711.001
  1590:  1484711.018  1485181.003  1485187.016  1485237.026  1485458.005
  1595:  1485786.009  1486096.001  1491096.018  1491677.003  1491683.016
  1600:  1491733.026  1491966.005  1492315.009  1493587.001  1497854.003
  1605:  1497950.001  1498145.003  1498613.001
B:
     0:        0.000      290.000        0.000      289.000        0.000
     5:      293.000        0.000        0.000        0.000      293.000
    10:        0.000        1.000        0.000        1.000        0.000
    15:        0.000      147.000        0.000      147.000        0.000
    20:        0.000        0.000        0.000        0.000        0.000
    25:        0.000      147.000        0.000        0.000        0.000
    30:        0.000
D:
     0:  3617888.000  3616496.000  3616028.000
E:
     0:     5000.000     5000.000
T:
     0:        0.000        0.000        0.000        0.000
W:
     0:        2.000        0.000        0.000
