File: C:\MED-PC IV\Data\Reyes\AW\AW1046.999


Start Date: 08/26/24
End Date: 08/26/24
Subject: 46
Experiment: AW
Group: PERC
Box: 2
Start Time: 15:12:40
End Time: 16:02:40
MSN: DRRD_perc
C:       0.000
F:       0.000
G:       0.000
H:       0.000
I:       0.000
J:       0.000
K:    9736.000
L:       0.000
M:       0.000
N:       0.000
O:       0.000
Q:    2989.650
S:    2122.588
U:   42941.000
V:       0.000
X:       0.000
Y:    1269.000
Z:       0.000
A:
     0:     4942.005     4947.009     4965.005     5147.009     5149.005
     5:     5170.009     5176.005     5181.009     5284.005     5288.009
    10:     5290.005     5305.009     5341.005     5347.009     5519.005
    15:     5545.009     5548.005     5593.009     9609.005     9620.009
    20:     9622.005    10133.009    10139.005    10174.009    10299.005
    25:    10602.009    10873.005    10967.009    15000.013    15000.011
    30:    15692.001    15723.003    15876.001    15931.003    15997.001
    35:    16069.003    16524.001    21392.018    21704.003    21710.016
    40:    21760.026    22061.005    22908.009    22976.005    23227.009
    45:    24009.001    24034.003    24069.001    24134.003    24360.001
    50:    24373.003    24479.001    24539.003    24596.001    24612.003
    55:    24648.001    24713.003    25162.001    28199.003    29192.001
    60:    29338.003    29364.001    33256.003    36771.001    36830.003
    65:    36865.001    40891.003    40931.001    41136.003    42542.001
    70:    42590.003    42644.001    42696.003    42838.001    43060.003
    75:    43214.001    43233.003    43346.001    43399.003    43428.001
    80:    43504.003    44282.001    48678.003    49409.001    49455.003
    85:    49536.001    49697.003    49823.001    54205.003    54288.001
    90:    54346.003    55631.001    55654.003    55856.001    55898.003
    95:    55945.001    60498.003    61862.001    61887.003    63652.001
   100:    68361.003    69405.001    74047.003    75462.001    76147.003
   105:    76730.001    76803.003    76846.001    76979.003    77129.001
   110:    77188.003    77221.001    82089.018    82300.003    82306.016
   115:    82356.026    82589.005    83444.009    83446.005    83467.009
   120:    83506.005    83551.009    83598.005    83618.009    84623.001
   125:    88662.003    88794.001    88809.003    88877.001    88963.003
   130:    89479.001    89643.003    89687.001    91875.003    92185.001
   135:    92365.003    92391.001    92759.003    92767.001    93656.003
   140:    94727.005    94975.009    95149.005    95165.009    95167.005
   145:    95206.009    95211.005    95216.009    95569.001    97548.003
   150:    97554.001    99846.003   100464.001   100609.003   100690.001
   155:   100861.003   100890.001   102287.003   102295.001   104436.003
   160:   105765.005   105800.009   108901.001   112582.003   112691.001
   165:   112902.003   113636.005   113999.009   114453.001   114474.003
   170:   131353.001   131372.003   131405.001   132417.003   132428.001
   175:   135383.003   136405.001   136417.003   136447.001   138530.003
   180:   138554.001   140775.003   140807.001   140955.003   142223.001
   185:   143604.003   143616.001   146583.003   146596.001   146878.003
   190:   147795.001   148035.003   148113.001   148412.003   149043.001
   195:   149094.003   149290.001   154158.018   154635.003   154641.016
   200:   154691.026   154921.005   155320.009   155350.005   155403.009
   205:   155423.005   155501.009   155507.005   155658.009   157003.001
   210:   161871.018   161937.003   161943.016   161993.026   162151.005
   215:   162647.009   162730.005   162759.009   162839.005   162879.009
   220:   162893.005   162917.009   162949.005   163023.009   164782.001
   225:   164823.003   164883.001   165003.003   165051.001   168677.003
   230:   169375.001   169887.003   170220.001   174634.003   175951.001
   235:   180313.003   181670.005   181735.009   182075.001   186662.003
   240:   186692.001   186805.003   188768.001   192914.003   195865.001
   245:   200733.018   200879.003   200885.016   200935.026   201173.005
   250:   201649.009   201680.005   201690.009   201725.005   201807.009
   255:   201994.005   202008.009   203108.001   203334.003   203365.001
   260:   203444.003   203452.001   207460.003   207496.001   207752.003
   265:   208625.001   212353.003   213674.005   213849.009   214399.001
   270:   214573.003   214597.001   219465.018   219570.003   219576.016
   275:   219626.026   219820.005   220715.009   220771.005   220812.009
   280:   220842.005   220874.009   220975.005   221047.009   221072.005
   285:   221091.009   222161.001   226990.003   226998.017   227352.001
   290:   227451.003   227547.001   227595.003   228799.001   228843.003
   295:   228888.001   232570.003   232583.001   233581.003   236083.001
   300:   236120.003   236133.001   236208.003   236259.001   240217.003
   305:   242045.001   246835.003   248110.001   248154.003   248213.001
   310:   248256.003   248301.001   252206.003   253692.005   253725.009
   315:   254395.001   254471.003   254518.001   258113.003   260372.001
   320:   260411.003   260451.001   265040.003   267226.001   267316.003
   325:   267352.001   270480.003   270560.001   270676.003   271570.005
   330:   271733.009   272175.001   272643.003   273398.001   277467.003
   335:   278501.001   278530.003   278667.001   279625.003   279651.001
   340:   280883.003   282608.001   282622.003   282819.001   287151.003
   345:   288141.005   288177.009   289221.001   289318.003   289329.001
   350:   293081.003   293867.001   297971.003   299224.005   299562.009
   355:   299984.001   303653.003   303750.001   303893.003   305406.001
   360:   305454.003   305549.001   305614.003   305649.001   305719.003
   365:   305776.001   307523.003   307542.001   308873.003   308921.001
   370:   308948.003   312770.001   312811.003   312844.001   313032.003
   375:   313037.001   315404.003   315411.001   315556.003   315592.001
   380:   315664.003   315763.001   315807.003   315871.001   316042.003
   385:   316209.001   320420.003   322672.001   322711.003   322788.001
   390:   326538.003   327319.001   331151.003   331184.001   331577.003
   395:   332998.001   336384.003   336578.001   336721.003   339155.001
   400:   339222.003   339259.001   343439.003   344082.001   344412.003
   405:   344982.001   345027.003   345189.001   349242.003   351189.005
   410:   351246.009   352435.001   352608.003   352650.001   356723.003
   415:   358159.001   362489.003   363916.005   364052.009   364458.001
   420:   368643.003   368800.001   369073.003   370693.001   373623.003
   425:   376818.001   381039.003   383136.005   383218.009   383295.005
   430:   383447.009   384273.001   384296.003   384349.001   388195.003
   435:   388282.001   388858.003   389556.005   389560.009   389696.005
   440:   389709.009   389722.005   389727.009   389738.005   389743.009
   445:   390172.001   390342.003   390369.001   393886.003   393997.001
   450:   394628.003   396820.001   396883.003   396988.001   401392.003
   455:   401671.001   402224.003   402557.001   402940.003   403772.005
   460:   403799.009   403815.005   403970.009   403977.005   403984.009
   465:   403987.005   404717.009   404751.005   405054.009   405167.005
   470:   405172.009   405774.001   405859.003   405919.001   406028.003
   475:   406049.001   410281.003   411350.001   414576.003   415656.001
   480:   415724.003   415952.001   416030.003   416096.001   419450.003
   485:   419498.001   419546.003   421747.005   421773.009   422287.001
   490:   422398.003   422472.001   422994.003   423433.005   423456.009
   495:   423459.005   423464.009   423480.005   423507.009   423534.005
   500:   423595.009   423625.005   423634.009   424339.001   428507.003
   505:   431736.001   431773.003   432048.001   432347.003   432515.001
   510:   435937.003   436222.001   436728.003   438306.001   438440.003
   515:   441117.005   441213.009   441222.005   441233.009   441234.005
   520:   441416.009   441418.005   441423.009   441425.005   441661.009
   525:   441669.005   441679.009   441681.005   442495.009   442501.005
   530:   442528.009   442995.001   443097.003   443150.001   443299.003
   535:   443354.001   447241.003   448571.001   448665.003   449095.001
   540:   449444.003   449595.005   449625.009   449957.005   449988.009
   545:   450018.005   450034.009   450069.005   450311.009   450336.005
   550:   450361.009   451243.005   451249.009   452550.001   452585.003
   555:   452808.001   452933.003   453006.001   453076.003   453105.001
   560:   456194.003   456553.001   457066.003   458200.001   458272.003
   565:   458349.001   458555.003   458579.001   459117.003   459217.001
   570:   461258.003   461780.001   462626.003   463308.001   463359.003
   575:   463590.001   463744.005   463759.009   463803.003   463804.005
   580:   463813.009   463820.005   463825.009   463829.005   464089.009
   585:   464469.001   468162.003   468206.001   468528.003   469752.001
   590:   474105.003   475146.001   476323.003   477612.001   477665.003
   595:   477917.001   478048.003   478183.001   478241.003   478312.001
   600:   483293.018   483587.003   483593.016   483643.026   483800.005
   605:   484672.009   484737.005   484745.009   484781.005   484824.009
   610:   487046.001   487108.003   487156.001   487198.003   487327.001
   615:   489943.003   490125.001   490243.003   491541.001   494742.003
   620:   496521.001   496897.003   497114.001   497189.003   497221.001
   625:   497425.003   497503.001   499134.003   507700.001   510136.003
   630:   510302.001   510557.003   512948.001   515598.003   515653.001
   635:   515782.003   517052.001   517098.003   517132.001   517230.003
   640:   517259.001   517638.003   517725.001   517912.003   518610.001
   645:   518641.003   518844.001   522166.003   526330.001   530203.003
   650:   532926.001   536874.003   538389.001   538451.003   538488.001
   655:   542458.003   544174.005   544293.009   544674.001   544783.003
   660:   544820.001   548389.003   548406.001   549251.003   550815.001
   665:   550872.003   550924.001   554553.003   555883.005   556147.009
   670:   556552.001   556688.003   556724.001   560851.003   562021.001
   675:   562150.003   562582.001   562688.003   564197.001   564231.003
   680:   564578.001   565762.003   566706.001   566786.003   566820.001
   685:   566908.003   566941.001   571004.003   571041.001   571256.003
   690:   572235.001   574537.003   574548.001   577086.003   579607.001
   695:   579704.003   579754.001   581882.003   581889.001   582945.003
   700:   582952.001   583835.003   583866.001   584337.003   586950.001
   705:   587046.003   587184.001   590757.003   590807.001   591252.003
   710:   592455.001   595927.003   649783.001   652042.003   674923.005
   715:   675269.009   675301.005   675304.009   675355.005   675363.009
   720:   675421.005   675432.009   675487.005   675522.009   675588.005
   725:   675600.009   675635.005   675638.009   675643.005   675656.009
   730:   675710.005   675717.009   676428.001   679583.003   680066.001
   735:   680664.003   681611.001   683477.003   688704.001   688803.003
   740:   688858.001   692718.003   693299.001   697109.003   703735.005
   745:   703807.009   704648.001   708087.003   709316.001   713993.003
   750:   717048.001   717237.003   717291.001   721737.003   726528.001
   755:   730724.003   734897.001   739671.003   745137.001   745420.003
   760:   745435.001   749472.003   749513.001   749860.003   753816.005
   765:   753832.009   803935.005   803955.009   804042.005   804440.009
   770:   804445.005   804634.009   804713.005   804876.009   805882.001
   775:   809161.003   810223.001   814773.003   816712.001   821693.018
   780:   822426.003   822432.016   822482.026   822551.005   822981.009
   785:   822987.005   823150.009   823151.005   823339.009   823377.005
   790:   823399.009   823549.005   823561.009   823640.005   823659.009
   795:   823686.005   823719.009   823725.005   823762.009   824028.005
   800:   824043.009   825798.001   825818.003   825846.001   828844.003
   805:   829831.001   833542.003   833829.001   833932.003   834145.001
   810:   837996.003   838666.001   842539.003   843168.001   843293.003
   815:   843374.001   843581.003   843733.001   845451.003   846002.001
   820:   846035.003   846053.001   846139.003   846216.001   851183.003
   825:   855361.001   855569.003   855713.001   859518.003   860125.001
   830:   865029.003   869224.001   873737.003   875813.005   875842.009
   835:   876285.001   881266.018   881742.003   881748.016   881798.026
   840:   882004.005   882743.009   884762.001   884951.003   885112.001
   845:   885376.003   885485.001   886697.003   886722.001   890098.003
   850:   891211.001   895759.003   896460.001   896474.003   896521.001
   855:   896600.003   896834.001   896891.003   897066.001   897101.003
   860:   897198.001   902179.018   902314.003   902320.016   902370.026
   865:   902541.005   903018.009   903056.005   903294.009   903297.005
   870:   903373.009   903391.005   903409.009   907003.001   907036.003
   875:   907103.001   910595.003   910626.001   910752.003   911439.001
   880:   915103.003   916796.001   916873.003   916921.001   921454.003
   885:   924918.001   925127.003   925245.001   929815.003   950219.001
   890:   953180.003   953264.001   953607.003   953894.001   953938.003
   895:   953968.001   954010.003   954178.001   957141.003   957209.001
   900:   957406.003   959209.001   964017.003   969815.001   969878.003
   905:   969947.001   974442.003   974794.001   974937.003   979413.001
   910:   979481.003   979555.001   983745.003   983819.001   984222.003
   915:   988117.001   992768.003   993221.001   994009.003   994680.001
   920:   999582.003  1032050.005  1032061.009  1032849.001  1036308.003
   925:  1037481.005  1037657.009  1038125.001  1038232.003  1038308.001
   930:  1043071.003  1044854.001  1045707.003  1047430.001  1047554.003
   935:  1047602.001  1052583.018  1052669.003  1052675.016  1052725.026
   940:  1052991.005  1053381.009  1053394.005  1053462.009  1053494.005
   945:  1053566.009  1053611.005  1053618.009  1055490.001  1055683.003
   950:  1055758.001  1058856.003  1059100.001  1059162.003  1059211.001
   955:  1059261.003  1059382.001  1059754.003  1059918.001  1064047.003
   960:  1065934.001  1070836.003  1114317.005  1114399.009  1114421.005
   965:  1114465.009  1159041.001  1162645.003  1199632.001  1203098.003
   970:  1203145.001  1204010.003  1219456.005  1219463.009  1219467.005
   975:  1219515.009  1219586.005  1219708.009  1220636.001  1225265.003
   980:  1225330.001  1225387.003  1228819.001  1228881.003  1228921.001
   985:  1233529.003  1233683.001  1234304.003  1237519.001  1242500.018
   990:  1242613.003  1242619.016  1242669.026  1242784.005  1243571.009
   995:  1248938.001  1252409.003  1252915.001  1256780.003  1259812.001
  1000:  1264349.003  1266520.001  1270842.003  1272934.005  1273225.009
  1005:  1273672.001  1278455.003  1284617.001  1284665.003  1284706.001
  1010:  1289203.003  1291459.001  1291480.003  1291524.001  1291625.003
  1015:  1291701.001  1296381.003  1314466.001  1317981.003  1317988.001
  1020:  1319000.003  1319762.001  1320128.003  1320486.001  1320600.003
  1025:  1320638.001  1325417.003  1326121.001  1331102.018  1331568.003
  1030:  1331574.016  1331624.026  1331824.005  1332587.009  1332601.005
  1035:  1332609.009  1332769.005  1332783.009  1333003.005  1333011.009
  1040:  1333043.005  1333103.009  1333169.005  1333185.009  1334214.001
  1045:  1334305.003  1334345.001  1338607.003  1339027.001  1343817.003
  1050:  1343825.017  1345080.001  1345249.003  1345985.001  1346084.003
  1055:  1346130.001  1351002.003  1354308.005  1354337.009  1355703.001
  1060:  1355795.003  1355902.001  1360572.003  1361452.005  1361742.009
  1065:  1362994.001  1367817.003  1371765.001  1376765.018  1376956.003
  1070:  1376962.016  1377012.026  1377258.005  1378320.009  1378332.005
  1075:  1378342.009  1378343.005  1378348.009  1378356.005  1378362.009
  1080:  1378372.005  1378378.009  1378396.005  1378401.009  1378419.005
  1085:  1378496.009  1378504.005  1378598.009  1378616.005  1378701.009
  1090:  1379904.001  1379985.003  1380088.001  1382891.003  1382903.001
  1095:  1384618.003  1386541.001  1386583.003  1386602.001  1391602.018
  1100:  1392226.003  1392232.016  1392282.026  1392577.005  1392984.009
  1105:  1392993.005  1393099.009  1393373.005  1393411.009  1395054.001
  1110:  1395245.003  1395812.001  1396238.003  1396352.001  1400971.003
  1115:  1401389.001  1401546.003  1401728.001  1401862.003  1403056.001
  1120:  1407847.003  1409601.001  1412402.003  1412525.001  1412999.003
  1125:  1414265.001  1418007.003  1418659.001  1418854.003  1419494.001
  1130:  1419608.003  1419938.001  1420096.003  1420262.001  1420295.003
  1135:  1420435.001  1420504.003  1420847.001  1420894.003  1421003.001
  1140:  1421118.003  1421154.001  1421198.003  1421231.001  1421786.003
  1145:  1426743.001  1426772.003  1427026.001  1432026.018  1432173.003
  1150:  1432179.016  1432229.026  1432432.005  1433494.009  1433498.005
  1155:  1433504.009  1433523.005  1433532.009  1433686.005  1433798.009
  1160:  1434824.005  1434983.009  1436499.005  1437090.009  1437106.005
  1165:  1437111.009  1437123.005  1437128.009  1437169.005  1437175.009
  1170:  1437180.005  1437191.009  1437212.005  1437290.009  1437344.005
  1175:  1437350.009  1437388.005  1437474.009  1437541.005  1437545.009
  1180:  1437560.005  1438179.009  1438181.005  1438187.009  1438241.005
  1185:  1438349.009  1438362.005  1438401.009  1438437.005  1438442.009
  1190:  1438453.005  1438472.009  1438486.005  1438492.009  1438575.005
  1195:  1438581.009  1438591.005  1438649.009  1438664.005  1438668.009
  1200:  1438677.005  1439096.009  1439103.005  1439592.009  1439621.005
  1205:  1439632.009  1440113.005  1441383.009  1441856.001  1445416.003
  1210:  1446835.001  1451149.003  1452395.005  1453592.009  1453593.005
  1215:  1453598.009  1455082.005  1455304.009  1455493.005  1455565.009
  1220:  1455769.005  1455927.009  1460381.005  1460514.009  1466541.005
  1225:  1466546.009  1466567.005  1466575.009  1466666.005  1466811.009
  1230:  1467419.005  1467424.009  1467437.005  1467505.009  1468611.001
  1235:  1470936.003  1470966.001  1471035.003  1471469.001  1471502.003
  1240:  1471871.001  1472107.003  1473841.005  1474085.009  1474090.005
  1245:  1474096.009  1474113.005  1474126.009  1476234.001  1479907.003
  1250:  1481271.001  1481304.003  1481471.001  1485412.003  1487562.001
  1255:  1492435.003  1493849.001  1494577.003  1494893.001  1495385.005
  1260:  1495482.003  1495724.009  1495726.005  1495732.009  1495758.005
  1265:  1495767.009  1496776.005  1496780.009  1497352.001
B:
     0:        0.000      407.000        0.000      406.000        0.000
     5:      202.000        0.000        0.000        0.000      202.000
    10:        0.000        1.000        0.000        1.000        0.000
    15:        0.000       16.000        2.000       16.000        0.000
    20:        0.000        0.000        0.000        0.000        0.000
    25:        0.000       16.000        0.000        0.000        0.000
    30:        0.000
D:
     0:  1542946.000  1540293.000  1538423.000
E:
     0:     4868.000     5000.000
P:
     0:        0.000       31.000       55.000       72.000     5180.000
     5:       25.000       65.000       13.000       60.000       16.000
    10:       65.000     3037.000      146.000     3892.000       59.000
    15:     4026.000      205.000       48.000       52.000      222.000
    20:       19.000       53.000       76.000     4396.000       46.000
    25:      161.000     4382.000       58.000       23.000       42.000
    30:     4553.000       25.000     4709.000     4642.000      685.000
    35:       73.000      133.000       59.000     5079.000     4039.000
    40:       15.000       86.000      164.000     2188.000      180.000
    45:      368.000      888.000     1979.000     2289.000      145.000
    50:      171.000     1397.000     2140.000     3681.000      211.000
    55:       21.000       19.000     1012.000     2955.000       12.000
    60:     2083.000     2221.000      148.000     1381.000     2967.000
    65:      282.000      240.000      299.000       51.000     5345.000
    70:     4934.000       41.000      120.000     3626.000      512.000
    75:     4414.000     4362.000     4587.000      113.000     4146.000
    80:     5014.000      226.000       79.000     4007.000      256.000
    85:     3728.000      174.000     4973.000     4829.000       99.000
    90:       48.000       44.000     3682.000      998.000       37.000
    95:       75.000     3958.000     4790.000       44.000       43.000
   100:     3905.000       76.000     3595.000       39.000     4589.000
   105:       90.000     3128.000      116.000      468.000     4069.000
   110:       29.000      958.000     1232.000       14.000     4332.000
   115:       97.000     3752.000     4104.000     3669.000      143.000
   120:       48.000       65.000       70.000     1747.000     1331.000
   125:       27.000       41.000      188.000     2363.000      143.000
   130:       72.000       44.000      171.000     4211.000       39.000
   135:     3750.000     3832.000      393.000     3386.000      143.000
   140:       67.000     4180.000      330.000       45.000     4053.000
   145:      173.000     4073.000     4330.000     4185.000      273.000
   150:     2930.000     4221.000       23.000     3846.000      576.000
   155:      170.000     3517.000      631.000       63.000     4404.000
   160:      553.000      383.000       85.000      109.000     4232.000
   165:     3226.000       68.000       78.000     3354.000       48.000
   170:      111.000      522.000     4168.000       37.000      299.000
   175:     3422.000      506.000      134.000      102.000      149.000
   180:     3887.000       94.000      349.000       35.000      125.000
   185:       70.000     3089.000      513.000       72.000      206.000
   190:      538.000     2041.000      846.000       51.000      213.000
   195:     3693.000      322.000     4353.000     1177.000       53.000
   200:      131.000       58.000     5275.000       62.000       42.000
   205:     2616.000      118.000     3201.000      376.000       75.000
   210:      204.000     1631.000     2436.000      255.000     2650.000
   215:      129.000       46.000       98.000      379.000      187.000
   220:       31.000     3322.000     3873.000     3948.000       62.000
   225:     3970.000      109.000     3569.000      845.000       57.000
   230:     3629.000      136.000     4127.000      129.000      106.000
   235:       34.000     1184.000       80.000       88.000     4063.000
   240:      215.000     2302.000     2538.000       97.000     2128.000
   245:     1054.000      881.000      471.000       96.000     3573.000
   250:      445.000     3472.000     2259.000     3155.000      598.000
   255:     1866.000       99.000     3860.000     3810.000     3439.000
   260:     4677.000      189.000     4446.000     4196.000     4774.000
   265:      283.000     4037.000      347.000     3279.000     4550.000
   270:     5714.000       20.000     2998.000     3711.000      103.000
   275:     3851.000     3873.000      125.000      207.000     1718.000
   280:       33.000       86.000     4967.000      208.000     3805.000
   285:     4904.000     4513.000     5457.000      189.000      264.000
   290:     1212.000     3376.000     4548.000       14.000       79.000
   295:       57.000       35.000     5116.000       33.000     3492.000
   300:      126.000     3664.000       77.000     4533.000      209.000
   305:     4570.000     2961.000      343.000       44.000       42.000
   310:     2963.000      197.000     4808.000       63.000     4495.000
   315:      143.000       68.000     4190.000      403.000     4651.000
   320:      788.000     4902.000     3459.000      107.000     4763.000
   325:      853.000      124.000     5067.000      193.000     3098.000
   330:       62.000       50.000      372.000     4129.000     4902.000
   335:     3604.000     3466.000      865.000     4629.000       57.000
   340:       62.000     4608.000      621.000     5094.000     3471.000
   345:     3865.000     4537.000     4322.000     4783.000       48.000
   350:     4497.000       21.000      101.000     4680.000     3515.000
   355:     1010.000      366.000      114.000     4779.000     5447.000
   360:       91.000     4262.000     4790.000      169.000       99.000
   365:     4872.000       92.000     4670.000     4823.000     5191.000
   370:       81.000     2803.000     1715.000       42.000     5624.000
   375:      191.000      426.000     4619.000      157.000      134.000
   380:     4791.000     2801.000      474.000     3742.000      195.000
   385:      114.000      158.000       33.000       69.000       47.000
   390:      115.000       44.000      555.000       29.000     5147.000
   395:     3560.000     4314.000     2325.000       69.000       33.000
   400:      236.000     3673.000       33.000     3941.000     4873.000
   405:      728.000      589.000        0.000
R:
     0:        1.000  4505379.397        0.000
T:
     0:        0.000        0.000        0.000        0.000
W:
     0:        2.000        0.000        0.000
