File: C:\MED-PC IV\Data\Reyes\AW\AW1039.999


Start Date: 08/13/24
End Date: 08/13/24
Subject: 39
Experiment: AW
Group: LINEAR
Box: 1
Start Time: 15:00:44
End Time: 15:50:44
MSN: DRRD_lin
C:       0.000
F:       1.000
G:       0.000
H:       0.000
I:       0.000
J:       0.000
K:    2000.000
L:       0.000
M:       0.000
N:       0.000
O:       0.000
P:       0.000
Q:       0.000
R:       0.000
S:       0.000
U: 1332228.000
V:       0.000
X:       0.000
Y:    3441.000
Z:       0.000
A:
     0:     3089.005     3117.009     3128.005     3222.009     5201.005
     5:     5319.009     5450.005     5718.009     5723.005     5777.009
    10:     8566.005     8761.009    14125.005    14257.009    15000.013
    15:    15000.011    15687.001    15899.003    16134.001    16318.003
    20:    16338.001    16530.003    17113.001    17581.003    17610.001
    25:    17945.003    18000.001    18128.003    18192.001    18343.003
    30:    19244.001    19940.003    20526.005    20640.009    20934.001
    35:    21193.003    21333.001    21876.003    22375.005    23010.009
    40:    23441.001    23771.003    23878.001    24010.003    24291.001
    45:    25035.003    25047.001    25461.003    25714.005    25740.009
    50:    25758.005    25807.009    25813.005    25834.009    26425.001
    55:    26448.003    26526.001    27133.003    27496.001    27526.003
    60:    27599.001    28071.003    28085.001    28440.003    29155.001
    65:    30155.018    30720.003    30726.016    30776.026    30873.005
    70:    31751.009    32577.001    33577.018    33881.003    33887.016
    75:    33937.026    34217.005    35111.009    36097.001    36157.003
    80:    36190.001    36731.003    36797.001    37797.018    37941.003
    85:    37947.016    37997.026    38045.001    38063.003    38184.005
    90:    38782.009    39346.001    39722.003    40196.001    41196.018
    95:    41446.003    41452.016    41493.001    41502.026    41689.003
   100:    41822.005    42363.009    43006.001    43422.003    43498.001
   105:    44353.003    44995.005    45064.009    45662.001    45764.003
   110:    46392.001    46782.003    46855.001    47771.003    47984.001
   115:    48274.003    48299.001    48346.003    48390.001    49076.003
   120:    49113.001    49305.003    49988.001    50518.003    50894.001
   125:    51894.018    52224.003    52230.016    52280.026    52507.005
   130:    53301.009    53991.001    54593.003    54648.001    55220.003
   135:    55265.001    55376.003    55417.001    55630.003    56003.001
   140:    57003.018    57090.003    57096.016    57146.026    57387.005
   145:    57808.009    58411.001    58745.003    58769.001    59226.003
   150:    59311.001    59942.003    60011.001    60211.003    60238.001
   155:    60504.003    60902.001    61335.003    61363.001    61505.003
   160:    61932.005    62135.009    62437.001    62673.003    62862.001
   165:    63668.003    64093.005    64344.009    64741.005    64853.009
   170:    65189.001    66189.018    66710.003    66716.016    66766.026
   175:    66898.005    67585.009    68131.001    69131.018    69255.003
   180:    69261.016    69311.026    69600.005    70333.009    71176.001
   185:    71253.003    71283.001    72038.003    72159.001    73010.003
   190:    73154.001    73245.003    73424.001    73802.003    74492.005
   195:    74871.009    75309.001    75344.003    75443.001    76443.018
   200:    77188.003    77194.016    77244.026    77297.001    77318.003
   205:    77416.005    77990.009    78041.005    78155.009    78583.001
   210:    79460.003    79581.001    79782.003    80473.001    80963.003
   215:    81099.001    81810.003    81844.001    82449.003    82875.001
   220:    82921.003    83274.001    84224.003    84252.001    84373.003
   225:    85125.001    85161.003    85178.001    85743.003    85804.001
   230:    86021.003    86679.005    86862.009    87462.001    88317.003
   235:    88539.001    88896.003    89374.001    90161.003    90321.001
   240:    90425.003    90728.005    90812.009    91720.001    91776.003
   245:    91904.001    92904.018    93239.003    93245.016    93295.026
   250:    93308.001    93531.003    93675.005    94360.009    94820.001
   255:    94883.003    94984.001    95630.003    96603.001    96737.003
   260:    96858.001    97049.003    97094.001    97900.003    98413.001
   265:    98492.003    98553.001    99199.003    99233.001    99545.003
   270:   100112.001   100285.003   100482.001   100592.003   100629.001
   275:   101389.003   101440.001   102440.018   102747.003   102753.016
   280:   102799.001   102803.026   102850.003   103031.005   103645.009
   285:   103737.005   103861.009   104975.001   105067.003   105143.001
   290:   105292.003   105441.001   105467.003   105547.001   105577.003
   295:   106519.001   106537.003   106621.001   106709.003   106815.001
   300:   106883.003   106987.001   107212.003   107972.005   108045.009
   305:   108381.001   108575.003   108679.001   109679.018   110140.003
   310:   110146.016   110196.026   110453.005   110881.009   110912.005
   315:   110958.009   111009.005   111135.009   112272.001   112438.003
   320:   112533.001   112597.003   112678.001   113043.003   113223.001
   325:   113769.003   114368.001   115368.018   115383.003   115389.016
   330:   115439.026   115723.005   116150.009   116707.001   117255.003
   335:   118048.001   119048.018   119082.003   119088.016   119138.026
   340:   119303.005   120208.009   120739.001   120785.003   120838.001
   345:   121728.003   122126.005   122238.009   122551.001   122702.003
   350:   122801.001   123521.003   123541.001   124525.003   124688.001
   355:   125019.003   125145.001   126145.018   126420.003   126426.016
   360:   126476.026   126761.005   127635.009   128391.001   129273.003
   365:   129321.001   129755.003   129786.001   129932.003   130022.001
   370:   130066.003   130084.001   130341.003   131015.001   131575.003
   375:   131625.001   131704.003   132138.001   132351.003   133065.001
   380:   133647.003   133695.001   133793.003   134755.001   135746.003
   385:   136282.005   136324.009   136329.005   136350.009   137209.005
   390:   137383.009   137399.005   137408.009   137820.001   137846.003
   395:   137970.001   138925.003   139107.001   140107.018   140369.003
   400:   140375.016   140425.026   140457.001   140488.003   140671.005
   405:   141145.009   141149.005   141178.009   141213.005   141241.009
   410:   142921.001   143103.003   143147.001   144099.003   144621.001
   415:   145566.003   146067.005   146360.009   146590.005   146908.009
   420:   146938.005   146959.009   146962.005   147078.009   147397.001
   425:   147595.003   147696.001   147941.003   147994.001   148994.018
   430:   149703.003   149709.016   149759.026   150120.005   150572.009
   435:   151703.001   151831.003   151903.001   151981.003   152116.001
   440:   152694.003   152886.001   153402.003   153991.001   154955.003
   445:   155641.001   155919.003   156210.001   157210.018   157221.003
   450:   157227.016   157277.026   157693.005   157708.009   157712.005
   455:   158096.009   160342.005   160441.009   160901.001   160951.003
   460:   161051.001   161150.003   161308.001   161428.003   161435.001
   465:   162159.003   162396.001   162782.003   163218.001   163237.003
   470:   163244.001   164069.003   164397.005   164413.009   164860.001
   475:   164898.003   164998.001   165998.018   166673.003   166679.016
   480:   166729.026   166802.001   167250.003   167564.005   167574.009
   485:   167600.005   168116.009   168663.001   169546.003   170077.001
   490:   171077.018   171093.003   171099.016   171149.026   171334.005
   495:   171949.009   172569.001   172828.003   172876.001   173481.003
   500:   173965.005   174091.009   174298.005   174359.009   175017.001
   505:   175276.003   175680.001   176175.003   177354.001   177424.003
   510:   177440.001   177502.003   177808.001   177911.003   178567.001
   515:   178616.003   178819.001   178839.003   178919.001   179037.003
   520:   179066.001   179112.003   179948.005   180239.009   180733.001
   525:   180777.003   180970.001   181089.003   181729.001   182037.003
   530:   182357.001   182392.003   184083.005   184336.009   184694.001
   535:   184909.003   185698.001   186022.003   186723.001   186852.003
   540:   187443.001   187629.003   187808.001   188223.003   188810.001
   545:   189087.003   189182.001   189477.003   189488.001   189913.003
   550:   189986.001   190260.003   190827.005   190949.009   191344.005
   555:   191387.009   193966.001   194366.003   194649.001   194794.003
   560:   195711.001   196075.003   196224.001   196905.003   197039.001
   565:   197777.003   198524.001   199524.018   200096.003   200102.016
   570:   200122.001   200152.026   200396.003   200838.005   201615.009
   575:   202318.001   202389.003   202420.001   202553.003   202630.001
   580:   203594.003   204294.005   204429.009   204809.001   204861.003
   585:   204879.001   205814.003   206455.001   206744.003   207455.001
   590:   208303.003   208872.005   209016.009   209302.001   209429.003
   595:   209531.001   210294.003   210319.001   210508.003   210696.001
   600:   210906.003   211976.001   212976.018   213036.003   213042.016
   605:   213092.026   213213.001   213362.003   213663.005   214512.009
   610:   214542.005   214570.009   214664.005   214763.009   214792.005
   615:   215072.009   215725.001   216725.018   216997.003   217003.016
   620:   217005.001   217053.026   217167.003   217198.001   217252.003
   625:   217333.005   219222.009   219726.001   220045.003   220365.005
   630:   221004.009   221777.001   221980.003   222034.001   222987.003
   635:   223609.001   224192.003   225030.005   225403.009   226182.001
   640:   226253.003   226289.001   227228.003   228290.001   228627.003
   645:   228665.001   229305.003   229560.001   230192.003   231408.001
   650:   231488.003   231537.001   232007.003   233648.005   233766.009
   655:   237468.001   238468.018   238847.003   238853.016   238903.026
   660:   239199.005   240049.009   240990.001   241262.003   241392.001
   665:   241440.003   241471.001   242471.018   242946.003   242952.016
   670:   243002.026   243265.005   243843.009   244555.001   244649.003
   675:   244691.001   245051.003   245065.001   245423.003   245454.001
   680:   245511.003   245553.001   246309.003   246713.005   246807.009
   685:   247159.005   247274.009   247349.005   247473.009   247874.001
   690:   247938.003   248056.001   248552.003   248564.001   249564.018
   695:   249725.003   249731.016   249781.026   250048.005   250522.009
   700:   250618.005   250644.009   251881.001   251974.003   252007.001
   705:   253007.018   253097.003   253103.016   253153.026   253460.005
   710:   254167.009   254185.005   254199.009   255051.001   255126.003
   715:   255245.001   256102.003   256758.005   256908.009   258121.005
   720:   258180.009   258241.005   259076.009   259242.005   259509.009
   725:   259959.001   260110.003   260156.001   260894.003   260925.001
   730:   261047.003   261111.001   261321.003   261669.001   262370.003
   735:   262417.001   262540.003   262677.001   262698.003   262900.001
   740:   263365.003   263801.001   264760.003   264808.001   264885.003
   745:   264944.001   265549.003   266752.005   266847.009   267233.001
   750:   267316.003   267450.001   268433.003   268514.001   268553.003
   755:   268603.001   269121.003   269392.001   269463.003   270073.001
   760:   271073.018   271731.003   271737.016   271787.026   271794.001
   765:   271838.003   271984.005   272668.009   272734.005   272852.009
   770:   273543.001   274434.003   275026.001   275251.003   275259.001
   775:   275768.003   276034.001   276668.003   277589.005   277694.009
   780:   278116.005   278201.009   278743.001   279743.018   279905.003
   785:   279911.016   279961.026   280244.005   280831.009   281278.001
   790:   282151.003   282884.001   283642.003   284711.001   284743.003
   795:   284917.001   285144.003   285407.001   286407.018   287375.003
   800:   287381.016   287384.001   287431.026   287495.003   287576.005
   805:   288132.009   288208.005   288257.009   288680.001   288732.003
   810:   289551.001   289612.003   289619.001   290554.003   291417.001
   815:   292417.018   292609.003   292615.016   292640.001   292665.026
   820:   292753.003   292840.005   293538.009   294021.001   294155.003
   825:   294208.001   294360.003   294404.001   295094.003   295334.001
   830:   295370.003   296207.001   296401.003   296987.001   297067.003
   835:   297189.001   297302.003   297536.001   298536.018   298739.003
   840:   298745.016   298795.026   298930.005   300696.009   300936.005
   845:   301011.009   301479.001   301684.003   302056.001   302701.003
   850:   302812.001   302931.003   302978.001   303147.003   303369.001
   855:   303492.003   303572.001   304394.003   304994.001   305994.018
   860:   306199.003   306205.016   306247.001   306255.026   306472.003
   865:   306762.005   307610.009   307661.005   307698.009   308483.001
   870:   309417.003   309517.001   309659.003   310197.001   310227.003
   875:   310279.001   310717.003   310732.001   311484.003   311530.001
   880:   311717.003   312681.001   313340.003   313610.001   313653.003
   885:   313885.005   314142.009   314778.005   314872.009   315502.001
   890:   315706.003   315721.001   315809.003   316055.001   317055.018
   895:   317166.003   317172.016   317222.026   317572.005   318044.009
   900:   319106.001   320106.018   320334.003   320340.016   320390.026
   905:   320727.005   321839.009   322342.001   322507.003   322616.001
   910:   323005.003   323620.001   323655.003   323682.001   324249.003
   915:   325474.001   325884.003   325921.001   326482.003   326544.001
   920:   326859.003   327500.005   327905.009   329071.001   329146.003
   925:   329161.001   329864.003   330710.001   331546.003   332406.001
   930:   332926.003   333835.005   333952.009   334483.001   334556.003
   935:   334568.001   334705.003   334731.001   335731.018   335771.003
   940:   335777.016   335827.026   336106.005   336835.009   336930.005
   945:   337077.009   337505.001   338396.003   339526.001   340526.018
   950:   340613.003   340619.016   340669.026   341082.005   341984.009
   955:   342589.001   343108.003   343152.001   343334.003   343362.001
   960:   343631.003   344216.005   344254.009   344261.005   344289.009
   965:   344917.001   345149.003   345202.001   346131.003   346934.001
   970:   347934.018   348470.003   348476.016   348526.026   348705.005
   975:   349173.009   349254.005   349264.009   350429.001   350513.003
   980:   350532.001   351330.003   351334.001   351630.003   351703.001
   985:   351883.003   352164.001   352300.003   352761.005   352929.009
   990:   354682.001   355682.018   356163.003   356169.016   356219.026
   995:   356477.005   357252.009   357882.001   357970.003   358031.001
  1000:   358278.003   358311.001   359311.018   359413.003   359419.016
  1005:   359469.026   359519.001   359546.003   359699.005   360206.009
  1010:   360281.005   360459.009   360573.005   360577.009   361673.005
  1015:   361699.009   361759.005   361967.009   362402.001   362500.003
  1020:   362530.001   363530.018   363914.003   363920.016   363970.026
  1025:   363973.001   364113.003   364403.005   364942.009   365334.005
  1030:   365524.009   366244.001   366319.003   366413.001   366578.003
  1035:   366601.001   367082.003   367181.001   367830.003   368135.001
  1040:   368634.003   368789.001   368845.003   368894.001   369894.018
  1045:   369899.003   369905.016   369938.001   369955.026   370018.003
  1050:   370049.001   370095.003   370168.005   370905.009   371466.001
  1055:   371588.003   371639.001   372626.003   373260.001   373311.003
  1060:   373360.001   374360.018   374489.003   374495.016   374545.026
  1065:   374801.005   375438.009   376668.001   376796.003   376812.001
  1070:   377185.003   377235.001   378235.018   378291.003   378297.016
  1075:   378344.001   378347.026   378383.003   378493.001   378518.003
  1080:   378652.005   379191.009   379232.005   379275.009   380300.001
  1085:   380367.003   380414.001   380994.003   381018.001   381351.003
  1090:   381456.001   381577.003   381728.001   381892.003   381973.001
  1095:   382372.003   383219.001   383409.003   384570.005   384601.009
  1100:   385067.001   385125.003   385230.001   385374.003   385396.001
  1105:   385685.003   385781.001   386751.003   386815.001   387108.003
  1110:   387590.001   387840.003   387885.001   388018.003   388063.001
  1115:   388515.003   388991.001   389991.018   390195.003   390201.016
  1120:   390251.026   390306.001   390332.003   390445.005   391057.009
  1125:   391756.001   391839.003   391861.001   392513.003   392547.001
  1130:   392629.003   392750.001   392791.003   392829.001   393316.003
  1135:   396150.005   396225.009   396810.001   397617.003   397796.001
  1140:   398706.003   399519.001   399577.003   399871.001   400155.003
  1145:   400195.001   401195.018   401279.003   401285.016   401335.026
  1150:   401530.005   402052.009   402662.001   402789.003   402834.001
  1155:   402894.003   402914.001   403276.003   403315.001   403855.003
  1160:   404528.001   404640.003   404842.001   405598.003   406067.001
  1165:   406115.003   406138.001   407138.018   407431.003   407437.016
  1170:   407482.001   407487.026   407669.003   407758.005   408524.009
  1175:   408560.005   408634.009   409088.001   409263.003   409310.001
  1180:   409411.003   409432.001   410432.018   410554.003   410560.016
  1185:   410610.026   410736.001   410752.003   410836.005   412095.009
  1190:   413472.001   413525.003   413618.001   414618.018   414674.003
  1195:   414680.016   414730.026   415001.005   416496.009   416984.001
  1200:   417468.003   417484.001   418036.003   418116.001   418289.003
  1205:   418359.001   418416.003   418757.001   418815.003   418844.001
  1210:   419092.003   419264.001   419636.003   420872.005   420886.009
  1215:   421850.001   422164.003   422186.001   422560.003   422644.001
  1220:   423295.003   423344.001   423505.003   423639.001   423770.003
  1225:   423842.001   424382.003   425170.001   426007.003   427090.001
  1230:   427244.003   427974.001   428974.018   429204.003   429210.016
  1235:   429260.026   429425.005   430401.009   431991.001   432139.003
  1240:   432157.001   433062.003   434126.001   434691.003   434788.001
  1245:   435703.003   436140.001   437087.003   437101.001   437192.003
  1250:   437199.001   437412.003   437803.005   437818.009   437829.005
  1255:   437934.009   438364.005   438387.009   438822.001   438959.003
  1260:   439294.001   439735.003   439783.001   440783.018   441297.003
  1265:   441303.016   441353.026   441487.005   442486.009   443543.001
  1270:   443724.003   443762.001   444239.003   444320.001   444509.003
  1275:   444972.001   445036.003   445053.001   446053.018   446609.003
  1280:   446615.016   446665.026   446734.005   447299.009   447471.005
  1285:   447756.009   448400.001   449400.018   449917.003   449923.016
  1290:   449973.026   450133.001   450170.003   450285.005   451636.009
  1295:   451682.005   451699.009   451755.005   451933.009   452688.001
  1300:   453483.003   453556.001   453630.003   453714.001   453943.003
  1305:   454748.001   454834.003   454895.001   455895.018   456247.003
  1310:   456253.016   456303.026   456322.001   456405.003   456526.005
  1315:   457323.009   457339.005   457462.009   458508.001   458560.003
  1320:   458610.001   459447.003   459501.001   459960.003   460280.001
  1325:   460352.003   460531.001   460555.003   460768.001   461768.018
  1330:   462036.003   462042.016   462092.026   462252.005   463088.009
  1335:   463149.005   463309.009   464795.005   464814.009   465437.001
  1340:   465553.003   465733.001   466680.003   466747.001   467000.003
  1345:   467333.001   467503.003   467692.001   468346.003   468466.001
  1350:   468859.003   469262.001   470262.018   470536.003   470542.016
  1355:   470562.001   470592.026   470696.003   470790.005   472064.009
  1360:   474957.001   475767.003   475976.005   476253.009   476254.005
  1365:   476280.009   476291.005   476304.009   476911.001   477000.003
  1370:   477038.001   478038.018   478105.003   478111.016   478161.026
  1375:   478323.005   478985.009   479892.001   480892.018   481651.003
  1380:   481657.016   481707.026   481949.005   482705.009   484466.001
  1385:   485466.018   485792.003   485798.016   485848.026   485850.017
  1390:   486004.005   486757.009   486769.005   486786.009   488440.001
  1395:   489033.003   489147.001   489170.003   489703.001   489811.003
  1400:   489868.001   489927.003   490099.001   490280.003   490381.001
  1405:   491631.018   491865.003   491871.016   491921.026   492182.005
  1410:   493329.009   494584.001   495799.003   496276.005   496615.009
  1415:   497555.001   498805.018   498958.003   498964.016   499014.026
  1420:   499206.005   500069.009   500954.001   501081.003   501124.001
  1425:   501531.003   503039.001   503548.003   503567.001   504817.018
  1430:   505359.003   505365.016   505384.001   505415.026   505481.003
  1435:   505603.005   506283.009   506421.005   506449.009   507443.001
  1440:   508693.018   508706.003   508712.016   508716.001   508762.026
  1445:   508814.003   509006.005   509617.009   510328.001   510473.003
  1450:   511263.001   511852.003   512167.001   512400.003   512845.001
  1455:   514095.018   514234.003   514240.016   514290.026   514485.005
  1460:   515115.009   515140.005   515327.009   516980.001   517106.003
  1465:   517188.001   518235.003   518672.001   519922.018   520216.003
  1470:   520222.016   520272.026   520414.005   521364.009   522299.001
  1475:   522592.003   523187.001   523562.003   523632.001   524530.003
  1480:   525118.001   525556.003   526115.001   526336.003   526374.001
  1485:   527262.003   527745.005   528038.009   528049.005   528069.009
  1490:   528537.001   528978.003   529055.001   529939.003   530556.001
  1495:   530605.003   530629.001   531634.003   532436.001   533512.003
  1500:   533571.001   533856.003   534306.001   534803.003   534858.001
  1505:   535136.003   535215.001   535498.003   536019.001   536082.003
  1510:   536226.001   536433.003   536536.001   537786.018   538273.003
  1515:   538279.016   538329.026   538472.005   539440.009   540767.001
  1520:   541954.003   542038.001   542064.003   542166.001   542185.003
  1525:   542636.001   542711.003   542738.001   543988.018   544168.003
  1530:   544174.016   544207.001   544224.026   544413.003   544498.005
  1535:   545387.009   546069.001   547319.018   547764.003   547770.016
  1540:   547820.026   548008.005   548975.009   550976.001   551252.003
  1545:   551265.001   551297.003   554183.005   554286.009   554355.005
  1550:   554670.009   555266.001   555382.003   555412.001   555568.003
  1555:   555597.001   556847.018   556868.003   556874.016   556924.026
  1560:   557083.005   557972.009   557985.005   557996.009   558021.005
  1565:   558033.009   558081.005   558102.009   559136.001   559650.003
  1570:   559739.001   559915.003   560462.001   561712.018   561750.003
  1575:   561756.016   561778.001   561806.026   561958.003   562094.005
  1580:   562950.009   565658.001   566581.003   566723.001   567130.003
  1585:   567238.001   567631.003   568106.001   569185.003   569466.001
  1590:   569767.003   569837.001   570305.003   570353.001   570762.003
  1595:   571407.001   572657.018   573244.003   573250.016   573300.026
  1600:   573460.005   574619.009   576047.001   576325.003   576405.001
  1605:   576654.003   576865.001   577024.003   577686.001   577760.003
  1610:   577863.001   577953.003   578071.001   579321.018   579398.003
  1615:   579404.016   579454.026   579455.001   579618.003   579749.005
  1620:   580830.009   580857.005   581006.009   581789.005   581863.009
  1625:   582450.001   582718.003   582857.001   583061.003   583275.001
  1630:   584179.003   584290.001   584328.003   584410.001   584433.003
  1635:   585412.001   585704.003   585743.001   585888.003   585946.001
  1640:   587171.003   587250.001   587272.003   588031.001   588091.003
  1645:   588224.001   589474.018   590190.003   590196.016   590246.026
  1650:   590564.005   591251.009   591734.005   591862.009   604312.005
  1655:   604401.009   610271.005   610431.009   617150.005   617297.009
  1660:   617438.005   617733.009   618226.001   618391.003   618921.001
  1665:   620171.018   620403.003   620409.016   620459.026   620550.005
  1670:   621261.009   621655.001   621705.003   621775.001   623025.018
  1675:   623322.003   623328.016   623378.026   623504.005   624029.009
  1680:   624053.005   624062.009   624630.001   624726.003   624770.001
  1685:   625211.003   625703.001   625830.003   625875.001   626165.003
  1690:   626603.001   627381.003   627406.001   627886.003   628351.001
  1695:   628682.003   628786.001   629522.003   629626.001   629989.003
  1700:   630335.005   630675.009   631886.001   632013.003   632179.001
  1705:   632246.003   632287.001   633524.003   633542.001   633656.003
  1710:   634089.005   634367.009   635557.001   636807.018   637172.003
  1715:   637178.016   637228.026   637331.005   637846.009   638893.001
  1720:   639146.003   639188.001   639546.003   639579.001   639779.003
  1725:   639811.001   639982.003   640056.001   640369.003   640642.001
  1730:   641218.003   641232.001   641741.003   642062.005   642127.009
  1735:   642948.001   643690.003   643735.001   644318.003   644435.001
  1740:   644815.003   645485.001   646735.018   647239.003   647245.016
  1745:   647295.026   647315.001   647383.003   647501.005   648381.009
  1750:   649370.001   650046.003   650173.001   650643.003   650663.001
  1755:   650987.003   652028.001   653204.003   653247.001   653524.003
  1760:   654095.001   655128.003   655182.001   655592.003   655678.001
  1765:   655740.003   655899.001   656054.003   656203.001   657343.003
  1770:   657368.001   657476.003   657700.001   658075.003   658480.001
  1775:   659730.018   659793.003   659799.016   659849.026   660022.005
  1780:   660848.009   660869.005   661022.009   661078.005   661098.009
  1785:   669506.005   669525.009   669538.005   669581.009   669968.001
  1790:   670104.003   670160.001   670675.003   670822.001   671431.003
  1795:   671503.001   671626.003   671780.001   671894.003   671957.001
  1800:   672847.003   673483.001   674593.003   675241.001   676019.003
  1805:   676063.001   676854.003   676874.001   676999.003   677268.001
  1810:   677494.003   677734.005   678226.009   678774.001   680024.018
  1815:   680109.003   680115.016   680165.026   680362.005   681071.009
  1820:   682035.001   682271.003   682302.001   682591.003   682625.001
  1825:   683112.003   683641.001   683698.003   683721.001   684480.003
  1830:   684491.001   684907.003   685313.001   686563.018   687261.003
  1835:   687267.016   687279.001   687316.003   687317.026   687484.005
  1840:   688114.009   688800.001   689464.003   689766.001   690839.003
  1845:   691018.001   691150.003   691183.001   692057.003   692796.001
  1850:   692898.003   693083.001   693637.003   693701.001   694212.003
  1855:   694238.001   694962.003   695826.001   697076.018   697159.003
  1860:   697165.016   697215.026   697245.001   697277.003   697402.005
  1865:   697909.009   697953.005   698103.009   703415.001   703493.003
  1870:   703784.001   703920.003   704881.005   705360.009   710027.005
  1875:   710049.009   710082.005   710111.009   711058.005   711148.009
  1880:   711860.001   712011.003   712056.001   713306.018   713345.003
  1885:   713351.016   713366.001   713401.026   713551.003   713665.005
  1890:   714100.009   714137.005   714277.009   715283.001   715414.003
  1895:   715429.001   716322.003   716387.001   716557.003   716776.001
  1900:   717028.003   717164.001   717283.003   717314.001   718080.003
  1905:   718167.001   718601.003   719388.001   720638.018   720891.003
  1910:   720897.016   720947.026   721206.005   721978.009   744711.001
  1915:   744984.003   746258.005   746289.009   746300.005   746396.009
  1920:   746798.001   746881.003   747275.001   747510.003   747832.001
  1925:   748099.003   748139.001   748427.003   748504.001   748637.003
  1930:   748663.001   748941.003   749217.001   749465.003   749620.001
  1935:   749871.003   750242.001   751183.003   751332.001   751855.003
  1940:   752687.001   753809.003   753906.001   754439.003   755037.001
  1945:   756287.018   756382.003   756388.016   756393.001   756434.003
  1950:   756438.026   756457.001   756552.003   756725.005   757980.009
  1955:   760214.001   760308.003   760434.001   760969.003   760971.001
  1960:   761064.003   761455.001   761611.003   762295.001   763545.018
  1965:   764337.003   764343.016   764393.026   764592.005   765800.009
  1970:   765862.005   765885.009   766952.001   767057.003   767082.001
  1975:   767269.003   767680.001   768826.003   768888.001   769200.003
  1980:   769848.001   770961.003   770996.001   771414.003   771939.005
  1985:   772011.009   772304.001   772946.003   773018.001   773158.003
  1990:   773293.001   774062.003   774154.001   774309.003   774413.001
  1995:   774691.003   775198.001   776448.018   777054.003   777060.016
  2000:   777110.026   777113.001   777260.003   777391.005   778608.009
  2005:   778754.005   778785.009   783082.001   783248.003   783623.001
  2010:   783772.003   783936.001   784903.003   785028.001   786267.003
  2015:   786430.001   786674.003   786713.001   787963.018   788321.003
  2020:   788327.016   788360.001   788377.026   788531.003   788643.005
  2025:   789567.009   789707.005   789754.009   791250.001   792079.003
  2030:   792115.001   792530.003   792545.001   793775.003   794494.001
  2035:   795268.003   795459.001   795663.003   796221.001   796513.003
  2040:   796626.001   797242.003   797757.001   797866.003   797912.001
  2045:   798053.003   798676.005   798876.009   802491.005   802527.009
  2050:   802547.005   802563.009   802598.005   802651.009   803414.001
  2055:   803516.003   803642.001   804892.018   805128.003   805134.016
  2060:   805184.026   805229.001   805530.003   805991.001   807085.003
  2065:   807091.001   807123.003   807136.001   807163.003   807190.001
  2070:   807342.003   807757.001   808134.003   808419.001   808714.003
  2075:   808876.001   810126.018   810752.003   810758.016   810808.026
  2080:   810951.005   813838.009   815319.001   815382.003   815663.001
  2085:   816913.018   817220.003   817226.016   817276.026   817383.005
  2090:   818882.009   820749.001   820856.003   820894.001   821060.003
  2095:   821103.001   821701.003   821741.001   822194.003   823200.001
  2100:   823403.003   823470.001   824720.018   825169.003   825175.016
  2105:   825225.026   825408.005   826396.009   828244.001   828452.003
  2110:   828560.001   829695.003   829938.001   831188.018   831364.003
  2115:   831370.016   831420.026   831594.005   832744.009   834771.001
  2120:   834854.003   834991.001   836241.018   836641.003   836647.016
  2125:   836697.026   837041.005   837918.009   845295.001   845607.003
  2130:   846053.005   846474.009   847857.001   847986.003   848316.001
  2135:   849024.003   849049.001   849311.003   849333.001   849495.003
  2140:   850131.001   850193.003   850253.001   850405.003   850791.001
  2145:   851055.003   851798.001   852080.003   852566.001   852758.003
  2150:   852784.001   852802.003   852856.001   854106.018   854311.003
  2155:   854317.016   854367.026   854553.005   855522.009   862672.001
  2160:   862772.003   862995.001   863252.003   863866.001   864028.003
  2165:   864101.001   865351.018   865585.003   865591.016   865641.026
  2170:   865764.005   866741.009   866764.005   866878.009   869171.001
  2175:   869261.003   869311.001   869613.003   869863.001   870440.003
  2180:   870550.001   871187.003   872035.001   872232.003   872426.001
  2185:   873608.003   873888.001   874088.003   874316.001   875566.018
  2190:   876037.003   876043.016   876051.001   876072.003   876093.026
  2195:   876291.005   877490.009   877586.005   877870.009   879428.001
  2200:   879538.003   879613.001   880112.003   880589.001   881270.003
  2205:   881707.001   881827.003   882896.001   882988.003   883040.001
  2210:   884290.018   884398.003   884404.016   884454.026   884595.005
  2215:   885424.009   899250.005   899552.009   900091.001   901341.018
  2220:   901782.003   901788.016   901838.026   901942.005   902527.009
  2225:   902540.005   902666.009   903164.005   903421.009   905019.001
  2230:   906269.018   906523.003   906529.016   906579.026   906581.017
  2235:   906740.005   907693.009   907745.005   908241.009   908280.005
  2240:   908348.009   908366.005   908384.009   908525.005   908618.009
  2245:   909507.001   909906.003   910328.001   911282.003   911973.001
  2250:   912298.003   912321.001   913525.003   914013.001   914250.003
  2255:   914826.001   915006.003   916267.005   916519.009   916924.001
  2260:   918294.003   919045.001   919423.003   919441.001   920016.003
  2265:   920340.005   920619.009   921527.001   923027.018   923260.003
  2270:   923266.016   923288.001   923313.003   923316.026   923533.005
  2275:   924336.009   924384.005   924646.009   926025.001   927525.018
  2280:   927771.003   927777.016   927827.026   928011.005   929124.009
  2285:   929903.001   930323.003   930958.001   931248.003   931280.001
  2290:   931899.003   931920.001   932525.003   933105.001   933166.003
  2295:   933212.001   933697.003   933964.001   934683.003   934741.001
  2300:   934845.003   934904.001   935387.003   935858.001   937241.003
  2305:   937755.005   937913.009   938411.001   938477.003   938491.001
  2310:   938675.003   938739.001   939958.003   940181.001   940260.003
  2315:   940751.001   941438.003   941513.001   941964.003   941980.001
  2320:   942045.003   942422.001   942501.003   943675.001   945063.003
  2325:   945092.001   946041.003   946557.005   946705.009   947136.001
  2330:   948636.018   949460.003   949466.016   949516.026   949693.005
  2335:   951090.009   952038.001   952189.003   953016.001   954514.003
  2340:   954561.001   954975.003   955684.001   956816.003   956850.001
  2345:   957555.003   957656.005   958425.009   959043.001   959107.003
  2350:   959158.001   959384.003   959428.001   960426.003   960470.001
  2355:   960988.003   961222.001   961464.003   961521.001   962899.003
  2360:   962963.001   962999.003   963008.001   963376.003   963441.001
  2365:   963744.003   964610.001   964819.003   965423.005   965460.009
  2370:   965961.001   967461.018   967882.003   967888.016   967938.026
  2375:   968086.005   969043.009   969044.005   969102.009   969138.005
  2380:   969148.009   991147.001   991807.003   992654.001   992703.003
  2385:   992740.001   993975.003   993984.001   994019.003   994133.001
  2390:   994151.003   994655.005   994884.009   994958.005   995024.009
  2395:   995807.001   997307.018   997416.003   997422.016   997472.026
  2400:   997573.001   997634.003   997754.005   998474.009   999389.001
  2405:   999469.003   999704.001   999812.003   999915.001  1001116.003
  2410:  1001156.001  1001431.003  1001463.001  1001803.003  1002430.001
  2415:  1003909.003  1004904.001  1006404.018  1006514.003  1006520.016
  2420:  1006570.026  1006715.005  1007579.009  1007614.005  1007717.009
  2425:  1008785.001  1010285.018  1010719.003  1010725.016  1010775.026
  2430:  1010937.005  1011654.009  1011663.005  1011976.009  1014732.001
  2435:  1016161.003  1016176.001  1016565.003  1016941.005  1017141.009
  2440:  1017702.001  1017845.003  1018447.001  1018916.003  1018967.001
  2445:  1020292.003  1020492.001  1020562.003  1020579.001  1020657.003
  2450:  1020700.001  1021029.003  1021095.001  1021478.003  1022135.001
  2455:  1023337.003  1023504.001  1024701.003  1025142.001  1025900.003
  2460:  1027146.001  1027212.003  1027348.001  1028325.003  1028384.001
  2465:  1028871.003  1029224.005  1029286.009  1029627.005  1030005.009
  2470:  1031318.001  1031371.003  1032543.001  1032599.003  1032604.001
  2475:  1032667.003  1033049.001  1033094.003  1034736.001  1035910.003
  2480:  1035961.001  1036362.003  1036969.005  1037014.009  1037358.001
  2485:  1038858.018  1039759.003  1039765.016  1039815.026  1039961.005
  2490:  1040824.009  1042202.001  1043488.003  1043557.001  1043899.003
  2495:  1044283.005  1044329.009  1044342.005  1044399.009  1044985.001
  2500:  1046485.018  1046779.003  1046785.016  1046835.026  1047013.005
  2505:  1047972.009  1048332.005  1048353.009  1048413.005  1048446.009
  2510:  1049718.001  1051164.003  1051670.001  1052348.003  1052650.001
  2515:  1054150.018  1054867.003  1054873.016  1054923.026  1055063.005
  2520:  1055659.009  1055704.005  1056296.009  1056351.005  1056515.009
  2525:  1057202.001  1057318.003  1057335.001  1058547.003  1058908.001
  2530:  1060193.003  1061361.001  1061418.003  1061447.001  1062947.018
  2535:  1063009.003  1063015.016  1063065.026  1063285.005  1064082.009
  2540:  1064305.005  1064475.009  1066237.001  1066588.003  1066662.001
  2545:  1067907.003  1068692.001  1070192.018  1070407.003  1070413.016
  2550:  1070463.026  1070659.005  1071297.009  1071369.005  1071592.009
  2555:  1075379.005  1075408.009  1076072.001  1076288.003  1076366.001
  2560:  1077354.003  1077420.001  1077614.003  1078322.001  1079808.003
  2565:  1080101.001  1080157.003  1080166.001  1081666.018  1082255.003
  2570:  1082261.016  1082311.026  1082441.005  1083645.009  1086258.001
  2575:  1087618.003  1088278.001  1088794.003  1088894.001  1089795.003
  2580:  1090354.001  1090424.003  1090448.001  1091948.018  1091976.003
  2585:  1091982.016  1092032.026  1092192.005  1093034.009  1093131.005
  2590:  1093227.009  1093360.005  1093392.009  1107204.005  1107259.009
  2595:  1108941.001  1109105.003  1109187.001  1110147.003  1110195.001
  2600:  1110480.003  1111067.001  1112567.018  1112708.003  1112714.016
  2605:  1112764.026  1112912.005  1113925.009  1113959.005  1114000.009
  2610:  1114023.005  1114072.009  1114106.005  1114228.009  1114243.005
  2615:  1114264.009  1114354.005  1114376.009  1114994.001  1115878.003
  2620:  1115908.001  1116114.003  1116518.001  1117562.003  1118214.001
  2625:  1118588.003  1118795.001  1118877.003  1118937.001  1119515.003
  2630:  1119552.001  1119980.003  1120667.001  1120725.003  1120754.001
  2635:  1121408.003  1121488.001  1122465.003  1122578.001  1122995.003
  2640:  1123588.001  1123663.003  1123676.001  1124909.003  1125304.005
  2645:  1125593.009  1126653.001  1128153.018  1128242.003  1128248.016
  2650:  1128298.026  1128482.005  1128946.009  1128948.005  1128989.009
  2655:  1129020.005  1129348.009  1131168.005  1131182.009  1132001.001
  2660:  1133501.018  1134019.003  1134025.016  1134075.026  1134263.005
  2665:  1134705.009  1134726.005  1135347.009  1135370.005  1135400.009
  2670:  1135474.005  1135524.009  1137061.001  1137538.003  1137648.001
  2675:  1137912.003  1137963.001  1138274.003  1138991.001  1140407.003
  2680:  1141044.001  1142544.018  1142774.003  1142780.016  1142830.026
  2685:  1142834.001  1142988.003  1143007.001  1143059.003  1143102.005
  2690:  1144292.009  1144445.005  1144494.009  1144531.005  1144546.009
  2695:  1144656.005  1144676.009  1145809.001  1146406.003  1146649.001
  2700:  1147413.003  1147464.001  1147959.003  1147980.001  1148298.003
  2705:  1148575.001  1148682.003  1149013.005  1149451.009  1149498.005
  2710:  1149646.009  1150566.001  1151776.003  1151826.001  1152272.003
  2715:  1152866.001  1153630.003  1153706.001  1154529.003  1154638.001
  2720:  1155039.003  1155958.001  1157458.018  1157508.003  1157514.016
  2725:  1157564.026  1157722.005  1158899.009  1158922.005  1159074.009
  2730:  1159087.005  1159133.009  1159297.005  1159428.009  1160014.005
  2735:  1160048.009  1160161.005  1160272.009  1160305.005  1160345.009
  2740:  1161612.001  1162982.003  1163007.001  1163187.003  1163259.001
  2745:  1163414.003  1164024.005  1164085.009  1164551.001  1166051.018
  2750:  1166436.003  1166442.016  1166492.026  1166717.005  1167496.009
  2755:  1167517.005  1167969.009  1167976.005  1167994.009  1169054.001
  2760:  1169594.003  1170007.001  1171056.003  1171084.001  1171328.003
  2765:  1171558.001  1171670.003  1176366.001  1177866.018  1178030.003
  2770:  1178036.016  1178086.026  1178123.001  1178152.003  1178261.005
  2775:  1178825.009  1178949.005  1179049.009  1179071.005  1179174.009
  2780:  1180792.001  1181021.003  1181094.001  1182594.018  1182797.003
  2785:  1182803.016  1182853.026  1183063.005  1183921.009  1184074.005
  2790:  1184091.009  1184195.005  1184203.009  1184232.005  1184252.009
  2795:  1185356.005  1185448.009  1185487.005  1185509.009  1185747.005
  2800:  1185778.009  1186012.005  1186066.009  1187641.001  1189141.018
  2805:  1189187.003  1189193.016  1189210.001  1189243.026  1189431.003
  2810:  1189552.005  1190753.009  1190797.005  1190839.009  1193487.001
  2815:  1194466.003  1194848.001  1196345.003  1196876.001  1197061.003
  2820:  1197380.001  1198446.003  1199011.005  1199183.009  1199721.001
  2825:  1201221.018  1201639.003  1201645.016  1201695.026  1201909.005
  2830:  1202314.009  1202374.005  1202551.009  1202721.005  1203070.009
  2835:  1206241.001  1207741.018  1207841.003  1207847.016  1207897.026
  2840:  1208093.005  1209200.009  1209251.005  1209373.009  1209383.005
  2845:  1209572.009  1209597.005  1209883.009  1209896.005  1210431.009
  2850:  1211167.001  1212589.003  1212632.001  1212747.003  1212790.001
  2855:  1213173.003  1213606.001  1214586.003  1214627.001  1214789.003
  2860:  1214806.001  1215210.003  1215980.005  1216106.009  1216600.001
  2865:  1218100.018  1218374.003  1218380.016  1218430.026  1218589.005
  2870:  1219480.009  1219618.005  1219912.009  1219986.005  1220297.009
  2875:  1220575.005  1220719.009  1222256.001  1223273.003  1223551.001
  2880:  1224495.003  1224600.001  1224815.003  1225124.005  1225839.009
  2885:  1225925.005  1225940.009  1225981.005  1226019.009  1226457.001
  2890:  1227957.018  1228079.003  1228085.016  1228135.026  1228323.005
  2895:  1229037.009  1229074.005  1229153.009  1229166.005  1229382.009
  2900:  1229458.005  1229665.009  1230627.001  1232127.018  1232139.003
  2905:  1232145.016  1232195.026  1232378.005  1233201.009  1233281.005
  2910:  1233316.009  1233408.005  1233595.009  1233619.005  1234097.009
  2915:  1234159.005  1234221.009  1234290.005  1234342.009  1234364.005
  2920:  1234423.009  1235114.005  1235201.009  1235232.005  1235462.009
  2925:  1236689.001  1236758.003  1237191.001  1237295.003  1237355.001
  2930:  1237538.003  1237557.001  1239010.003  1240076.001  1241461.003
  2935:  1241897.001  1242270.003  1242356.001  1243401.003  1243925.001
  2940:  1244216.003  1244458.001  1245915.003  1245930.001  1246115.003
  2945:  1246292.005  1246619.009  1247158.001  1248425.003  1248469.001
  2950:  1248634.003  1248706.001  1248832.003  1249375.001  1250537.003
  2955:  1250547.001  1250588.003  1250602.001  1250708.003  1251071.001
  2960:  1251218.003  1251310.001  1251389.003  1251468.001  1252636.003
  2965:  1252682.001  1252852.003  1252869.001  1253356.003  1253694.005
  2970:  1253991.009  1254538.001  1254760.003  1255117.001  1256617.018
  2975:  1257228.003  1257234.016  1257265.001  1257284.026  1257406.003
  2980:  1257524.005  1258351.009  1258430.005  1258685.009  1258687.005
  2985:  1258749.009  1259137.005  1259209.009  1259767.005  1259865.009
  2990:  1260867.001  1260999.003  1261009.001  1262488.003  1262771.001
  2995:  1262834.003  1263233.001  1264306.003  1265170.001  1266311.003
  3000:  1267184.001  1268684.018  1268798.003  1268804.016  1268854.026
  3005:  1269136.005  1269777.009  1270260.005  1270308.009  1270318.005
  3010:  1270380.009  1271568.005  1271631.009  1272097.001  1272188.003
  3015:  1272218.001  1272351.003  1272409.001  1273909.018  1274050.003
  3020:  1274056.016  1274106.026  1274430.005  1275342.009  1275816.005
  3025:  1276018.009  1276072.005  1276154.009  1276292.005  1276467.009
  3030:  1277995.001  1278200.003  1278216.001  1279369.003  1280329.001
  3035:  1280419.003  1280454.001  1281660.003  1281727.001  1282123.003
  3040:  1282737.001  1283028.003  1284060.001  1285560.018  1285616.003
  3045:  1285622.016  1285672.026  1285967.005  1286435.009  1286464.005
  3050:  1286788.009  1286796.005  1287183.009  1287668.005  1287781.009
  3055:  1287817.005  1287869.009  1287902.005  1287946.009  1288002.005
  3060:  1288011.009  1288819.001  1289764.003  1290971.001  1291138.003
  3065:  1291186.001  1291583.003  1292184.001  1293684.018  1294060.003
  3070:  1294066.016  1294116.026  1294263.005  1296042.009  1296094.005
  3075:  1296270.009  1296430.005  1296462.009  1336523.005  1336565.009
  3080:  1336627.005  1336676.009  1337541.001  1337617.003  1337660.001
  3085:  1337857.003  1338265.001  1339360.003  1339363.001  1339573.003
  3090:  1340556.001  1341887.003  1342363.005  1342570.009  1342661.005
  3095:  1342834.009  1343326.001  1344826.018  1345109.003  1345115.016
  3100:  1345135.001  1345165.026  1345229.003  1345367.005  1346068.009
  3105:  1346311.005  1346534.009  1347915.001  1348915.003  1349283.001
  3110:  1349321.003  1349345.001  1349465.003  1349489.001  1350573.003
  3115:  1351093.001  1351177.003  1351381.001  1351498.003  1351570.001
  3120:  1352897.003  1352966.001  1353112.003  1353136.001  1353391.003
  3125:  1354021.001  1354045.003  1354201.001  1355701.018  1355945.003
  3130:  1355951.016  1356001.026  1356237.005  1356836.009  1356900.005
  3135:  1357194.009  1363781.005  1363840.009  1363980.005  1364063.009
  3140:  1364078.005  1364098.009  1364142.005  1364154.009  1364202.005
  3145:  1364529.009  1365343.001  1365432.003  1365453.001  1365717.003
  3150:  1365751.001  1367233.003  1367815.001  1369059.003  1369126.001
  3155:  1369607.003  1370108.001  1370377.003  1370777.001  1372277.018
  3160:  1372293.003  1372299.016  1372349.026  1372525.005  1373937.009
  3165:  1373966.005  1374146.009  1374196.005  1374324.009  1375351.001
  3170:  1376615.003  1377105.001  1377184.003  1377620.001  1378562.003
  3175:  1378584.001  1378767.003  1378810.001  1379126.003  1379671.005
  3180:  1379849.009  1379886.005  1379904.009  1380374.001  1381874.018
  3185:  1382117.003  1382123.016  1382173.026  1382343.005  1382986.009
  3190:  1383007.005  1383137.009  1383168.005  1383234.009  1383418.005
  3195:  1383467.009  1385329.001  1386829.018  1387017.003  1387023.016
  3200:  1387073.026  1387249.005  1388465.009  1388568.005  1388794.009
  3205:  1388823.005  1389242.009  1389287.005  1389332.009  1389495.005
  3210:  1389569.009  1389701.005  1389746.009  1389782.005  1389846.009
  3215:  1389958.005  1390028.009  1390281.005  1390339.009  1391038.001
  3220:  1391903.003  1391973.001  1392668.003  1392700.001  1393056.003
  3225:  1393573.001  1393786.003  1393813.001  1395309.003  1395431.001
  3230:  1395478.003  1395509.001  1395547.003  1395568.001  1395732.003
  3235:  1396300.001  1397151.003  1397719.001  1398854.003  1398969.001
  3240:  1399084.003  1399273.001  1399835.003  1400281.001  1400327.003
  3245:  1400342.001  1400522.003  1400568.001  1401837.003  1402219.005
  3250:  1402524.009  1402900.001  1404400.018  1404856.003  1404862.016
  3255:  1404912.026  1405097.005  1405983.009  1406032.005  1406193.009
  3260:  1406353.005  1406366.009  1406940.001  1407333.003  1407368.001
  3265:  1408651.003  1408672.001  1408980.003  1409808.001  1410898.003
  3270:  1411584.001  1413084.018  1413185.003  1413191.016  1413241.026
  3275:  1413434.005  1414110.009  1414157.005  1414647.009  1415655.001
  3280:  1417155.018  1417355.003  1417361.016  1417411.026  1417639.005
  3285:  1418522.009  1418620.005  1418707.009  1418724.005  1418804.009
  3290:  1418807.005  1418907.009  1418965.005  1419003.009  1419106.005
  3295:  1419181.009  1419211.005  1419389.009  1420373.001  1420651.003
  3300:  1421001.001  1422501.018  1422709.003  1422715.016  1422765.026
  3305:  1422964.005  1424043.009  1424211.005  1424339.009  1424388.005
  3310:  1424408.009  1424595.005  1424656.009  1424674.005  1424758.009
  3315:  1425017.005  1425060.009  1425956.001  1426082.003  1426168.001
  3320:  1426604.003  1426657.001  1427713.003  1428516.001  1428622.003
  3325:  1428698.001  1430198.018  1430227.003  1430233.016  1430283.026
  3330:  1430447.005  1431320.009  1431521.005  1431576.009  1432520.001
  3335:  1433118.003  1433558.001  1434671.003  1435691.001  1437191.018
  3340:  1437302.003  1437308.016  1437358.026  1437510.005  1438288.009
  3345:  1438333.005  1438388.009  1438922.005  1439039.009  1440329.001
  3350:  1440851.003  1440919.001  1441345.003  1441367.001  1441435.003
  3355:  1441467.001  1441889.003  1442343.005  1442471.009  1442949.001
  3360:  1443066.003  1443366.001  1443474.003  1443515.001  1443990.003
  3365:  1444055.001  1444284.003  1444387.001  1444696.003  1444748.001
  3370:  1444953.003  1444988.001  1445066.003  1445105.001  1445122.003
  3375:  1445160.001  1445181.003  1445874.001  1446907.003  1446917.001
  3380:  1447051.003  1447117.001  1447344.003  1447644.005  1448305.009
  3385:  1448357.005  1448365.009  1450120.001  1450381.003  1450394.001
  3390:  1451154.003  1452035.001  1452141.003  1452187.001  1452301.003
  3395:  1452363.001  1453153.003  1453849.001  1455349.018  1455439.003
  3400:  1455445.016  1455495.026  1455590.005  1456380.009  1456974.005
  3405:  1457014.009  1457149.005  1457170.009  1467122.005  1467219.009
  3410:  1467827.001  1469217.003  1469746.001  1470059.003  1470086.001
  3415:  1470604.003  1470639.001  1470872.003  1471413.001  1472682.003
  3420:  1472974.005  1473804.009  1473860.005  1473883.009  1474483.001
  3425:  1474708.003  1474756.001  1476256.018  1476309.003  1476315.016
  3430:  1476365.026  1476520.005  1477034.009  1477076.005  1477272.009
  3435:  1477462.005  1477668.009  1477696.005  1478017.009  1478140.005
  3440:  1478156.009
B:
     0:        0.000     1038.000        0.000     1038.000        0.000
     5:      463.000        0.000        0.000        0.000      463.000
    10:        0.000        1.000        0.000        1.000        0.000
    15:        0.000      145.000        2.000      145.000        0.000
    20:        0.000        0.000        0.000        0.000        0.000
    25:        0.000      145.000        0.000        0.000        0.000
    30:        0.000
D:
     0:  2808536.000  2806984.000  2808537.000
E:
     0:     1000.000     1500.000
T:
     0:        0.000        0.000        0.000        0.000
W:
     0:        0.000        0.000        0.000
