File: C:\MED-PC IV\Data\Reyes\AW\AW1039.999


Start Date: 08/24/24
End Date: 08/24/24
Subject: 39
Experiment: AW
Group: LINEAR
Box: 1
Start Time: 14:36:58
End Time: 15:26:58
MSN: DRRD_lin
C:       0.000
F:       0.000
G:       0.000
H:       0.000
I:       0.000
J:       0.000
K:   10000.000
L:       0.000
M:       0.000
N:       0.000
O:       0.000
P:       0.000
Q:       0.000
R:       0.000
S:       0.000
U:  129043.000
V:       0.000
X:       0.000
Y:    1557.000
Z:       0.000
A:
     0:     9575.005     9595.009     9606.005     9664.009    15000.013
     5:    15000.011    15701.005    15710.009    15726.005    15770.009
    10:    16037.001    18494.003    18775.001    18815.003    18898.001
    15:    19620.003    19849.001    22014.003    22381.001    22959.003
    20:    23057.001    23198.003    23204.001    27185.003    27394.005
    25:    27771.009    28611.001    33611.018    34643.003    34649.016
    30:    34699.026    34783.005    35491.009    36934.001    41732.003
    35:    42097.001    42171.003    42258.001    42312.003    43635.001
    40:    48635.018    50226.003    50232.016    50282.026    50378.005
    45:    50717.009    51885.001    56885.018    57954.003    57960.016
    50:    58010.026    58096.005    58551.009    58556.005    58577.009
    55:    59974.001    61384.005    61563.009    61893.005    61993.009
    60:    64974.018    66636.003    66642.016    66692.026    66813.005
    65:    67247.009    68453.001    73453.018    74623.003    74629.016
    70:    74679.026    74786.005    75281.009    75320.005    75337.009
    75:    75352.005    75363.009    76347.001    76454.003    76561.001
    80:    81561.018    81789.003    81795.016    81845.026    81999.005
    85:    82689.009    83862.001    88862.018    88946.003    88952.016
    90:    89002.026    89143.005    89774.009    89790.005    89831.009
    95:    89841.005    89918.009    90990.001    91016.003    91078.001
   100:    96078.018    96944.003    96950.016    97000.026    97134.005
   105:    97460.009    97467.005    97505.009    97533.005    97601.009
   110:    98833.001    98961.003    98974.001   103974.018   104716.003
   115:   104722.016   104772.026   104812.001   104924.003   104973.005
   120:   105593.009   106346.001   111346.018   113052.003   113058.016
   125:   113108.026   113230.005   113678.009   114792.001   115087.005
   130:   115901.009   116579.005   116587.009   116597.005   117037.009
   135:   119792.018   120283.003   120289.016   120334.001   120339.026
   140:   120400.003   120909.001   124017.003   125547.001   129053.005
   145:   129068.009   130087.003   130330.001   134772.003   135498.001
   150:   135577.003   135652.001   135937.003   136668.001   141668.018
   155:   142419.003   142425.016   142475.026   142564.005   144481.009
   160:   144500.005   144517.009   145315.001   145952.003   146009.001
   165:   149835.003   150202.001   150278.003   150447.001   151752.005
   170:   151765.009   151874.005   151940.009   151981.005   151990.009
   175:   152003.005   152093.009   152128.005   154831.009   155318.003
   180:   156954.001   157328.005   158148.009   158952.005   159382.009
   185:   161754.005   161954.018   162678.009   162728.005   162776.003
   190:   162782.016   162832.026   162886.009   162941.005   163478.009
   195:   163523.005   163569.009   163657.005   163668.009   163687.005
   200:   163728.009   165314.001   166888.005   166900.009   167268.005
   205:   167720.009   167748.005   167869.009   167886.005   168408.009
   210:   168429.005   168447.009   170314.018   171648.003   171654.016
   215:   171704.026   171745.005   171779.009   171822.005   172321.009
   220:   172331.005   172371.009   172513.005   172611.009   173697.001
   225:   175522.005   175544.009   175567.005   175805.009   175810.005
   230:   175854.009   175862.005   175994.009   176348.005   176400.009
   235:   178697.018   179359.003   179365.016   179415.026   179554.005
   240:   179563.009   179567.005   180045.009   180079.005   180224.009
   245:   181553.001   186381.003   186810.001   188073.003   188349.001
   250:   190437.003   190519.001   190614.003   191680.001   191733.003
   255:   191875.001   191963.003   191987.001   196987.018   197380.003
   260:   197386.016   197436.026   197549.005   197954.009   198075.005
   265:   198287.009   198620.005   198640.009   199443.001   199550.003
   270:   199636.001   204636.018   205958.003   205964.016   206014.026
   275:   206155.005   206581.009   206645.005   206821.009   206831.005
   280:   206872.009   207595.001   207686.003   207781.001   212781.018
   285:   214076.003   214082.016   214132.026   214272.005   215412.009
   290:   215958.001   216140.003   216149.001   221149.018   222107.003
   295:   222113.016   222163.026   222297.005   222701.009   222835.005
   300:   222855.009   224329.001   229329.018   229706.003   229712.016
   305:   229762.026   229887.005   230403.009   230445.005   230689.009
   310:   231754.001   236754.018   237208.003   237214.016   237264.026
   315:   237457.005   237989.009   238013.005   238028.009   238105.005
   320:   238264.009   238297.005   238306.009   238309.005   238316.009
   325:   239070.001   240348.005   240573.009   240968.005   241257.009
   330:   241523.005   241636.009   241670.005   241684.009   241747.005
   335:   241788.009   241799.005   241823.009   242109.005   242259.009
   340:   242274.005   242347.009   242379.005   243013.009   243033.005
   345:   243097.009   243176.005   243958.003   245194.001   245726.009
   350:   245778.005   245864.009   245943.005   246811.009   246830.005
   355:   247177.009   247219.005   250194.018   250384.003   250390.016
   360:   250440.026   250539.009   250576.005   251050.009   251069.005
   365:   251200.009   251241.005   251310.009   252447.001   257387.003
   370:   258015.001   263015.018   263046.003   263052.016   263102.026
   375:   263243.005   263685.009   263720.005   263738.009   263759.005
   380:   263776.009   263798.005   263880.009   264961.001   269961.018
   385:   270779.003   270785.016   270835.026   270967.005   271337.009
   390:   271384.005   271394.009   271560.005   271569.009   272288.001
   395:   277288.018   277587.003   277593.016   277643.026   277722.005
   400:   278207.009   279385.001   284385.018   285654.003   285660.016
   405:   285710.026   285820.005   286259.009   287670.001   289347.005
   410:   289544.009   289606.005   289697.009   291762.005   291791.009
   415:   292670.018   292710.005   292856.003   292862.016   292912.026
   420:   292988.009   293021.005   293722.009   293732.005   293780.009
   425:   293787.005   293795.009   294976.001   299976.018   301106.003
   430:   301112.016   301162.026   301302.005   301758.009   301776.005
   435:   301812.009   303096.001   307602.003   307782.001   312782.018
   440:   313611.003   313617.016   313667.026   313806.005   314225.009
   445:   314374.005   314430.009   315341.001   320341.018   320963.003
   450:   320969.016   321019.026   321148.005   321490.009   321596.005
   455:   322080.009   323028.001   323216.003   323241.001   328241.018
   460:   328795.003   328801.016   328851.026   329037.005   329521.009
   465:   329680.005   329856.009   330932.001   333563.005   333588.009
   470:   335932.018   336840.003   336846.016   336896.026   337044.005
   475:   337571.009   337594.005   337636.009   337689.005   337700.009
   480:   337769.005   337818.009   338778.001   343683.003   343987.001
   485:   348354.003   349451.001   349487.003   349535.001   349578.003
   490:   349717.001   354045.003   354987.001   359851.003   360380.001
   495:   360412.003   360618.001   361245.005   364419.003   364646.009
   500:   364917.001   365104.003   365124.001   369718.003   370194.001
   505:   370219.003   370235.001   374440.003   374957.001   379302.003
   510:   379348.001   379428.003   379887.001   383548.003   384099.001
   515:   385302.005   385635.009   385647.005   385668.009   389099.018
   520:   389275.003   389281.016   389331.026   389431.005   389463.009
   525:   389481.005   390092.009   390166.005   390286.009   391383.001
   530:   396383.018   396888.003   396894.016   396944.026   397089.005
   535:   397500.009   397569.005   397663.009   398844.001   403844.018
   540:   404005.003   404011.016   404061.026   404195.005   404657.009
   545:   404734.005   404811.009   404850.005   404909.009   404917.005
   550:   405223.009   405236.005   405262.009   405989.001   410989.018
   555:   411650.003   411656.016   411706.026   411839.005   413160.009
   560:   413208.005   413246.009   414058.001   418483.003   419031.001
   565:   419058.003   419115.001   420783.005   421000.009   421053.005
   570:   421352.009   421394.005   424115.018   424592.003   424598.016
   575:   424648.026   424716.001   424733.003   424821.009   424865.005
   580:   425637.009   425719.005   425736.009   425834.005   425885.009
   585:   427151.001   432078.003   432318.001   432381.003   432607.001
   590:   436513.003   437468.005   437487.009   437491.005   438022.009
   595:   444826.005   445040.009   449153.001   454153.018   454797.003
   600:   454803.016   454853.026   454938.005   456550.009   456568.005
   605:   456687.009   457404.001   462260.003   462774.001   462794.003
   610:   463042.001   463185.003   463210.001   463274.003   463385.001
   615:   463434.003   463473.001   468473.018   468912.003   468918.016
   620:   468968.026   469112.005   469725.009   469790.005   469831.009
   625:   470006.005   470021.009   470989.001   475989.018   476472.003
   630:   476478.016   476528.026   476651.005   477545.009   477551.005
   635:   477734.009   478706.001   483706.018   484534.003   484540.016
   640:   484590.026   484733.005   485550.009   485626.005   485651.009
   645:   485660.005   485816.009   487326.001   492326.018   493054.003
   650:   493060.016   493110.026   493284.005   494206.009   495446.001
   655:   500446.018   500810.003   500816.016   500866.026   501025.005
   660:   501627.009   502708.001   507708.018   507810.003   507816.016
   665:   507866.026   507992.005   509164.009   509183.005   509224.009
   670:   510381.001   510439.003   510483.001   514934.003   515348.001
   675:   520111.003   521728.001   521752.003   521894.001   526027.003
   680:   526371.001   530644.003   531360.001   536081.003   537033.001
   685:   537069.003   537088.001   542088.018   542599.003   542605.016
   690:   542655.026   542768.005   543640.009   544757.001   549757.018
   695:   549822.003   549828.016   549878.026   549976.005   550709.009
   700:   551881.001   556881.018   556974.003   556980.016   557030.026
   705:   557180.005   557883.009   559230.001   564230.018   564239.003
   710:   564245.016   564295.026   564449.005   565122.009   565123.005
   715:   565208.009   566370.001   571109.003   571619.001   576367.003
   720:   576799.001   576875.003   576907.001   581525.003   582051.001
   725:   586938.003   587481.001   592123.003   592320.005   592342.009
   730:   592722.005   592770.009   592788.005   593180.009   594240.001
   735:   594973.005   595040.009   599240.018   599405.003   599411.016
   740:   599461.026   599600.005   600287.009   601449.001   606089.003
   745:   606700.001   611336.003   611685.001   611781.003   612710.001
   750:   616335.003   616353.001   616529.003   617035.005   617049.009
   755:   617080.005   617105.009   618500.001   622766.003   623153.001
   760:   623263.003   623296.001   624810.005   624877.009   625054.005
   765:   625197.009   627700.003   628392.001   628419.003   628426.001
   770:   632828.003   633321.005   633676.009   634429.001   636364.003
   775:   637050.001   637067.003   648146.005   648344.009   649637.005
   780:   649905.009   650806.001   653983.003   654320.005   654722.009
   785:   655296.001   658286.003   658647.001   658818.003   658841.001
   790:   661888.003   662306.001   662350.003   662393.001   666284.003
   795:   666705.001   667764.005   667792.009   671412.003   671742.001
   800:   671956.003   671988.001   676318.003   676957.001   681183.003
   805:   681687.001   684961.003   685191.005   685420.009   686267.001
   810:   690281.003   690664.001   690797.003   691044.001   691344.003
   815:   691564.001   692062.005   692394.009   692834.005   692844.009
   820:   693269.005   693517.009   695155.003   695452.005   695484.009
   825:   695489.005   695816.009   695857.005   695877.009   695905.005
   830:   695916.009   695934.005   695950.009   696003.005   696017.009
   835:   696796.001   700822.003   701240.005   701264.009   701656.001
   840:   705626.003   705858.001   709508.003   710144.001   710194.003
   845:   710220.001   713036.003   713702.001   717764.003   717866.005
   850:   718042.009   718896.001   722424.003   722663.005   722844.009
   855:   723636.001   726379.003   726727.005   726825.009   727255.001
   860:   731079.003   731361.005   731542.009   731579.005   731802.009
   865:   731828.005   731941.009   732043.005   732165.009   732748.001
   870:   735796.003   736491.001   736557.003   736732.001   739752.003
   875:   740163.001   740283.003   740340.001   744496.003   744809.001
   880:   746735.003   747092.005   747130.009   747683.001   752235.003
   885:   752917.001   756427.003   756657.001   756738.003   756811.005
   890:   756943.009   757728.001   762271.003   762403.005   762781.009
   895:   762829.005   762845.009   763920.001   768348.003   769329.001
   900:   769510.003   769554.001   773984.003   774018.001   774103.003
   905:   775105.001   775191.003   786701.005   786843.009   787434.001
   910:   791750.003   792305.001   797305.018   797407.003   797413.016
   915:   797458.001   797463.026   797481.003   797588.005   798360.009
   920:   799389.001   803727.003   803764.001   803877.003   804181.001
   925:   808935.003   809320.001   812793.003   813314.001   813389.003
   930:   813555.001   813573.003   813657.001   814629.005   814965.009
   935:   817743.003   818312.001   818782.003   819352.001   823868.003
   940:   824148.005   824783.009   824838.005   824860.009   825474.001
   945:   829710.003   830147.001   830276.003   830313.001   832434.005
   950:   832495.009   832555.005   832592.009   832603.005   832789.009
   955:   833370.005   833384.009   833463.005   833797.009   833973.005
   960:   833996.009   834139.003   834423.001   834493.003   834981.001
   965:   839626.003   839989.005   840037.009   840048.005   840457.009
   970:   841247.001   841268.003   841273.001   841754.003   842212.001
   975:   845769.003   846160.005   846558.009   851489.001   851812.003
   980:   852214.005   852252.009   852507.001   852891.003   852910.001
   985:   856526.003   856759.001   856864.003   857074.001   861079.003
   990:   861480.005   861586.009   862100.001   866109.003   866527.001
   995:   866576.003   869960.005   870261.009   871706.001   875931.003
  1000:   876985.001   881083.003   881611.001   886611.018   886728.003
  1005:   886734.016   886784.026   886879.005   888263.009   889030.001
  1010:   893293.003   893649.001   897867.003   898245.001   902042.003
  1015:   902448.005   902511.009   902938.001   902990.003   902996.001
  1020:   903104.003   903142.001   906589.003   906614.001   906749.003
  1025:   909988.005   910125.009   910625.001   910674.003   910863.001
  1030:   915037.003   915182.001   915352.003   915453.001   915768.003
  1035:   915777.001   919630.003   922295.005   922388.009   922760.001
  1040:   925720.003   925783.001   925986.003   926129.005   926206.009
  1045:   926755.001   930399.003   930414.001   930537.003   930740.005
  1050:   931091.009   935362.005   935380.009   935681.001   936352.003
  1055:   936376.001   937434.003   937841.001   939179.003   939258.001
  1060:   939322.003   939408.001   943582.003   944324.001   948649.003
  1065:   949062.005   949292.009   949821.001   952728.003   953260.001
  1070:   956816.003   957163.005   957316.009   963415.005   963571.009
  1075:   964223.001   964319.003   964411.001   968108.003   968499.001
  1080:   972338.003   972685.005   972826.009   973255.001   977247.003
  1085:   977512.001   977891.003   978343.001   982215.003   982973.001
  1090:   986854.003   987627.001   988240.005   988275.009   988336.005
  1095:   988348.009   988352.005   988403.009   991880.003   992431.001
  1100:   992479.003   992493.001   992588.003   992613.001   992633.003
  1105:   992672.001   996518.003   996881.005   996917.009   996927.005
  1110:   997007.009   997558.001  1001578.003  1001975.005  1002141.009
  1115:  1002564.001  1005940.003  1006217.001  1006247.003  1006308.001
  1120:  1009662.003  1010704.001  1010922.003  1014700.005  1015108.009
  1125:  1015848.001  1015912.003  1015945.001  1016012.003  1016112.001
  1130:  1019134.003  1019183.001  1019277.003  1019970.001  1022569.003
  1135:  1022741.001  1025774.003  1025992.001  1026099.003  1026169.005
  1140:  1026296.009  1026801.001  1030803.003  1031079.001  1031152.003
  1145:  1031232.005  1031390.009  1031883.001  1032217.003  1032337.001
  1150:  1032531.003  1032842.005  1033265.009  1034264.001  1034681.003
  1155:  1034976.001  1035565.003  1044556.005  1044745.009  1045137.005
  1160:  1045402.009  1046364.001  1046684.003  1046916.001  1048083.005
  1165:  1049162.009  1049513.003  1049710.005  1049825.009  1049944.001
  1170:  1050073.003  1050088.001  1054296.003  1054559.001  1054651.003
  1175:  1054700.001  1054746.003  1054824.005  1054999.009  1055350.001
  1180:  1055366.003  1055380.001  1058477.003  1058688.001  1058755.003
  1185:  1058861.005  1059066.009  1059408.001  1062943.003  1063141.005
  1190:  1063267.009  1063302.001  1063302.005  1063337.009  1063354.005
  1195:  1063385.003  1063427.009  1064007.001  1066675.003  1066898.001
  1200:  1066927.003  1067119.005  1068189.009  1079477.005  1079674.009
  1205:  1080014.005  1080184.009  1080931.001  1081241.003  1081482.001
  1210:  1081532.003  1081571.001  1085066.003  1085377.001  1088834.003
  1215:  1089088.001  1089276.003  1089313.001  1092318.003  1092584.001
  1220:  1092608.003  1092614.001  1096774.003  1096775.001  1096911.003
  1225:  1097435.001  1097605.003  1097620.001  1100223.003  1100675.005
  1230:  1100908.009  1100924.005  1100964.009  1101011.005  1101019.009
  1235:  1101025.005  1101257.009  1106384.001  1106715.003  1107061.005
  1240:  1107256.009  1107950.001  1107991.003  1108058.001  1108177.003
  1245:  1108269.001  1108390.003  1108563.001  1108627.003  1109283.001
  1250:  1109429.003  1109441.001  1110855.003  1110901.001  1111110.003
  1255:  1111133.001  1113734.003  1113828.001  1114065.003  1114388.001
  1260:  1117868.003  1118025.001  1118132.003  1118232.005  1118436.009
  1265:  1118594.005  1118636.009  1118655.005  1118808.009  1119319.001
  1270:  1119978.003  1120032.001  1122114.003  1122141.001  1122236.003
  1275:  1122624.001  1122696.003  1129193.001  1129399.003  1129436.001
  1280:  1129514.003  1129547.005  1129900.009  1130662.001  1130880.003
  1285:  1156795.001  1157185.003  1157309.005  1157472.009  1157964.005
  1290:  1158387.009  1158915.001  1159214.003  1159221.001  1159347.003
  1295:  1159559.005  1160364.009  1198664.001  1199029.003  1199207.005
  1300:  1199502.009  1205615.001  1206091.003  1206325.001  1206729.003
  1305:  1207331.001  1209494.003  1210091.001  1215047.003  1215257.005
  1310:  1215313.009  1215711.001  1219225.003  1219364.005  1219615.009
  1315:  1220253.001  1220270.003  1220306.001  1223509.003  1223742.001
  1320:  1223905.003  1224084.001  1227400.003  1227617.001  1232155.003
  1325:  1232488.005  1232861.009  1232938.005  1233106.009  1233569.005
  1330:  1233657.009  1233765.005  1233871.009  1234729.001  1238126.003
  1335:  1238244.005  1239374.009  1239932.001  1240082.003  1240246.001
  1340:  1240698.003  1241399.001  1241441.003  1241611.001  1241632.003
  1345:  1241670.001  1244822.003  1245291.001  1249277.003  1249598.005
  1350:  1249937.009  1249988.005  1250004.009  1250032.005  1250079.009
  1355:  1250167.005  1250410.009  1252223.001  1252401.003  1253059.001
  1360:  1253681.003  1253841.001  1253926.003  1253991.001  1254330.003
  1365:  1254661.001  1254712.003  1254959.005  1255096.009  1255397.001
  1370:  1257119.003  1257288.005  1257451.009  1257574.005  1257594.009
  1375:  1257645.005  1257761.009  1257810.005  1258071.009  1267008.005
  1380:  1267080.009  1267194.005  1267410.009  1267947.001  1268140.003
  1385:  1268163.001  1268270.003  1268301.001  1270652.003  1270705.001
  1390:  1270743.003  1271007.001  1271114.003  1271150.001  1273669.003
  1395:  1274562.001  1276936.003  1277229.005  1277520.009  1277634.005
  1400:  1277708.009  1278288.001  1281127.003  1281757.001  1282031.003
  1405:  1282185.001  1284560.003  1284976.005  1284999.009  1285463.001
  1410:  1288141.005  1288279.009  1288430.003  1288758.005  1288911.009
  1415:  1291147.001  1291600.003  1291912.005  1292080.009  1327351.001
  1420:  1327823.003  1328193.005  1328433.009  1328819.001  1328874.003
  1425:  1331254.001  1331785.003  1331993.005  1332170.009  1332263.005
  1430:  1332840.009  1387525.005  1387612.009  1387621.005  1387633.009
  1435:  1387641.005  1387878.009  1388228.005  1388245.009  1390245.005
  1440:  1390586.009  1391460.001  1394150.003  1394511.001  1394643.003
  1445:  1394674.001  1397935.003  1398320.001  1398403.003  1398520.005
  1450:  1398647.009  1399235.001  1401779.003  1402272.005  1402394.009
  1455:  1403212.001  1404664.005  1405731.003  1405798.009  1405925.001
  1460:  1406087.003  1406154.005  1406624.009  1406686.005  1406762.009
  1465:  1406810.005  1407313.009  1407411.005  1407433.009  1407444.005
  1470:  1407454.009  1407465.005  1407489.009  1407508.005  1407722.009
  1475:  1408465.001  1411937.003  1412365.005  1412507.009  1412969.001
  1480:  1415778.003  1416298.001  1419483.003  1419816.005  1420199.009
  1485:  1420246.005  1420268.009  1420292.005  1420348.009  1421373.001
  1490:  1424079.003  1424347.001  1424409.003  1424491.005  1424805.009
  1495:  1424901.005  1424920.009  1425510.001  1426343.003  1430341.001
  1500:  1430694.003  1430865.005  1431001.009  1447204.005  1447277.009
  1505:  1447367.005  1447545.009  1447603.005  1447868.009  1448563.001
  1510:  1448725.003  1448790.001  1448823.003  1448865.001  1450398.003
  1515:  1450611.001  1450646.003  1450890.001  1453470.003  1453689.001
  1520:  1453868.003  1453910.005  1454137.009  1454502.001  1458056.003
  1525:  1458764.001  1461569.003  1461889.001  1465845.003  1466228.005
  1530:  1466344.009  1466742.001  1469982.003  1470480.005  1470521.009
  1535:  1470957.001  1475140.003  1475355.005  1475646.009  1475670.005
  1540:  1475893.009  1476521.001  1476640.003  1495542.005  1495629.009
  1545:  1495765.005  1495862.009  1495882.005  1495894.009  1495900.005
  1550:  1496082.009  1496555.001  1496673.003  1496922.001  1497015.003
  1555:  1497091.001  1498086.003
B:
     0:        0.000      375.000        0.000      375.000        0.000
     5:      326.000        0.000        0.000        0.000      326.000
    10:        0.000        1.000        0.000        1.000        0.000
    15:        0.000       51.000        0.000       51.000        0.000
    20:        0.000        0.000        0.000        0.000        0.000
    25:        0.000       51.000        0.000        0.000        0.000
    30:        0.000
D:
     0:  1627128.000  1626134.000  1627129.000
E:
     0:     5000.000     5000.000
T:
     0:        0.000        0.000        0.000        0.000
W:
     0:        0.000        0.000        0.000
