File: C:\MED-PC IV\Data\Reyes\AW\AW1040.999


Start Date: 08/18/24
End Date: 08/18/24
Subject: 40
Experiment: AW
Group: EXP10
Box: 2
Start Time: 14:55:18
End Time: 15:45:17
MSN: DRRD_exp_10
C:       0.000
F:       0.000
G:       0.000
H:       0.000
I:       0.000
J:       0.000
K:    4926.000
L:       0.000
M:       0.000
N:       0.000
O:       0.000
P:       0.000
Q:       0.000
R:       0.000
S:       0.000
U:  625559.000
V:       0.000
X:       0.000
Y:    1528.000
Z:       0.000
A:
     0:   625293.005     1461.009     1462.005     1498.009     1502.005
     5:     9791.009     9794.005     9866.009     9870.005    15000.013
    10:    15000.011    15803.009    15811.005    16057.009    16059.005
    15:    16985.001    17726.003    17741.001    18862.003    19182.001
    20:    19302.003    19514.001    20901.003    21057.001    21279.003
    25:    21314.001    21600.003    22892.001    22909.003    22949.001
    30:    23202.003    23211.001    23366.003    23396.001    23458.003
    35:    23488.001    25124.003    29964.001    30337.003    31381.001
    40:    32031.003    32041.001    32816.003    32831.001    34366.003
    45:    34978.001    35103.003    42729.009    42736.005    43120.001
    50:    45214.003    46407.001    48546.003    48896.001    48921.003
    55:    49725.001    50025.003    50041.001    52205.003    53180.001
    60:    53455.003    53466.001    55929.018    57061.003    57067.016
    65:    57081.001    57117.026    57996.003    58016.001    58554.003
    70:    62315.001    62397.003    62475.001    62525.003    62558.001
    75:    64114.003    64131.001    64233.003    64303.001    64372.003
    80:    65234.001    65266.003    65314.001    66347.003    66393.001
    85:    67813.003    68228.001    68255.003    68298.001    68341.003
    90:    68391.001    70546.003    71379.001    73842.018    74041.003
    95:    74047.016    74097.026    76650.001    78318.003    80009.001
   100:    80280.003    80302.001    80585.003    80614.001    82324.003
   105:    82347.001    82413.003    82440.001    82629.003    82904.001
   110:    82932.003    82959.001    83041.003    83051.001    85042.003
   115:    86093.001    86343.003    86352.001    88648.003    91976.001
   120:    94062.003    95651.001    97775.003    98792.009    98793.005
   125:   100940.001   100995.003   101033.001   101646.003   101655.001
   130:   103339.003   104214.009   104219.005   104948.009   104971.005
   135:   105050.009   105051.005   105071.009   105076.005   105087.009
   140:   105093.005   105104.009   105111.005   108684.001   108758.003
   145:   108772.001   108833.003   108840.001   110738.003   112028.001
   150:   114358.003   115625.001   115644.003   115674.001   118137.018
   155:   118692.003   118698.016   118748.026   128893.001   130204.003
   160:   130222.001   130238.003   130314.001   130911.003   131296.001
   165:   131389.003   132271.001   132365.003   132419.001   132659.003
   170:   132684.001   134332.003   134390.001   134431.003   135563.001
   175:   138026.018   138249.003   138255.016   138305.026   139110.009
   180:   139113.005   139127.009   139130.005   139362.001   139397.003
   185:   139418.001   140401.003   140447.001   141521.003   143879.001
   190:   143932.003   143968.001   144089.003   144132.001   144178.003
   195:   144201.001   144887.003   144904.001   146775.003   150509.009
   200:   150512.005   150869.001   152984.003   153004.001   153089.003
   205:   155495.001   157958.018   158632.003   158638.016   158688.026
   210:   160264.001   161791.003   161797.001   162624.003   165247.001
   215:   167710.018   167935.003   167941.016   167947.001   167991.026
   220:   168045.003   169717.001   172180.018   172980.003   172986.016
   225:   173036.026   174642.001   174797.003   174818.001   176793.003
   230:   180388.009   180390.005   180452.009   180455.005   181076.001
   235:   181296.003   181376.001   181616.003   181632.001   183759.003
   240:   183809.001   184005.003   196505.009   196510.005   196811.001
   245:   198281.003   202702.001   202835.003   202853.001   205045.003
   250:   207658.001   207766.003   207816.001   210046.003   210970.001
   255:   210988.003   211088.001   211140.003   211191.001   213654.018
   260:   214220.003   214226.016   214276.026   215291.009   215299.005
   265:   215628.001   218091.018   218184.003   218190.016   218240.026
   270:   220333.001   220381.003   220492.001   222955.018   223407.003
   275:   223413.016   223463.026   224113.009   224131.005   226447.001
   280:   226484.003   226522.001   226679.003   226718.001   228169.003
   285:   231689.009   231691.005   234311.009   234315.005   238848.001
   290:   240587.003   240608.001   241073.003   241663.001   242002.003
   295:   243228.001   243407.003   245648.001   247862.003   247893.001
   300:   248055.003   249002.009   249005.005   250578.001   250634.003
   305:   250651.001   250705.003   250722.001   250788.003   250811.001
   310:   253274.018   254816.003   254822.016   254872.026   255868.009
   315:   255871.005   255875.009   255879.005   255897.009   255905.005
   320:   255919.009   255922.005   256514.001   256999.003   257036.001
   325:   259149.003   260628.001   260650.003   260902.001   262809.003
   330:   262879.001   262899.003   265358.001   265419.003   265475.001
   335:   265945.003   265961.001   268424.018   268831.003   268837.016
   340:   268887.026   269738.009   269745.005   270150.001   271197.003
   345:   271225.001   272080.003   272110.001   272142.003   274320.009
   350:   274326.005   277515.009   277516.005   282495.009   282496.005
   355:   282781.001   282991.003   283043.001   285050.003   285197.001
   360:   285358.003   286078.001   286313.003   286359.001   286489.003
   365:   286501.001   288432.003   288444.001   288660.003   292039.001
   370:   292324.003   292336.001   294771.003   298409.001   299514.003
   375:   299526.001   300994.003   301010.001   301336.003   301397.001
   380:   301484.003   303273.001   303328.003   303391.001   305854.018
   385:   306257.003   306263.016   306313.026   307286.001   309749.018
   390:   309950.003   309956.016   309970.001   310006.026   310146.003
   395:   311097.001   313560.018   313991.003   313997.016   314047.026
   400:   317153.009   317160.005   318512.001   320552.003   323039.009
   405:   323042.005   323391.001   323435.003   323462.001   325373.003
   410:   326544.001   326601.003   326645.001   329108.018   329631.003
   415:   329637.016   329687.026   330988.001   331237.003   331252.001
   420:   331554.003   331572.001   333357.003   333378.001   333549.003
   425:   337125.001   337271.003   337321.001   337631.003   337648.001
   430:   338761.003   338774.001   339765.003   342954.001   343038.003
   435:   343085.001   343210.003   343279.001   343334.003   343356.001
   440:   345609.003   346204.001   346545.003   348741.001   348967.003
   445:   348998.001   350032.003   350051.001   351326.003   353964.001
   450:   354015.003   354069.001   354103.003   354126.001   354201.003
   455:   354220.001   356087.003   356101.001   356173.003   356402.001
   460:   356726.003   357988.001   358036.003   358075.001   360180.003
   465:   362779.001   362988.003   363007.001   365338.003   368486.001
   470:   370949.018   371902.003   371908.016   371958.026   373201.001
   475:   375664.018   376092.003   376098.016   376148.026   378610.001
   480:   378803.003   378826.001   380181.003   380194.001   382543.003
   485:   384498.001   384693.003   384737.001   387200.018   387243.003
   490:   387249.016   387299.026   389334.009   389336.005   389818.009
   495:   389828.005   390616.001   390745.003   390803.001   390847.003
   500:   390879.001   393342.018   394468.003   394474.016   394524.026
   505:   396861.001   399324.018   399823.003   399829.016   399879.026
   510:   400516.009   400519.005   401958.001   404087.003   421561.001
   515:   421592.003   424243.009   424249.005   425292.001   425793.003
   520:   427082.001   427546.003   427561.001   428499.003   428537.001
   525:   429562.003   432244.001   434707.018   434923.003   434929.016
   530:   434979.026   436579.001   436613.003   436760.001   436820.003
   535:   436843.001   438721.003   439087.001   439178.003   439195.001
   540:   441293.003   444473.001   444490.003   444764.001   447227.018
   545:   447681.003   447687.016   447737.026   449024.001   449059.003
   550:   449150.001   451613.018   451651.003   451657.016   451707.026
   555:   452998.001   453213.003   453262.001   453719.003   453760.001
   560:   454392.003   456426.001   456536.003   456575.001   456641.003
   565:   456653.001   458645.003   461922.001   462006.003   462041.001
   570:   464442.003   466316.009   466317.005   466736.001   466837.003
   575:   466879.001   469342.018   469634.003   469640.016   469690.026
   580:   471341.009   471342.005   471932.001   472138.003   472186.001
   585:   473586.003   473603.001   474742.003   477426.001   477551.003
   590:   477569.001   477609.003   477651.001   477755.003   477773.001
   595:   480236.018   480945.003   480951.016   481001.026   482685.001
   600:   482748.003   482801.001   483038.003   483076.001   485109.003
   605:   485122.001   485607.003   485829.001   485848.003   487376.001
   610:   489211.003   489350.001   489368.003   492040.001   494503.018
   615:   494702.003   494708.016   494758.026   496132.001   498552.003
   620:   501099.001   501167.003   501220.001   502949.003   503075.001
   625:   503445.003   504362.001   506825.018   507438.003   507444.016
   630:   507494.026   509254.001   509501.003   509535.001   509679.003
   635:   509710.001   510991.003   513678.001   513819.003   513861.001
   640:   513922.003   513945.001   514020.003   514039.001   515403.003
   645:   515415.001   516819.003   519240.001   519289.003   519312.001
   650:   521775.018   521928.003   521934.016   521984.026   524124.001
   655:   524229.003   524288.001   526751.018   527247.003   527253.016
   660:   527303.026   527933.009   527936.005   529318.001   529346.003
   665:   529398.001   529436.003   529479.001   530129.003   530133.001
   670:   531716.003   531804.001   531826.003   534791.001   534867.003
   675:   534890.001   534951.003   534966.001   537429.018   537623.003
   680:   537629.016   537679.026   556312.001   557920.003   564366.009
   685:   564370.005   565006.001   567469.018   567693.003   567699.016
   690:   567749.026   568844.001   569014.003   569060.001   569822.003
   695:   569838.001   571473.003   572459.001   574696.003   574771.001
   700:   576509.003   577316.001   577459.003   578604.001   578697.003
   705:   578750.001   578796.003   578839.001   581302.018   581704.003
   710:   581710.016   581760.026   583287.001   583501.003   583545.001
   715:   586008.018   586805.003   586811.016   586861.026   587864.009
   720:   587866.005   587943.009   587956.005   588467.001   590930.018
   725:   591638.003   591644.016   591694.026   593968.001   595942.003
   730:   596025.001   596045.003   599388.001   599663.003   599703.001
   735:   599778.003   599799.001   601824.003   601849.001   601954.003
   740:   606152.001   606294.003   606310.001   608773.018   610513.003
   745:   610519.016   610569.026   612064.001   612486.003   612559.001
   750:   612652.003   612675.001   615138.018   615599.003   615605.016
   755:   615655.026   617939.001   617977.003   618015.001   618059.003
   760:   618105.001   618460.003   618465.001   620447.003   620497.001
   765:   620755.003   623642.001   623678.003   624166.001   626629.018
   770:   626851.003   626857.016   626907.026   628289.001   628577.003
   775:   628592.001   630637.003   633009.001   633056.003   633098.001
   780:   633157.003   633179.001   635642.018   636205.003   636211.016
   785:   636261.026   638575.001   638610.003   638665.001   640882.003
   790:   644247.001   646710.018   646777.003   646783.016   646833.026
   795:   648512.001   648901.003   648930.001   651393.018   651592.003
   800:   651598.016   651648.026   655627.009   655628.005   658161.001
   805:   658207.003   658236.001   658604.003   658621.001   661084.018
   810:   661826.003   661832.016   661882.026   663573.001   666036.018
   815:   666235.003   666241.016   666242.001   666291.026   666383.003
   820:   669967.001   670025.003   670211.001   670260.003   670293.001
   825:   672756.018   673090.003   673096.016   673146.026   675120.001
   830:   677583.018   677902.003   677908.016   677958.026   679464.001
   835:   681440.003   683539.001   685776.003   686806.001   687014.003
   840:   687053.001   687733.003   687741.001   688359.003   688380.001
   845:   688623.003   688641.001   688763.003   689905.001   690241.003
   850:   691094.001   691134.003   691172.001   693635.018   694118.003
   855:   694124.016   694174.026   696226.001   698330.003   698352.001
   860:   698494.003   700770.001   700950.003   700989.001   703452.018
   865:   703608.003   703614.016   703664.026   705398.001   707833.003
   870:   710436.001   710467.003   710517.001   710628.003   710659.001
   875:   713122.018   713765.003   713771.016   713821.026   715217.001
   880:   717680.018   717910.003   717916.016   717966.026   720151.009
   885:   720160.005   721298.001   721329.003   721382.001   723730.003
   890:   723817.001   723977.003   725626.001   725672.003   725712.001
   895:   728175.018   728290.003   728296.016   728346.026   729392.001
   900:   729420.003   729631.001   729688.003   729771.001   731927.003
   905:   731987.001   732378.003   732729.001   732871.003   733662.001
   910:   733818.003   733869.001   736332.018   737587.003   737593.016
   915:   737643.026   739122.001   741585.018   742098.003   742104.016
   920:   742154.026   743752.001   744290.003   744342.001   744645.003
   925:   744679.001   744726.003   744752.001   747215.018   747703.003
   930:   747709.016   747759.026   749579.001   750139.003   750175.001
   935:   750197.003   750210.001   750446.003   750461.001   752924.018
   940:   753737.003   753743.016   753793.026   755481.001   756499.003
   945:   756559.001   756809.003   756815.001   759280.018   759713.003
   950:   759719.016   759769.026   763634.001   763728.003   763770.001
   955:   766233.018   766810.003   766816.016   766866.026   769438.001
   960:   769494.003   769537.001   772000.018   772456.003   772462.016
   965:   772512.026   773843.009   773846.005   774822.001   775083.003
   970:   775147.001   777610.018   778699.003   778705.016   778755.026
   975:   779535.009   779540.005   780699.001   780987.003   781095.001
   980:   783558.018   783757.003   783763.016   783813.026   786136.001
   985:   788599.018   790330.003   790336.016   790386.026   791845.001
   990:   794308.018   794903.003   794909.016   794959.026   794961.017
   995:   796945.001   797633.003   797672.001   800382.018   801267.003
  1000:   801273.016   801323.026   804436.001   804484.003   804667.001
  1005:   804746.003   804963.001   805002.003   805025.001   807643.003
  1010:   817589.001   817700.003   817756.001   820080.003   822239.001
  1015:   822261.003   822306.001   823851.003   823858.001   824445.003
  1020:   824491.001   824517.003   826573.001   829203.003   873159.001
  1025:   874129.003   875209.001   876541.003   878375.001   881085.018
  1030:   882042.003   882048.016   882098.026   884496.001   884683.003
  1035:   884751.001   887461.018   888542.003   888548.016   888598.026
  1040:   891150.001   891309.003   891344.001   891400.003   891415.001
  1045:   891626.003   891679.001   891726.003   891743.001   894315.003
  1050:   894322.001   895868.003   898699.001   901409.018   901855.003
  1055:   901861.016   901911.026   905921.001   905997.003   906029.001
  1060:   908739.018   909137.003   909143.016   909193.026   915471.001
  1065:   915638.003   915658.001   915774.003   915791.001   918501.018
  1070:   918642.003   918648.016   918698.026   920534.001   923244.018
  1075:   924565.003   924571.016   924621.026   925442.009   925444.005
  1080:   933144.001   933430.003   933471.001   934288.003   934298.001
  1085:   936612.003   955967.001   956313.003   956327.001   959022.003
  1090:   959285.001   959396.003   963353.001   963564.003   963588.001
  1095:   963626.003   963660.001   963722.003   963752.001   966462.018
  1100:   967104.003   967110.016   967160.026   968348.001   968552.003
  1105:   968611.001   971321.018   972008.003   972014.016   972064.026
  1110:   974128.001   974218.003   974664.001   974826.003   974920.001
  1115:   977630.018   978681.003   978687.016   978737.026   981927.001
  1120:   984637.018   985217.003   985223.016   985273.026   988284.001
  1125:   990994.018   992329.003   992335.016   992385.026   992387.017
  1130:   995221.001   998202.018   998645.003   998651.016   998701.026
  1135:   999484.009   999489.005  1000839.001  1000896.003  1000951.001
  1140:  1001446.003  1001482.001  1004052.003  1004097.001  1004483.003
  1145:  1008621.001  1008695.003  1008785.001  1009331.003  1009357.001
  1150:  1012316.003  1016081.001  1016333.003  1016349.001  1019330.018
  1155:  1019589.003  1019595.016  1019645.026  1021031.001  1021124.003
  1160:  1021169.001  1021338.003  1021364.001  1024345.018  1025120.003
  1165:  1025126.016  1025176.026  1026591.001  1026624.003  1027164.001
  1170:  1030145.018  1030473.003  1030479.016  1030529.026  1031995.001
  1175:  1032175.003  1032252.001  1034167.003  1034209.001  1034682.003
  1180:  1038132.001  1040936.003  1044047.001  1046613.003  1049280.001
  1185:  1049331.003  1049372.001  1050390.003  1050401.001  1052502.003
  1190:  1054948.001  1057207.003  1057236.001  1058768.003  1061387.001
  1195:  1061443.003  1061678.001  1064659.018  1065899.003  1065905.016
  1200:  1065955.026  1067731.001  1068186.003  1068242.001  1068422.003
  1205:  1068467.001  1070241.003  1070289.001  1070449.003  1071795.001
  1210:  1071964.003  1071984.001  1072068.003  1072078.001  1072891.003
  1215:  1072913.001  1074214.003  1074222.001  1074685.003  1077810.001
  1220:  1077847.003  1077869.001  1080665.003  1126976.001  1127030.003
  1225:  1127122.001  1127545.003  1127838.001  1127965.003  1128757.001
  1230:  1128936.003  1128980.001  1129485.003  1141323.001  1144304.018
  1235:  1145486.003  1145492.016  1145542.026  1147641.001  1148737.003
  1240:  1148897.001  1151878.018  1153209.003  1153215.016  1153265.026
  1245:  1156740.001  1156889.003  1156946.001  1157117.003  1157190.001
  1250:  1157237.003  1157271.001  1157499.003  1157510.001  1157679.003
  1255:  1157683.001  1157703.003  1157710.001  1159376.003  1159393.001
  1260:  1160941.003  1162180.001  1162561.003  1162593.001  1162695.003
  1265:  1162713.001  1164000.003  1164036.001  1166269.003  1168208.001
  1270:  1168672.003  1168700.001  1171681.018  1173095.003  1173101.016
  1275:  1173151.026  1177667.001  1178444.003  1178491.001  1181472.018
  1280:  1182162.003  1182168.016  1182218.026  1185086.001  1187322.003
  1285:  1187337.001  1187566.003  1187611.001  1188475.003  1193143.001
  1290:  1193563.003  1208724.001  1209799.003  1210870.001  1212964.003
  1295:  1212971.001  1214812.003  1218526.001  1221507.018  1222140.003
  1300:  1222146.016  1222196.026  1227083.009  1227085.005  1231667.001
  1305:  1231703.003  1231756.001  1231883.003  1231939.001  1234648.003
  1310:  1236559.001  1236965.003  1236974.001  1239955.018  1240437.003
  1315:  1240443.016  1240493.026  1245421.001  1245504.003  1245521.001
  1320:  1245572.003  1245611.001  1245823.003  1245852.001  1248545.003
  1325:  1248566.001  1250820.003  1252809.001  1252924.003  1252968.001
  1330:  1253150.003  1253185.001  1255750.003  1255783.001  1256132.003
  1335:  1256261.001  1256331.003  1256369.001  1259350.018  1259703.003
  1340:  1259709.016  1259759.026  1263002.001  1263059.003  1263140.001
  1345:  1263177.003  1263244.001  1263481.003  1263498.001  1266407.003
  1350:  1271294.001  1271340.003  1271379.001  1271731.003  1271755.001
  1355:  1273915.003  1273926.001  1274463.003  1276197.001  1276534.003
  1360:  1276551.001  1279532.018  1279761.003  1279767.016  1279817.026
  1365:  1281898.001  1284879.018  1284914.003  1284920.016  1284970.026
  1370:  1288208.001  1290051.003  1292061.001  1292109.003  1292142.001
  1375:  1295123.018  1296017.003  1296023.016  1296073.026  1298456.001
  1380:  1298575.003  1298611.001  1301592.018  1301721.003  1301727.016
  1385:  1301777.026  1304551.001  1307532.018  1307737.003  1307743.016
  1390:  1307793.026  1309866.001  1309954.003  1310005.001  1312986.018
  1395:  1313802.003  1313808.016  1313858.026  1316425.001  1319336.003
  1400:  1322548.001  1323775.003  1323784.001  1325292.003  1326183.001
  1405:  1329164.018  1329417.003  1329423.016  1329473.026  1330650.009
  1410:  1330654.005  1331568.001  1334318.003  1338625.001  1341606.018
  1415:  1342068.003  1342074.016  1342124.026  1343630.001  1343781.003
  1420:  1343884.001  1346650.003  1349018.001  1349108.003  1349145.001
  1425:  1349261.003  1349286.001  1351222.003  1353546.001  1356527.018
  1430:  1357127.003  1357133.016  1357183.026  1358941.001  1361449.003
  1435:  1361482.001  1361887.003  1363886.001  1363985.003  1364241.001
  1440:  1364291.003  1364348.001  1364377.003  1364433.001  1367193.003
  1445:  1370754.001  1370798.003  1370827.001  1373425.003  1375558.001
  1450:  1375605.003  1375640.001  1378621.018  1379222.003  1379228.016
  1455:  1379278.026  1384481.001  1384539.003  1384578.001  1384687.003
  1460:  1384731.001  1387712.018  1388033.003  1388039.016  1388089.026
  1465:  1389998.001  1390056.003  1390295.001  1392676.003  1392696.001
  1470:  1392772.003  1392785.001  1395462.003  1398905.001  1401886.018
  1475:  1402661.003  1402667.016  1402717.026  1405210.001  1405500.003
  1480:  1405613.001  1405678.003  1405693.001  1408674.018  1408743.003
  1485:  1408749.016  1408799.026  1415219.001  1416517.003  1416544.001
  1490:  1419525.018  1420251.003  1420257.016  1420307.026  1423222.001
  1495:  1426203.018  1428688.003  1428694.016  1428744.026  1458413.001
  1500:  1458543.003  1458697.001  1460438.003  1463147.001  1463891.003
  1505:  1468297.001  1469729.003  1473866.001  1474255.003  1474270.001
  1510:  1476485.003  1480170.001  1481712.003  1483720.001  1484476.003
  1515:  1484491.001  1487472.018  1487934.003  1487940.016  1487990.026
  1520:  1489890.001  1490293.003  1490328.001  1492407.003  1494941.001
  1525:  1495173.003  1495201.001  1497218.003
B:
     0:        0.000      557.000        0.000      557.000        0.000
     5:       54.000        0.000        0.000        0.000       53.000
    10:        0.000        1.000        0.000        1.000        0.000
    15:        0.000      101.000        2.000      101.000        0.000
    20:        0.000        0.000        0.000        0.000        0.000
    25:        0.000      101.000        0.000        0.000        0.000
    30:        0.000
D:
     0:  2122776.000  2120760.000  2122777.000
E:
     0:     2463.000     2980.230
T:
     0:        0.000        0.000        0.000        0.000
W:
     0:        0.000        2.000        0.000
