File: C:\MED-PC IV\Data\Reyes\AW\AW048.999


Start Date: 08/11/24
End Date: 08/11/24
Subject: 48
Experiment: AW
Group: EXP10
Box: 4
Start Time: 15:31:41
End Time: 16:21:41
MSN: DRRD_exp_10
C:       0.000
F:       2.000
G:       0.000
H:       0.000
I:       0.000
J:       0.000
K:     500.000
L:       0.000
M:       0.000
N:       0.000
O:       0.000
P:       0.000
Q:       0.000
R:       0.000
S:       0.000
U:  135903.000
V:       0.000
X:       0.000
Y:    4884.000
Z:       0.000
A:
     0:     5102.005     5810.009     8022.005     8137.009     8162.005
     5:     8171.009     8383.005     8563.009    11735.005    11825.009
    10:    13316.005    13933.009    15000.013    15000.011    15432.005
    15:    15613.009    15745.005    16046.009    16653.005    16657.009
    20:    16673.005    16838.009    17890.001    17957.003    18274.005
    25:    18769.009    18826.005    18985.009    19462.001    19597.003
    30:    19896.005    20285.009    20385.005    20614.009    21065.001
    35:    21236.003    21806.005    21976.009    22405.001    22589.003
    40:    22896.005    23043.009    23355.005    23703.009    23768.005
    45:    23958.009    24346.001    24472.003    25392.005    25495.009
    50:    25871.001    26048.003    26344.005    26492.009    26695.005
    55:    26909.009    27356.001    27412.003    28089.005    28190.009
    60:    29085.001    29165.003    29663.005    29787.009    29964.005
    65:    30182.009    30612.001    30738.003    30797.001    30862.003
    70:    30967.001    30992.003    31968.005    32163.009    32493.001
    75:    32678.003    32713.001    32963.018    32984.003    32990.016
    80:    33040.026    33086.001    33103.003    33223.005    34481.009
    85:    34489.005    34502.009    34614.005    34969.009    36406.005
    90:    36592.009    37345.001    37419.003    37452.001    37497.003
    95:    38000.001    38250.018    38448.003    38454.016    38504.026
   100:    38759.005    40344.009    40644.001    40664.003    40888.005
   105:    41358.009    42332.005    42622.009    42638.005    42754.009
   110:    42951.001    43056.003    44383.005    44735.009    46344.005
   115:    46537.009    46900.001    46951.003    47300.005    47744.009
   120:    48014.001    48149.003    48210.001    48243.003    48610.005
   125:    48805.009    49218.001    49468.018    49821.003    49827.016
   130:    49877.026    50147.005    51529.009    51573.005    51825.009
   135:    52279.001    52412.003    52608.005    53029.009    53225.001
   140:    53329.003    53417.001    53443.003    53691.005    53931.009
   145:    54524.001    54536.003    55207.005    55333.009    55631.001
   150:    55743.003    55856.001    56051.003    56709.001    56939.003
   155:    57601.005    57891.009    57958.005    58011.009    58361.001
   160:    58456.003    59231.001    59481.018    59640.003    59646.016
   165:    59686.001    59696.026    59903.003    60155.005    60874.009
   170:    61333.001    61500.003    61704.005    62171.009    62493.001
   175:    62573.003    62782.005    63012.009    63358.001    63478.003
   180:    63920.005    63965.009    64395.001    64645.018    64918.003
   185:    64924.016    64974.026    65262.005    66117.009    66923.005
   190:    67095.009    68499.005    68669.009    69145.001    69177.003
   195:    69354.001    69423.003    69785.005    70000.009    70052.005
   200:    70065.009    70407.001    70616.003    70638.001    70677.003
   205:    71111.005    71328.009    71520.001    71770.018    71859.003
   210:    71865.016    71915.026    72186.005    73003.009    73038.005
   215:    73055.009    73394.001    73644.018    73864.003    73870.016
   220:    73920.026    74094.005    74821.009    75041.001    75197.003
   225:    75473.005    75939.009    76121.001    76348.003    76616.005
   230:    77022.009    77237.001    77487.018    77583.003    77589.016
   235:    77639.026    77643.001    77712.003    77813.005    78450.009
   240:    78465.005    78494.009    78720.001    78877.003    78916.001
   245:    79166.018    79318.003    79324.016    79374.026    79533.005
   250:    80873.009    80902.005    81608.009    82034.001    82140.003
   255:    82309.005    82566.009    82751.001    82922.003    83419.001
   260:    83669.018    83942.003    83948.016    83998.026    84150.005
   265:    85367.009    85839.001    86089.018    86122.003    86128.016
   270:    86178.026    86449.005    87351.009    87419.005    87437.009
   275:    87600.005    87620.009    87656.005    88602.009    88986.001
   280:    89027.003    89300.005    89460.009    89621.001    89734.003
   285:    89809.001    89895.003    90177.005    90490.009    90546.005
   290:    90695.009    90928.001    91001.003    91197.001    91447.018
   295:    91476.003    91482.016    91532.026    91697.005    93233.009
   300:    93572.001    93704.003    93724.001    93974.018    93983.003
   305:    93989.016    94039.026    94133.005    94813.009    95191.001
   310:    95423.003    95889.005    96560.009    96859.001    96991.003
   315:    97034.001    97140.003    97320.005    97722.009    97968.001
   320:    98125.003    98141.001    98159.003    98429.005    98778.009
   325:    99015.001    99265.018    99801.003    99807.016    99857.026
   330:   101686.001   101853.003   102382.005   103659.009   104719.005
   335:   104953.009   106169.005   106583.009   106667.005   106678.009
   340:   106680.005   106783.009   108299.005   108676.009   109712.001
   345:   109746.003   110228.005   110631.009   111859.005   111979.009
   350:   112359.001   112493.003   112544.001   112588.003   113224.001
   355:   113474.018   113486.003   113492.016   113542.026   113955.005
   360:   114648.009   114713.005   115444.009   115835.001   115892.003
   365:   116287.005   117188.009   117940.005   118033.009   118363.001
   370:   118455.003   118631.001   118684.003   119384.005   119886.009
   375:   120299.001   120400.003   120491.001   120511.003   121193.005
   380:   121467.009   121864.001   122114.018   122163.003   122169.016
   385:   122219.026   122482.005   123250.009   123548.001   123791.003
   390:   124218.001   124468.018   124768.003   124774.016   124824.026
   395:   125191.005   126538.009   126547.005   126558.009   127619.005
   400:   128035.009   128477.001   128486.003   128502.001   128521.003
   405:   128552.001   128802.018   128805.003   128811.016   128861.026
   410:   129191.005   130030.009   130879.005   131041.009   131063.005
   415:   131371.009   131402.005   131424.009   132151.005   132234.009
   420:   132880.001   133130.018   133485.003   133491.016   133541.026
   425:   133942.005   134721.009   135096.001   135263.003   135281.001
   430:   135456.003   135911.005   136573.009   137774.005   138142.009
   435:   138482.001   138531.003   138995.005   139201.009   139499.001
   440:   139684.003   139990.005   140291.009   140343.005   140370.009
   445:   140837.001   141087.018   141211.003   141217.016   141267.026
   450:   141549.005   142219.009   142528.001   142680.003   142925.005
   455:   143685.009   143709.005   144150.009   145301.005   145633.009
   460:   145652.005   145685.009   145914.001   146056.003   146109.001
   465:   146353.003   146737.005   146835.009   146932.005   147156.009
   470:   147405.001   147513.003   148022.005   148181.009   148308.005
   475:   148383.009   148728.001   148783.003   148807.001   149057.018
   480:   149080.003   149086.016   149136.026   149387.005   150101.009
   485:   150384.001   150492.003   150501.001   150648.003   150883.005
   490:   151435.009   152496.001   152565.003   153130.001   153232.003
   495:   153241.001   153382.003   153441.001   153563.003   153907.005
   500:   154118.009   155181.001   155204.003   155235.001   155357.003
   505:   155933.001   156122.003   156153.001   156403.018   156493.003
   510:   156499.016   156548.001   156549.026   156583.003   156820.005
   515:   157525.009   158428.005   158751.009   158777.005   158840.009
   520:   159584.005   159722.009   159809.005   160082.009   161041.005
   525:   161109.009   161466.005   161482.009   163359.005   163842.009
   530:   164260.005   164358.009   164777.001   164867.003   165194.001
   535:   165209.003   165239.001   165326.003   165663.001   165913.018
   540:   166094.003   166100.016   166150.026   166317.005   166326.009
   545:   166338.001   166406.003   166695.005   167507.009   168261.005
   550:   168634.009   168938.001   169158.003   169574.005   169651.009
   555:   170219.001   170469.018   170509.003   170515.016   170565.026
   560:   170860.005   171572.009   172308.005   172735.009   173077.001
   565:   173188.003   173202.001   173326.003   173750.005   174256.009
   570:   174300.005   174387.009   175610.001   175642.003   175658.001
   575:   175908.018   175919.003   175925.016   175975.026   176328.005
   580:   177003.009   177018.005   177082.009   177598.001   177699.003
   585:   177954.005   178507.009   178592.005   178602.009   178617.005
   590:   178745.009   179097.001   179190.003   179405.001   179532.003
   595:   179644.001   179737.003   181032.005   181303.009   181681.001
   600:   181762.003   182036.001   182286.018   182363.003   182369.016
   605:   182419.026   182802.005   183415.009   183707.001   183769.003
   610:   184356.001   184513.003   184930.005   185757.009   186998.001
   615:   187248.018   187390.003   187396.016   187446.026   187990.001
   620:   188097.003   188434.001   188504.003   188919.001   189169.018
   625:   189237.003   189243.016   189293.026   190558.005   191480.009
   630:   192895.005   193104.009   193108.005   193608.009   193643.005
   635:   193891.009   193959.005   193971.009   194002.005   194091.009
   640:   194498.001   194535.003   195575.001   195717.003   196248.005
   645:   196597.009   196874.005   196942.009   197265.001   197391.003
   650:   197488.001   197624.003   198048.005   198054.009   198068.005
   655:   198276.009   198745.001   198995.018   199122.003   199128.016
   660:   199149.001   199178.026   199231.003   199525.005   200295.009
   665:   200302.005   200319.009   200356.005   200361.009   200385.005
   670:   200594.009   201001.001   201022.003   201299.005   201703.009
   675:   201999.005   202341.009   202620.001   202680.003   203119.001
   680:   203369.018   203402.003   203408.016   203458.026   203957.005
   685:   205421.009   205755.001   205812.003   206487.001   206547.003
   690:   206604.001   206630.003   207093.005   207231.009   207292.005
   695:   207605.009   207824.001   207946.003   208908.005   209045.009
   700:   209386.001   209433.003   209617.001   209779.003   210109.001
   705:   210156.003   210796.001   210855.003   211642.005   211949.009
   710:   212857.001   212887.003   214031.001   214197.003   214229.001
   715:   214262.003   214978.001   215193.003   215229.001   215245.003
   720:   215381.001   215502.003   216459.005   216860.009   217617.001
   725:   217735.003   217779.001   218029.018   218269.003   218275.016
   730:   218325.026   219635.005   220558.009   223302.005   223871.009
   735:   224856.005   225024.009   225451.001   225518.003   225691.001
   740:   225802.003   226046.005   226341.009   226950.001   227006.003
   745:   227120.001   227298.003   227646.001   227896.018   228115.003
   750:   228121.016   228171.026   228443.005   229089.009   229345.005
   755:   229986.009   230281.001   230345.003   230712.005   230797.009
   760:   230850.005   230926.009   231351.001   231495.003   231874.005
   765:   231996.009   232093.005   232160.009   232179.005   232203.009
   770:   232205.005   232247.009   232371.005   232396.009   232885.001
   775:   232964.003   233278.005   233624.009   233968.001   234218.018
   780:   234243.003   234249.016   234299.026   234555.005   235442.009
   785:   236527.001   236562.003   237016.005   237399.009   237673.001
   790:   237753.003   238057.001   238177.003   238189.001   238369.003
   795:   239166.005   239518.009   239758.001   239937.003   240043.001
   800:   240246.003   240615.001   240677.003   240693.001   240943.018
   805:   240951.003   240957.016   241007.026   241258.005   242138.009
   810:   242555.001   242582.003   243021.005   243140.009   243272.005
   815:   243455.009   244656.001   244906.018   244990.003   244996.016
   820:   245046.026   245283.005   246256.009   246280.005   246293.009
   825:   246302.005   246336.009   248501.005   248797.009   249308.001
   830:   249509.003   249959.005   250032.009   250325.001   250446.003
   835:   251334.001   251584.018   251594.003   251600.016   251650.026
   840:   251937.005   252536.009   253033.001   253124.003   253955.001
   845:   254116.003   254145.001   254395.018   254421.003   254427.016
   850:   254477.026   254759.005   255363.009   255379.005   255391.009
   855:   255404.005   255592.009   256061.001   256213.003   256599.005
   860:   256930.009   257343.001   257593.018   257660.003   257666.016
   865:   257716.026   258057.005   258921.009   258929.005   259088.009
   870:   259981.001   260024.003   260062.001   260112.003   260173.001
   875:   260210.003   260244.001   260339.003   260355.001   260373.003
   880:   260954.005   261282.009   261686.001   261913.003   262932.001
   885:   263163.003   263571.005   263642.009   263715.005   264046.009
   890:   265104.001   265354.018   265388.003   265394.016   265444.026
   895:   265698.005   266620.009   266994.001   267112.003   267176.001
   900:   267289.003   267310.001   267547.003   267870.005   268248.009
   905:   268266.005   268288.009   268507.001   268590.003   268624.001
   910:   268832.003   269233.005   269566.009   269812.001   269877.003
   915:   269911.001   270067.003   270421.005   270688.009   271346.001
   920:   271596.018   271747.003   271753.016   271803.026   272134.005
   925:   272808.009   273704.001   273795.003   273832.001   274082.018
   930:   274406.003   274412.016   274462.026   274689.005   275436.009
   935:   275442.005   275455.009   276024.001   276274.018   276421.003
   940:   276427.016   276477.026   276795.005   277468.009   278452.005
   945:   278994.009   279272.001   279490.003   280485.001   280572.003
   950:   280617.001   280630.003   282300.005   282545.009   282981.001
   955:   283083.003   284150.001   284400.018   284499.003   284505.016
   960:   284555.026   284792.005   285312.009   285713.001   285963.018
   965:   286019.003   286025.016   286066.001   286075.026   286260.003
   970:   286730.001   286948.003   287748.001   287886.003   287901.001
   975:   288151.018   288175.003   288181.016   288199.001   288231.026
   980:   288247.003   288948.001   289198.018   289270.003   289276.016
   985:   289326.026   289589.005   291744.009   291857.005   291958.009
   990:   293455.005   294350.009   295355.005   295564.009   296000.001
   995:   296054.003   296117.001   296175.003   297308.001   297346.003
  1000:   297378.001   297480.003   297850.005   298158.009   298407.001
  1005:   298657.018   298754.003   298760.016   298810.026   299199.005
  1010:   300262.009   300559.001   300636.003   300695.001   300747.003
  1015:   301013.001   301084.003   301453.005   301772.009   301955.001
  1020:   302099.003   302578.001   302630.003   302658.001   302738.003
  1025:   303178.005   303268.009   303345.005   303610.009   303923.001
  1030:   304002.003   304081.001   304093.003   304142.001   304320.003
  1035:   304671.005   304939.009   305327.001   305361.003   305423.001
  1040:   305632.003   305662.001   305815.003   305983.001   306045.003
  1045:   306397.005   306528.009   307783.005   307811.009   308548.001
  1050:   308639.003   308727.001   308780.003   308824.001   308871.003
  1055:   308931.001   308951.003   309281.001   309407.003   309449.001
  1060:   309699.018   309731.003   309737.016   309787.026   310131.005
  1065:   310295.009   310324.005   310918.009   311428.001   311515.003
  1070:   311873.005   312381.009   312412.005   312477.009   313146.005
  1075:   313282.009   313612.001   313675.003   313694.001   313944.018
  1080:   314271.003   314277.016   314327.026   314412.001   314521.003
  1085:   315471.005   316604.009   316923.001   317058.003   317687.005
  1090:   317803.009   318505.001   318625.003   318716.001   318794.003
  1095:   319670.005   320049.009   320062.005   320086.009   320296.001
  1100:   320546.018   320548.003   320554.016   320584.001   320604.026
  1105:   320641.003   321152.005   322152.009   322676.001   322711.003
  1110:   323830.001   323893.003   324033.001   324159.003   324186.001
  1115:   324272.003   324918.005   325236.009   325628.001   325753.003
  1120:   325948.001   326053.003   326084.001   326135.003   326487.005
  1125:   326803.009   327338.005   327410.009   327977.001   328227.018
  1130:   328429.003   328435.016   328485.026   329511.005   330790.009
  1135:   330867.005   331048.009   333733.005   334122.009   334199.005
  1140:   334311.009   338023.005   338187.009   338575.001   338600.003
  1145:   339314.001   339364.003   340118.005   340119.009   340121.005
  1150:   340499.009   341856.001   341976.003   342743.001   342755.003
  1155:   342793.001   343004.003   343529.001   343779.018   343791.003
  1160:   343797.016   343847.026   344217.001   344455.003   345049.005
  1165:   346007.009   346038.005   346221.009   346752.001   346953.003
  1170:   347772.001   347807.003   347832.001   347972.003   348672.005
  1175:   349178.009   349214.005   349264.009   349567.005   349593.009
  1180:   349980.001   350196.003   350635.005   350960.009   351022.005
  1185:   351044.009   351356.001   351406.003   351692.001   351767.003
  1190:   352332.001   352582.018   352650.003   352656.016   352706.026
  1195:   353034.005   353752.009   353926.005   354183.009   354598.001
  1200:   354643.003   354759.001   354864.003   355255.005   355505.009
  1205:   355788.001   355912.003   356016.001   356047.003   356640.001
  1210:   356693.003   356722.001   356903.003   357618.001   357868.018
  1215:   357890.003   357896.016   357946.026   358153.005   358947.009
  1220:   359233.001   359332.003   359443.001   359567.003   360245.001
  1225:   360495.018   360692.003   360698.016   360748.026   360994.005
  1230:   362073.009   362257.005   362364.009   362968.001   363157.003
  1235:   363522.001   363772.018   363798.003   363804.016   363854.026
  1240:   364200.005   365201.009   365216.005   365281.009   365570.001
  1245:   365654.003   365729.001   365953.003   366753.001   366940.003
  1250:   367016.001   367266.018   367323.003   367329.016   367379.026
  1255:   367589.005   368516.009   368532.005   368570.009   368998.001
  1260:   369248.018   369321.003   369327.016   369345.001   369377.026
  1265:   369474.003   370186.001   370436.018   370496.003   370502.016
  1270:   370552.026   370917.005   373407.009   373574.005   373916.009
  1275:   373947.005   374069.009   374820.001   374886.003   375570.001
  1280:   375787.003   376258.005   376611.009   377004.001   377254.018
  1285:   377342.003   377348.016   377398.026   377720.005   378933.009
  1290:   379610.001   379711.003   379823.001   380073.018   380380.003
  1295:   380386.016   380436.026   380789.005   382004.009   382374.001
  1300:   382490.003   382531.001   382735.003   383048.001   383164.003
  1305:   383204.001   383430.003   383965.001   384027.003   384079.001
  1310:   384329.018   384515.003   384521.016   384571.026   384798.005
  1315:   385845.009   386332.001   386368.003   386547.001   386607.003
  1320:   386902.005   387233.009   388400.005   388608.009   388935.001
  1325:   388955.003   389167.001   389410.003   390292.005   390656.009
  1330:   391305.001   391338.003   392065.001   392172.003   392218.001
  1335:   392468.018   392469.003   392475.016   392525.026   392877.005
  1340:   394049.009   394629.001   394736.003   394832.001   394858.003
  1345:   395555.001   395747.003   396152.005   396302.009   396334.005
  1350:   396657.009   396907.001   396963.003   396988.001   397165.003
  1355:   397483.005   397593.009   397624.005   397911.009   398314.001
  1360:   398367.003   398394.001   398404.003   398453.001   398628.003
  1365:   399094.001   399344.018   399401.003   399407.016   399457.026
  1370:   399737.005   400488.009   400841.001   401091.018   401098.003
  1375:   401104.016   401137.001   401154.026   401255.003   401929.001
  1380:   401988.003   402063.001   402313.018   402399.003   402405.016
  1385:   402455.026   402815.005   402819.009   402828.005   404627.009
  1390:   404936.001   405016.003   405383.001   405470.003   406090.001
  1395:   406324.003   406364.001   406485.003   406502.001   406685.003
  1400:   407190.005   407643.009   407906.001   407980.003   408632.001
  1405:   408718.003   409244.005   409452.009   409556.005   409669.009
  1410:   409923.001   409988.003   410404.001   410465.003   410494.001
  1415:   410727.003   411374.001   411422.003   411452.001   411485.003
  1420:   411539.001   411622.003   411639.001   411784.003   412301.001
  1425:   412485.003   412809.005   413054.009   413430.001   413678.003
  1430:   415390.005   415663.009   416121.001   416371.018   416496.003
  1435:   416502.016   416552.026   416889.005   416896.009   416904.005
  1440:   417753.009   418057.001   418307.018   418350.003   418356.016
  1445:   418362.001   418406.026   418465.003   419058.005   419787.009
  1450:   419790.005   419917.009   420217.001   420333.003   420905.001
  1455:   420975.003   420994.001   421095.003   421481.005   421944.009
  1460:   422181.001   422280.003   422952.001   422990.003   423002.001
  1465:   423110.003   423129.001   423192.003   423629.005   423938.009
  1470:   423970.005   424081.009   424889.001   425139.018   425391.003
  1475:   425397.016   425447.026   425894.005   426451.009   426969.001
  1480:   427032.003   427056.001   427217.003   427236.001   427486.018
  1485:   427541.003   427547.016   427597.026   427938.005   429458.009
  1490:   430054.001   430211.003   430559.005   431034.009   432192.001
  1495:   432284.003   432315.001   432452.003   433132.001   433209.003
  1500:   433245.001   433427.003   433984.001   434078.003   434581.005
  1505:   434887.009   437287.005   437567.009   439751.005   439957.009
  1510:   443531.001   443774.003   444248.005   444487.009   444714.001
  1515:   444964.018   444982.003   444988.016   445038.026   445309.005
  1520:   446149.009   446656.001   446847.003   447166.005   447171.009
  1525:   447181.005   447689.009   448040.001   448251.003   448923.001
  1530:   449080.003   449562.001   449719.003   450129.005   450458.009
  1535:   450763.001   451013.018   451018.003   451024.016   451074.026
  1540:   451078.001   451309.003   451718.005   452361.009   452397.005
  1545:   452500.009   453021.001   453058.003   453763.001   454013.018
  1550:   454262.003   454268.016   454318.026   454425.001   454465.003
  1555:   454711.005   455450.009   455741.001   455991.018   456240.003
  1560:   456246.016   456296.026   456503.005   457406.009   457781.001
  1565:   457949.003   458393.001   458643.018   458838.003   458844.016
  1570:   458894.026   459134.005   460173.009   460783.001   460856.003
  1575:   461201.005   461435.009   461753.001   462003.018   462033.003
  1580:   462039.016   462089.026   462427.005   463160.009   463456.001
  1585:   463638.003   464075.001   464325.018   464497.003   464503.016
  1590:   464553.026   465054.001   465128.003   465153.001   465346.003
  1595:   465770.005   466927.009   467272.001   467522.018   467676.003
  1600:   467682.016   467732.026   467956.005   469606.009   469981.001
  1605:   470197.003   470643.001   470848.003   471311.005   471611.009
  1610:   471621.005   471636.009   471925.001   472099.003   472608.001
  1615:   472858.018   472968.003   472974.016   473024.026   473251.005
  1620:   474096.009   474548.001   474703.003   475067.001   475135.003
  1625:   475172.001   475422.018   475468.003   475474.016   475524.026
  1630:   475836.005   476350.009   476937.001   476983.003   477120.001
  1635:   477292.003   477673.005   478035.009   478337.001   478476.003
  1640:   478680.001   478805.003   479529.005   479840.009   480211.001
  1645:   480380.003   481226.001   481338.003   481719.005   481827.009
  1650:   481838.005   482047.009   482495.001   482527.003   482548.001
  1655:   482697.003   483220.005   483560.009   484038.001   484143.003
  1660:   484165.001   484276.003   484737.005   484898.009   484957.005
  1665:   485303.009   485781.001   485872.003   486076.001   486137.003
  1670:   486274.001   486390.003   487006.001   487256.018   487363.003
  1675:   487369.016   487419.026   487745.005   488727.009   488741.005
  1680:   488914.009   489617.001   489656.003   490391.001   490469.003
  1685:   490505.001   490717.003   491084.001   491145.003   491725.005
  1690:   492011.009   492341.001   492504.003   493524.005   493641.009
  1695:   493923.001   493970.003   494068.001   494093.003   494181.001
  1700:   494339.003   494591.005   494929.009   494933.005   494955.009
  1705:   495401.001   495436.003   496633.005   496836.009   497120.001
  1710:   497226.003   497353.001   497391.003   497533.001   497636.003
  1715:   498443.005   498464.009   498532.005   498749.009   499041.001
  1720:   499129.003   499269.001   499384.003   500003.005   500204.009
  1725:   501012.005   501157.009   501505.001   501583.003   501664.001
  1730:   501883.003   502636.001   502886.018   503073.003   503079.016
  1735:   503129.026   503360.005   504673.009   504684.005   504789.009
  1740:   505246.001   505336.003   505382.001   505569.003   506156.001
  1745:   506232.003   506249.001   506420.003   507316.001   507375.003
  1750:   507422.001   507551.003   508031.005   508476.009   508918.001
  1755:   508976.003   509811.001   510061.018   510097.003   510103.016
  1760:   510153.026   510557.005   511628.009   512076.001   512212.003
  1765:   512651.005   512716.009   512893.005   513522.009   513898.001
  1770:   513962.003   514011.001   514040.003   514072.001   514088.003
  1775:   514521.001   514667.003   515935.005   516486.009   516896.001
  1780:   516961.003   516990.001   517055.003   518114.001   518364.018
  1785:   518520.003   518526.016   518576.026   518850.005   519410.009
  1790:   519413.005   519447.009   519801.001   520051.018   520132.003
  1795:   520138.016   520188.026   520495.005   520989.009   521026.005
  1800:   521110.009   521404.001   521468.003   522626.001   522688.003
  1805:   522735.001   522985.018   523048.003   523054.016   523104.026
  1810:   523415.005   524031.009   525992.001   526234.003   526647.005
  1815:   527078.009   527342.001   527388.003   527489.001   527568.003
  1820:   529165.001   529341.003   529989.005   530522.009   530990.001
  1825:   531111.003   532560.001   532645.003   533119.005   533351.009
  1830:   533758.001   533851.003   533912.001   534162.018   534415.003
  1835:   534421.016   534471.026   534714.005   535544.009   535573.005
  1840:   535894.009   535899.005   535925.009   536919.005   537195.009
  1845:   537434.001   537478.003   537552.001   537633.003   537667.001
  1850:   537699.003   538153.001   538189.003   538209.001   538298.003
  1855:   538327.001   538434.003   538921.005   538929.009   538935.005
  1860:   539194.009   539204.005   539216.009   539241.005   539599.009
  1865:   540047.001   540132.003   540981.001   541215.003   541653.005
  1870:   541865.009   542472.001   542545.003   542619.001   542733.003
  1875:   543106.001   543157.003   543201.001   543254.003   543836.005
  1880:   544022.009   544315.001   544379.003   545120.001   545178.003
  1885:   545261.001   545330.003   545370.001   545512.003   546599.005
  1890:   546867.009   547247.001   547364.003   547401.001   547616.003
  1895:   547999.005   548342.009   549009.001   549033.003   549077.001
  1900:   549194.003   549433.001   549474.003   549844.005   550000.009
  1905:   550426.001   550630.003   550749.001   550999.018   551093.003
  1910:   551099.016   551149.026   551356.005   552657.009   554596.005
  1915:   554703.009   555286.001   555482.003   556130.001   556186.003
  1920:   556240.001   556428.003   556858.005   557179.009   557209.005
  1925:   557317.009   558217.005   558242.009   558247.005   558327.009
  1930:   558664.001   558775.003   558808.001   558958.003   559649.001
  1935:   559899.018   560029.003   560035.016   560085.026   560406.005
  1940:   561359.009   561909.001   561962.003   562947.001   562979.003
  1945:   563529.005   563685.009   564202.001   564262.003   564283.001
  1950:   564467.003   564809.005   565237.009   565454.001   565515.003
  1955:   566077.001   566327.018   566388.003   566394.016   566444.026
  1960:   566661.005   567393.009   567961.001   568018.003   568051.001
  1965:   568167.003   568667.005   568808.009   569731.001   569792.003
  1970:   570194.001   570386.003   571148.001   571398.018   571607.003
  1975:   571613.016   571663.026   571894.005   572751.009   572800.005
  1980:   572917.009   573319.001   573569.018   573635.003   573641.016
  1985:   573691.026   573975.005   575275.009   575382.005   575398.009
  1990:   575446.005   575563.009   575647.005   575804.009   576251.001
  1995:   576418.003   576872.005   576958.009   577459.001   577685.003
  2000:   578300.001   578372.003   578432.001   578476.003   578530.001
  2005:   578780.018   578797.003   578803.016   578853.026   579397.005
  2010:   580308.009   580380.005   580487.009   581509.001   581574.003
  2015:   581628.001   581679.003   581986.001   582236.018   582318.003
  2020:   582324.016   582374.026   583516.001   583608.003   583943.001
  2025:   584016.003   584036.001   584187.003   584640.005   586001.009
  2030:   586517.001   586640.003   586700.001   586937.003   587279.005
  2035:   587710.009   588118.001   588192.003   588256.001   588316.003
  2040:   588911.001   588944.003   589037.001   589048.003   589743.005
  2045:   590014.009   590252.001   590468.003   590942.005   591361.009
  2050:   591884.001   591929.003   591962.001   592062.003   592784.001
  2055:   592869.003   592933.001   593183.018   593315.003   593321.016
  2060:   593371.026   593634.005   594803.009   596476.005   596637.009
  2065:   597272.001   597292.003   597380.001   597494.003   597803.005
  2070:   597945.009   598401.001   598598.003   598965.001   599112.003
  2075:   599160.001   599203.003   599707.001   599940.003   600314.005
  2080:   600680.009   602125.001   602178.003   602415.005   602426.009
  2085:   602431.005   602555.009   604014.001   604264.018   604290.003
  2090:   604296.016   604346.026   604610.005   605280.009   605381.005
  2095:   605605.009   605975.001   606089.003   606494.005   606801.009
  2100:   606864.005   606911.009   606916.005   606929.009   607246.001
  2105:   607301.003   607996.001   608035.003   608068.001   608318.018
  2110:   608343.003   608349.016   608399.026   608624.005   609668.009
  2115:   609815.005   609963.009   610041.005   610252.009   611288.001
  2120:   611400.003   612229.001   612285.003   612389.001   612433.003
  2125:   612471.001   612696.003   612771.001   612792.003   613436.001
  2130:   613590.003   613958.005   614290.009   615322.001   615553.003
  2135:   616332.001   616582.018   616683.003   616689.016   616730.001
  2140:   616739.026   616748.003   617004.001   617076.003   617578.005
  2145:   618225.009   618779.001   619029.018   619040.003   619046.016
  2150:   619096.026   619445.005   620293.009   621031.001   621184.003
  2155:   622006.001   622123.003   622371.001   622401.003   622984.005
  2160:   623517.009   623807.001   624057.018   624210.003   624216.016
  2165:   624266.026   624567.005   625221.009   625233.005   625244.009
  2170:   625766.001   626016.018   626034.003   626040.016   626090.026
  2175:   626177.001   626203.003   626516.005   627198.009   627598.001
  2180:   627848.018   627862.003   627868.016   627918.026   628184.001
  2185:   628361.003   628702.001   628949.003   629037.001   629077.003
  2190:   629664.005   630324.009   631147.001   631234.003   632256.001
  2195:   632295.003   632374.001   632538.003   633258.001   633451.003
  2200:   633521.001   633598.003   634128.005   634145.009   634147.005
  2205:   634644.009   635098.001   635217.003   635765.001   635840.003
  2210:   635881.001   636131.018   636159.003   636165.016   636215.026
  2215:   636536.005   637205.009   640502.005   640700.009   641332.001
  2220:   641353.003   641391.001   641447.003   642047.001   642297.018
  2225:   642314.003   642320.016   642370.026   642753.001   642962.003
  2230:   643426.005   644061.009   644510.001   644714.003   645384.001
  2235:   645480.003   645526.001   645776.018   645931.003   645937.016
  2240:   645987.026   646297.005   647575.009   647623.005   647841.009
  2245:   648312.001   648471.003   648793.005   648934.009   649270.001
  2250:   649520.018   649713.003   649719.016   649769.026   649960.005
  2255:   650668.009   650703.005   650720.009   651393.001   651511.003
  2260:   652124.005   652492.009   652531.005   652712.009   653025.001
  2265:   653098.003   653599.001   653778.003   654539.001   654789.018
  2270:   654808.003   654814.016   654864.026   655068.005   655768.009
  2275:   656154.001   656261.003   656989.005   657239.009   657460.001
  2280:   657710.018   657874.003   657880.016   657930.026   658223.005
  2285:   659436.009   659478.005   659490.009   659937.001   660187.018
  2290:   660355.003   660361.016   660411.026   660615.005   661418.009
  2295:   661926.001   662143.003   662721.001   662899.003   663661.005
  2300:   664140.009   664565.001   664728.003   665232.005   665439.009
  2305:   665763.001   666013.018   666034.003   666040.016   666090.026
  2310:   666641.005   666669.009   666713.005   668071.009   668422.001
  2315:   668671.003   669217.001   669316.003   669579.001   669815.003
  2320:   670299.005   670876.009   670883.005   670910.009   671356.001
  2325:   671606.018   671748.003   671754.016   671804.026   671986.005
  2330:   671996.009   672030.005   672538.009   672759.005   673008.009
  2335:   673469.001   673608.003   673824.001   673886.003   673912.001
  2340:   674162.018   674228.003   674234.016   674284.026   674497.005
  2345:   675078.009   675102.005   675144.009   675511.001   675761.018
  2350:   675992.003   675998.016   676048.026   676290.005   676891.009
  2355:   676896.005   676954.009   677446.001   677696.018   677715.003
  2360:   677721.016   677771.026   677773.017   678127.005   679197.009
  2365:   679758.001   679894.003   680071.001   680306.003   680749.001
  2370:   681024.018   681164.003   681170.016   681220.026   681556.005
  2375:   682472.009   682519.005   682600.009   683068.001   683217.003
  2380:   683279.001   683554.018   683591.003   683597.016   683647.026
  2385:   683890.005   684904.009   685395.001   685505.003   685647.001
  2390:   685922.018   685983.003   685989.016   686039.026   686260.005
  2395:   687131.009   687459.001   687619.003   688092.001   688367.018
  2400:   688495.003   688501.016   688551.026   689035.005   689858.009
  2405:   690435.001   690454.003   690511.001   690627.003   690729.001
  2410:   691004.018   691058.003   691064.016   691114.026   691634.001
  2415:   691909.018   691942.003   691948.016   691998.026   692405.001
  2420:   692676.003   693486.005   693522.009   693538.005   694306.009
  2425:   694854.001   695129.018   695203.003   695209.016   695239.001
  2430:   695259.026   695493.003   695889.005   696676.009   696699.005
  2435:   696736.009   696764.005   697351.009   697773.001   697815.003
  2440:   697862.001   698027.003   698064.001   698290.003   698334.001
  2445:   698609.018   698696.003   698702.016   698752.026   698888.005
  2450:   698898.009   698904.005   698915.009   698990.005   699646.009
  2455:   699691.005   699720.009   700184.001   700459.018   700505.003
  2460:   700511.016   700561.026   700827.005   701335.009   701408.005
  2465:   701423.009   701885.001   702029.003   702610.005   703116.009
  2470:   703556.001   703640.003   703680.001   703769.003   704462.001
  2475:   704479.003   704689.001   704716.003   704759.001   705006.003
  2480:   705464.005   705786.009   706013.001   706288.018   706357.003
  2485:   706363.016   706413.026   707193.001   707468.018   707486.003
  2490:   707492.016   707542.026   707871.005   708985.009   709006.005
  2495:   709534.009   710125.001   710251.003   710939.001   710959.003
  2500:   711544.005   711553.009   711571.005   712061.009   712329.001
  2505:   712582.003   712629.001   712693.003   712761.001   712847.003
  2510:   712869.001   712942.003   713689.005   714362.009   714815.001
  2515:   714996.003   715354.001   715388.003   715433.001   715698.003
  2520:   716354.005   716745.009   717166.001   717277.003   717846.001
  2525:   717881.003   717981.001   718256.018   718354.003   718360.016
  2530:   718410.026   718738.005   719081.009   719155.005   719174.009
  2535:   719473.001   719497.003   719592.001   719867.018   719894.003
  2540:   719900.016   719950.026   720495.005   720778.009   721083.001
  2545:   721124.003   721255.001   721398.003   721684.001   721738.003
  2550:   721822.001   721864.003   722628.005   722753.009   723067.001
  2555:   723141.003   723390.001   723440.003   723465.001   723636.003
  2560:   723720.001   723815.003   723901.001   723990.003   725200.001
  2565:   725475.018   725719.003   725725.016   725771.001   725775.026
  2570:   726053.018   726138.003   726144.016   726165.001   726194.026
  2575:   726232.003   726603.005   728310.009   729369.001   729644.018
  2580:   729894.003   729900.016   729950.026   730370.005   730987.009
  2585:   731230.001   731295.003   731406.001   731681.018   731776.003
  2590:   731782.016   731832.026   731906.001   731994.003   732542.005
  2595:   733781.009   734184.001   734282.003   734430.001   734632.003
  2600:   734981.001   735003.003   735044.001   735289.003   735799.005
  2605:   736160.009   736164.005   736214.009   736661.001   736936.018
  2610:   736997.003   737003.016   737053.026   737331.005   737901.009
  2615:   737908.005   738031.009   738563.001   738651.003   738673.001
  2620:   738795.003   739048.001   739101.003   739150.001   739251.003
  2625:   739853.001   739990.003   740053.001   740328.018   740524.003
  2630:   740530.016   740580.026   740895.005   741504.009   741594.005
  2635:   741758.009   743903.005   744175.009   745009.001   745284.018
  2640:   745328.003   745334.016   745384.026   745646.005   746308.009
  2645:   746623.001   746898.018   747001.003   747007.016   747020.001
  2650:   747057.026   747059.017   747344.003   747925.001   748194.003
  2655:   748301.001   748532.003   749145.001   749448.018   749461.003
  2660:   749467.016   749517.026   749795.005   750849.009   751670.001
  2665:   751814.003   751912.001   752215.018   752545.003   752551.016
  2670:   752601.026   752793.005   753431.009   753454.005   753797.009
  2675:   753827.005   753838.009   753841.005   753844.009   754237.001
  2680:   754372.003   754479.001   754582.003   754612.001   754915.018
  2685:   754920.003   754926.016   754976.026   755176.005   756214.009
  2690:   756245.005   756408.009   756732.001   757035.018   757109.003
  2695:   757115.016   757123.001   757165.026   757471.018   757500.003
  2700:   757506.016   757556.026   757558.017   757742.005   758975.009
  2705:   758997.005   759038.009   759082.005   759138.009   759735.001
  2710:   759918.003   759984.001   760061.003   760109.001   760442.018
  2715:   760482.003   760488.016   760538.026   760731.005   761982.009
  2720:   762048.005   762062.009   762438.001   762771.018   762869.003
  2725:   762875.016   762925.026   763415.005   763774.009   764046.001
  2730:   764102.003   764198.001   764277.003   764320.001   764524.003
  2735:   764923.005   765028.009   765068.005   765259.009   765550.001
  2740:   765691.003   765732.001   766018.003   766165.001   766498.018
  2745:   766577.003   766583.016   766633.026   766868.005   767395.009
  2750:   767821.001   768013.003   768038.001   768371.018   768490.003
  2755:   768496.016   768546.026   768754.005   769523.009   769881.001
  2760:   769997.003   770048.001   770187.003   770456.001   770569.003
  2765:   771017.005   771032.009   771046.005   771356.009   771638.001
  2770:   771770.003   771811.001   772137.003   772718.001   773032.003
  2775:   773399.005   773861.009   774160.001   774398.003   774692.001
  2780:   774741.003   774784.001   774971.003   775747.001   776080.018
  2785:   776102.003   776108.016   776158.026   776387.005   777014.009
  2790:   777025.005   777216.009   777732.001   777840.003   777976.001
  2795:   778015.003   778052.001   778250.003   778610.005   779230.009
  2800:   779461.001   779794.018   780063.003   780069.016   780119.026
  2805:   780318.005   781233.009   781562.001   781701.003   781737.001
  2810:   782070.018   782220.003   782226.016   782276.026   782488.005
  2815:   783285.009   783698.001   783769.003   783936.001   784090.003
  2820:   784131.001   784341.003   784754.005   785179.009   785545.001
  2825:   785878.018   785912.003   785918.016   785968.026   786017.001
  2830:   786031.003   786284.005   786913.009   787225.001   787558.018
  2835:   787635.003   787641.016   787691.026   787713.001   787777.003
  2840:   788015.005   788801.009   789451.001   789784.018   789845.003
  2845:   789851.016   789901.026   790047.005   790686.009   790703.005
  2850:   790801.009   791429.001   791759.003   791856.001   792189.018
  2855:   792594.003   792600.016   792650.026   792915.005   793775.009
  2860:   793846.005   793940.009   794030.005   794266.009   794647.001
  2865:   794980.018   795006.003   795012.016   795038.001   795062.026
  2870:   795277.003   795837.005   797169.009   797579.001   797759.003
  2875:   797823.001   798133.003   798514.001   798795.003   799611.001
  2880:   799708.003   800160.001   800426.003   800957.005   801351.009
  2885:   803770.005   803833.009   804981.001   805089.003   805845.005
  2890:   806045.009   806586.001   806765.003   806780.001   807035.003
  2895:   807474.005   807865.009   808179.001   808306.003   808359.001
  2900:   808692.018   808777.003   808783.016   808833.026   809041.005
  2905:   809717.009   810206.005   810548.009   812405.001   812490.003
  2910:   812991.001   813324.018   813378.003   813384.016   813434.026
  2915:   813698.005   814467.009   814668.005   815334.009   815938.001
  2920:   816072.003   816365.005   816508.009   816896.001   817229.018
  2925:   817341.003   817347.016   817397.026   817564.005   818464.009
  2930:   818470.005   818503.009   818956.001   819269.003   819714.001
  2935:   819967.003   820591.001   820924.018   821374.003   821380.016
  2940:   821430.026   821642.005   822537.009   822886.001   823127.003
  2945:   823158.001   823222.003   823704.001   824037.018   824068.003
  2950:   824074.016   824124.026   824186.001   824384.003   824899.005
  2955:   825505.009   825933.001   826110.003   826162.001   826357.003
  2960:   826499.001   826575.003   826617.001   826950.018   827016.003
  2965:   827022.016   827072.026   827478.005   828077.009   828407.001
  2970:   828505.003   828615.001   828948.018   829342.003   829348.016
  2975:   829398.026   829587.005   830623.009   831297.001   831352.003
  2980:   831484.001   831817.018   831967.003   831973.016   832023.026
  2985:   832189.005   832734.009   833344.001   833400.003   833619.001
  2990:   833824.003   834291.001   834624.018   834661.003   834667.016
  2995:   834717.026   835033.005   835847.009   835861.005   836587.009
  3000:   837051.001   837283.003   837511.001   837844.018   837909.003
  3005:   837915.016   837965.026   838230.005   839229.009   839269.005
  3010:   839292.009   839976.001   840309.018   840351.003   840357.016
  3015:   840407.026   840725.005   842041.009   842071.005   842206.009
  3020:   842599.001   842734.003   842892.001   843158.003   844752.005
  3025:   845052.009   845356.001   845651.003   846112.001   846308.003
  3030:   846926.005   847179.009   847445.001   847765.003   848062.001
  3035:   848294.003   848935.001   849214.003   849767.005   850063.009
  3040:   850364.001   850544.003   850581.001   850812.003   851522.005
  3045:   851616.009   851954.001   852287.018   852429.003   852435.016
  3050:   852485.026   852823.005   853470.009   853872.001   853978.003
  3055:   854094.001   854427.018   854433.003   854439.016   854473.001
  3060:   854489.026   854825.018   855147.003   855153.016   855203.026
  3065:   855417.005   856371.009   856424.005   856452.009   856454.005
  3070:   856555.009   857316.005   857579.009   858019.001   858250.003
  3075:   858288.001   858514.003   858926.001   859129.003   859308.001
  3080:   859439.003   859929.001   860217.003   860800.005   861350.009
  3085:   861874.001   861985.003   862185.001   862277.003   862309.001
  3090:   862557.003   862777.001   862812.003   863939.005   864136.009
  3095:   864570.001   864604.003   864768.001   865101.018   865177.003
  3100:   865183.016   865233.026   865384.005   865393.009   865517.005
  3105:   866229.009   866837.001   866933.003   866965.001   867298.018
  3110:   867548.003   867554.016   867583.001   867604.026   867685.003
  3115:   867710.001   867901.003   868648.005   869197.009   869210.005
  3120:   869329.009   869697.001   869766.003   869803.001   869841.003
  3125:   869892.001   870225.018   870323.003   870329.016   870379.026
  3130:   870770.005   871303.009   871697.001   872030.018   872153.003
  3135:   872159.016   872209.026   872560.005   873438.009   873817.001
  3140:   874150.018   874659.003   874665.016   874715.026   874717.017
  3145:   874737.001   874824.003   875275.005   876058.009   876863.001
  3150:   877230.018   877508.003   877514.016   877564.026   877959.005
  3155:   879174.009   879588.001   879719.003   879841.001   880111.003
  3160:   880418.005   880696.009   880940.001   881050.003   881116.001
  3165:   881175.003   881645.001   881743.003   881778.001   882024.003
  3170:   882086.001   882182.003   882581.001   882617.003   882709.001
  3175:   883076.018   883142.003   883148.016   883198.026   883457.005
  3180:   884054.009   884435.005   884484.009   884494.005   884967.009
  3185:   885033.005   885487.009   885873.001   885983.003   886411.001
  3190:   886464.003   887131.005   887254.009   887617.001   887697.003
  3195:   887749.001   887829.003   888133.001   888285.003   888372.001
  3200:   888565.003   889242.005   889441.009   889470.005   889483.009
  3205:   889512.005   889539.009   889595.005   889651.009   893429.001
  3210:   893534.003   893793.001   893947.003   894970.001   895255.003
  3215:   895288.001   895353.003   895817.001   896184.018   896242.003
  3220:   896248.016   896298.026   896610.005   897550.009   898084.001
  3225:   898241.003   898814.001   899116.003   899647.001   899699.003
  3230:   900336.005   900614.009   900956.001   901159.003   901305.001
  3235:   901429.003   901881.005   902054.009   902438.001   902805.018
  3240:   902874.003   902880.016   902930.026   903350.005   904105.009
  3245:   905366.001   905650.003   906077.005   906503.009   906916.001
  3250:   907186.003   907607.001   907893.003   907952.001   908040.003
  3255:   908064.001   908431.018   908457.003   908463.016   908513.026
  3260:   908782.005   908899.009   909197.005   910060.009   910090.005
  3265:   910316.009   910320.005   910332.009   910352.005   910381.009
  3270:   910961.001   911025.003   911066.001   911201.003   911618.001
  3275:   911740.003   911761.001   912029.003   912498.005   912856.009
  3280:   913110.001   913170.003   913256.001   913392.003   913662.001
  3285:   913740.003   913755.001   913934.003   914407.005   914605.009
  3290:   914939.001   915045.003   915082.001   915285.003   915725.005
  3295:   916021.009   916339.001   916706.018   916898.003   916904.016
  3300:   916914.001   916954.026   917001.003   917211.005   918217.009
  3305:   918824.001   918898.003   918934.001   919301.018   919393.003
  3310:   919399.016   919449.026   919463.001   919504.003   919764.005
  3315:   920287.009   920690.001   920915.003   920956.001   921015.003
  3320:   921058.001   921363.003   921392.001   921579.003   922014.001
  3325:   922230.003   922912.005   923129.009   923521.001   923590.003
  3330:   923640.001   924007.018   924205.003   924211.016   924261.026
  3335:   924461.005   925169.009   925570.001   925737.003   925755.001
  3340:   925793.003   925829.001   925993.003   926061.001   926109.003
  3345:   926134.001   926399.003   926763.005   927073.009   927381.001
  3350:   927748.018   928264.003   928270.016   928320.026   928518.001
  3355:   928885.018   928891.003   928897.016   928947.026   929166.005
  3360:   930455.009   930468.005   930641.009   930649.005   930727.009
  3365:   931099.001   931466.018   931888.003   931894.016   931944.026
  3370:   931946.017   932029.001   932059.003   932300.005   932929.009
  3375:   933362.001   933577.003   933846.001   933914.003   933952.001
  3380:   934262.003   934299.001   934442.003   934672.005   935529.009
  3385:   935547.005   935631.009   935999.001   936402.018   936570.003
  3390:   936576.016   936626.026   936959.005   937649.009   938801.001
  3395:   939086.003   939205.001   939310.003   939755.005   939933.009
  3400:   940391.001   940768.003   942081.001   942353.003   942840.005
  3405:   943207.009   943234.005   943456.009   943780.001   944183.018
  3410:   944272.003   944278.016   944328.026   944332.001   944374.003
  3415:   944631.005   945295.009   945301.005   945337.009   945681.001
  3420:   945751.003   945773.001   945875.003   945918.001   945971.003
  3425:   945990.001   946115.003   946160.001   946233.003   946359.001
  3430:   946397.003   946442.001   946665.003   947054.001   947241.003
  3435:   947270.001   947426.003   948046.005   948278.009   948732.001
  3440:   949057.003   949223.001   949516.003   949990.005   950396.009
  3445:   950845.001   951248.018   951395.003   951401.016   951451.026
  3450:   952111.005   952803.009   953249.001   953334.003   953507.001
  3455:   953526.003   953562.001   953679.003   953728.001   954131.018
  3460:   954300.003   954306.016   954317.001   954356.026   954425.003
  3465:   954588.005   955731.009   956116.001   956480.003   956536.001
  3470:   956668.003   956707.001   957110.018   957229.003   957235.016
  3475:   957285.026   957318.001   957497.003   957524.001   957901.003
  3480:   958303.005   959172.009   959585.001   959799.003   959846.001
  3485:   960249.018   960323.003   960329.016   960379.026   960580.005
  3490:   961357.009   961394.005   961421.009   961850.001   961961.003
  3495:   962045.001   962200.003   962281.001   962579.003   963158.001
  3500:   963561.018   963795.003   963801.016   963851.026   964086.005
  3505:   964730.009   968486.005   968773.009   969172.001   969242.003
  3510:   969560.001   969852.003   970182.005   970488.009   970869.001
  3515:   970926.003   970960.001   971363.018   971404.003   971410.016
  3520:   971460.026   971771.005   972674.009   973487.001   973617.003
  3525:   973631.001   973853.003   974302.001   974705.018   974709.003
  3530:   974715.016   974765.026   975104.005   975804.009   976234.001
  3535:   976372.003   976397.001   976790.003   977082.001   977141.003
  3540:   977168.001   977485.003   977835.005   978230.009   978563.001
  3545:   978626.003   978669.001   979072.018   979190.003   979196.016
  3550:   979246.026   979522.005   980036.009   980052.005   980074.009
  3555:   980510.001   980681.003   980703.001   981106.018   981405.003
  3560:   981411.016   981461.026   981628.005   982157.009   982689.001
  3565:   982769.003   982821.001   983224.018   983540.003   983546.016
  3570:   983596.026   983748.005   984654.009   985007.001   985189.003
  3575:   985226.001   985605.003   985971.005   986284.009   986686.001
  3580:   987089.018   987093.003   987099.016   987149.026   987394.005
  3585:   988261.009   988797.001   988827.003   988878.001   989179.003
  3590:   989277.001   989300.003   989810.001   990213.018   990237.003
  3595:   990243.016   990293.026   990458.005   990467.009   990679.005
  3600:   991258.009   991874.001   992277.018   992425.003   992431.016
  3605:   992481.026   992534.001   992567.003   992786.005   994077.009
  3610:   994668.001   994919.003   995079.001   995348.003   995586.001
  3615:   995989.018   996154.003   996160.016   996210.026   996423.005
  3620:   996958.009   997349.001   997752.018   997951.003   997957.016
  3625:   998007.026   998029.001   998104.003   998330.005   999246.009
  3630:   999799.001  1000155.003  1000201.001  1000604.018  1000936.003
  3635:  1000942.016  1000992.026  1000996.001  1001030.003  1001087.001
  3640:  1001490.018  1001746.003  1001752.016  1001802.026  1002094.005
  3645:  1003378.009  1003398.005  1003472.009  1004079.001  1004274.003
  3650:  1004420.001  1004460.003  1004485.001  1004748.003  1005270.005
  3655:  1005829.009  1006242.001  1006598.003  1006656.001  1006695.003
  3660:  1006894.001  1007100.003  1007526.001  1007835.003  1007910.001
  3665:  1008040.003  1008666.005  1008849.009  1008897.005  1009317.009
  3670:  1012278.005  1012381.009  1012768.001  1012850.003  1012880.001
  3675:  1012904.003  1013080.001  1013190.003  1013477.001  1013541.003
  3680:  1013554.001  1013957.018  1014008.003  1014014.016  1014064.026
  3685:  1014316.005  1015414.009  1015901.001  1016242.003  1016556.001
  3690:  1016835.003  1017474.001  1017833.003  1018031.001  1018071.003
  3695:  1018460.005  1018751.009  1019069.001  1019316.003  1019456.001
  3700:  1019646.003  1020364.001  1020645.003  1021109.005  1021249.009
  3705:  1021646.001  1021894.003  1021982.001  1022086.003  1022385.001
  3710:  1022788.018  1022865.003  1022871.016  1022921.026  1023166.005
  3715:  1024050.009  1024467.001  1024855.003  1024926.001  1025329.018
  3720:  1026126.003  1026132.016  1026182.026  1026422.005  1027338.009
  3725:  1027962.001  1028288.003  1028409.001  1028439.003  1028485.001
  3730:  1028747.003  1029112.005  1029547.009  1030453.001  1030542.003
  3735:  1035693.005  1035975.009  1067120.005  1067199.009  1074295.001
  3740:  1074698.018  1074748.003  1074754.016  1074804.026  1075192.005
  3745:  1076097.009  1082847.001  1082961.003  1083207.001  1083610.018
  3750:  1083901.003  1083907.016  1083957.026  1084095.005  1084873.009
  3755:  1085427.005  1085662.009  1086427.005  1086551.009  1087218.001
  3760:  1087481.003  1087756.005  1088035.009  1088233.001  1088453.003
  3765:  1088890.005  1088926.009  1088938.005  1089223.009  1089550.001
  3770:  1089774.003  1089905.001  1089965.003  1089993.001  1090014.003
  3775:  1090037.001  1090095.003  1090198.001  1090236.003  1090286.001
  3780:  1090689.018  1090735.003  1090741.016  1090791.026  1091025.005
  3785:  1092407.009  1092990.001  1093112.003  1093135.001  1093253.003
  3790:  1093414.001  1093695.003  1093735.001  1094010.003  1094367.005
  3795:  1094392.009  1094638.001  1094762.003  1094887.001  1095290.018
  3800:  1095419.003  1095425.016  1095475.026  1095588.005  1096551.009
  3805:  1096828.001  1097179.003  1097277.001  1097680.018  1097740.003
  3810:  1097746.016  1097796.026  1097970.005  1098716.009  1099031.001
  3815:  1099364.003  1099397.001  1099593.003  1099981.005  1100243.009
  3820:  1100287.005  1100290.009  1100321.005  1100417.009  1100700.001
  3825:  1101103.018  1101184.003  1101190.016  1101240.026  1101267.001
  3830:  1101312.003  1101468.005  1101971.009  1102308.001  1102711.018
  3835:  1102726.003  1102732.016  1102779.001  1102782.026  1103188.018
  3840:  1103243.003  1103249.016  1103299.026  1103470.005  1104450.009
  3845:  1104465.005  1104986.009  1107713.001  1107983.003  1108465.005
  3850:  1108742.009  1109248.001  1109567.003  1109920.001  1110002.003
  3855:  1110029.001  1110285.003  1110960.001  1111363.018  1111397.003
  3860:  1111403.016  1111453.026  1111709.005  1112761.009  1113774.001
  3865:  1113827.003  1113879.001  1114206.003  1114275.001  1114381.003
  3870:  1114755.001  1115158.018  1115241.003  1115247.016  1115297.026
  3875:  1115591.005  1116410.009  1116452.005  1116468.009  1117433.001
  3880:  1117606.003  1118432.001  1118835.018  1118879.003  1118885.016
  3885:  1118935.026  1119263.005  1119908.009  1119945.005  1120063.009
  3890:  1120776.001  1120994.003  1121425.001  1121777.003  1122280.001
  3895:  1122683.018  1122854.003  1122860.016  1122910.026  1123223.005
  3900:  1124077.009  1124454.001  1124857.018  1125242.003  1125248.016
  3905:  1125298.026  1125499.005  1126184.009  1127412.001  1127484.003
  3910:  1127507.001  1127891.003  1128041.001  1128067.003  1128134.001
  3915:  1128249.003  1128329.001  1128367.003  1128881.001  1129225.003
  3920:  1129829.001  1130129.003  1130619.001  1130895.003  1131416.005
  3925:  1131812.009  1132551.001  1132845.003  1133954.001  1134234.003
  3930:  1134774.005  1135478.009  1137682.005  1137877.009  1138858.001
  3935:  1139261.018  1139386.003  1139392.016  1139442.026  1139584.005
  3940:  1140542.009  1140964.001  1141216.003  1141411.001  1141814.018
  3945:  1141982.003  1141988.016  1142038.026  1142186.005  1142864.009
  3950:  1143182.001  1143407.003  1143522.001  1143925.018  1144065.003
  3955:  1144071.016  1144121.026  1144253.005  1144707.009  1145144.001
  3960:  1145351.003  1145431.001  1145502.003  1145553.001  1145956.018
  3965:  1146159.003  1146165.016  1146215.026  1146383.005  1147214.009
  3970:  1147565.001  1147968.018  1148173.003  1148179.016  1148229.026
  3975:  1148428.005  1149600.009  1149999.001  1150402.018  1150557.003
  3980:  1150563.016  1150613.026  1150615.017  1150910.005  1152006.009
  3985:  1152592.001  1153035.018  1153241.003  1153247.016  1153297.026
  3990:  1153464.005  1154534.009  1155140.001  1155169.003  1155237.001
  3995:  1155680.018  1155712.003  1155718.016  1155768.026  1155914.005
  4000:  1156660.009  1157254.001  1157344.003  1157443.001  1157587.003
  4005:  1157641.001  1157841.003  1158173.005  1158296.009  1158770.001
  4010:  1159087.003  1159295.001  1159341.003  1159355.001  1159640.003
  4015:  1160026.001  1160368.003  1160459.001  1160655.003  1161055.001
  4020:  1161498.018  1161624.003  1161630.016  1161652.001  1161680.026
  4025:  1161740.003  1161949.005  1163165.009  1163601.001  1163771.003
  4030:  1163855.001  1164298.018  1164379.003  1164385.016  1164435.026
  4035:  1164625.005  1165097.009  1165792.001  1166235.018  1166274.003
  4040:  1166280.016  1166330.026  1166476.005  1167338.009  1167376.005
  4045:  1167405.009  1168080.001  1168437.003  1168459.001  1168902.018
  4050:  1168907.003  1168913.016  1168963.026  1169146.005  1170221.009
  4055:  1170755.001  1171018.003  1171041.001  1171236.003  1171287.001
  4060:  1171337.003  1171421.001  1171864.018  1171943.003  1171949.016
  4065:  1171999.026  1172178.005  1172767.009  1173960.001  1174054.003
  4070:  1174126.001  1174442.003  1174751.005  1175144.009  1175527.001
  4075:  1175923.003  1176227.001  1176251.003  1176285.001  1176372.003
  4080:  1176395.001  1176838.018  1176875.003  1176881.016  1176931.026
  4085:  1177150.005  1178119.009  1178686.001  1178940.003  1179128.001
  4090:  1179571.018  1179875.003  1179881.016  1179931.026  1180076.005
  4095:  1180998.009  1181472.001  1181894.003  1181970.001  1182121.003
  4100:  1182157.001  1182396.003  1182768.001  1183211.018  1183416.003
  4105:  1183422.016  1183472.026  1183652.005  1184618.009  1185254.001
  4110:  1185507.003  1185649.001  1186092.018  1186564.003  1186570.016
  4115:  1186620.026  1186637.001  1186694.003  1186874.005  1187475.009
  4120:  1188085.001  1188313.003  1188377.001  1188556.003  1188584.001
  4125:  1188747.003  1188877.001  1188912.003  1188972.001  1189415.018
  4130:  1189704.003  1189710.016  1189760.026  1189937.005  1190484.009
  4135:  1190495.005  1190555.009  1191011.001  1191245.003  1191274.001
  4140:  1191717.018  1191718.003  1191724.016  1191774.026  1191960.005
  4145:  1192651.009  1193293.001  1193584.003  1193627.001  1193734.003
  4150:  1193993.001  1194436.018  1194464.003  1194470.016  1194520.026
  4155:  1194895.005  1195479.009  1196112.001  1196399.003  1196550.001
  4160:  1196993.018  1197038.003  1197044.016  1197094.026  1197317.005
  4165:  1198187.009  1198245.005  1198279.009  1198289.005  1198424.009
  4170:  1204190.005  1204203.009  1204210.005  1204465.009  1205876.005
  4175:  1206176.009  1208768.005  1209124.009  1209752.001  1209780.003
  4180:  1209814.001  1209905.003  1210061.001  1210172.003  1211182.001
  4185:  1211625.018  1211773.003  1211779.016  1211829.026  1212165.005
  4190:  1213139.009  1213806.001  1214232.003  1214382.001  1214468.003
  4195:  1214490.001  1214794.003  1215169.005  1215324.009  1215407.005
  4200:  1215541.009  1215967.001  1216134.003  1216193.001  1216252.003
  4205:  1218018.001  1218088.003  1218297.005  1218505.009  1221205.005
  4210:  1221239.009  1221803.001  1222132.003  1222181.001  1222624.018
  4215:  1222760.003  1222766.016  1222816.026  1222916.005  1223693.009
  4220:  1224161.001  1224351.003  1224461.001  1224578.003  1224746.005
  4225:  1224855.009  1225174.001  1225340.003  1225509.001  1225623.003
  4230:  1225837.005  1225952.009  1226188.001  1226631.018  1226651.003
  4235:  1226657.016  1226707.026  1226941.005  1227525.009  1227540.005
  4240:  1227549.009  1228386.001  1228829.018  1229000.003  1229006.016
  4245:  1229056.026  1229407.005  1230127.009  1230518.001  1230907.003
  4250:  1231058.001  1231074.003  1231356.001  1231449.003  1231495.001
  4255:  1231896.003  1232393.001  1232640.003  1233064.001  1233350.003
  4260:  1233750.005  1234286.009  1234646.001  1234841.003  1234882.001
  4265:  1235189.003  1235725.001  1235911.003  1235991.001  1236187.003
  4270:  1236522.001  1236965.018  1236985.003  1236991.016  1237041.026
  4275:  1237220.005  1238110.009  1238776.001  1239004.003  1239041.001
  4280:  1239362.003  1239627.005  1239823.009  1240140.001  1240254.003
  4285:  1240294.001  1240408.003  1240462.001  1240496.003  1240878.001
  4290:  1241207.003  1241223.001  1241463.003  1241922.001  1242130.003
  4295:  1242457.001  1242506.003  1243140.005  1243451.009  1243738.001
  4300:  1244057.003  1244213.001  1244265.003  1244340.001  1244429.003
  4305:  1244476.001  1244565.003  1244601.001  1244644.003  1244893.001
  4310:  1245237.003  1245638.001  1245812.003  1246627.005  1246828.009
  4315:  1248931.005  1249092.009  1250558.001  1250858.003  1252210.005
  4320:  1252509.009  1252531.005  1252549.009  1253371.001  1253507.003
  4325:  1253533.001  1253594.003  1254261.001  1254316.003  1280533.005
  4330:  1280565.009  1280593.005  1280633.009  1280681.005  1280866.009
  4335:  1287616.005  1287751.009  1287755.005  1287778.009  1301041.005
  4340:  1301564.009  1306630.001  1306795.003  1306955.005  1307194.009
  4345:  1307506.001  1307949.018  1308522.003  1308528.016  1308578.026
  4350:  1308810.005  1309543.009  1309841.001  1310166.003  1312365.005
  4355:  1312676.009  1314408.005  1314650.009  1314942.001  1315385.018
  4360:  1315517.003  1315523.016  1315573.026  1315688.005  1316418.009
  4365:  1316905.001  1317196.003  1317230.001  1317289.003  1317575.001
  4370:  1318018.018  1318051.003  1318057.016  1318107.026  1318171.001
  4375:  1318223.003  1318345.005  1319171.009  1319567.001  1320010.018
  4380:  1320160.003  1320166.016  1320216.026  1320386.005  1321418.009
  4385:  1321848.001  1322210.003  1322285.001  1322370.003  1322658.001
  4390:  1323060.003  1323278.005  1323669.009  1323967.001  1324410.018
  4395:  1324475.003  1324481.016  1324531.026  1324654.001  1324677.003
  4400:  1324797.005  1325446.009  1325482.005  1325819.009  1326189.001
  4405:  1326632.018  1327208.003  1327214.016  1327264.026  1327611.005
  4410:  1328550.009  1328960.001  1329403.018  1329914.003  1329920.016
  4415:  1329970.026  1330171.005  1330794.009  1330853.005  1330875.009
  4420:  1330894.005  1330932.009  1331511.001  1331687.003  1331708.001
  4425:  1332151.018  1332237.003  1332243.016  1332293.026  1332385.005
  4430:  1333101.009  1333599.001  1334042.018  1334540.003  1334546.016
  4435:  1334596.026  1334717.005  1335676.009  1336285.001  1336728.018
  4440:  1337127.003  1337133.016  1337183.026  1337185.017  1337294.005
  4445:  1338697.009  1340721.001  1340775.003  1340836.001  1340962.003
  4450:  1341066.001  1341213.003  1341800.001  1342114.003  1342200.001
  4455:  1342222.003  1342733.005  1342980.009  1343427.001  1343915.018
  4460:  1344066.003  1344072.016  1344122.026  1344466.005  1345587.009
  4465:  1346074.001  1346306.003  1346360.001  1346813.003  1347212.001
  4470:  1347565.003  1347617.001  1347818.003  1348338.001  1348826.018
  4475:  1348925.003  1348931.016  1348981.026  1349296.005  1349996.009
  4480:  1350496.001  1350643.003  1350679.001  1350916.003  1351208.005
  4485:  1351520.009  1353918.001  1354406.018  1354737.003  1354743.016
  4490:  1354793.026  1354934.005  1355789.009  1355824.005  1356003.009
  4495:  1356315.001  1356803.018  1357178.003  1357184.016  1357234.026
  4500:  1357264.001  1357309.003  1357522.005  1358240.009  1358699.001
  4505:  1359187.018  1359401.003  1359407.016  1359457.026  1359755.005
  4510:  1361333.009  1361360.005  1361363.009  1361410.005  1361478.009
  4515:  1362316.001  1362790.003  1363289.001  1363648.003  1363687.001
  4520:  1363700.003  1364317.001  1364677.003  1365120.001  1365154.003
  4525:  1365224.001  1365517.003  1365955.005  1366301.009  1366661.001
  4530:  1366746.003  1366779.001  1367037.003  1367368.001  1367652.003
  4535:  1368297.005  1368748.009  1369226.001  1369285.003  1371747.005
  4540:  1372056.009  1374269.005  1374312.009  1374668.001  1375156.018
  4545:  1375483.003  1375489.016  1375539.026  1375627.001  1375662.003
  4550:  1375800.005  1376824.009  1377405.001  1377893.018  1377996.003
  4555:  1378002.016  1378052.026  1378230.005  1378998.009  1380090.001
  4560:  1380578.018  1380595.003  1380601.016  1380651.026  1380795.005
  4565:  1381588.009  1381658.005  1381665.009  1382251.001  1382739.018
  4570:  1382883.003  1382889.016  1382920.001  1382939.026  1382941.017
  4575:  1382986.003  1383240.005  1384100.009  1384758.001  1385160.003
  4580:  1385364.001  1385891.003  1386311.001  1386711.003  1387445.001
  4585:  1387531.003  1387614.001  1387735.003  1387796.001  1387937.003
  4590:  1388569.005  1388862.009  1389136.001  1389374.003  1389397.001
  4595:  1389933.018  1390358.003  1390364.016  1390414.026  1390714.005
  4600:  1391585.009  1392193.001  1392729.018  1392748.003  1392754.016
  4605:  1392804.026  1393111.005  1394106.009  1394922.001  1395325.003
  4610:  1395919.001  1396022.003  1396150.001  1396258.003  1396292.001
  4615:  1396621.003  1396703.001  1396774.003  1397247.001  1397783.018
  4620:  1397799.003  1397805.016  1397855.026  1398098.005  1398913.009
  4625:  1399336.001  1399531.003  1399845.001  1400194.003  1400972.005
  4630:  1401143.009  1401513.001  1401638.003  1401729.001  1401765.003
  4635:  1401807.001  1401909.003  1402530.001  1402634.003  1402687.001
  4640:  1403223.018  1403318.003  1403324.016  1403374.026  1403527.005
  4645:  1404120.009  1404227.005  1404253.009  1404368.005  1404415.009
  4650:  1406387.001  1406634.003  1406925.001  1407018.003  1408027.001
  4655:  1408135.003  1408156.001  1408677.003  1408974.001  1409227.003
  4660:  1409738.005  1410077.009  1410658.001  1410997.003  1411240.001
  4665:  1411501.003  1412407.001  1412680.003  1413070.005  1413384.009
  4670:  1413894.001  1413947.003  1414023.001  1414224.003  1414486.001
  4675:  1414656.003  1414730.001  1415266.018  1415342.003  1415348.016
  4680:  1415398.026  1415602.005  1416720.009  1417424.001  1417653.003
  4685:  1417718.001  1417883.003  1418161.005  1418581.009  1418942.001
  4690:  1419249.003  1419629.001  1419690.003  1419717.001  1420089.003
  4695:  1420154.001  1420352.003  1420920.005  1421287.009  1421545.001
  4700:  1421739.003  1421751.001  1422284.003  1422349.001  1422373.003
  4705:  1423047.001  1423556.003  1423931.001  1424244.003  1424298.001
  4710:  1424517.003  1424940.005  1425428.009  1425654.001  1425744.003
  4715:  1425769.001  1426305.018  1426682.003  1426688.016  1426738.026
  4720:  1427075.005  1427869.009  1428253.001  1428423.003  1428636.001
  4725:  1428813.003  1428847.001  1429168.003  1429416.001  1429708.003
  4730:  1430104.005  1430112.009  1430125.005  1430464.009  1431280.001
  4735:  1431461.003  1431947.001  1432010.003  1432031.001  1432392.003
  4740:  1432890.005  1433042.009  1436047.005  1436316.009  1455738.005
  4745:  1456231.009  1456742.001  1457145.003  1457835.001  1457869.003
  4750:  1458007.001  1458486.003  1458514.001  1458694.003  1460579.001
  4755:  1460734.003  1460958.005  1461258.009  1461515.001  1462051.018
  4760:  1462125.003  1462131.016  1462181.026  1462850.005  1462884.009
  4765:  1462915.005  1463821.009  1464355.001  1464891.018  1465379.003
  4770:  1465385.016  1465435.026  1465489.005  1466524.009  1466529.005
  4775:  1466563.009  1467281.001  1467574.003  1467896.005  1468171.009
  4780:  1468376.001  1468912.018  1469108.003  1469114.016  1469164.026
  4785:  1469245.005  1470424.009  1470759.001  1471295.018  1471513.003
  4790:  1471519.016  1471569.026  1471688.005  1472407.009  1475556.005
  4795:  1475689.009  1475906.001  1476442.018  1476456.003  1476462.016
  4800:  1476512.026  1476514.017  1476531.001  1476690.003  1476838.005
  4805:  1477626.009  1478415.001  1478763.003  1479052.001  1479520.003
  4810:  1479878.005  1480206.009  1480523.001  1480642.003  1480695.001
  4815:  1480892.003  1481093.001  1481153.003  1481419.001  1481890.003
  4820:  1482213.001  1482803.018  1482805.003  1482811.016  1482861.026
  4825:  1483009.005  1483958.009  1483974.005  1484060.009  1484374.001
  4830:  1484964.018  1485228.003  1485234.016  1485284.026  1485579.005
  4835:  1486430.009  1487345.001  1487565.003  1487817.001  1488180.003
  4840:  1488207.001  1488222.003  1488476.005  1488715.009  1488737.005
  4845:  1488807.009  1489488.005  1489611.009  1490285.001  1490322.003
  4850:  1490539.001  1490611.003  1491038.005  1491265.009  1491717.001
  4855:  1492307.018  1492508.003  1492514.016  1492564.026  1492596.001
  4860:  1492635.003  1492860.005  1493666.009  1494161.001  1494734.003
  4865:  1494786.001  1494834.003  1495097.001  1495137.003  1495187.001
  4870:  1495632.003  1496209.001  1496799.018  1496955.003  1496961.016
  4875:  1497011.026  1497118.005  1497762.009  1498274.001  1498864.018
  4880:  1499171.003  1499177.016  1499227.026  1499314.005
B:
     0:        0.000     1229.000        0.000     1229.000        0.000
     5:      791.000        0.000        0.000        0.000      790.000
    10:        0.000        1.000        0.000        1.000        0.000
    15:        0.000      278.000        9.000      278.000        0.000
    20:        0.000        0.000        0.000        0.000        0.000
    25:        0.000      278.000        0.000        0.000        0.000
    30:        0.000
D:
     0:  1635073.000  1634177.000  1635074.000
E:
     0:      250.000      589.487
T:
     0:        0.000        0.000        0.000        0.000
W:
     0:        0.000        2.000        0.000
