File: C:\MED-PC IV\Data\Reyes\AW\AW1046.999


Start Date: 08/27/24
End Date: 08/27/24
Subject: 46
Experiment: AW
Group: PERC
Box: 2
Start Time: 15:22:27
End Time: 16:12:27
MSN: DRRD_perc
C:       0.000
F:       0.000
G:       0.000
H:       0.000
I:       0.000
J:       0.000
K:   10000.000
L:       0.000
M:       0.000
N:       0.000
O:       0.000
Q:       0.000
S:       0.000
U:   41106.000
V:       0.000
X:       0.000
Y:    1529.000
Z:       0.000
A:
     0:      248.005      670.009     3197.005     3422.009     4070.005
     5:     5328.009     5330.005     5342.009    15000.013    15000.011
    10:    15733.001    15741.003    16796.001    17373.003    17439.001
    15:    17499.003    17516.001    17727.003    18117.001    18258.003
    20:    18265.001    18337.003    18354.001    22574.003    22663.001
    25:    22912.003    22947.001    23107.003    23814.001    27012.003
    30:    27023.001    28181.003    28220.001    28270.003    28343.001
    35:    28466.003    28508.001    28546.003    28584.001    32151.003
    40:    32276.001    32301.003    32372.001    32393.003    32456.001
    45:    32512.003    32611.001    37611.018    37909.003    37915.016
    50:    37965.026    38129.005    38824.009    39700.001    39771.003
    55:    39808.001    39898.003    40049.001    40115.003    40133.001
    60:    40169.003    40177.001    45168.003    46298.001    46367.003
    65:    46403.001    49360.003    49372.001    51629.003    52373.001
    70:    53269.003    53335.001    53487.003    53649.005    53937.009
    75:    53985.005    54100.009    54600.001    59600.018    61075.003
    80:    61081.016    61131.026    61405.005    62104.009    64020.001
    85:    64134.003    64176.001    69176.018    69967.003    69973.016
    90:    70023.026    70163.005    70823.009    72163.001    76751.003
    95:    76804.001    77048.003    79078.001    79144.003    79165.001
   100:    84165.018    85285.003    85291.016    85341.026    85613.005
   105:    86358.009    86387.005    86484.009    86502.005    86556.009
   110:    86558.005    86710.009    86725.005    86730.009    86735.005
   115:    86743.009    88025.001    88192.003    88238.001    93238.018
   120:    93588.003    93594.016    93644.026    93745.005    94544.009
   125:    97232.001    97268.003    97287.001    97397.003    97404.001
   130:    97551.003    97599.001   102538.003   102996.001   103276.003
   135:   103310.001   105939.003   107967.001   112967.018   113079.003
   140:   113085.016   113135.026   113384.005   114332.009   115973.001
   145:   120723.003   120779.001   121043.003   122378.001   126960.003
   150:   127787.001   127846.003   128028.001   131972.003   132990.005
   155:   133325.009   133330.005   133336.009   134150.001   134256.003
   160:   134270.001   139270.018   139719.003   139725.016   139775.026
   165:   139778.001   139902.003   139980.005   140428.009   140432.005
   170:   140503.009   140522.005   140607.009   140695.005   140968.009
   175:   140971.005   140982.009   142612.001   142755.003   143213.001
   180:   143464.003   143505.001   143686.003   143692.001   146725.003
   185:   146736.001   148111.003   148139.001   148278.003   149843.001
   190:   149925.003   149940.001   154940.018   155200.003   155206.016
   195:   155256.026   155502.005   156245.009   157651.001   157768.003
   200:   157824.001   162790.003   163972.005   165375.009   165379.005
   205:   165405.009   166619.001   166751.003   166780.001   171780.018
   210:   172823.003   172829.016   172879.026   173054.005   173739.009
   215:   175310.001   180310.018   180359.003   180365.016   180415.026
   220:   180543.005   181476.009   181509.005   181511.009   184506.001
   225:   189360.003   190635.001   193813.003   193826.001   195111.003
   230:   195158.001   195515.003   196793.001   200270.003   201017.001
   235:   205723.003   206495.001   209568.003   209605.001   209852.003
   240:   210610.005   210668.009   211360.001   214271.003   214310.001
   245:   214462.003   215054.001   215236.003   215339.001   215376.003
   250:   216232.001   221232.018   221879.003   221885.016   221935.026
   255:   222170.005   223064.009   223079.005   223096.009   223097.005
   260:   223108.009   223136.005   223278.009   224995.001   225180.003
   265:   225203.001   230156.003   230457.001   230723.003   232204.001
   270:   236785.003   238489.001   238540.003   238593.001   243153.003
   275:   244173.001   244228.003   244263.001   247643.003   247690.001
   280:   248046.003   249555.001   249582.003   249641.001   249669.003
   285:   249711.001   253990.003   254590.001   254910.003   255162.001
   290:   255741.003   256247.001   256339.003   256642.001   260666.003
   295:   260691.001   260834.003   262779.001   267231.003   267346.001
   300:   267621.003   269529.001   274449.003   275902.005   276043.009
   305:   276495.001   281383.003   283701.001   288474.003   289336.005
   310:   289441.009   290011.001   290097.003   290151.001   295151.018
   315:   295424.003   295430.016   295480.026   295698.005   296557.009
   320:   298390.001   298441.003   298894.001   299026.003   299093.001
   325:   304013.003   304832.001   309353.003   311680.001   311914.003
   330:   311965.001   316607.003   330798.005   330803.009   330920.005
   335:   331191.009   331238.005   331243.009   331779.001   335321.003
   340:   335328.001   336502.003   336890.001   336973.003   337507.001
   345:   337902.003   338141.001   338262.003   338313.001   338337.003
   350:   338384.001   342452.003   342493.001   342739.003   343623.001
   355:   343824.003   344968.001   344998.003   345015.001   349490.003
   360:   349543.001   349989.003   351372.001   353751.003   353769.001
   365:   354268.003   354274.001   355536.003   357627.005   357661.009
   370:   358107.001   358377.003   358484.001   360858.003   360862.001
   375:   362779.003   362864.001   362960.003   365163.005   365179.009
   380:   369504.001   369742.003   369804.001   374804.018   374942.003
   385:   374948.016   374998.026   375089.005   375761.009   375872.005
   390:   375888.009   375894.005   375900.009   375932.005   375950.009
   395:   379655.001   383555.003   383578.001   383631.003   384681.001
   400:   384928.003   385297.001   385362.003   385441.001   390441.018
   405:   390629.003   390635.016   390685.026   390899.005   391680.009
   410:   391687.005   391713.009   393692.001   393723.003   394091.001
   415:   394187.003   394290.001   394341.003   394355.001   394551.003
   420:   394605.001   398655.003   399684.001   399750.003   399787.001
   425:   404301.003   405522.001   410104.003   410940.001   415195.003
   430:   416624.001   417350.003   419163.001   419398.003   419438.001
   435:   424228.003   425636.001   430207.003   432934.001   433243.003
   440:   433276.001   437795.003   438905.001   443564.003   445044.005
   445:   445069.009   445115.005   445155.009   446438.001   451438.018
   450:   451862.003   451868.016   451918.026   452113.005   452741.009
   455:   453597.005   455068.009   455077.005   455083.009   457384.001
   460:   457471.003   457511.001   461676.003   462186.001   462276.003
   465:   462343.001   467343.018   467723.003   467729.016   467779.026
   470:   467956.005   468807.009   468823.005   468864.009   470484.001
   475:   470580.003   471026.001   471383.003   471452.001   471633.003
   480:   471698.001   471914.003   471959.001   472266.003   472375.001
   485:   472405.003   472456.001   476980.003   477887.001   478111.003
   490:   478545.001   478924.003   478983.001   482353.003   482359.001
   495:   483396.003   483579.001   483798.003   486143.001   486291.003
   500:   486732.001   491322.003   492850.005   493044.009   494030.001
   505:   498221.003   500032.001   503540.003   503783.001   504190.003
   510:   505250.001   505313.003   505338.001   509865.003   510818.005
   515:   510831.009   510859.005   510879.009   511768.001   516536.003
   520:   518634.001   518912.003   518963.001   522745.003   522826.001
   525:   523298.003   523628.001   528496.003   528565.001   528624.003
   530:   531135.001   535835.003   539139.001   539196.003   539361.001
   535:   544319.003   545622.005   545723.009   546590.001   546695.003
   540:   546725.001   551725.018   551924.003   551930.016   551980.026
   545:   552225.005   552597.009   552608.005   552907.009   554602.001
   550:   554731.003   554928.001   555031.003   555272.001   556016.003
   555:   556132.001   560042.003   562443.001   562507.003   562524.001
   560:   566926.003   566992.001   567423.003   568281.005   568896.009
   565:   568897.005   568918.009   569966.001   570093.003   570152.001
   570:   574757.003   575461.001   575620.003   575764.001   575795.003
   575:   575821.001   577257.003   577332.001   577774.003   578254.001
   580:   578346.003   578374.001   583374.018   583734.003   583740.016
   585:   583790.026   584030.005   585191.009   587216.001   587268.003
   590:   587365.001   590854.003   591295.001   591635.003   591715.001
   595:   591873.003   593478.001   593523.003   593560.001   594001.003
   600:   594117.001   594170.003   594229.001   598141.003   598621.001
   605:   599329.003   601260.001   606260.018   606625.003   606631.016
   610:   606681.026   606858.005   607555.009   607576.005   607608.009
   615:   609933.001   610217.003   610496.001   610572.003   610601.001
   620:   614788.003   614816.001   615426.003   616631.001   616693.003
   625:   616798.001   616831.003   617232.001   617320.003   617393.001
   630:   617443.003   618112.001   618218.003   618256.001   623256.018
   635:   623819.003   623825.016   623875.026   624027.005   625442.009
   640:   627609.001   632288.003   635427.001   635489.003   635529.001
   645:   635561.003   635699.001   635740.003   635975.001   636630.003
   650:   636673.001   640524.003   641980.001   642045.005   642051.009
   655:   642082.003   643240.001   643273.003   643307.001   648307.018
   660:   648673.003   648679.016   648729.026   648906.005   649763.009
   665:   649771.005   649818.009   649829.005   649865.009   649877.005
   670:   649927.009   649960.005   650072.009   652518.001   657471.003
   675:   658288.001   663288.018   663786.003   663792.016   663842.026
   680:   663986.005   664766.009   664920.005   665025.009   666934.001
   685:   667057.003   667099.001   667173.003   667265.001   671493.003
   690:   672732.005   673095.009   673104.005   673109.009   674115.001
   695:   677778.003   679311.005   680769.009   680883.005   680908.009
   700:   681519.001   685570.003   685616.001   685896.003   686540.001
   705:   686876.003   687898.001   692875.003   695738.001   700738.018
   710:   701081.003   701087.016   701137.026   701300.005   701967.009
   715:   701991.005   702150.009   702300.005   702384.009   704457.001
   720:   704577.003   704604.001   709604.018   709913.003   709919.016
   725:   709969.026   710168.005   711226.009   711305.005   711516.009
   730:   711538.005   711579.009   711605.005   711626.009   713510.001
   735:   713568.003   713680.001   717780.003   717878.001   718183.003
   740:   718843.001   718887.003   718914.001   723798.003   724388.001
   745:   724788.003   725442.001   725462.003   725532.001   730262.003
   750:   731178.005   731329.009   731351.005   731362.009   731851.001
   755:   736462.003   736532.001   736655.003   737097.001   737208.003
   760:   737510.005   737545.009   737576.005   737585.009   738108.001
   765:   743108.018   743645.003   743651.016   743701.026   743858.005
   770:   744993.009   745002.005   745037.009   745045.005   745069.009
   775:   745074.005   745197.009   745334.005   745544.009   745555.005
   780:   745562.009   747089.001   747140.003   747180.001   752180.018
   785:   753114.003   753120.016   753170.026   753322.005   753911.009
   790:   756344.001   756441.003   756468.001   756642.003   756706.001
   795:   761706.018   762245.003   762251.016   762301.026   762534.005
   800:   762880.009   762899.005   763036.009   763062.005   763070.009
   805:   763105.005   763568.009   766029.001   766103.003   766194.001
   810:   771032.003   771643.001   772054.003   773975.005   774069.009
   815:   775458.001   780399.003   780982.001   781018.003   781075.001
   820:   785558.003   786860.005   787023.009   788137.001   788206.003
   825:   788234.001   792512.003   792561.001   792725.003   801063.001
   830:   801119.003   801164.001   803801.003   803821.001   805696.003
   835:   806800.001   811800.018   811836.003   811842.016   811892.026
   840:   812014.005   812721.009   812742.005   812751.009   815600.001
   845:   820600.018   820836.003   820842.016   820892.026   821114.005
   850:   821550.009   824093.001   824231.003   824317.001   828108.003
   855:   829292.005   829327.009   829696.001   833476.003   834918.001
   860:   835274.003   835310.001   840310.018   840430.003   840436.016
   865:   840486.026   840662.005   841499.009   841505.005   841521.009
   870:   844047.001   844101.003   844185.001   847851.003   848351.001
   875:   848446.003   848471.001   852782.003   853433.001   857616.003
   880:   859899.001   859970.003   860075.001   864644.003   868280.001
   885:   872239.003   872265.001   872341.003   874662.001   879662.018
   890:   879820.003   879826.016   879876.026   880136.005   881031.009
   895:   881046.005   881182.009   881242.005   881261.009   881283.005
   900:   881303.009   881368.005   881386.009   881392.005   881830.009
   905:   881837.005   881863.009   882656.005   882682.009   882721.005
   910:   882727.009   882733.005   882741.009   883388.001   883517.003
   915:   883603.001   888603.018   889013.003   889019.016   889069.026
   920:   889231.005   889725.009   889732.005   889762.009   889822.005
   925:   890123.009   890137.005   890151.009   890167.005   890295.009
   930:   893219.001   893321.003   893402.001   897755.003   897877.001
   935:   898180.003   899613.001   899684.003   899705.001   902712.003
   940:   902723.001   904051.003   905270.001   905354.003   905411.001
   945:   909903.003   911827.001   911892.003   911940.001   912076.003
   950:   912234.001   912260.003   912279.001   915924.003   916017.001
   955:   916279.003   917662.001   917967.003   918104.001   922155.003
   960:   922390.001   922593.003   923816.005   923915.009   923944.005
   965:   924494.009   924507.005   924526.009   924532.005   924544.009
   970:   925725.001   925844.003   925895.001   930895.018   931155.003
   975:   931161.016   931211.026   931331.001   931438.003   931574.005
   980:   931587.009   931592.005   932241.009   932242.005   932478.009
   985:   932509.005   932516.009   934816.001   934852.003   934905.001
   990:   939905.018   940450.003   940456.016   940506.026   940720.005
   995:   941382.009   941510.005   941514.009   943700.001   943852.003
  1000:   943870.001   948561.003   949377.001   954377.018   955443.003
  1005:   955449.016   955499.026   955716.005   956358.009   956366.005
  1010:   956412.009   958594.001   958865.003   958940.001   963940.018
  1015:   964076.003   964082.016   964132.026   964214.005   964725.009
  1020:   964749.005   964790.009   964864.005   964875.009   964970.005
  1025:   964982.009   965040.005   965047.009   967355.001   967386.003
  1030:   967437.001   967590.003   967636.001   972486.003   973422.001
  1035:   978422.018   978825.003   978831.016   978881.026   979081.005
  1040:   980046.009   983031.001   983248.003   983451.001   984397.003
  1045:   984418.001   986912.003   987159.001   987239.003   988010.001
  1050:   992581.003   992633.001   992792.003   994887.001   999887.018
  1055:   999938.003   999944.016   999994.026  1000100.005  1000786.009
  1060:  1002039.005  1002436.009  1003594.001  1008479.003  1010601.005
  1065:  1010686.009  1010689.005  1010694.009  1011235.001  1016235.018
  1070:  1016872.003  1016878.016  1016928.026  1017080.005  1017102.009
  1075:  1017196.005  1017708.009  1017939.005  1017987.009  1018256.005
  1080:  1018316.009  1019930.001  1020024.003  1020603.001  1020646.003
  1085:  1021211.001  1021241.003  1021305.001  1026081.003  1027393.001
  1090:  1032027.003  1033904.005  1033915.009  1034149.005  1034158.009
  1095:  1034676.001  1039676.018  1040166.003  1040172.016  1040195.001
  1100:  1040222.026  1040227.003  1040292.005  1041062.009  1042589.005
  1105:  1043418.009  1043419.005  1043423.009  1043426.005  1043432.009
  1110:  1043465.005  1043475.009  1043496.005  1043498.009  1043508.005
  1115:  1043516.009  1043517.005  1043539.009  1043541.005  1043910.009
  1120:  1044684.001  1049684.018  1049688.003  1049694.016  1049744.026
  1125:  1050115.005  1050697.009  1050732.005  1050736.009  1050980.005
  1130:  1051090.009  1051118.005  1051126.009  1053187.001  1057632.003
  1135:  1057642.001  1059266.003  1059618.001  1060269.003  1061225.001
  1140:  1061320.003  1061330.001  1065721.003  1066718.001  1070879.003
  1145:  1074512.001  1074549.003  1074593.001  1074623.003  1074693.001
  1150:  1079593.003  1080437.001  1080546.003  1080683.001  1084783.003
  1155:  1086920.001  1091146.003  1093688.001  1098403.003  1100791.001
  1160:  1100830.003  1101024.001  1105677.003  1108863.001  1108919.003
  1165:  1108991.001  1113603.003  1114842.005  1114868.009  1116018.001
  1170:  1116050.003  1116136.001  1120575.003  1121987.001  1122150.003
  1175:  1122220.001  1122368.003  1122474.001  1122561.003  1122776.001
  1180:  1122837.003  1122909.001  1123074.003  1123165.001  1123332.003
  1185:  1123423.001  1123716.003  1124497.005  1124748.009  1125854.001
  1190:  1125884.003  1125922.001  1129983.003  1130220.001  1130399.003
  1195:  1134740.005  1134777.009  1134782.005  1134824.009  1134981.005
  1200:  1135236.009  1135252.005  1135289.009  1135308.005  1135522.009
  1205:  1136010.001  1136074.003  1136163.001  1139014.003  1139046.001
  1210:  1139670.003  1140892.001  1143937.003  1144162.001  1145071.003
  1215:  1145274.001  1148697.003  1148711.001  1149228.003  1180412.005
  1220:  1180542.009  1180562.005  1180571.009  1181855.001  1181895.003
  1225:  1181945.001  1186092.003  1186142.001  1186360.003  1187518.001
  1230:  1191102.003  1191144.001  1191435.003  1192374.001  1195818.003
  1235:  1197229.001  1197252.003  1197326.001  1197395.003  1197396.001
  1240:  1201175.003  1201909.005  1202386.009  1202449.005  1202456.009
  1245:  1202505.005  1202531.009  1202587.005  1202592.009  1202597.005
  1250:  1202606.009  1202626.005  1202630.009  1202695.005  1202743.009
  1255:  1203030.005  1203035.009  1204211.001  1207978.003  1207999.001
  1260:  1208293.003  1209793.005  1209883.009  1210542.001  1214924.003
  1265:  1227429.005  1227521.009  1228841.001  1232891.003  1233734.005
  1270:  1233761.009  1260861.005  1260878.009  1262469.001  1262633.003
  1275:  1262651.001  1266111.003  1266165.001  1266218.003  1266325.001
  1280:  1266350.003  1268528.005  1268694.009  1276414.005  1276506.009
  1285:  1277066.001  1277186.003  1277253.001  1281066.003  1281751.001
  1290:  1285808.003  1293165.001  1297696.003  1306455.005  1307203.009
  1295:  1307296.005  1307325.009  1307342.005  1307350.009  1307844.005
  1300:  1307855.009  1307979.005  1307993.009  1308698.001  1311576.003
  1305:  1311800.001  1311891.003  1312212.001  1312348.003  1312439.001
  1310:  1312577.003  1312616.001  1316141.003  1317722.005  1317841.009
  1315:  1317847.005  1317854.009  1318217.001  1323217.018  1324309.003
  1320:  1324315.016  1324365.026  1324540.005  1325340.009  1332139.001
  1325:  1335624.003  1335820.001  1335851.003  1337300.001  1341868.003
  1330:  1343529.005  1343657.009  1344558.001  1348122.003  1352548.005
  1335:  1352612.009  1352662.005  1352821.009  1353496.001  1353564.003
  1340:  1353648.001  1358648.018  1358788.003  1358794.016  1358844.026
  1345:  1359031.005  1359748.009  1359766.005  1359807.009  1360050.005
  1350:  1360082.009  1360415.005  1360472.009  1360539.005  1360564.009
  1355:  1360578.005  1360603.009  1363373.001  1363400.003  1363479.001
  1360:  1363638.003  1363691.001  1368039.003  1369451.001  1374451.018
  1365:  1374656.003  1374662.016  1374712.026  1374846.005  1375542.009
  1370:  1375547.005  1375555.009  1375678.005  1375686.009  1375726.005
  1375:  1375775.009  1375841.005  1375889.009  1376002.005  1376026.009
  1380:  1376058.005  1376179.009  1376184.005  1376223.009  1376224.005
  1385:  1376239.009  1376275.005  1376422.009  1377973.001  1382208.003
  1390:  1382630.001  1382766.003  1382784.001  1386833.003  1387666.005
  1395:  1387713.009  1388282.001  1392548.003  1396894.001  1396951.003
  1400:  1397009.001  1401590.003  1412450.001  1412518.003  1412570.001
  1405:  1417570.018  1417963.003  1417969.016  1418019.026  1418247.005
  1410:  1418695.009  1418701.005  1418838.009  1418844.005  1418901.009
  1415:  1419040.005  1419180.009  1419482.005  1419598.009  1419641.005
  1420:  1419672.009  1419675.005  1419680.009  1421647.001  1421729.003
  1425:  1421830.001  1426802.003  1427928.001  1432495.003  1434055.001
  1430:  1439055.018  1439089.003  1439095.016  1439145.026  1439338.005
  1435:  1439889.009  1439893.005  1440113.009  1440136.005  1440523.009
  1440:  1440557.005  1440565.009  1440569.005  1440925.009  1440986.005
  1445:  1440997.009  1443132.001  1448132.018  1449039.003  1449045.016
  1450:  1449095.026  1449213.005  1449615.009  1449629.005  1450375.009
  1455:  1450446.005  1450538.009  1450706.005  1450966.009  1451149.005
  1460:  1451266.009  1451355.005  1451405.009  1451844.005  1451877.009
  1465:  1454259.005  1454288.009  1454291.005  1455187.009  1460734.001
  1470:  1465036.003  1466132.001  1466754.003  1468100.001  1468167.003
  1475:  1468239.001  1473239.018  1473908.003  1473914.016  1473964.026
  1480:  1474109.005  1474589.009  1474592.005  1474608.009  1474610.005
  1485:  1474869.009  1474915.005  1474927.009  1476655.001  1476709.003
  1490:  1476861.001  1481861.018  1482364.003  1482370.016  1482420.026
  1495:  1482547.005  1482920.009  1483023.005  1483075.009  1483335.005
  1500:  1483581.009  1483639.005  1483645.009  1483661.005  1483696.009
  1505:  1483875.005  1483886.009  1484410.005  1484448.009  1486442.001
  1510:  1486512.003  1486552.001  1486731.003  1486872.001  1491872.018
  1515:  1491899.003  1491905.016  1491955.026  1491956.001  1491973.003
  1520:  1492034.005  1492641.009  1494321.005  1494342.009  1494364.005
  1525:  1494767.009  1496167.001  1496280.003  1496345.001
B:
     0:        0.000      436.000        0.000      435.000        0.000
     5:      253.000        0.000        0.000        0.000      253.000
    10:        0.000        1.000        0.000        1.000        0.000
    15:        0.000       50.000        0.000       50.000        0.000
    20:        0.000        0.000        0.000        0.000        0.000
    25:        0.000       50.000        0.000        0.000        0.000
    30:        0.000
D:
     0:  1541111.000  1537451.000  1537386.000
E:
     0:     5000.000     5000.000
P:
     0:        0.000        8.000      577.000       60.000      211.000
     5:      141.000       72.000     4220.000      249.000      160.000
    10:     3198.000     1158.000       50.000      123.000       38.000
    15:     3567.000       25.000       21.000       56.000     5298.000
    20:       71.000       90.000       66.000       36.000     4991.000
    25:       69.000     2957.000     2257.000      896.000      152.000
    30:     6475.000      114.000     5791.000     4588.000      244.000
    35:       66.000     6120.000      167.000     5350.000       36.000
    40:      110.000      147.000     4939.000      280.000     2629.000
    45:     5112.000     4750.000      264.000     4582.000       59.000
    50:     3944.000      106.000     5449.000      124.000      143.000
    55:      251.000      181.000     3032.000     1375.000      139.000
    60:       82.000     5260.000      117.000     4966.000      132.000
    65:     6043.000     5049.000     4854.000     3178.000     1285.000
    70:      357.000     3477.000     4706.000     3073.000      247.000
    75:     2911.000      152.000      182.000       37.000     5647.000
    80:      185.000     4953.000      266.000     4581.000       51.000
    85:     4560.000       55.000     3380.000      356.000       27.000
    90:       28.000     4279.000      320.000      579.000       92.000
    95:     4024.000      143.000     4452.000      275.000     4920.000
   100:     4888.000     4773.000       86.000     5273.000       51.000
   105:      132.000     4920.000     4521.000      234.000     4642.000
   110:     3542.000     1174.000       83.000      395.000      121.000
   115:       24.000     4068.000      246.000      201.000       30.000
   120:     4475.000      446.000     2379.000      499.000     1261.000
   125:      270.000     2374.000     1914.000       96.000      238.000
   130:     5138.000     3900.000       53.000      247.000       65.000
   135:     5188.000       31.000       96.000       51.000      196.000
   140:     4050.000       66.000     4514.000     4582.000     4255.000
   145:      726.000      235.000     4790.000     4571.000      309.000
   150:     4519.000     4659.000     5424.000       87.000     4165.000
   155:       90.000     5380.000       96.000      357.000      181.000
   160:      216.000      307.000       30.000     4524.000      224.000
   165:      379.000     3370.000     1036.000      219.000      148.000
   170:     4590.000     4191.000     3508.000      407.000       63.000
   175:     4527.000     4768.000      278.000     3782.000      472.000
   180:     4868.000       59.000     4700.000       57.000     4958.000
   185:      105.000     5199.000      129.000      103.000      744.000
   190:     3910.000       64.000     4402.000      431.000      127.000
   195:     4605.000      159.000       31.000     1436.000      442.000
   200:       92.000     5360.000       52.000     3489.000      340.000
   205:      158.000       45.000      441.000       53.000     3912.000
   210:      708.000     5365.000      284.000       76.000     4187.000
   215:      610.000       62.000       33.000       88.000       50.000
   220:      106.000     5563.000     4679.000       62.000       32.000
   225:       41.000      655.000     3851.000      102.000       33.000
   230:     5366.000     4953.000     5498.000      123.000       74.000
   235:     4228.000     3663.000     4051.000      280.000      336.000
   240:     4977.000     5343.000      120.000     5309.000       58.000
   245:     4100.000      305.000       44.000     4884.000      400.000
   250:       20.000     4730.000     4611.000      123.000      111.000
   255:     5537.000       51.000     5934.000       97.000      174.000
   260:     5539.000       74.000     4838.000      411.000     4941.000
   265:       36.000     4483.000       69.000     4278.000      164.000
   270:       56.000     2637.000     1875.000     5036.000     5236.000
   275:      138.000     3791.000     3780.000      356.000     5120.000
   280:       54.000     3666.000       95.000     4311.000     4183.000
   285:       71.000     4569.000     3959.000       76.000     5158.000
   290:      129.000     5410.000      102.000     4353.000      303.000
   295:       71.000     3007.000     1328.000       84.000     4492.000
   300:       65.000      136.000       26.000     3645.000      262.000
   305:      305.000     4051.000      203.000      119.000     5260.000
   310:      107.000       36.000     5545.000      152.000     4691.000
   315:     6066.000      271.000     5136.000       31.000      153.000
   320:     4850.000     5403.000      217.000      946.000     2494.000
   325:       80.000     4571.000      159.000     5051.000     4885.000
   330:     5637.000       94.000       43.000       30.000     4776.000
   335:     4634.000     5490.000        3.000     5004.000     4445.000
   340:     1624.000      651.000       95.000     4391.000     4161.000
   345:       37.000       30.000     4900.000      109.000     4100.000
   350:     4226.000     4715.000       39.000     4653.000       56.000
   355:     4612.000       32.000     4439.000      163.000      148.000
   360:       87.000       61.000      165.000      167.000      293.000
   365:       30.000     4061.000      179.000       64.000     2851.000
   370:      624.000     3045.000      909.000     3423.000      517.000
   375:       40.000     4147.000      218.000     3584.000      291.000
   380:     3444.000       23.000       69.000     3773.000     3767.000
   385:      294.000     4382.000     4050.000      164.000     3460.000
   390:       53.000       25.000      120.000     3813.000     4057.000
   395:     4531.000     2878.000       91.000      136.000      138.000
   400:     3525.000     6092.000     3485.000       31.000     4568.000
   405:     3564.000       68.000     5140.000       27.000      159.000
   410:     4348.000     5205.000     4235.000      136.000     4049.000
   415:     4266.000       57.000     4581.000       68.000     5393.000
   420:       82.000     4972.000     4567.000     5034.000     5907.000
   425:     4302.000      622.000       67.000     5669.000       54.000
   430:     5503.000       70.000      179.000     5027.000       16.000
   435:      113.000        0.000
R:
     0:        1.000        0.000        0.000
T:
     0:        0.000        0.000        0.000        0.000
W:
     0:        2.000        0.000        0.000
