File: C:\MED-PC IV\Data\Reyes\AW\AW1048.999


Start Date: 08/24/24
End Date: 08/24/24
Subject: 48
Experiment: AW
Group: EXP10
Box: 4
Start Time: 15:37:58
End Time: 16:27:58
MSN: DRRD_exp_10
C:       0.000
F:       1.000
G:       0.000
H:       0.000
I:       0.000
J:       0.000
K:   10000.000
L:       0.000
M:       0.000
N:       0.000
O:       0.000
P:       0.000
Q:       0.000
R:       0.000
S:       0.000
U:   63942.000
V:       0.000
X:       0.000
Y:    1591.000
Z:       0.000
A:
     0:     2007.005     2082.009     3841.005     3889.009     4057.005
     5:     4589.009    10910.005    11551.009    11619.005    11927.009
    10:    15000.013    15000.011    15351.005    15699.009    17695.005
    15:    17777.009    18495.001    18891.003    18910.001    19141.003
    20:    21020.005    21189.009    21774.001    21825.003    22145.001
    25:    27145.018    27201.003    27207.016    27257.026    27291.001
    30:    27354.003    27425.005    28128.009    29300.001    34062.003
    35:    34247.005    34670.009    35297.001    35411.003    35868.001
    40:    35966.003    36632.001    36688.003    37083.005    37112.009
    45:    37120.005    37152.009    37798.005    37821.009    38138.001
    50:    43138.018    43973.003    43979.016    44029.026    44164.005
    55:    44850.009    45328.001    50084.003    50236.001    50523.003
    60:    50659.001    54512.003    54702.005    55039.009    55630.001
    65:    60630.018    62856.003    62862.016    62912.026    63007.005
    70:    63409.009    63444.005    63525.009    64241.001    64592.003
    75:    64634.001    69634.018    70430.003    70436.016    70486.026
    80:    70655.005    71407.009    71434.005    71857.009    72799.001
    85:    77696.003    77944.005    78056.009    78302.005    78319.009
    90:    78399.005    78745.009    79228.001    79271.003    79306.001
    95:    84306.018    85421.003    85427.016    85477.026    85617.005
   100:    86071.009    86109.005    86118.009    86126.005    86298.009
   105:    87461.001    91921.003    93186.001    94069.003    94271.001
   110:    98133.003    99604.001   103898.003   106276.001   106335.003
   115:   106451.001   106542.003   106598.001   106897.003   107128.005
   120:   107204.009   108654.001   113654.018   115688.003   115694.016
   125:   115744.026   115856.005   116676.009   117169.001   122169.018
   130:   124326.003   124332.016   124382.026   124499.005   125001.009
   135:   125022.005   125041.009   125693.001   130693.018   132421.003
   140:   132427.016   132477.026   132611.005   133085.009   133669.001
   145:   138669.018   140572.003   140578.016   140628.026   140769.005
   150:   142253.009   142950.001   147950.018   151090.003   151096.016
   155:   151146.026   151258.005   151768.009   151806.005   151905.009
   160:   152199.001   157199.018   160377.003   160383.016   160433.026
   165:   160579.005   161058.009   161704.001   166704.018   168092.003
   170:   168098.016   168148.026   168276.005   168956.009   169509.001
   175:   174509.018   175252.003   175258.016   175308.026   175435.005
   180:   175944.009   175976.005   175978.009   176345.005   176351.009
   185:   176717.001   181717.018   182082.003   182088.016   182138.026
   190:   182251.005   182661.009   182704.005   182808.009   183291.001
   195:   188291.018   188304.003   188310.016   188360.026   188452.005
   200:   188927.009   188967.005   188978.009   189036.005   189099.009
   205:   189514.001   194514.018   195440.003   195446.016   195496.026
   210:   195588.005   196074.009   196095.005   196455.009   196921.001
   215:   201921.018   203258.003   203264.016   203314.026   203452.005
   220:   203978.009   204049.005   204059.009   204419.001   209419.018
   225:   210504.003   210510.016   210560.026   210647.005   211074.009
   230:   211583.001   216583.018   217318.003   217324.016   217374.026
   235:   217478.005   218052.009   218074.005   218122.009   218682.001
   240:   223227.003   223855.001   224360.003   226141.005   226297.009
   245:   227300.001   227415.003   227572.001   232232.003   232422.005
   250:   232500.009   232676.005   232931.009   233436.001   238436.018
   255:   239612.003   239618.016   239668.026   239786.005   240349.009
   260:   240857.001   241769.003   241802.001   242319.003   244823.005
   265:   244961.009   244982.005   245064.009   245822.001   250822.018
   270:   251505.003   251511.016   251561.026   251720.005   252158.009
   275:   252189.005   252270.009   252745.001   257745.018   259234.003
   280:   259240.016   259290.026   259386.005   259748.009   259752.005
   285:   259787.009   260116.001   261196.003   261213.001   261376.003
   290:   261411.001   266093.003   266363.001   266438.003   266457.001
   295:   266638.003   266679.001   266740.003   266801.001   266906.003
   300:   267199.001   267861.003   269327.005   269483.009   270432.001
   305:   271696.003   271853.001   272012.003   272227.005   272259.009
   310:   273874.005   274314.009   276377.001   280619.003   280847.005
   315:   281099.009   281369.001   283448.003   283768.001   284243.003
   320:   284333.005   284422.009   285415.001   285690.003   286339.001
   325:   291271.003   291697.001   291733.003   291821.001   291849.003
   330:   292004.001   292027.003   292252.005   292396.009   292469.005
   335:   292481.009   292626.005   292703.009   293621.001   298342.003
   340:   298517.001   298657.003   298889.001   298905.003   298980.001
   345:   300684.003   300954.001   301197.003   301252.001   301267.003
   350:   301369.005   301807.009   303034.001   305094.003   305162.005
   355:   305280.009   305680.005   305770.009   306810.005   306823.009
   360:   308652.001   308960.003   308995.001   313800.003   314149.001
   365:   314796.003   314855.001   315249.003   315298.001   315894.003
   370:   315929.001   315976.003   316261.005   316419.009   316882.001
   375:   321882.018   323924.003   323930.016   323980.026   324086.005
   380:   324712.009   325663.001   330663.018   332184.003   332190.016
   385:   332240.026   332382.005   332761.009   332800.005   332846.009
   390:   333283.001   333866.003   333894.001   338143.003   338163.001
   395:   338793.003   338963.001   339088.003   339127.001   339377.003
   400:   339493.005   339695.009   341816.001   342336.003   342405.001
   405:   347405.018   348900.003   348906.016   348956.026   349084.005
   410:   349454.009   349455.005   349484.009   349500.005   349553.009
   415:   350383.001   355383.018   356731.003   356737.016   356787.026
   420:   356886.005   357544.009   358081.001   363081.018   363163.003
   425:   363169.016   363219.026   363317.005   364072.009   364464.001
   430:   369464.018   370094.003   370100.016   370150.026   370312.005
   435:   371302.009   371711.001   376711.018   377493.003   377499.016
   440:   377549.026   377688.005   378329.009   378726.001   383726.018
   445:   384402.003   384408.016   384458.026   384567.005   384891.009
   450:   384908.005   384970.009   385010.005   385024.009   385555.001
   455:   385849.003   386065.001   386394.003   386424.001   391424.018
   460:   391722.003   391728.016   391778.026   391900.005   392319.009
   465:   392827.001   397827.018   398954.003   398960.016   399010.026
   470:   399115.005   399744.009   401064.001   406064.018   406820.003
   475:   406826.016   406876.026   407007.005   407726.009   408238.001
   480:   408727.003   408750.001   413750.018   414925.003   414931.016
   485:   414981.026   415102.005   415623.009   416552.001   417211.003
   490:   417245.001   420023.003   420033.001   422494.003   424697.001
   495:   424904.003   425189.005   425252.009   428246.001   433246.018
   500:   433404.003   433410.016   433460.026   433558.005   434185.009
   505:   434619.001   435457.003   435482.001   440482.018   440790.003
   510:   440796.016   440846.026   440968.005   441564.009   442259.001
   515:   443390.003   443446.001   448360.003   448531.005   448676.009
   520:   450612.001   451160.003   458245.005   458277.009   458287.005
   525:   458476.009   459266.001   459675.003   459712.001   464712.018
   530:   464807.003   464813.016   464863.026   464967.005   465502.009
   535:   465549.005   465634.009   465664.005   465675.009   465737.005
   540:   465741.009   466217.001   471217.018   472090.003   472096.016
   545:   472146.026   472272.005   472898.009   472912.005   472941.009
   550:   473572.001   474102.003   474164.001   478705.003   478837.001
   555:   478893.003   479326.001   480855.003   480905.001   481341.003
   560:   481618.005   481682.009   481689.005   481711.009   483815.001
   565:   483879.003   485133.005   485169.009   486448.005   486452.009
   570:   487006.001   491955.003   492372.005   492504.009   493672.001
   575:   498672.018   499104.003   499110.016   499160.026   499285.005
   580:   499967.009   500229.001   505229.018   505853.003   505859.016
   585:   505909.026   506031.005   506685.009   506971.001   507979.003
   590:   508153.001   508273.003   508296.001   513296.018   514062.003
   595:   514068.016   514118.026   514313.005   514924.009   515908.001
   600:   520546.003   520624.005   520852.009   523963.001   528963.018
   605:   529478.003   529484.016   529534.026   529636.001   529675.003
   610:   529715.005   530352.009   531085.001   536085.018   536597.003
   615:   536603.016   536653.026   536790.005   537432.009   538343.001
   620:   542790.003   543789.001   544213.003   544350.001   549350.018
   625:   550900.003   550906.016   550956.026   551128.005   551691.009
   630:   552128.001   557128.018   558525.003   558531.016   558581.026
   635:   558744.005   559392.009   559716.001   564716.018   565624.003
   640:   565630.016   565680.026   565778.005   566320.009   567573.001
   645:   572012.003   572080.001   572132.003   572867.001   573251.003
   650:   574935.005   575089.009   575125.005   575147.009   576299.001
   655:   581299.018   581931.003   581937.016   581987.026   582105.005
   660:   582792.009   583257.001   588257.018   589350.003   589356.016
   665:   589406.026   589564.005   590020.009   590803.001   595803.018
   670:   597333.003   597339.016   597389.026   597508.005   598084.009
   675:   598539.001   603539.018   604304.003   604310.016   604360.026
   680:   604515.005   605132.009   606648.001   610700.003   610842.005
   685:   611104.009   612538.001   617538.018   618747.003   618753.016
   690:   618803.026   618967.005   619605.009   620345.001   625345.018
   695:   626007.003   626013.016   626063.026   626204.005   626548.009
   700:   626553.005   626615.009   626619.005   626681.009   626976.001
   705:   631976.018   633003.003   633009.016   633059.026   633213.005
   710:   633574.009   633578.005   633595.009   633608.005   633734.009
   715:   634191.001   639191.018   640056.003   640062.016   640112.026
   720:   640262.005   640954.009   641481.001   646481.018   647821.003
   725:   647827.016   647877.026   647975.005   648574.009   649093.001
   730:   653445.003   656425.001   656872.003   660775.001   664492.003
   735:   664807.001   665012.003   665056.001   665110.003   665352.001
   740:   666932.003   666990.001   667001.003   667515.005   667647.009
   745:   668313.001   669730.003   669832.001   670110.003   670147.001
   750:   675147.018   675746.003   675752.016   675802.026   675998.005
   755:   676709.009   677660.001   682660.018   684594.003   684600.016
   760:   684650.026   684779.005   685561.009   686067.001   686608.003
   765:   686757.001   691757.018   693094.003   693100.016   693150.026
   770:   693351.005   693862.009   693879.005   693888.009   694063.005
   775:   694154.009   694657.001   695092.003   695179.001   695325.003
   780:   695408.001   700408.018   700524.003   700530.016   700580.026
   785:   700837.005   701431.009   701951.001   706951.018   707278.003
   790:   707284.016   707334.026   707484.005   708046.009   708052.005
   795:   708104.009   708112.005   708149.009   708741.001   713741.018
   800:   715482.003   715488.016   715538.026   715679.005   715984.009
   805:   715993.005   716012.009   716824.001   717802.003   717839.001
   810:   722839.018   723150.003   723156.016   723206.026   723412.005
   815:   724079.009   724669.001   729669.018   730944.003   730950.016
   820:   731000.026   731166.005   731805.009   732401.001   737401.018
   825:   737788.003   737794.016   737819.001   737844.026   737952.003
   830:   738092.005   738741.009   739256.001   744256.018   746200.003
   835:   746206.016   746235.001   746256.026   746291.003   746360.005
   840:   747077.009   748067.001   753067.018   755411.003   755417.016
   845:   755467.026   755585.005   756065.009   756067.005   756079.009
   850:   756093.005   756098.009   756657.001   761657.018   762747.003
   855:   762753.016   762803.026   762916.005   763499.009   763947.001
   860:   768947.018   771277.003   771283.016   771307.001   771333.026
   865:   771433.003   771600.005   772000.009   772538.005   773053.009
   870:   774358.001   779358.018   782164.003   782170.016   782220.026
   875:   782367.005   783261.009   783306.005   783314.009   783383.005
   880:   783402.009   784628.001   789628.018   789964.003   789970.016
   885:   790020.026   790029.001   790127.003   790145.001   790211.003
   890:   790273.005   791006.009   792275.001   797275.018   798373.003
   895:   798379.016   798429.026   798614.005   799087.009   799774.001
   900:   800082.003   800094.001   805094.018   806245.003   806251.016
   905:   806301.026   806424.005   807213.009   807881.001   812881.018
   910:   814011.003   814017.016   814067.026   814143.005   814735.009
   915:   816528.005   816554.009   817614.001   822614.018   824086.003
   920:   824092.016   824142.026   824288.005   825095.009   825710.001
   925:   830710.018   830976.003   830982.016   831032.026   831179.005
   930:   831630.009   831673.005   831709.009   831738.005   831780.009
   935:   832420.001   837234.003   837387.001   837422.003   837648.005
   940:   837862.009   838801.001   843801.018   845472.003   845478.016
   945:   845528.026   845678.005   846404.009   847094.001   848216.003
   950:   848275.001   849436.003   849469.001   854395.003   869318.001
   955:   870149.003   875772.005   875845.009   878011.001   879123.003
   960:   880525.005   881010.009   886738.005   886829.009   891210.005
   965:   891312.009   893234.001   894003.003   894025.001   894367.003
   970:   895751.001   895763.003   895817.001   900017.003   900197.001
   975:   904960.003   905290.001   906869.003   907093.005   907254.009
   980:   908536.005   908662.009   909751.001   914751.018   915602.003
   985:   915608.016   915658.026   915787.005   916304.009   916847.001
   990:   921847.018   922954.003   922960.016   923010.026   923117.005
   995:   923686.009   925529.005   925554.009   926713.001   931713.018
  1000:   932972.003   932978.016   933028.026   933145.005   933803.009
  1005:   934221.001   939221.018   940298.003   940304.016   940354.026
  1010:   940472.005   940882.009   940939.005   941014.009   941688.001
  1015:   946688.018   948599.003   948605.016   948655.026   948805.005
  1020:   949257.009   949322.005   949332.009   949814.001   954814.018
  1025:   957042.003   957048.016   957098.026   957328.005   957940.009
  1030:   958596.005   958950.009   959550.001   964550.018   965971.003
  1035:   965977.016   966027.026   966180.005   966802.009   968071.001
  1040:   973071.018   973293.003   973299.016   973349.026   973529.005
  1045:   974205.009   974234.005   974239.009   974785.001   979785.018
  1050:   980781.003   980787.016   980837.026   980953.005   981365.009
  1055:   981387.005   981435.009   981530.005   981571.009   982060.001
  1060:   986521.003   986664.001   986687.003   987702.001   987718.003
  1065:   987831.001   991112.003   991136.001   991380.003   994731.005
  1070:   994763.009   995907.001  1000907.018  1001689.003  1001695.016
  1075:  1001745.026  1001885.005  1002483.009  1003875.001  1003916.003
  1080:  1003930.001  1008026.003  1008845.001  1013845.018  1013983.003
  1085:  1013989.016  1014039.026  1014202.005  1014715.009  1016368.001
  1090:  1021368.018  1021752.003  1021758.016  1021808.026  1021956.005
  1095:  1022552.009  1022987.001  1027987.018  1028102.003  1028108.016
  1100:  1028158.026  1028167.001  1028252.003  1028387.005  1028881.009
  1105:  1029295.001  1034295.018  1036107.003  1036113.016  1036163.026
  1110:  1036300.005  1037645.009  1037938.001  1038346.003  1038884.001
  1115:  1043884.018  1044204.003  1044210.016  1044260.026  1044297.001
  1120:  1044314.003  1044420.005  1045080.009  1045132.005  1045149.009
  1125:  1045224.005  1045333.009  1045659.001  1050432.003  1050489.001
  1130:  1050527.003  1050968.005  1050999.009  1052911.001  1057911.018
  1135:  1060091.003  1060097.016  1060147.026  1060283.005  1060865.009
  1140:  1061185.001  1066185.018  1066977.003  1066983.016  1067033.026
  1145:  1067063.001  1067172.003  1067283.005  1067894.009  1068366.001
  1150:  1069077.003  1069320.001  1074320.018  1075360.003  1075366.016
  1155:  1075416.026  1075497.005  1075963.009  1075977.005  1076074.009
  1160:  1076652.001  1081652.018  1082407.003  1082413.016  1082463.026
  1165:  1082607.005  1083327.009  1083924.001  1088924.018  1090641.003
  1170:  1090647.016  1090697.026  1090810.005  1091449.009  1091452.005
  1175:  1091457.009  1092364.001  1097364.018  1097585.003  1097591.016
  1180:  1097641.026  1097751.005  1098376.009  1098956.001  1103956.018
  1185:  1105683.003  1105689.016  1105739.026  1105939.005  1106640.009
  1190:  1108151.001  1113151.018  1113231.003  1113237.016  1113287.026
  1195:  1113394.005  1113946.009  1113973.005  1113990.009  1114537.001
  1200:  1115525.003  1115571.001  1115879.003  1115924.001  1120899.003
  1205:  1121388.001  1121557.003  1124702.001  1129702.018  1130523.003
  1210:  1130529.016  1130579.026  1130669.005  1131318.009  1131322.005
  1215:  1131329.009  1131333.005  1131419.009  1132604.001  1132727.003
  1220:  1132744.001  1137542.003  1138309.001  1138388.003  1143706.005
  1225:  1143893.009  1144749.001  1149749.018  1150280.003  1150286.016
  1230:  1150336.026  1150472.005  1150980.009  1151511.001  1156511.018
  1235:  1157314.003  1157320.016  1157370.026  1157522.005  1158037.009
  1240:  1158049.005  1158109.009  1158448.001  1163448.018  1165180.003
  1245:  1165186.016  1165236.026  1165390.005  1165896.009  1166570.001
  1250:  1171570.018  1172174.003  1172180.016  1172230.026  1172282.005
  1255:  1172829.009  1172883.005  1172917.009  1172919.005  1172989.009
  1260:  1173465.001  1178465.018  1179695.003  1179701.016  1179751.026
  1265:  1179866.005  1180689.009  1180838.005  1181158.009  1181259.005
  1270:  1181262.009  1181268.005  1181645.009  1183624.001  1188624.018
  1275:  1190346.003  1190352.016  1190402.026  1190546.005  1191030.009
  1280:  1191542.001  1192192.003  1192401.001  1196685.003  1196921.001
  1285:  1197078.003  1197626.001  1202626.018  1203304.003  1203310.016
  1290:  1203360.026  1203540.005  1204366.009  1205006.001  1205432.003
  1295:  1205620.001  1210620.018  1210833.003  1210839.016  1210889.026
  1300:  1211016.005  1211668.009  1211669.005  1211695.009  1211758.005
  1305:  1211867.009  1212192.001  1217192.018  1217515.003  1217521.016
  1310:  1217571.026  1217712.005  1218394.009  1219005.001  1224005.018
  1315:  1225337.003  1225343.016  1225393.026  1225533.005  1226121.009
  1320:  1227028.001  1232028.018  1232878.003  1232884.016  1232934.026
  1325:  1233080.005  1233894.009  1233903.005  1234015.009  1234040.005
  1330:  1234202.009  1234343.005  1234506.009  1234514.005  1234638.009
  1335:  1235796.001  1240796.018  1242497.003  1242503.016  1242553.026
  1340:  1242625.005  1243209.009  1243703.001  1248703.018  1248976.003
  1345:  1248982.016  1249032.026  1249268.005  1250042.009  1252230.001
  1350:  1252455.003  1252673.001  1257673.018  1258765.003  1258771.016
  1355:  1258821.026  1258966.005  1259652.009  1259691.005  1259710.009
  1360:  1260416.001  1265416.018  1266437.003  1266443.016  1266493.026
  1365:  1266550.005  1267274.009  1267561.001  1272561.018  1274441.003
  1370:  1274447.016  1274497.005  1274497.026  1275434.009  1275811.001
  1375:  1280811.018  1282752.003  1282758.016  1282808.026  1282959.005
  1380:  1283361.009  1283378.005  1283472.009  1283902.001  1288902.018
  1385:  1290460.003  1290466.016  1290516.026  1290631.005  1291329.009
  1390:  1292929.001  1297929.018  1298749.003  1298755.016  1298805.026
  1395:  1298928.005  1299476.009  1299949.001  1300336.003  1300602.001
  1400:  1305602.018  1306816.003  1306822.016  1306872.026  1307009.005
  1405:  1307622.009  1307715.005  1307725.009  1307789.005  1307949.009
  1410:  1308302.001  1313302.018  1313785.003  1313791.016  1313841.026
  1415:  1313957.005  1314709.009  1314725.005  1314736.009  1315145.001
  1420:  1316029.003  1316054.001  1320680.003  1320708.001  1320946.003
  1425:  1321352.001  1321939.003  1321987.001  1322207.003  1322519.005
  1430:  1322717.009  1338152.001  1343152.018  1344124.003  1344130.016
  1435:  1344180.026  1344336.005  1345006.009  1345521.001  1350521.018
  1440:  1350874.003  1350880.016  1350930.026  1351197.005  1352020.009
  1445:  1352482.001  1357482.018  1358951.003  1358957.016  1359007.026
  1450:  1359130.005  1359801.009  1360275.001  1365275.018  1365619.003
  1455:  1365625.016  1365675.026  1365754.005  1366557.009  1367021.001
  1460:  1371493.003  1371545.001  1374406.003  1374755.001  1374897.003
  1465:  1378862.005  1379010.009  1379099.005  1379143.009  1379878.001
  1470:  1384878.018  1385864.003  1385870.016  1385920.026  1386048.005
  1475:  1386700.009  1387106.001  1392106.018  1393625.003  1393631.016
  1480:  1393681.026  1393781.005  1394279.009  1395265.001  1400265.018
  1485:  1400667.003  1400673.016  1400723.026  1400797.005  1401441.009
  1490:  1401464.005  1401471.009  1401972.001  1406972.018  1407127.003
  1495:  1407133.016  1407183.026  1407259.001  1407302.003  1407324.005
  1500:  1408034.009  1408439.001  1413439.018  1416238.003  1416244.016
  1505:  1416294.026  1416465.005  1417272.009  1417690.001  1422690.018
  1510:  1423646.003  1423652.016  1423702.026  1423796.005  1424384.009
  1515:  1425202.001  1430202.018  1431333.003  1431339.016  1431389.026
  1520:  1431535.005  1432053.009  1432095.005  1432136.009  1432650.001
  1525:  1433679.003  1433711.001  1438711.018  1438779.003  1438785.016
  1530:  1438835.026  1438838.001  1438968.003  1439106.005  1439883.009
  1535:  1440301.001  1442107.003  1447548.005  1447640.009  1447695.005
  1540:  1447775.009  1448201.001  1453201.018  1455231.003  1455237.016
  1545:  1455287.026  1455431.005  1456183.009  1456541.001  1461541.018
  1550:  1461602.003  1461608.016  1461658.026  1461840.005  1462488.009
  1555:  1463022.001  1467815.003  1468325.001  1473325.018  1473775.003
  1560:  1473781.016  1473808.001  1473831.026  1473909.003  1473990.005
  1565:  1474673.009  1474706.005  1474708.009  1476870.001  1481870.018
  1570:  1482744.003  1482750.016  1482800.026  1482894.005  1483414.009
  1575:  1483735.001  1488735.018  1489804.003  1489810.016  1489850.001
  1580:  1489860.026  1489994.003  1490125.005  1490706.009  1493552.001
  1585:  1498552.018  1499199.003  1499205.016  1499255.026  1499388.005
  1590:  1499991.009
B:
     0:        0.000      306.000        0.000      306.000        0.000
     5:      280.000        0.000        0.000        0.000      280.000
    10:        0.000        1.000        0.000        1.000        0.000
    15:        0.000      139.000        0.000      139.000        0.000
    20:        0.000        0.000        0.000        0.000        0.000
    25:        0.000      139.000        0.000        0.000        0.000
    30:        0.000
D:
     0:  1563140.000  1557494.000  1563141.000
E:
     0:     5000.000     5000.000
T:
     0:        0.000        0.000        0.000        0.000
W:
     0:        0.000        0.000        0.000
