File: C:\MED-PC IV\Data\Reyes\AW\AW1042.999


Start Date: 08/16/24
End Date: 08/16/24
Subject: 42
Experiment: AW
Group: PERC
Box: 4
Start Time: 14:35:35
End Time: 15:25:36
MSN: DRRD_perc
C:       0.000
F:       1.000
G:       0.000
H:       0.000
I:       0.000
J:       0.000
K:    6626.000
L:       0.000
M:       0.000
N:       0.000
O:       0.000
Q:    1546.900
S:    1588.659
U:  100895.000
V:       0.000
X:       0.000
Y:    2019.000
Z:       0.000
A:
     0:     1358.005     1670.009     4509.005     4630.009     5162.005
     5:     5304.009     5316.005     5406.009     7075.005     7148.009
    10:    15000.013    15000.011    15378.001    16319.003    16631.005
    15:    16674.009    17020.001    18975.003    19013.001    19212.003
    20:    19522.001    22835.018    23115.003    23121.016    23165.001
    25:    23171.026    23201.003    23334.005    24758.009    24761.005
    30:    24794.009    24814.005    24866.009    24870.005    25033.009
    35:    25079.005    25102.009    26802.001    27294.003    27351.001
    40:    28895.003    28947.001    29079.003    30489.001    30514.003
    45:    30534.001    32121.003    32162.001    32696.003    32991.001
    50:    33354.003    34107.005    34337.009    35190.001    35257.003
    55:    35293.001    37114.003    37164.001    37195.003    38037.005
    60:    38365.009    39324.001    39360.003    39414.001    41101.003
    65:    41144.001    41224.003    41736.001    42249.003    43126.001
    70:    43153.003    43172.001    44559.003    44601.001    45280.003
    75:    45304.005    45610.009    46206.001    46298.003    46590.001
    80:    46675.003    46729.001    49471.003    50167.001    50441.003
    85:    51017.001    51051.003    51098.001    51758.003    51781.001
    90:    52200.003    52582.005    52795.009    55975.001    56180.003
    95:    56324.001    56414.003    56426.001    58659.003    59268.005
   100:    59480.009    60822.001    60992.003    61005.001    61126.003
   105:    61179.001    61300.003    61941.001    62109.003    62242.001
   110:    62332.003    62556.001    62578.003    62619.001    64995.003
   115:    65611.005    65972.009    67255.001    67380.003    67931.001
   120:    67990.003    68204.001    68414.003    68509.001    68583.003
   125:    69301.005    69504.009    69921.001    69973.003    70014.001
   130:    70082.003    70324.005    70570.009    71434.001    72691.003
   135:    72898.005    73226.009    74296.001    74488.003    74930.001
   140:    76342.003    76393.001    76491.003    76537.001    76811.003
   145:    77027.005    77300.009    82406.001    82604.003    83885.001
   150:    83958.003    84011.001    84249.003    84639.005    84747.009
   155:    88173.005    88254.009    88337.005    88621.009    88768.005
   160:    89006.009    89041.005    89047.009    89243.005    89483.009
   165:    89937.001    90543.003    90646.001    90738.003    90763.001
   170:    93570.003    94035.005    94168.009    94525.001    94712.003
   175:    95176.005    95319.009    95366.005    95435.009    95982.001
   180:    96078.003    96133.001    98825.003    99410.001   102334.003
   185:   102848.005   102916.009   103658.001   103915.003   103932.001
   190:   105909.003   106242.005   106543.009   107040.001   107169.003
   195:   107505.001   107838.003   107923.001   108025.003   108092.001
   200:   108148.003   108214.001   108410.003   108460.001   109355.003
   205:   110218.001   110234.003   110290.001   110724.003   110765.001
   210:   114033.003   114068.001   114481.003   115004.005   115308.009
   215:   115884.001   118893.003   118942.001   119053.003   119070.001
   220:   119625.003   120261.005   120476.009   129188.001   131967.003
   225:   132020.001   132532.003   132917.005   132993.009   133271.005
   230:   133476.009   134271.001   134349.003   134387.001   137102.003
   235:   139589.005   139714.009   140670.001   141432.003   141868.001
   240:   142135.003   142271.001   142336.003   142788.001   143081.003
   245:   146236.005   146483.009   147132.005   147156.009   147309.005
   250:   147420.009   147459.005   147792.009   148709.001   148753.003
   255:   148807.001   151138.003   151165.001   151232.003   154209.001
   260:   154631.003   154656.001   157969.018   158539.003   158545.016
   265:   158595.026   158761.005   159246.009   159394.005   159404.009
   270:   159969.005   160130.009   161573.005   161655.009   162381.001
   275:   163008.003   163071.001   163262.003   163291.001   164482.003
   280:   164520.001   164624.003   164700.001   165205.003   165561.005
   285:   165927.009   166862.001   170030.003   170065.001   170077.003
   290:   171767.001   172854.003   173445.001   173606.003   173625.001
   295:   175561.003   175755.005   176243.009   181653.005   181722.009
   300:   182580.001   185218.003   185950.005   185980.009   186245.005
   305:   186487.009   187032.001   187177.003   187520.001   187545.003
   310:   187575.001   188892.003   188921.001   189106.003   190569.001
   315:   190707.003   190756.001   191954.003   192188.001   192300.003
   320:   193428.001   195691.003   196405.005   196875.009   198781.005
   325:   198916.009   199503.001   199545.003   199626.001   202142.003
   330:   202601.005   202734.009   203269.001   203290.003   203301.001
   335:   203480.003   203526.001   206090.003   207342.001   210655.018
   340:   211654.003   211660.016   211710.026   211740.001   211758.003
   345:   211875.005   212168.009   212193.005   212205.009   212246.005
   350:   212282.009   212298.005   212428.009   212447.005   212497.009
   355:   212660.005   212666.009   214338.001   214438.003   214578.001
   360:   214628.003   214644.001   214665.003   214694.001   214946.003
   365:   215021.001   216522.003   216583.001   216891.003   217870.001
   370:   217932.003   217976.001   220943.003   221601.005   221843.009
   375:   222674.001   222757.003   222781.001   225806.003   225849.001
   380:   226113.003   227728.001   227812.003   227862.001   229403.003
   385:   229558.001   230094.003   230624.005   230781.009   231187.001
   390:   231286.003   231332.001   231497.003   231519.001   234478.003
   395:   234539.001   234723.003   235455.001   235603.003   235621.001
   400:   237859.003   237891.001   238051.003   238082.001   238577.003
   405:   239213.005   239427.009   240168.001   242220.003   242276.001
   410:   242350.003   242864.005   243002.009   243497.001   245839.003
   415:   245877.001   245988.003   246021.001   246384.003   247430.005
   420:   247653.009   248233.001   250916.003   252399.001   253028.003
   425:   253225.001   253794.003   253875.001   254115.003   254338.001
   430:   254555.003   254767.001   254969.003   254987.001   255038.003
   435:   255162.001   255540.003   255722.001   256192.003   256240.001
   440:   256521.003   256594.001   257408.003   259128.005   259255.009
   445:   264750.001   267715.003   267758.001   267823.003   267882.001
   450:   268067.003   268618.001   269796.003   269973.001   270427.003
   455:   270835.005   271122.009   271720.001   274498.003   274755.005
   460:   274838.009   275332.005   275467.009   275894.005   276087.009
   465:   276751.001   276807.003   276883.001   276954.003   277015.001
   470:   278166.003   279493.001   279507.003   279641.001   279735.003
   475:   280047.001   280149.003   280167.001   283355.003   283475.001
   480:   283508.003   283569.001   283609.003   284507.001   285227.003
   485:   285675.001   285855.003   286099.001   288772.003   290380.005
   490:   290585.009   291725.001   295038.018   295533.003   295539.016
   495:   295589.026   295611.001   295618.003   295689.005   296437.009
   500:   296443.005   296446.009   296463.005   296473.009   296515.005
   505:   296992.009   297214.005   297414.009   299048.001   301570.003
   510:   302831.001   302849.003   302892.001   302904.003   302922.001
   515:   305045.003   306486.005   306710.009   307638.001   307713.003
   520:   307776.001   307912.003   307959.001   309895.003   310629.001
   525:   310659.003   310687.001   314000.018   314050.003   314056.016
   530:   314106.026   314257.005   314810.009   314832.005   314861.009
   535:   315120.005   315123.009   315237.005   315418.009   315567.005
   540:   316384.009   320287.001   320315.003   320378.001   322815.003
   545:   322920.001   322948.003   323338.005   323528.009   323620.005
   550:   323660.009   324177.001   324308.003   324362.001   327208.003
   555:   327243.001   327366.003   328291.001   328510.003   329147.001
   560:   329244.003   329262.001   330780.003   331844.005   332042.009
   565:   332542.001   335670.003   335703.001   335802.003   336589.001
   570:   336695.003   336714.001   338839.003   340641.001   340860.003
   575:   340874.001   341832.003   342309.005   342537.009   343070.001
   580:   343479.003   343494.001   346591.003   347242.001   347755.003
   585:   348720.001   348949.003   348969.001   349802.003   349831.001
   590:   350034.003   350104.001   350297.003   351803.005   352304.009
   595:   353556.005   353654.009   354531.001   354558.003   354655.001
   600:   356984.003   357011.001   357143.003   357221.001   357513.003
   605:   357773.001   357812.003   358465.005   358606.009   359161.001
   610:   359255.003   359278.001   362591.018   362791.003   362797.016
   615:   362847.026   362970.005   363347.009   363703.005   364244.009
   620:   367000.001   369018.003   369035.001   369290.003   371452.001
   625:   371473.003   371520.001   374343.003   374950.005   375158.009
   630:   375617.001   377711.003   377759.001   378171.003   379282.001
   635:   379308.003   379355.001   381207.003   382249.005   382320.009
   640:   383042.001   385313.003   386132.005   386253.009   387411.005
   645:   387623.009   387639.005   387781.009   388199.001   388229.003
   650:   388266.001   388304.003   388342.001   391592.003   392383.005
   655:   392523.009   393002.001   395251.003   395314.001   395332.003
   660:   396622.001   396843.003   396870.001   398031.003   398233.001
   665:   398392.003   398405.001   401307.003   401807.005   402047.009
   670:   402605.001   405918.018   405952.003   405958.016   406001.001
   675:   406008.026   406021.003   406039.001   406056.003   406225.005
   680:   406688.009   406721.005   406735.009   407046.005   407481.009
   685:   409068.001   412083.003   412964.001   415792.003   416581.001
   690:   419383.003   419805.005   420013.009   420539.001   423065.003
   695:   424183.001   424418.003   424452.001   425508.003   425758.005
   700:   425991.009   426742.001   426791.003   426822.001   428311.003
   705:   428940.001   432253.018   432312.003   432318.016   432368.026
   710:   432494.005   433196.009   433210.005   433220.009   433936.005
   715:   433985.009   435634.001   435687.003   435727.001   438651.003
   720:   439384.001   439473.003   439511.001   441819.003   441844.001
   725:   442366.003   442459.001   444894.003   444931.001   445401.003
   730:   447008.001   448974.003   450104.005   450353.009   450923.001
   735:   452028.003   452834.001   456147.018   456226.003   456232.016
   740:   456269.001   456282.026   456347.003   456503.005   457455.009
   745:   457951.005   458099.009   459316.001   459846.003   459901.001
   750:   462190.003   462225.001   462806.003   463950.001   466685.003
   755:   466827.001   467181.003   468309.001   468329.003   468353.001
   760:   471599.003   472606.001   472659.003   472860.001   475637.003
   765:   477471.001   479654.003   479792.001   480148.003   480634.005
   770:   480638.009   480654.005   480861.009   481636.001   483940.003
   775:   483978.001   484416.003   486973.001   490286.018   490394.003
   780:   490400.016   490450.026   490569.005   490975.009   491106.005
   785:   491227.009   491389.005   491668.009   493829.001   493849.003
   790:   493881.001   497194.018   497454.003   497460.016   497510.026
   795:   497631.005   497963.009   497968.005   497984.009   498385.005
   800:   498423.009   500544.001   500627.003   500658.001   503679.003
   805:   503741.001   504069.003   504825.005   504994.009   505325.001
   810:   506593.003   506610.001   507186.003   507299.001   507669.003
   815:   507994.005   508172.009   508546.001   508566.003   508593.001
   820:   508693.003   508733.001   511084.003   511696.005   511777.009
   825:   513248.001   513310.003   513343.001   516051.003   516070.001
   830:   516124.003   516414.001   518559.003   518612.001   519841.003
   835:   520364.001   522074.003   522111.001   522767.003   522883.005
   840:   522916.009   522932.005   522941.009   523064.005   523226.009
   845:   524499.005   524776.009   525463.001   528454.003   529427.001
   850:   529537.003   529566.001   530871.003   532284.001   532332.003
   855:   532368.001   535084.003   535557.001   535727.003   535751.001
   860:   537206.003   537725.005   537915.009   538411.005   538495.009
   865:   538509.005   538736.009   539250.001   541709.003   543659.001
   870:   546511.003   546767.001   546856.003   547111.005   547428.009
   875:   548148.001   550760.003   552161.001   552206.003   552228.001
   880:   553825.003   554302.005   554468.009   554963.001   557884.003
   885:   558867.001   559396.003   559495.001   560024.003   560586.001
   890:   560813.003   560847.001   561043.003   561319.005   561492.009
   895:   562108.001   562594.003   562640.001   562697.003   562710.001
   900:   565026.003   565057.001   565095.003   565821.001   566083.003
   905:   566504.001   568404.003   568457.001   568662.003   569300.005
   910:   569551.009   571261.001   572781.003   574925.005   574994.009
   915:   575683.001   577719.003   578997.001   579051.003   579090.001
   920:   579988.003   580259.005   580479.009   580897.001   583054.003
   925:   583597.001   583656.003   583668.001   585216.003   586607.005
   930:   586778.009   590320.005   590457.009   591249.001   593608.003
   935:   593714.001   594088.003   594887.005   595123.009   595418.001
   940:   595430.003   595487.001   597975.003   601231.001   601254.003
   945:   601324.001   601335.003   601356.001   602607.003   603229.001
   950:   604609.003   604644.001   605368.003   607644.005   607782.009
   955:   608257.001   610158.003   610201.001   610443.003   611475.005
   960:   611587.009   612154.001   613939.003   613972.001   614248.003
   965:   614280.001   614668.003   615862.001   616034.003   616089.001
   970:   616846.003   616876.001   616897.003   617269.005   617494.009
   975:   618009.001   618280.003   619080.001   621499.003   621539.001
   980:   622094.003   623012.001   623057.003   623097.001   624045.003
   985:   624560.001   624626.003   624667.001   625494.003   625512.001
   990:   625610.003   625829.005   626021.009   644814.001   645424.003
   995:   645547.001   646299.003   646331.001   646574.003   647197.001
  1000:   647222.003   647268.001   647965.003   648289.005   648582.009
  1005:   648984.001   651950.003   653116.001   654606.003   654891.005
  1010:   655073.009   656171.001   656444.003   656502.001   658280.003
  1015:   658311.001   659008.003   659455.005   659671.009   659675.005
  1020:   659952.009   660426.001   662613.003   663400.001   666713.018
  1025:   667247.003   667253.016   667303.026   667433.005   668082.009
  1030:   668668.005   668849.009   670708.001   673992.003   674407.005
  1035:   674589.009   675230.001   678543.018   679122.003   679128.016
  1040:   679178.026   679341.005   679671.009   680386.005   680428.009
  1045:   682297.001   685301.003   686102.001   688891.003   688909.001
  1050:   689012.003   689777.005   689916.009   690439.001   692625.003
  1055:   692653.001   692952.003   693831.005   694467.009   699492.001
  1060:   699528.003   699553.001   702255.003   702931.001   702983.003
  1065:   703028.001   704966.003   712771.001   715255.003   715666.005
  1070:   715785.009   716630.001   716963.003   723171.001   723210.003
  1075:   723350.001   723400.003   723512.001   725971.003   726129.001
  1080:   726237.003   726701.005   726847.009   731944.001   734696.003
  1085:   735142.001   737134.003   737883.001   739500.003   740305.001
  1090:   740365.003   740407.001   741253.003   741394.001   741687.003
  1095:   742141.005   742380.009   742996.001   743248.003   743529.005
  1100:   743704.009   744106.001   744155.003   744240.001   746805.003
  1105:   747513.001   749823.003   750391.005   750639.009   751190.001
  1110:   753487.003   754101.001   754193.003   754224.001   754242.003
  1115:   755131.001   757230.003   757268.001   757348.003   757682.005
  1120:   757850.009   758898.001   759905.003   759984.001   761823.003
  1125:   762710.005   762868.009   763440.001   765264.003   765294.001
  1130:   765742.003   765819.001   766257.003   766336.001   768933.003
  1135:   769448.001   769692.003   769715.001   770757.003   770796.001
  1140:   771287.003   771759.005   772169.009   772746.001   775590.003
  1145:   776254.005   776425.009   777077.001   777318.003   777648.001
  1150:   780812.003   783796.005   783985.009   784358.001   784642.003
  1155:   784672.001   784852.003   785054.001   788140.003   790075.005
  1160:   790258.009   790612.001   793925.018   794025.003   794031.016
  1165:   794081.026   794162.005   794522.009   795086.005   795212.009
  1170:   795261.005   795604.009   798542.001   798609.003   798642.001
  1175:   798745.003   798816.001   798852.003   798880.001   802193.018
  1180:   802590.003   802596.016   802610.001   802646.026   802729.003
  1185:   802870.005   803476.009   803492.005   803505.009   803545.005
  1190:   803618.009   803691.005   803698.009   803940.005   803991.009
  1195:   803998.005   804103.009   808391.005   808575.009   808902.001
  1200:   812215.018   812396.003   812402.016   812452.026   812687.005
  1205:   813367.009   813581.005   813645.009   813685.005   813744.009
  1210:   813750.005   813761.009   813777.005   813784.009   813883.005
  1215:   814067.009   815415.001   818039.003   819081.001   822230.003
  1220:   823881.001   823928.003   823967.001   826080.003   826105.001
  1225:   826639.003   826664.001   826982.003   827019.005   827512.009
  1230:   828222.001   830634.003   830704.001   831098.003   832198.001
  1235:   835267.003   836417.001   837423.003   837491.001   837512.003
  1240:   837605.005   838180.009   842595.001   842678.003   842709.001
  1245:   845724.003   846201.005   846349.009   846855.001   848496.003
  1250:   849306.001   849551.003   849562.001   852102.003   852573.005
  1255:   852729.009   853131.001   855602.003   856973.001   858037.003
  1260:   858348.005   858565.009   859169.001   859608.003   859622.001
  1265:   862277.003   862910.005   862993.009   864284.001   865327.003
  1270:   865374.001   865393.003   865571.005   865749.009   865761.005
  1275:   865798.009   867265.001   870465.003   871365.001   871412.003
  1280:   871450.001   873973.003   874519.005   874650.009   875458.001
  1285:   877855.003   877968.001   878575.003   878592.001   881239.003
  1290:   882571.005   882671.009   885181.001   887737.003   890785.001
  1295:   890860.003   890891.001   894006.003   895890.001   898045.003
  1300:   899585.001   899743.003   899892.001   900154.003   900181.001
  1305:   902400.003   902552.005   902741.009   905155.001   906565.003
  1310:   907550.001   910081.003   910441.005   910628.009   917446.001
  1315:   917511.003   917580.001   917655.003   917754.001   919644.003
  1320:   919671.001   919693.003   920392.001   920424.003   920444.001
  1325:   921204.003   921561.005   921785.009   924785.005   924949.009
  1330:   925487.001   927550.003   927764.005   927951.009   940281.001
  1335:   940495.003   940550.001   941119.003   941170.001   941962.003
  1340:   941991.001   942038.003   942064.001   944717.003   946139.001
  1345:   946161.003   946215.001   948534.003   948589.001   948677.003
  1350:   948749.001   948876.003   949024.005   949835.009   951150.001
  1355:   953831.003   955948.001   956051.003   956104.001   958123.003
  1360:   961782.001   961877.003   961893.001   964689.003   967618.001
  1365:   970189.003   970214.001   970781.003   971155.001   973076.003
  1370:   973392.005   973518.009   974877.005   975062.009   975964.001
  1375:   978938.003   979778.001   979797.003   979829.001   982260.003
  1380:   982279.001   982979.003   983027.001   983225.003   983284.005
  1385:   983598.009   984479.001   987792.018   988809.003   988815.016
  1390:   988859.001   988865.026   988908.003   989031.005   989732.009
  1395:   994264.001   996839.003   999316.001  1002629.018  1003684.003
  1400:  1003690.016  1003740.026  1003919.005  1004251.009  1005393.005
  1405:  1005812.009  1009914.005  1010017.009  1010814.001  1013711.003
  1410:  1013746.001  1013850.003  1014671.001  1014707.003  1014747.001
  1415:  1017222.003  1020308.001  1020639.003  1020726.001  1023260.003
  1420:  1024064.001  1025356.003  1025655.001  1028813.003  1029238.005
  1425:  1029422.009  1029516.005  1029773.009  1030276.001  1033589.018
  1430:  1034294.003  1034300.016  1034350.026  1034353.017  1034583.005
  1435:  1035055.009  1035962.005  1036043.009  1038109.005  1038291.009
  1440:  1038783.001  1041390.003  1041398.017  1043230.001  1046330.003
  1445:  1046338.017  1048756.001  1050258.003  1050826.005  1051013.009
  1450:  1051700.001  1055236.018  1055724.003  1055730.016  1055780.026
  1455:  1055783.017  1055907.005  1056400.009  1056607.005  1056795.009
  1460:  1058279.005  1058290.009  1058891.001  1059187.003  1059209.001
  1465:  1062525.003  1062533.017  1063574.005  1063724.009  1064179.001
  1470:  1066689.003  1066697.017  1067561.001  1067580.003  1067602.001
  1475:  1069750.003  1070753.001  1072576.003  1073100.001  1073719.003
  1480:  1075209.001  1077352.003  1079330.001  1082106.003  1082717.001
  1485:  1082881.003  1082906.005  1083119.009  1083850.001  1087272.003
  1490:  1087491.005  1087758.009  1088626.001  1092370.003  1092418.001
  1495:  1092937.003  1093836.001  1096094.003  1096425.005  1096781.009
  1500:  1097244.001  1098926.003  1099318.005  1099850.009  1100385.005
  1505:  1100401.009  1103247.001  1103768.003  1103843.001  1103885.003
  1510:  1103941.001  1104215.003  1104246.001  1104283.003  1104303.001
  1515:  1106472.003  1106486.001  1108465.003  1109556.001  1109638.003
  1520:  1109679.001  1111451.003  1111472.001  1112003.003  1112217.001
  1525:  1112850.003  1112898.001  1113037.003  1113153.001  1113194.003
  1530:  1113256.001  1113276.003  1113784.005  1113943.009  1114321.001
  1535:  1117531.003  1118652.005  1118814.009  1119310.001  1119347.003
  1540:  1119391.001  1121798.003  1123468.001  1123487.003  1123530.001
  1545:  1125639.003  1126136.005  1126293.009  1126625.001  1129739.003
  1550:  1129864.001  1130021.003  1130075.001  1130273.003  1131275.001
  1555:  1135038.018  1135689.003  1135695.016  1135745.026  1135871.005
  1560:  1136413.009  1137202.005  1137369.009  1139179.001  1139266.003
  1565:  1139298.001  1141553.003  1141753.001  1142083.003  1142294.001
  1570:  1144395.003  1144420.001  1145887.003  1146022.001  1147159.003
  1575:  1148075.001  1150775.003  1151809.001  1155540.003  1157635.005
  1580:  1158001.009  1161096.005  1161287.009  1161887.001  1161932.003
  1585:  1161989.001  1165573.003  1166504.001  1166698.003  1168161.005
  1590:  1168273.009  1170935.001  1171195.003  1171278.001  1173509.003
  1595:  1173530.001  1175248.003  1177543.001  1177578.003  1177588.001
  1600:  1181351.018  1181471.003  1181477.016  1181527.026  1181676.005
  1605:  1182096.009  1182579.005  1182838.009  1184959.001  1185039.003
  1610:  1185083.001  1188563.003  1188608.001  1188700.003  1188794.001
  1615:  1188984.003  1189582.001  1189637.003  1189688.001  1189751.003
  1620:  1190205.005  1190350.009  1191183.001  1191374.003  1191386.001
  1625:  1195149.018  1195306.003  1195312.016  1195344.001  1195362.026
  1630:  1195377.003  1195536.005  1196338.009  1201388.001  1205151.018
  1635:  1205823.003  1205829.016  1205879.026  1206057.005  1206501.009
  1640:  1206829.005  1206925.009  1206966.005  1207060.009  1209060.001
  1645:  1211780.003  1211814.001  1211844.003  1212609.001  1212737.003
  1650:  1212766.001  1212915.003  1212947.001  1213012.003  1213033.001
  1655:  1216676.003  1217154.005  1217314.009  1218765.005  1218958.009
  1660:  1220027.001  1220131.003  1220153.001  1220194.003  1220233.001
  1665:  1220559.003  1220659.001  1223333.003  1223872.005  1224011.009
  1670:  1224983.001  1225217.003  1225247.001  1225263.003  1225492.001
  1675:  1225723.003  1225768.001  1227613.003  1227651.001  1227808.003
  1680:  1229070.001  1229320.003  1229343.001  1231815.003  1232232.001
  1685:  1232258.003  1232311.001  1235466.003  1235916.005  1236053.009
  1690:  1240808.005  1241072.009  1241211.005  1241220.009  1241723.001
  1695:  1241799.003  1242020.001  1244802.003  1245501.001  1245514.003
  1700:  1245526.001  1247301.003  1247597.005  1248243.009  1252802.005
  1705:  1252994.009  1258015.005  1258244.009  1258739.001  1261652.003
  1710:  1262474.001  1264699.003  1264726.001  1265852.003  1265871.001
  1715:  1266334.003  1266641.001  1269398.003  1269701.005  1269816.009
  1720:  1271568.001  1273899.003  1274787.001  1274960.003  1275001.001
  1725:  1275115.003  1276432.001  1279255.003  1279263.001  1281810.003
  1730:  1281854.001  1282248.003  1283209.001  1285777.003  1285829.001
  1735:  1286200.003  1288422.005  1288540.009  1288984.001  1289394.003
  1740:  1289407.001  1292458.003  1292937.005  1293237.009  1295393.001
  1745:  1295992.003  1296148.001  1298234.003  1298298.001  1300479.003
  1750:  1301066.001  1303859.003  1303877.001  1304575.003  1309022.001
  1755:  1311129.003  1311154.001  1312511.003  1312547.001  1312777.003
  1760:  1312848.001  1312861.003  1313329.001  1313345.003  1313367.001
  1765:  1314130.003  1314142.001  1315616.003  1315915.005  1316159.009
  1770:  1316913.001  1317157.003  1317175.001  1320204.003  1322366.001
  1775:  1322879.003  1323095.001  1323554.003  1323606.001  1327369.018
  1780:  1328646.003  1328652.016  1328702.026  1328875.005  1329345.009
  1785:  1329441.005  1329561.009  1331609.001  1331797.003  1331846.001
  1790:  1335609.018  1335797.003  1335803.016  1335853.026  1336022.005
  1795:  1336507.009  1337300.005  1337306.009  1337312.005  1337341.009
  1800:  1339149.001  1339469.003  1339523.001  1342369.003  1342394.001
  1805:  1342457.003  1342491.001  1342777.003  1344582.001  1345686.003
  1810:  1345721.001  1345755.003  1345775.001  1347578.003  1347603.001
  1815:  1347683.003  1347948.001  1348497.003  1350130.005  1350654.009
  1820:  1351206.001  1351265.003  1351302.001  1354369.003  1354388.001
  1825:  1354798.003  1354841.001  1355675.003  1355703.001  1355718.003
  1830:  1356182.005  1356361.009  1360402.001  1363626.003  1371313.005
  1835:  1371574.009  1372072.001  1372125.003  1372157.001  1375826.003
  1840:  1375861.001  1376450.003  1377986.001  1379849.003  1380291.001
  1845:  1382047.003  1382078.001  1382111.003  1383236.001  1386886.003
  1850:  1390874.005  1390891.009  1390892.005  1391218.009  1391364.005
  1855:  1391489.009  1391830.005  1391902.009  1392403.001  1393001.003
  1860:  1393044.001  1393480.003  1393530.001  1397202.003  1398096.001
  1865:  1401859.018  1401920.003  1401926.016  1401976.026  1402067.005
  1870:  1402439.009  1402526.005  1402714.009  1402875.005  1403046.009
  1875:  1403051.005  1403185.009  1403205.005  1403839.009  1403888.005
  1880:  1403928.009  1403952.005  1403980.009  1404023.005  1404049.009
  1885:  1404174.005  1404299.009  1404411.005  1404426.009  1404472.005
  1890:  1404509.009  1404570.005  1404597.009  1406710.001  1406841.003
  1895:  1406904.001  1406971.003  1407019.001  1410782.018  1411761.003
  1900:  1411767.016  1411817.026  1412732.005  1413044.009  1413691.005
  1905:  1413738.009  1416312.001  1418748.003  1419503.005  1419897.009
  1910:  1419912.005  1420163.009  1420169.005  1420184.009  1420230.005
  1915:  1420345.009  1422781.001  1422830.003  1422884.001  1425626.003
  1920:  1425661.001  1426026.003  1426751.001  1430514.018  1431782.003
  1925:  1431788.016  1431838.026  1431989.005  1432476.009  1432816.005
  1930:  1432903.009  1432948.005  1432960.009  1436114.001  1437599.003
  1935:  1437650.001  1437990.003  1438015.001  1439666.003  1440098.005
  1940:  1440269.009  1440867.001  1444132.003  1445633.001  1449396.018
  1945:  1449686.003  1449692.016  1449742.026  1449780.001  1449846.003
  1950:  1449981.005  1450408.009  1452460.001  1452477.003  1452491.001
  1955:  1456254.018  1457239.003  1457245.016  1457295.026  1457298.017
  1960:  1457532.005  1457956.009  1457981.005  1457983.009  1457992.005
  1965:  1458004.009  1461467.001  1463997.003  1464005.017  1464039.001
  1970:  1465714.003  1465722.017  1466121.005  1466127.009  1466135.005
  1975:  1466241.009  1466695.001  1470363.003  1470940.001  1473498.003
  1980:  1473519.001  1473600.003  1476110.001  1478600.003  1478656.001
  1985:  1481210.003  1481269.001  1481316.003  1481377.001  1481836.003
  1990:  1483868.005  1483924.009  1484456.001  1487790.003  1487824.001
  1995:  1487941.003  1488068.001  1488205.003  1488327.001  1488356.003
  2000:  1488634.001  1489012.003  1489026.001  1490706.003  1490860.001
  2005:  1491028.003  1491582.005  1491740.009  1492776.001  1492802.003
  2010:  1493197.001  1493338.003  1494834.005  1494982.009  1495644.001
  2015:  1499587.018  1499762.003  1499768.016  1499818.026
B:
     0:        0.000      670.000        0.000      670.000        0.000
     5:      286.000        0.000        0.000        0.000      286.000
    10:        0.000        1.000        0.000        1.000        0.000
    15:        0.000       32.000        9.000       32.000        0.000
    20:        0.000        0.000        0.000        0.000        0.000
    25:        0.000       32.000        0.000        0.000        0.000
    30:        0.000
D:
     0:  1600656.000  1596539.000  1600657.000
E:
     0:     3313.000     3942.534
P:
     0:        0.000      941.000     1955.000      199.000     3593.000
     5:       26.000      492.000     1544.000      132.000       25.000
    10:     1587.000      534.000      363.000       67.000     1821.000
    15:       31.000       36.000     1687.000       80.000      513.000
    20:       27.000     1387.000      679.000       92.000       85.000
    25:     2742.000      274.000       34.000      660.000      419.000
    30:      205.000       90.000     2233.000      170.000      121.000
    35:      121.000      168.000       90.000       22.000     2376.000
    40:      125.000       59.000      210.000       74.000       52.000
    45:       68.000     1257.000      192.000     1412.000       98.000
    50:      274.000      198.000       73.000      238.000      606.000
    55:       92.000     2807.000      187.000       96.000     2692.000
    60:     2924.000      257.000     1977.000      129.000      333.000
    65:      102.000       56.000      196.000      895.000       16.000
    70:      434.000     3268.000      413.000     3009.000      111.000
    75:      555.000     2779.000      512.000       78.000     2715.000
    80:      762.000      267.000       65.000      293.000       44.000
    85:     2331.000       67.000      422.000     3883.000      627.000
    90:      191.000     1191.000      104.000      505.000     3168.000
    95:       12.000     1087.000      161.000     1936.000     2638.000
   100:      145.000       25.000     1317.000      185.000      138.000
   105:     1198.000      112.000     2263.000       42.000     2516.000
   110:       21.000      179.000     2564.000     4312.000       18.000
   115:      100.000       50.000       21.000      252.000     1501.000
   120:      308.000       62.000     2967.000       83.000     3025.000
   125:      264.000       84.000     1541.000      536.000       99.000
   130:      165.000     2959.000      184.000      148.000     2238.000
   135:      160.000      495.000     2052.000       74.000     2342.000
   140:      111.000      363.000     2683.000      629.000      569.000
   145:      240.000      217.000      202.000       51.000      378.000
   150:      470.000      281.000      814.000     2965.000       65.000
   155:      185.000     1178.000      454.000     2778.000       56.000
   160:       71.000     1151.000       14.000       94.000      102.000
   165:     3188.000       33.000       40.000      720.000      180.000
   170:     2673.000     3808.000        7.000     2522.000       18.000
   175:       12.000     2123.000       75.000      136.000     1936.000
   180:       30.000     3363.000       28.000     2437.000       28.000
   185:      131.000     2846.000      123.000      219.000       97.000
   190:     1518.000     3128.000       99.000      106.000     2125.000
   195:      219.000      958.000      409.000     3097.000      513.000
   200:      229.000      833.000      203.000      193.000       27.000
   205:     2329.000      132.000      292.000       39.000       94.000
   210:     3513.000     2018.000      255.000       21.000     2823.000
   215:     2094.000      412.000       26.000     1852.000     2271.000
   220:       30.000       38.000     3250.000     2249.000       18.000
   225:      221.000     1161.000      159.000     2902.000     3347.000
   230:        9.000       17.000     3015.000     2828.000     2802.000
   235:     2526.000      235.000     1056.000       49.000     1489.000
   240:     3372.000       53.000     2924.000       89.000     2308.000
   245:      522.000     2435.000      470.000     1966.000     1105.000
   250:     3392.000       61.000      530.000     2289.000      581.000
   255:     2735.000      354.000       20.000     3246.000       53.000
   260:     2777.000     2183.000      356.000     2304.000      438.000
   265:     3421.000       20.000     3573.000       83.000     3021.000
   270:      328.000     1268.000      576.000      370.000       20.000
   275:      100.000     2351.000       62.000     2708.000       54.000
   280:     2145.000     1229.000     1710.000      656.000     2991.000
   285:      110.000     1305.000       48.000     2716.000      170.000
   290:     1455.000     2459.000     2852.000       89.000     2612.000
   295:       45.000     1597.000     2921.000      529.000      529.000
   300:      227.000      196.000      486.000       57.000     2316.000
   305:       38.000      262.000     1900.000      205.000     1520.000
   310:     2036.000       54.000      898.000     2157.000       59.000
   315:     1548.000     2359.000      374.000       12.000     2488.000
   320:       23.000       11.000     1251.000     1380.000      724.000
   325:     1901.000      242.000     1785.000      276.000      388.000
   330:      172.000      757.000       21.000      271.000     2419.000
   335:      555.000       45.000      948.000       66.000      827.000
   340:       98.000      610.000      752.000      243.000       25.000
   345:      697.000     2966.000     1490.000      273.000     1778.000
   350:      697.000     2187.000     3847.000     3284.000     3892.000
   355:     3004.000     2789.000      103.000     2186.000      299.000
   360:       36.000     2702.000       52.000     1938.000     2484.000
   365:      333.000       39.000       50.000     2459.000      108.000
   370:     2752.000     1992.000     1617.000       60.000      846.000
   375:      293.000      252.000       49.000     2565.000     2310.000
   380:     2297.000       92.000       18.000     2099.000       80.000
   385:     1007.000     1839.000     1824.000      448.000      438.000
   390:     2597.000      244.000     1042.000      491.000     2844.000
   395:      241.000     3164.000      284.000      180.000     3086.000
   400:     3413.000       67.000      103.000       36.000     3710.000
   405:       79.000     3494.000     2624.000     3149.000       47.000
   410:     2113.000      534.000      318.000     2412.000      394.000
   415:     3069.000     1006.000       21.000       83.000     3015.000
   420:     1641.000      245.000     2540.000     2471.000     1064.000
   425:      439.000     2655.000     1043.000       19.000     3200.000
   430:       47.000     2523.000     2397.000      607.000     2647.000
   435:     2556.000       75.000     3115.000     2155.000      158.000
   440:      262.000     2219.000     1410.000     2531.000       65.000
   445:       75.000     1890.000       22.000       32.000      760.000
   450:     2063.000      214.000      569.000      792.000       47.000
   455:     2653.000       22.000     2319.000       88.000      127.000
   460:     2681.000      103.000     2019.000       95.000     2796.000
   465:     2571.000      567.000     1921.000     2974.000       19.000
   470:     2431.000      700.000      198.000     4330.000       39.000
   475:     2575.000     4368.000     2897.000      104.000       36.000
   480:     2475.000      331.000     2534.000     1292.000     3158.000
   485:     4018.000     2607.000     3100.000     1502.000     4024.000
   490:      296.000     3316.000     2510.000       19.000     2148.000
   495:     1823.000      619.000     2143.000     2776.000      164.000
   500:     3422.000     3744.000      519.000     2258.000     1682.000
   505:      521.000       42.000      274.000       37.000     2169.000
   510:     1979.000       82.000     1772.000      531.000      633.000
   515:      139.000       41.000       20.000     3210.000       37.000
   520:     2407.000       19.000     2109.000     3114.000      157.000
   525:      198.000     4414.000       87.000     2255.000      330.000
   530:     2101.000     1467.000     1137.000     2700.000     3731.000
   535:       45.000     3584.000      194.000      260.000     2231.000
   540:     1718.000       35.000     3883.000       80.000     3480.000
   545:       92.000      190.000       55.000       63.000      191.000
   550:     3920.000       11.000     4435.000     2720.000       30.000
   555:      128.000      149.000       65.000     3643.000      104.000
   560:       41.000      326.000     2674.000      234.000       16.000
   565:      231.000     1845.000      157.000      250.000     2472.000
   570:       26.000     3155.000       76.000     2782.000       13.000
   575:     1775.000     2913.000     2225.000     1126.000      463.000
   580:     2757.000     2331.000      173.000      114.000     2823.000
   585:     2546.000      394.000     2568.000      371.000      410.000
   590:     3051.000      599.000     2086.000     2181.000     2793.000
   595:      698.000     2107.000     1357.000      230.000       13.000
   600:       16.000      763.000     1474.000      244.000     3029.000
   605:      513.000      459.000     5040.000      188.000     3951.000
   610:      320.000     2846.000       63.000      286.000     1104.000
   615:       34.000     1803.000       80.000      549.000       59.000
   620:     3067.000      410.000      834.000       15.000     3224.000
   625:       53.000     3669.000      589.000     1863.000     1756.000
   630:       33.000     3650.000      598.000      436.000     3672.000
   635:     3824.000      131.000       67.000     4742.000     2436.000
   640:       49.000     2742.000      365.000     5031.000     1485.000
   645:      340.000     1651.000     3265.000     4053.000       66.000
   650:       17.000     4748.000     2530.000     1675.000     3668.000
   655:     2558.000       81.000     2490.000     2554.000       47.000
   660:      459.000     3334.000      117.000      137.000       29.000
   665:      378.000     1680.000      168.000       26.000      141.000
   670:     4118.000
R:
     0:        1.000  2523838.726        0.000
T:
     0:        0.000        0.000        0.000        0.000
W:
     0:        0.000        0.000        0.000
