File: C:\MED-PC IV\Data\Reyes\AW\AW1050.999


Start Date: 08/17/24
End Date: 08/17/24
Subject: 50
Experiment: AW
Group: PERC
Box: 6
Start Time: 15:30:37
End Time: 16:20:38
MSN: DRRD_perc
C:       0.000
F:       0.000
G:       0.000
H:       0.000
I:       0.000
J:       0.000
K:    8205.000
L:       0.000
M:       0.000
N:       0.000
O:       0.000
Q:     522.550
S:     679.072
U:    2432.000
V:       0.000
X:       0.000
Y:    1410.000
Z:       0.000
A:
     0:     1197.005     1222.009     1389.005     2079.009    12151.005
     5:    12170.009    12188.005    12287.009    15000.013    15000.011
    10:    15565.005    15948.009    16747.005    16810.009    16907.005
    15:    17196.009    17780.001    17927.003    18088.001    18509.003
    20:    18893.001    20315.003    20366.001    20593.003    20956.005
    25:    21304.009    21350.005    21520.009    22334.001    22375.003
    30:    22448.001    22478.003    22527.001    22610.003    22633.001
    35:    23632.003    24095.005    24180.009    31188.001    31277.003
    40:    31562.001    31602.003    44572.005    44640.009    44805.005
    45:    45046.009    53948.001    54016.003    54071.001    56757.003
    50:    56790.001    56896.003    56944.001    56979.003    56995.001
    55:    57136.003    57176.001    57278.003    57373.001    57506.003
    60:    57534.001    57549.003    57576.001    57677.003    57697.001
    65:    57897.003    57916.001    58273.003    58850.001    58978.003
    70:    59036.001    61759.003    62411.001    66032.003    67970.001
    75:    68038.003    68090.001    68116.003    68134.001    69451.003
    80:    69484.001    69603.003    69847.001    72095.003    72628.001
    85:    72666.003    72737.001    72756.003    72805.001    72927.003
    90:    72974.001    75815.003    76029.001    76209.003    76718.001
    95:    76920.003    77567.001    77607.003    77624.001    80830.003
   100:    82359.005    82395.009    82405.005    82591.009    82843.005
   105:    83031.009    83034.005    83070.009    83092.005    83116.009
   110:    83475.001    86574.003    86947.001    87064.003    87580.005
   115:    87612.009    87899.001    87997.003    88036.001    90881.003
   120:    91124.001    91258.003    91809.001    91957.003    92447.005
   125:    92475.009    94213.001    98316.018    98564.003    98570.016
   130:    98620.026    98694.005    99601.009    99613.005    99844.009
   135:    99909.005    99931.009   100281.005   100475.009   100520.005
   140:   100538.009   101633.001   101706.003   101771.001   103882.003
   145:   104659.005   105321.009   105925.001   107963.003   107982.001
   150:   108272.003   109743.005   109761.009   109774.005   109852.009
   155:   110282.005   110392.009   111386.001   111428.003   111485.001
   160:   115000.003   115601.005   115683.009   115710.005   115892.009
   165:   116960.005   117181.009   117198.005   117439.009   117466.005
   170:   117470.009   117819.001   120559.003   122072.001   122102.003
   175:   122161.001   122216.003   122274.001   123628.003   123691.001
   180:   124913.003   125628.005   125764.009   126629.001   129086.003
   185:   129744.005   129864.009   130145.005   130287.009   130298.005
   190:   130318.009   131186.001   131429.003   131454.001   132844.003
   195:   133465.005   133486.009   133505.005   133531.009   136961.001
   200:   137023.003   137068.001   139728.003   141315.005   141498.009
   205:   141953.001   142040.003   142142.001   144905.003   145455.005
   210:   145603.009   146072.001   148785.003   151308.005   151453.009
   215:   151484.005   151635.009   151680.005   151707.009   151723.005
   220:   151751.009   151768.005   151798.009   152527.001   152589.003
   225:   152638.001   155236.003   155807.005   155896.009   156177.005
   230:   156299.009   156544.001   158919.003   159550.001   161336.003
   235:   161666.005   162049.009   162080.005   162111.009   163759.005
   240:   163793.009   163803.005   163955.009   164604.001   165773.003
   245:   167114.005   167324.009   167894.001   170338.003   170724.005
   250:   170737.009   170745.005   171018.009   171042.005   171053.009
   255:   171344.001   174181.003   174200.001   174860.003   175392.005
   260:   175701.009   175726.005   175939.009   176375.001   178789.003
   265:   179448.001   181355.003   182239.005   182345.009   182385.005
   270:   182432.009   182702.001   184947.003   185409.005   186063.009
   275:   186144.005   186148.009   188441.005   188569.009   192726.001
   280:   195667.003   196169.005   196174.009   196599.001   198464.003
   285:   198497.001   198870.003   198942.001   199363.003   199384.001
   290:   199620.003   199667.001   199708.003   199723.001   199742.003
   295:   199754.001   200265.003   201823.001   203801.003   204204.001
   300:   206860.003   207074.005   207375.009   207389.005   207399.009
   305:   207559.005   207726.009   208327.001   211960.003   213334.001
   310:   215458.003   215478.001   215810.003   217656.001   217767.003
   315:   217787.001   219999.003   221296.005   221326.009   221327.005
   320:   221444.009   221871.001   224450.003   225738.001   225833.003
   325:   225855.001   229224.003   229973.005   230273.009   230284.005
   330:   230638.009   230705.005   230861.009   232008.001   232302.003
   335:   232326.001   234019.003   234494.001   236071.003   236155.001
   340:   237085.003   238522.005   238614.009   238987.001   242179.003
   345:   242713.005   242968.009   243164.005   243171.009   243601.001
   350:   246671.003   247668.005   247776.009   248400.001   248492.003
   355:   248517.001   249130.003   249190.001   249851.003   250462.005
   360:   250587.009   250918.001   250953.003   251183.001   251345.003
   365:   252456.001   255997.003   256505.005   256531.009   256733.005
   370:   256806.009   257939.005   258050.009   263625.005   264219.009
   375:   264688.001   267763.003   268116.005   268144.009   268157.005
   380:   268473.009   268826.001   268983.003   269031.001   271648.003
   385:   272605.005   272895.009   273667.001   275576.003   276244.001
   390:   279367.003   280421.005   280654.009   281002.001   284177.003
   395:   284651.005   284791.009   284798.005   284844.009   285133.005
   400:   285316.009   285705.005   285742.009   286247.001   286306.003
   405:   286363.001   286792.003   286809.001   289728.003   289965.005
   410:   290027.009   290386.005   290537.009   294082.005   294334.009
   415:   295097.001   295396.003   295881.001   299059.003   300650.001
   420:   300671.003   301271.005   301365.009   301427.005   301658.009
   425:   301720.005   303319.009   303324.005   303341.009   303650.005
   430:   303857.009   304904.005   305037.009   305688.001   308045.003
   435:   308718.001   308965.003   308979.001   310772.003   310793.001
   440:   310966.003   311015.001   311139.003   314114.005   314207.009
   445:   314240.005   314378.009   314769.001   317473.003   317724.005
   450:   317800.009   318094.005   318187.009   318851.001   321503.003
   455:   322081.005   322220.009   322551.001   322687.003   322828.001
   460:   324396.003   324427.001   325437.003   327083.005   327168.009
   465:   327639.005   327802.009   327816.005   327942.009   328834.001
   470:   331737.003   332463.005   332523.009   332586.005   332716.009
   475:   333268.001   336054.003   336886.005   337001.009   337538.005
   480:   337618.009   337715.005   337950.009   338777.001   339512.003
   485:   339534.001   339750.003   340321.005   340449.009   341938.005
   490:   342036.009   342168.005   342222.009   348893.005   348906.009
   495:   349626.005   349886.009   351184.005   351248.009   352219.001
   500:   352684.003   353193.001   355021.003   355075.001   355104.003
   505:   356335.005   356574.009   356691.005   356767.009   357131.001
   510:   360684.003   361533.001   364146.003   366813.005   366958.009
   515:   367721.001   370210.003   370517.005   370749.009   371424.001
   520:   373275.003   374757.005   375061.009   375763.001   376068.003
   525:   376092.001   378705.003   379107.005   379127.009   379447.005
   530:   379945.009   379977.005   380258.009   380262.005   380424.009
   535:   380449.005   380476.009   380495.005   380589.009   381165.001
   540:   384277.003   384749.001   384870.003   385461.005   385961.009
   545:   386042.005   386099.009   387017.001   387221.003   387256.001
   550:   389626.003   390007.005   390233.009   390558.005   390586.009
   555:   391013.001   391160.003   391200.001   391312.003   391342.001
   560:   394031.003   395360.005   395439.009   396090.001   398522.003
   565:   400323.005   400647.009   400880.005   401352.009   403019.001
   570:   405076.003   406710.005   406837.009   408824.005   408836.009
   575:   409077.005   409256.009   426083.005   426109.009   426122.005
   580:   426159.009   430894.005   430934.009   438044.005   438124.009
   585:   438243.005   438275.009   446631.005   446668.009   448592.001
   590:   451815.003   453746.005   453862.009   454111.005   454211.009
   595:   454650.001   454752.003   454788.001   457702.003   458191.005
   600:   458331.009   458724.001   461082.003   463184.005   463242.009
   605:   464125.001   464154.003   464472.001   464553.003   465385.001
   610:   468570.003   469025.005   469317.009   481284.005   481315.009
   615:   491341.005   491454.009   491517.005   491850.009   491938.005
   620:   492009.009   493183.005   493193.009   493379.005   494302.009
   625:   497509.005   497561.009   500905.001   503367.003   504922.005
   630:   504946.009   505505.001   506752.003   507455.001   509689.003
   635:   509724.001   509852.003   510423.005   510531.009   512681.001
   640:   515228.003   515266.001   515870.003   518087.005   518356.009
   645:   519292.001   519518.003   520675.001   521049.003   521116.001
   650:   522190.003   525660.005   525692.009   525711.005   526280.009
   655:   535675.005   535686.009   535762.005   536762.009   540575.001
   660:   543886.003   544297.001   546024.003   547992.001   548326.003
   665:   548342.001   552182.003   552212.001   552660.003   554015.005
   670:   554142.009   554987.005   555154.009   557134.005   557240.009
   675:   557456.005   557470.009   558430.001   561625.003   562562.005
   680:   562860.009   562867.005   562896.009   563523.001   564043.003
   685:   564657.001   567668.003   568105.005   568459.009   570977.005
   690:   571162.009   571170.005   571233.009   571296.005   571309.009
   695:   574820.005   574880.009   575230.005   575852.009   576115.005
   700:   576359.009   580579.005   580671.009   588979.005   589706.009
   705:   590112.005   590206.009   650505.005   650910.009   653184.001
   710:   656863.003   658439.001   661269.003   661987.005   662160.009
   715:   662335.005   662354.009   662944.001   665337.003   665464.001
   720:   665481.003   669061.005   669457.009   669476.005   669496.009
   725:   670071.001   673164.003   674095.005   674515.009   674565.005
   730:   674618.009   676293.005   676366.009   677031.001   680134.003
   735:   680928.005   681183.009   681754.001   684295.003   684967.001
   740:   686868.003   686980.001   687002.003   687495.005   688103.009
   745:   688593.001   692081.003   692445.005   692633.009   693107.005
   750:   693156.009   693657.001   697216.003   700317.001   700428.003
   755:   702327.005   702769.009   703503.001   703722.003   703741.001
   760:   706467.003   706825.001   710078.003   711927.005   712102.009
   765:   712113.005   712285.009   712322.005   712524.009   713354.001
   770:   716851.003   719038.005   719218.009   719351.005   719549.009
   775:   720411.001   721058.003   722180.005   722281.009   722307.005
   780:   722705.009   750200.001   752745.003   752796.001   754998.003
   785:   755040.001   755205.003   756450.001   756529.003   756578.001
   790:   759431.003   761158.001   763813.003   764988.005   765007.009
   795:   765017.005   765317.009   765364.005   765867.009   770097.005
   800:   770120.009   770149.005   770186.009   770187.005   770215.009
   805:   886406.005   886466.009   886545.005   886564.009   886580.005
   810:   886596.009   904547.005   904558.009   936244.005   936271.009
   815:   936381.005   936441.009   936540.005   936573.009   936615.005
   820:   936641.009   990002.005   990028.009   990125.005   991975.009
   825:  1025578.005  1025950.009  1026087.005  1026527.009  1026564.005
   830:  1026573.009  1026743.005  1026914.009  1027141.005  1028855.009
   835:  1029017.005  1029250.009  1029307.005  1029344.009  1070222.005
   840:  1070299.009  1070340.005  1070624.009  1074710.005  1074907.009
   845:  1075033.005  1076643.009  1076747.005  1076763.009  1076830.005
   850:  1077362.009  1077473.005  1077666.009  1079323.001  1079590.003
   855:  1080306.001  1082121.003  1082257.001  1082348.003  1082506.001
   860:  1082563.003  1082603.001  1082748.003  1083268.005  1083278.009
   865:  1083292.005  1083319.009  1083344.005  1083601.009  1084045.001
   870:  1085737.003  1085820.001  1085960.003  1086863.005  1086964.009
   875:  1090546.001  1094649.018  1094818.003  1094824.016  1094874.026
   880:  1094911.005  1095838.009  1095847.005  1095889.009  1095932.005
   885:  1096247.009  1096284.005  1096316.009  1096517.005  1096541.009
   890:  1096654.005  1096740.009  1096881.005  1097290.009  1097321.005
   895:  1097456.009  1097478.005  1097725.009  1097771.005  1097817.009
   900:  1098883.001  1100461.003  1101172.005  1101307.009  1102580.001
   905:  1104738.003  1105954.005  1107511.009  1107512.005  1107517.009
   910:  1107614.005  1107809.009  1108713.001  1108823.003  1108851.001
   915:  1111146.003  1113161.005  1113962.009  1114969.001  1117383.003
   920:  1117444.001  1117936.003  1118709.001  1118839.003  1119588.001
   925:  1119661.003  1119702.001  1121613.003  1123387.001  1126090.003
   930:  1127437.005  1127847.009  1128955.005  1128973.009  1128983.005
   935:  1129033.009  1130533.005  1130549.009  1130561.005  1130639.009
   940:  1130915.001  1133660.003  1134034.005  1134066.009  1134088.005
   945:  1134117.009  1134527.001  1137512.003  1138309.005  1138528.009
   950:  1138551.005  1138665.009  1139027.001  1141682.003  1144451.001
   955:  1146880.003  1148274.001  1150392.003  1151639.001  1151968.003
   960:  1152644.005  1152709.009  1153039.001  1156513.003  1157559.005
   965:  1157813.009  1157888.005  1158172.009  1158611.001  1161912.003
   970:  1162067.001  1163099.003  1163524.001  1165847.003  1170023.001
   975:  1170122.003  1170462.005  1170477.009  1170489.005  1171182.009
   980:  1172585.005  1172606.009  1173101.001  1173365.003  1173435.001
   985:  1177133.003  1177530.005  1177634.009  1177985.001  1181015.003
   990:  1183202.001  1186487.003  1187830.001  1187940.003  1188887.001
   995:  1191207.003  1191288.001  1191561.003  1193365.005  1194179.009
  1000:  1197054.005  1197350.009  1203501.001  1203598.003  1203642.001
  1005:  1206952.003  1207546.001  1210147.003  1210402.005  1210490.009
  1010:  1210901.001  1213888.003  1214306.001  1217060.003  1217703.001
  1015:  1218225.003  1218640.005  1218840.009  1219873.001  1219929.003
  1020:  1219961.001  1222199.003  1224231.001  1224425.003  1224472.001
  1025:  1224702.003  1225724.001  1225787.003  1225819.001  1226160.003
  1030:  1226259.001  1226864.003  1226888.001  1227589.003  1227667.001
  1035:  1227821.003  1228002.001  1228771.003  1228975.005  1228990.009
  1040:  1228996.005  1229334.009  1230055.001  1232289.003  1232682.001
  1045:  1236785.018  1237037.003  1237043.016  1237093.026  1237153.005
  1050:  1237726.009  1237979.005  1238481.009  1238508.005  1238552.009
  1055:  1238619.005  1238692.009  1238859.005  1238985.009  1239380.005
  1060:  1239976.009  1243955.005  1244541.009  1244573.005  1244580.009
  1065:  1244720.005  1244772.009  1245633.001  1246077.003  1248344.005
  1070:  1248512.009  1249475.001  1250698.003  1251151.001  1251345.003
  1075:  1251357.001  1253681.003  1253740.001  1253829.003  1254678.001
  1080:  1257521.003  1258386.001  1260386.003  1263025.005  1263569.009
  1085:  1264457.001  1265964.003  1266238.001  1266297.003  1266321.001
  1090:  1266379.003  1266419.001  1266460.003  1266470.001  1267212.003
  1095:  1267285.001  1267374.003  1267400.001  1267705.003  1268015.005
  1100:  1268023.009  1268026.005  1268370.009  1268876.001  1270861.003
  1105:  1271316.005  1271509.009  1272144.001  1274873.003  1275817.005
  1110:  1276060.009  1276615.001  1278901.003  1282150.005  1282344.009
  1115:  1282438.005  1282542.009  1282653.005  1282679.009  1283406.001
  1120:  1284020.003  1284160.001  1287454.003  1288069.005  1288315.009
  1125:  1288564.005  1288619.009  1288710.005  1288840.009  1289198.001
  1130:  1292557.003  1293133.005  1293473.009  1293929.001  1296266.003
  1135:  1299989.005  1300332.009  1302503.005  1302881.009  1303925.001
  1140:  1306525.003  1307249.001  1310069.003  1310396.005  1310887.009
  1145:  1311396.001  1314042.003  1314457.005  1314632.009  1316115.001
  1150:  1319392.003  1319915.001  1319966.003  1322146.005  1322702.009
  1155:  1324061.005  1324098.009  1324486.005  1324561.009  1325787.001
  1160:  1326862.003  1326879.001  1327766.003  1328690.001  1328792.003
  1165:  1329283.005  1329904.009  1330664.001  1334478.003  1335117.005
  1170:  1335456.009  1335675.005  1335896.009  1336332.001  1340423.003
  1175:  1341468.005  1341586.009  1342025.001  1345397.003  1345789.001
  1180:  1345965.003  1346546.005  1346856.009  1346995.005  1347862.009
  1185:  1349265.005  1349407.009  1351305.005  1351555.009  1352983.001
  1190:  1353215.003  1369082.005  1369432.009  1370851.001  1371045.003
  1195:  1371451.001  1372997.003  1373584.001  1376268.003  1376989.005
  1200:  1377005.009  1377017.005  1377201.009  1377318.005  1377328.009
  1205:  1377847.001  1380081.003  1380109.001  1380442.003  1381386.005
  1210:  1381694.009  1381845.005  1382058.009  1382060.005  1382080.009
  1215:  1383820.005  1383885.009  1384889.005  1385126.009  1386748.005
  1220:  1386765.009  1387037.005  1387153.009  1388115.005  1388119.009
  1225:  1388556.001  1389391.003  1389480.001  1389629.003  1389746.001
  1230:  1389909.003  1390003.001  1390866.003  1391299.001  1391335.003
  1235:  1391371.001  1391713.003  1391979.001  1393559.003  1393594.001
  1240:  1394255.003  1394313.001  1396523.003  1396564.001  1399398.003
  1245:  1400184.005  1400445.009  1400526.005  1400645.009  1401141.005
  1250:  1401826.009  1402158.005  1402178.009  1403578.001  1403712.003
  1255:  1403756.001  1404231.003  1404802.001  1404886.003  1404944.001
  1260:  1406100.003  1407377.005  1407504.009  1407564.005  1408147.009
  1265:  1409598.001  1409884.003  1409925.001  1409973.003  1410022.001
  1270:  1412001.003  1412181.001  1412201.003  1413345.005  1413524.009
  1275:  1413717.005  1413946.009  1414509.001  1417263.003  1420165.005
  1280:  1420766.009  1420814.005  1420828.009  1420929.005  1421651.009
  1285:  1424335.005  1424433.009  1428728.005  1428798.009  1428875.005
  1290:  1428890.009  1428988.005  1429151.009  1430224.005  1430236.009
  1295:  1430440.005  1430633.009  1434978.005  1435016.009  1435035.005
  1300:  1435340.009  1441686.001  1442323.003  1442829.001  1442889.003
  1305:  1442904.001  1442914.003  1443245.001  1443365.003  1443591.001
  1310:  1443617.003  1443657.001  1444797.003  1445508.001  1445623.003
  1315:  1445632.001  1446626.003  1446641.001  1448978.003  1449105.005
  1320:  1449117.009  1449136.005  1449440.009  1449468.005  1449506.009
  1325:  1450225.005  1450561.009  1451049.001  1453774.003  1454306.005
  1330:  1454552.009  1454558.005  1454599.009  1454616.005  1454686.009
  1335:  1454848.005  1455149.009  1455723.005  1455919.009  1456359.001
  1340:  1456464.003  1456527.001  1459258.003  1459786.005  1459912.009
  1345:  1460094.005  1460440.009  1461087.001  1461991.003  1462089.001
  1350:  1463821.003  1466316.005  1466473.009  1466544.005  1466671.009
  1355:  1476999.001  1477383.003  1477404.001  1477498.003  1477518.001
  1360:  1478292.003  1478375.001  1478569.003  1478595.001  1478694.003
  1365:  1478748.001  1479041.003  1479058.001  1479588.003  1479712.001
  1370:  1479863.003  1480367.001  1480404.003  1480441.001  1482057.003
  1375:  1482308.005  1482564.009  1482574.005  1482694.009  1483132.001
  1380:  1485478.003  1486554.005  1486976.009  1487332.005  1487366.009
  1385:  1487600.005  1487633.009  1487828.005  1487884.009  1491160.001
  1390:  1492316.003  1492871.001  1492918.003  1492953.001  1492997.003
  1395:  1493008.001  1493827.003  1493844.001  1494097.003  1494864.001
  1400:  1494924.003  1495042.001  1496763.003  1496880.001  1496898.003
  1405:  1497106.001  1497222.003  1498236.001  1498319.003  1499583.005
B:
     0:        0.000      342.000        0.000      342.000        0.000
     5:      358.000        0.000        0.000        0.000      357.000
    10:        0.000        1.000        0.000        1.000        0.000
    15:        0.000        3.000        0.000        3.000        0.000
    20:        0.000        0.000        0.000        0.000        0.000
    25:        0.000        3.000        0.000        0.000        0.000
    30:        0.000
D:
     0:  1500750.000  1500668.000  1500751.000
E:
     0:     4102.500     4102.500
P:
     0:        0.000      147.000      421.000     1422.000      227.000
     5:       41.000       30.000       83.000      999.000       89.000
    10:       40.000       68.000     2686.000      106.000       35.000
    15:      141.000      102.000      133.000       15.000      101.000
    20:      200.000      357.000      128.000     2723.000     3621.000
    25:       68.000       26.000     1317.000      119.000     2248.000
    30:       38.000       19.000      122.000     2841.000      180.000
    35:      202.000       40.000     3206.000     3099.000      117.000
    40:       98.000     2845.000      134.000      148.000     4351.000
    45:       73.000     2111.000     2038.000      290.000       42.000
    50:     3515.000     2740.000       30.000       55.000     1354.000
    55:     1222.000     2457.000      243.000     1390.000       62.000
    60:     2660.000       87.000     2763.000     2713.000       62.000
    65:     2598.000     2375.000     1786.000     1169.000     2444.000
    70:     2837.000      660.000     2414.000     1907.000     2245.000
    75:     2941.000     1865.000      373.000      421.000      236.000
    80:       41.000       19.000      511.000     1978.000     2656.000
    85:     3633.000     2124.000      332.000      111.000     2212.000
    90:     2579.000       95.000     3369.000      294.000     1693.000
    95:     1577.000      930.000     3192.000     3070.000       92.000
   100:      613.000      661.000       35.000      162.000     3541.000
   105:     3075.000      157.000     2617.000     1909.000     3123.000
   110:     3175.000       59.000      429.000     2919.000      299.000
   115:     3178.000       21.000     2357.000      247.000     1793.000
   120:      173.000      124.000     2704.000     2652.000      136.000
   125:     1568.000     1010.000     2903.000     2786.000      735.000
   130:      216.000      465.000     1828.000       29.000     3553.000
   135:     2613.000     2489.000     1851.000      305.000     2613.000
   140:     3112.000      121.000      204.000     2370.000      147.000
   145:      112.000     2689.000     2432.000     2057.000     3223.000
   150:      102.000     2914.000     2358.000       29.000       81.000
   155:     3185.000     2462.000     1247.000     2234.000      128.000
   160:     2547.000      604.000      226.000      374.000     1074.000
   165:     3311.000     1727.000      334.000     3840.000      448.000
   170:     3195.000      520.000     3011.000     3679.000     2830.000
   175:     2393.000       17.000     3093.000     3103.000     2541.000
   180:     1901.000       22.000     3488.000     3559.000      111.000
   185:      219.000     2726.000     3253.000     3497.000      647.000
   190:     2545.000     2202.000      165.000       79.000     2853.000
   195:     2655.000      267.000     1815.000       91.000       57.000
   200:      145.000     1692.000      140.000     4272.000     1578.000
   205:     2158.000      110.000     2295.000     2414.000      492.000
   210:      130.000       73.000     1911.000     2703.000     2745.000
   215:     2985.000     2655.000     2429.000     2118.000      329.000
   220:     3474.000     3301.000     1032.000     2323.000       99.000
   225:      264.000     3698.000     3030.000     3285.000      110.000
   230:     2320.000      273.000       97.000     3310.000     2601.000
   235:     2987.000     2754.000      522.000       56.000     2238.000
   240:      194.000      230.000       63.000      341.000      605.000
   245:      701.000      154.000      769.000     2234.000     4355.000
   250:      444.000     1223.000      194.000     2324.000       89.000
   255:     2843.000     2000.000     1507.000       59.000       58.000
   260:       41.000      742.000       89.000      305.000     1985.000
   265:     2729.000     2286.000      614.000     3294.000     3359.000
   270:     2337.000     2600.000     2820.000     2646.000     3277.000
   275:       51.000     1075.000      887.000      102.000     3814.000
   280:     4091.000     3372.000      176.000      232.000      194.000
   285:     1546.000     2684.000     2234.000      333.000      835.000
   290:      149.000      163.000      863.000       36.000      342.000
   295:     1580.000      661.000     2210.000     2834.000      134.000
   300:      475.000       84.000     1156.000      286.000       48.000
   305:     1979.000       20.000     2754.000      637.000       60.000
   310:       10.000      120.000       26.000     1140.000      115.000
   315:      994.000     2337.000     2725.000      105.000     2731.000
   320:      904.000     1732.000      384.000       94.000      774.000
   325:      194.000       99.000      293.000      530.000      151.000
   330:       37.000     1616.000     2346.000     1156.000       47.000
   335:       44.000      819.000      253.000       60.000     1721.000
   340:       18.000      116.000       83.000
R:
     0:        1.000   461138.471        0.000
T:
     0:        0.000        0.000        0.000        0.000
W:
     0:        0.000        2.000        0.000
