File: C:\MED-PC IV\Data\Reyes\AW\AW1040.999


Start Date: 08/17/24
End Date: 08/17/24
Subject: 40
Experiment: AW
Group: EXP10
Box: 2
Start Time: 14:18:56
End Time: 15:08:57
MSN: DRRD_exp_10
C:       0.000
F:       0.000
G:       0.000
H:       0.000
I:       0.000
J:       0.000
K:    4071.000
L:       0.000
M:       0.000
N:       0.000
O:       0.000
P:       0.000
Q:       0.000
R:       0.000
S:       0.000
U:  119337.000
V:       0.000
X:       0.000
Y:    2038.000
Z:       0.000
A:
     0:   119079.005     5878.009     5886.005     6068.009     6071.005
     5:     6114.009     6120.005     6126.009     6127.005     6132.009
    10:     6154.005     6331.009     6346.005     6357.009     6359.005
    15:     6697.009     6712.005     9650.009     9655.005    13603.009
    20:    13626.005    15000.013    15000.011    16823.009    16825.005
    25:    17619.001    17639.003    17687.001    19474.003    19578.001
    30:    19742.003    19915.001    19940.003    19951.001    20468.003
    35:    20508.001    21067.003    21085.001    21186.003    21278.001
    40:    21422.003    21719.001    22956.003    23201.001    23353.003
    45:    23381.001    24367.003    25956.001    26295.003    26615.001
    50:    26633.003    26672.001    28531.003    29101.001    30750.003
    55:    30801.001    30995.003    34770.009    34781.005    35233.001
    60:    35446.003    35459.001    36782.003    37332.001    37471.003
    65:    37487.001    39523.018    40063.003    40069.016    40119.026
    70:    41536.001    43500.003    44051.001    44070.003    44105.001
    75:    45798.003    47422.001    47456.003    47508.001    49450.003
    80:    50059.009    50062.005    50081.009    50087.005    50489.001
    85:    50525.003    50568.001    50951.003    50981.001    52784.003
    90:    52833.001    52961.003    55675.001    55765.003    55787.001
    95:    55819.003    55840.001    57765.003    57907.001    58032.003
   100:    58539.009    58541.005    58552.009    58554.005    58561.009
   105:    58562.005    58577.009    58594.005    58603.009    58608.005
   110:    58626.009    58629.005    58635.009    58643.005    58708.009
   115:    58711.005    58718.009    58719.005    58869.009    58870.005
   120:    59069.001    59194.003    59423.001    59457.003    59538.001
   125:    59605.003    59624.001    61243.003    64628.009    64635.005
   130:    64664.009    64677.005    64707.009    64712.005    65500.001
   135:    65621.003    65790.001    65900.003    65932.001    67967.003
   140:    70260.009    70261.005    70417.001    70451.003    70470.001
   145:    70719.003    70733.001    72011.003    74768.009    74772.005
   150:    75151.001    77187.018    77308.003    77314.016    77364.026
   155:    78881.001    80378.003    81829.001    81909.003    81955.001
   160:    82062.003    82096.001    82198.003    82216.001    82274.003
   165:    82285.001    83875.003    83937.001    83968.003    85518.009
   170:    85525.005    85529.009    85532.005    85536.009    85546.005
   175:    85572.009    85574.005    85582.009    85583.005    85711.001
   180:    87659.003    89066.009    89067.005    89249.009    89261.005
   185:    89452.001    89473.003    89543.001    91579.018    91760.003
   190:    91766.016    91807.001    91816.026    91863.003    92778.009
   195:    92779.005    92813.009    92819.005    92989.001    94760.003
   200:    94948.001    95098.003    96025.009    96032.005    96218.001
   205:    98217.003    98278.001    98358.003    99355.009    99358.005
   210:    99764.001    99783.003    99828.001   101864.018   102134.003
   215:   102140.016   102190.026   103123.009   103132.005   103139.009
   220:   103154.005   103160.009   103171.005   103175.009   103176.005
   225:   103182.009   103234.005   103330.001   103549.003   103597.001
   230:   105011.003   105810.009   105813.005   106339.001   108375.018
   235:   108503.003   108509.016   108559.026   109530.001   110259.003
   240:   110684.001   111874.003   111924.001   112108.003   112757.009
   245:   112763.005   112782.009   112786.005   114113.001   114184.003
   250:   114189.001   114458.003   114472.001   115845.003   115884.001
   255:   116020.003   116073.001   116370.003   116635.001   116712.003
   260:   117140.001   117309.003   117352.001   117398.003   117456.001
   265:   118986.003   119026.001   119146.003   119256.001   119336.003
   270:   121213.009   121214.005   122692.001   122916.003   122933.001
   275:   124722.003   127975.009   127982.005   128197.001   128352.003
   280:   128400.001   128544.003   128555.001   130572.003   130605.001
   285:   130834.003   133305.001   133377.003   133412.001   135448.018
   290:   135548.003   135554.016   135604.026   136264.009   136277.005
   295:   136342.009   136345.005   136351.009   136353.005   136420.009
   300:   136421.005   136449.009   136464.005   136489.009   136491.005
   305:   136656.001   138692.018   138895.003   138901.016   138951.026
   310:   139849.009   139850.005   139856.009   139857.005   140252.001
   315:   142254.003   143513.009   143517.005   143724.009   143734.005
   320:   143985.001   144023.003   144052.001   146088.018   146681.003
   325:   146687.016   146737.026   148031.009   148035.005   148052.009
   330:   148055.005   148161.009   148178.005   148206.009   148212.005
   335:   150334.001   150500.003   150537.001   151848.003   151907.001
   340:   152302.003   153764.009   153772.005   153789.009   153805.005
   345:   153845.009   153850.005   154209.009   154212.005   154221.009
   350:   154227.005   154232.009   154233.005   154280.009   154296.005
   355:   154315.009   154329.005   154356.009   154370.005   154391.009
   360:   154416.005   154441.009   154445.005   154464.009   154473.005
   365:   154498.009   154501.005   154512.009   154516.005   154582.009
   370:   154589.005   154596.009   154601.005   157898.001   158222.003
   375:   158247.001   158435.003   158451.001   158565.003   158570.001
   380:   159671.003   160436.009   160441.005   160524.009   160528.005
   385:   160603.009   160606.005   160641.009   160656.005   160667.009
   390:   160679.005   160951.001   161005.003   161030.001   161102.003
   395:   161162.001   162833.003   171779.009   171781.005   171793.009
   400:   171797.005   171888.009   171892.005   171899.009   171901.005
   405:   171903.009   171912.005   172241.001   173858.003   174336.009
   410:   174340.005   174653.001   174734.003   174759.001   176001.003
   415:   176933.001   176991.003   177016.001   177621.003   177645.001
   420:   178634.003   178677.001   178951.003   178984.001   179663.003
   425:   180258.009   180261.005   180670.001   180816.003   180839.001
   430:   181065.003   181079.001   182647.003   182715.001   183330.003
   435:   184587.001   184653.003   184689.001   184902.003   184917.001
   440:   185338.003   185348.001   186542.003   188294.001   188945.003
   445:   189041.001   189233.003   189680.001   189929.003   190367.001
   450:   190387.003   190535.001   192540.003   193367.001   194918.003
   455:   196368.001   196673.003   196686.001   198657.003   199017.001
   460:   199278.003   201831.009   201833.005   202281.009   202284.005
   465:   202297.009   202300.005   202359.009   202361.005   202388.009
   470:   202392.005   202667.001   202776.003   203090.001   205096.003
   475:   205263.009   205265.005   205579.009   205583.005   205599.009
   480:   205602.005   205638.009   205647.005   205917.001   205936.003
   485:   205995.001   207854.003   208643.009   208644.005   208850.009
   490:   208852.005   208860.009   208862.005   208869.009   208874.005
   495:   209179.001   209290.003   209305.001   209341.003   209378.001
   500:   211223.003   211312.001   211333.003   212284.001   212328.003
   505:   212365.001   214372.003   215560.009   215563.005   215883.009
   510:   215901.005   216138.001   216284.003   216306.001   218342.018
   515:   218390.003   218396.016   218446.026   219102.009   219106.005
   520:   219376.001   221138.003   223604.001   223973.003   223979.001
   525:   225659.003   229551.009   229558.005   229870.001   229973.003
   530:   230022.001   230171.003   230208.001   231147.003   231158.001
   535:   232468.003   233239.009   233249.005   234245.001   235864.003
   540:   237051.001   238638.003   239042.009   239043.005   239206.001
   545:   239358.003   239377.001   241413.018   241692.003   241698.016
   550:   241748.026   242962.001   244998.018   245163.003   245169.016
   555:   245219.026   245993.009   245995.005   246004.009   246013.005
   560:   246363.001   246461.003   246924.001   247678.003   247766.001
   565:   249802.018   249815.003   249821.016   249871.026   251991.001
   570:   252206.003   252315.001   254000.003   254809.001   254982.003
   575:   255022.001   256668.003   257937.001   258022.003   258070.001
   580:   258331.003   258548.001   259800.003   259848.001   260059.003
   585:   261401.009   261402.005   262233.001   262604.003   262619.001
   590:   264021.003   271530.001   272623.003   272737.009   272739.005
   595:   273893.001   273925.003   273949.001   275544.003   277830.001
   600:   279866.018   280099.003   280105.016   280155.026   281888.001
   605:   282036.003   282069.001   283122.003   283171.001   283390.003
   610:   286506.001   287941.003   287993.001   288136.003   289866.009
   615:   289869.005   291032.001   291096.003   291119.001   292868.003
   620:   292922.001   293352.003   294552.009   294553.005   295134.001
   625:   297170.018   297325.003   297331.016   297381.026   298201.009
   630:   298206.005   298454.001   299837.003   300090.001   300173.003
   635:   301373.001   301437.003   301478.001   302835.003   305162.001
   640:   305202.003   305253.001   305456.003   305463.001   307387.003
   645:   308843.001   308926.003   308974.001   311010.018   311282.003
   650:   311288.016   311338.026   312684.001   314720.018   315034.003
   655:   315040.016   315090.026   315997.009   316003.005   316341.001
   660:   316370.003   316477.001   317645.003   318461.001   320202.003
   665:   320270.001   320433.003   320496.001   320964.003   323574.001
   670:   323716.003   323773.001   324028.003   324052.001   325673.003
   675:   334311.001   335726.003   336910.001   336940.003   336983.001
   680:   337214.003   337249.001   338879.003   340666.001   340731.003
   685:   340743.001   340850.003   340863.001   342763.003   344385.009
   690:   344391.005   344517.009   344520.005   344550.009   344551.005
   695:   347095.001   348735.003   348857.001   349100.003   349161.001
   700:   349292.003   349678.001   349738.003   349764.001   351800.018
   705:   351907.003   351913.016   351917.001   351963.026   352017.003
   710:   353100.001   353336.003   353392.001   355428.018   355536.003
   715:   355542.016   355592.026   364842.009   364848.005   365834.001
   720:   366408.003   366440.001   366531.003   366541.001   367837.003
   725:   368739.001   368787.003   368840.001   368913.003   368934.001
   730:   368947.003   368963.001   369235.003   369244.001   370698.003
   735:   370738.001   370846.003   370896.001   371143.003   371839.001
   740:   372574.003   372583.001   374354.003   374393.001   374817.003
   745:   381534.001   381763.003   381816.001   383852.018   383931.003
   750:   383937.016   383987.026   385531.001   387258.003   387291.001
   755:   387416.003   390091.001   390114.003   390217.001   391011.003
   760:   391047.001   392497.003   394618.001   394695.003   394735.001
   765:   394784.003   394802.001   396707.003   404364.009   404365.005
   770:   404375.009   404389.005   404708.001   406621.003   408750.001
   775:   408799.003   408821.001   410797.003   410803.001   410958.003
   780:   412736.009   412740.005   416624.001   418660.018   418954.003
   785:   418960.016   419010.026   420329.001   420375.003   420423.001
   790:   422265.003   423895.001   423934.003   423982.001   424027.003
   795:   424048.001   426084.018   426251.003   426257.016   426307.026
   800:   427033.009   427036.005   427815.001   429301.003   431930.001
   805:   431976.003   432017.001   433770.003   435870.001   435925.003
   810:   435974.001   437852.003   440031.001   440126.003   440178.001
   815:   442116.003   445084.001   445125.003   445171.001   445242.003
   820:   445256.001   445674.003   445681.001   447251.003   451090.001
   825:   451123.003   451132.001   451279.003   451349.001   453367.003
   830:   454657.001   454673.003   455642.001   455672.003   455691.001
   835:   457461.003   458324.001   458343.003   458436.001   458503.003
   840:   458539.001   460575.018   461464.003   461470.016   461520.026
   845:   465408.001   465569.003   465626.001   465670.003   465689.001
   850:   467488.003   470360.001   470547.003   470576.001   472612.018
   855:   472731.003   472737.016   472787.026   473582.009   473586.005
   860:   474167.001   475998.003   478990.001   479051.003   479112.001
   865:   479158.003   479194.001   481177.003   482421.001   482488.003
   870:   482533.001   482611.003   482628.001   484568.003   485220.001
   875:   485437.003   485442.001   487481.018   487740.003   487746.016
   880:   487796.026   490737.001   490945.003   491011.001   493047.018
   885:   493358.003   493364.016   493414.026   494501.009   494502.005
   890:   494844.001   496523.003   496774.001   496861.003   499066.001
   895:   499094.003   499128.001   499670.003   499682.001   500731.003
   900:   500769.001   500917.003   501941.001   502327.003   527830.001
   905:   527955.003   528167.001   528605.003   530282.009   530284.005
   910:   540968.009   540971.005   540984.009   540985.005   541322.001
   915:   543184.003   544164.001   544327.003   545269.001   545293.003
   920:   545324.001   547360.018   548104.003   548110.016   548160.026
   925:   549511.001   549685.003   549755.001   550506.003   550527.001
   930:   552108.003   554723.001   554745.003   554800.001   554837.003
   935:   554858.001   556101.003   556113.001   557351.003   557592.001
   940:   557715.003   559604.001   559756.003   559805.001   559838.003
   945:   559877.001   559929.003   559951.001   561987.018   562531.003
   950:   562537.016   562587.026   563678.009   563679.005   564135.001
   955:   565995.003   567679.001   567772.003   568033.001   568141.003
   960:   568163.001   568189.003   568212.001   570248.018   570833.003
   965:   570839.016   570889.026   571751.009   571753.005   572699.001
   970:   572779.003   572864.001   572927.003   572949.001   574951.003
   975:   576923.001   577092.003   577151.001   577194.003   577214.001
   980:   579125.003   581706.009   581717.005   582141.001   582333.003
   985:   582356.001   584392.018   585708.003   585714.016   585764.026
   990:   587283.001   587496.003   587531.001   589305.003   593830.001
   995:   595004.003   600088.001   602124.018   602781.003   602787.016
  1000:   602837.026   613716.001   614227.003   614654.001   616120.003
  1005:   616177.001   616201.003   616891.001   617166.003   618369.001
  1010:   618549.003   618596.001   618650.003   618692.001   619173.003
  1015:   619177.001   621217.018   622898.003   622904.016   622954.026
  1020:   627157.001   628581.003   628613.001   628718.003   629366.001
  1025:   629436.003   629453.001   630938.003   631143.001   631172.003
  1030:   633181.009   633185.005   634106.001   634143.003   634192.001
  1035:   636228.018   638697.003   638703.016   638753.026   641717.001
  1040:   641783.003   641820.001   642016.003   642034.001   643723.003
  1045:   646841.001   646862.003   646892.001   647003.003   647012.001
  1050:   649048.018   649177.003   649183.016   649233.026   651755.001
  1055:   652876.003   652894.001   653596.003   653616.001   653695.003
  1060:   655847.001   656080.003   656097.001   658133.018   658542.003
  1065:   658548.016   658598.026   660473.001   660696.003   660738.001
  1070:   662774.018   663529.003   663535.016   663585.026   664409.009
  1075:   664410.005   664893.001   665086.003   665104.001   666796.003
  1080:   670226.001   670291.003   670353.001   670417.003   670434.001
  1085:   672470.018   672732.003   672738.016   672788.026   674336.001
  1090:   674385.003   674500.001   676536.018   677050.003   677056.016
  1095:   677106.026   678330.001   679873.003   682674.001   684710.018
  1100:   685104.003   685110.016   685160.026   687250.009   687253.005
  1105:   687282.009   687296.005   688514.001   688598.003   688668.001
  1110:   690201.003   694442.001   694545.003   694770.001   694892.003
  1115:   694968.001   695005.003   695032.001   696968.003   701539.001
  1120:   703575.018   703854.003   703860.016   703910.026   705109.001
  1125:   707145.018   707210.003   707216.016   707266.026   707928.009
  1130:   707939.005   708796.001   710297.003   712513.001   714549.018
  1135:   714596.003   714602.016   714652.026   717145.001   717170.003
  1140:   717276.001   717313.003   717358.001   719137.003   722140.001
  1145:   722268.003   722329.001   722392.003   722407.001   722803.003
  1150:   722825.001   723649.003   723687.001   723764.003   723793.001
  1155:   724978.003   727511.001   727630.003   727664.001   727706.003
  1160:   727745.001   728225.003   728244.001   730280.018   730655.003
  1165:   730661.016   730711.026   732394.001   732500.003   732575.001
  1170:   734611.018   734836.003   734842.016   734892.026   736074.009
  1175:   736075.005   736309.001   737953.003   741091.001   741222.003
  1180:   741269.001   741314.003   741338.001   742964.003   743070.001
  1185:   743095.003   745551.001   745606.003   745624.001   747660.018
  1190:   747951.003   747957.016   748007.026   748685.009   748686.005
  1195:   749321.001   751096.003   753959.001   754061.003   754162.001
  1200:   756198.018   756470.003   756476.016   756526.026   760862.001
  1205:   760978.003   761070.001   763106.018   763510.003   763516.016
  1210:   763566.026   764624.009   764629.005   765221.001   766362.003
  1215:   767367.001   767413.003   767456.001   769492.018   770081.003
  1220:   770087.016   770137.026   771819.001   772407.003   772456.001
  1225:   774072.003   780413.001   780641.003   780789.001   780955.003
  1230:   780984.001   782808.003   785849.001   786021.003   786080.001
  1235:   786126.003   786145.001   787954.003   789113.001   789257.003
  1240:   789288.001   791324.018   791554.003   791560.016   791610.026
  1245:   792344.009   792346.005   793691.001   793742.003   793779.001
  1250:   795759.003   795785.001   796079.003   800632.001   800653.003
  1255:   800696.001   800746.003   800783.001   801177.003   801210.001
  1260:   802639.003   807142.001   807287.003   807303.001   809339.018
  1265:   809505.003   809511.016   809561.026   810781.009   810782.005
  1270:   811302.001   813259.003   815985.001   816007.003   816061.001
  1275:   816101.003   816147.001   818183.018   818569.003   818575.016
  1280:   818625.026   819643.009   819645.005   820118.001   820929.003
  1285:   820996.001   822276.003   824146.001   824230.003   824293.001
  1290:   826269.003   829013.001   829176.003   829216.001   831252.018
  1295:   831423.003   831429.016   831479.026   832648.001   832774.003
  1300:   832801.001   834735.003   839491.001   839531.003   839574.001
  1305:   841517.003   841544.001   841665.003   843860.001   844170.003
  1310:   844182.001   844223.003   844238.001   846274.018   846799.003
  1315:   846805.016   846855.026   847611.009   847613.005   848217.001
  1320:   850197.003   854063.001   854257.003   854275.001   856311.018
  1325:   856565.003   856571.016   856621.026   858744.001   860780.018
  1330:   860981.003   860987.016   861037.026   862265.001   864232.003
  1335:   864445.001   864513.003   866608.001   866830.003   866846.001
  1340:   867407.003   867432.001   867570.003   867584.001   869537.003
  1345:   871568.001   871615.003   871646.001   871689.003   871742.001
  1350:   871990.003   872018.001   873485.003   875786.009   875788.005
  1355:   876827.001   878863.018   879369.003   879375.016   879425.026
  1360:   880102.009   880104.005   880137.009   880138.005   880706.001
  1365:   882742.018   883231.003   883237.016   883267.001   883287.026
  1370:   883288.003   887160.001   887240.003   887267.001   888167.003
  1375:   888184.001   888296.003   888303.001   890340.018   891086.003
  1380:   891092.016   891142.026   894687.001   894758.003   895141.001
  1385:   895269.003   895301.001   897337.018   897458.003   897464.016
  1390:   897514.026   898740.009   898741.005   898759.009   898762.005
  1395:   899189.001   899353.003   899376.001   901412.018   901598.003
  1400:   901604.016   901654.026   903048.001   905084.018   905165.003
  1405:   905171.016   905221.026   906485.009   906487.005   906503.009
  1410:   906554.005   906630.009   906638.005   906983.009   906986.005
  1415:   907423.001   909459.018   909733.003   909739.016   909789.026
  1420:   909791.017   910967.009   910974.005   911036.009   911039.005
  1425:   911051.009   911053.005   911604.001   913383.003   913945.001
  1430:   914123.003   914238.001   914387.003   914469.001   914518.003
  1435:   914542.001   916782.018   916832.003   916838.016   916888.026
  1440:   953710.001   954202.003   963607.009   963610.005   964142.001
  1445:   966382.018   966559.003   966565.016   966615.026   968169.001
  1450:   968281.003   968500.001   969110.003   969148.001   969941.003
  1455:   972255.001   972369.003   972516.001   974142.003   977626.001
  1460:   977668.003   978014.001   979886.003   982302.001   982468.003
  1465:   982519.001   984544.003   989609.001   989887.003   989904.001
  1470:   991541.003   991666.001   991862.003   993536.001   993577.003
  1475:   993620.001   993675.003   993715.001   993865.003   993885.001
  1480:   995818.003  1000438.001  1000642.003  1000682.001  1000734.003
  1485:  1000740.001  1001215.003  1001235.001  1002932.003  1003026.001
  1490:  1003057.003  1006265.001  1006294.003  1006337.001  1006426.003
  1495:  1006444.001  1008684.018  1008686.003  1008692.016  1008742.026
  1500:  1010583.001  1012804.003  1014575.001  1014595.003  1014841.001
  1505:  1014901.003  1014918.001  1016988.003  1017036.001  1017323.003
  1510:  1017414.001  1017671.003  1019599.001  1019647.003  1019691.001
  1515:  1019756.003  1019772.001  1022012.018  1022095.003  1022101.016
  1520:  1022151.026  1022999.009  1023001.005  1023738.001  1024063.003
  1525:  1024083.001  1025861.003  1025930.001  1026304.003  1028438.001
  1530:  1028680.003  1028719.001  1030713.003  1033249.001  1035489.018
  1535:  1035527.003  1035533.016  1035583.026  1036385.009  1036388.005
  1540:  1037097.001  1037216.003  1037255.001  1037440.003  1037486.001
  1545:  1039164.003  1039232.001  1039429.003  1040367.001  1040486.003
  1550:  1040535.001  1040665.003  1040699.001  1042939.018  1043199.003
  1555:  1043205.016  1043255.026  1045142.001  1045254.003  1045305.001
  1560:  1046009.003  1046020.001  1047117.003  1047360.001  1047653.003
  1565:  1049481.001  1049504.003  1049542.001  1049570.003  1049616.001
  1570:  1051856.018  1052572.003  1052578.016  1052628.026  1054208.001
  1575:  1054304.003  1054334.001  1056303.003  1056310.001  1056498.003
  1580:  1058717.001  1058787.003  1058917.001  1058966.003  1059000.001
  1585:  1061240.018  1061492.003  1061498.016  1061548.026  1063155.001
  1590:  1065317.003  1068633.009  1068634.005  1069571.001  1069738.003
  1595:  1069799.001  1069900.003  1069937.001  1072177.018  1073060.003
  1600:  1073066.016  1073116.026  1074562.001  1076802.018  1077327.003
  1605:  1077333.016  1077383.026  1079110.001  1079450.003  1079518.001
  1610:  1080831.003  1081288.001  1081846.003  1082962.001  1083010.003
  1615:  1083084.001  1083451.003  1083492.001  1083563.003  1083590.001
  1620:  1083698.003  1083713.001  1085924.003  1089255.001  1089314.003
  1625:  1089357.001  1091597.018  1091607.003  1091613.016  1091663.026
  1630:  1094016.001  1094074.003  1095772.001  1095789.003  1095831.001
  1635:  1095954.003  1096014.001  1098224.003  1100179.009  1100183.005
  1640:  1100389.001  1100663.003  1100687.001  1102927.018  1103331.003
  1645:  1103337.016  1103387.026  1105143.001  1107383.018  1107513.003
  1650:  1107519.016  1107569.026  1109146.001  1109218.003  1109234.001
  1655:  1111288.003  1113433.001  1113528.003  1113638.001  1113847.003
  1660:  1113867.001  1114003.003  1114013.001  1115639.003  1118404.001
  1665:  1118482.003  1118570.001  1120165.003  1121127.001  1121174.003
  1670:  1121230.001  1123470.018  1125319.003  1125325.016  1125375.026
  1675:  1126991.001  1127495.003  1127519.001  1129463.003  1131474.009
  1680:  1131476.005  1132324.001  1132380.003  1132477.001  1134601.003
  1685:  1138322.001  1140466.003  1140491.001  1140985.003  1157671.001
  1690:  1159911.018  1160794.003  1160800.016  1160850.026  1164450.001
  1695:  1164641.003  1164661.001  1166594.003  1166650.001  1167019.003
  1700:  1168218.001  1168320.003  1168368.001  1168434.003  1168470.001
  1705:  1168541.003  1168556.001  1170796.018  1170960.003  1170966.016
  1710:  1171001.001  1171016.026  1171055.003  1173171.001  1175411.018
  1715:  1175571.003  1175577.016  1175596.001  1175627.026  1175699.003
  1720:  1176643.001  1176752.003  1176798.001  1179038.018  1179641.003
  1725:  1179647.016  1179697.026  1180393.009  1180397.005  1181660.001
  1730:  1183453.003  1185260.001  1185346.003  1185401.001  1185452.003
  1735:  1185474.001  1187714.018  1187826.003  1187832.016  1187882.026
  1740:  1189648.001  1191729.003  1194085.001  1194192.003  1194213.001
  1745:  1196183.003  1199070.001  1199101.003  1199275.001  1199325.003
  1750:  1199343.001  1201583.018  1202720.003  1202726.016  1202776.026
  1755:  1204367.001  1206607.018  1206899.003  1206905.016  1206955.026
  1760:  1211501.001  1211563.003  1211584.001  1213824.018  1214316.003
  1765:  1214322.016  1214372.026  1216384.001  1218624.018  1218872.003
  1770:  1218878.016  1218928.026  1221923.001  1221969.003  1222013.001
  1775:  1224253.018  1224500.003  1224506.016  1224556.026  1226127.001
  1780:  1228333.003  1230527.001  1230552.003  1230616.001  1232856.018
  1785:  1232924.003  1232930.016  1232980.026  1234046.009  1234049.005
  1790:  1234677.001  1236306.003  1239705.001  1239748.003  1239790.001
  1795:  1241727.003  1246430.001  1248670.018  1249019.003  1249025.016
  1800:  1249075.026  1250597.001  1250615.003  1250661.001  1252697.003
  1805:  1256931.001  1259171.018  1259325.003  1259331.016  1259381.026
  1810:  1260590.009  1260592.005  1261089.001  1261257.003  1261278.001
  1815:  1263117.003  1265640.001  1265793.003  1265840.001  1265887.003
  1820:  1265901.001  1268141.018  1268634.003  1268640.016  1268690.026
  1825:  1270178.001  1270613.003  1270658.001  1272898.018  1273030.003
  1830:  1273036.016  1273086.026  1274503.001  1276481.003  1278398.001
  1835:  1278443.003  1278490.001  1278721.003  1278730.001  1280970.018
  1840:  1281000.003  1281006.016  1281056.026  1282760.001  1282900.003
  1845:  1282944.001  1285184.018  1285681.003  1285687.016  1285737.026
  1850:  1286680.009  1286697.005  1288173.001  1290413.018  1290638.003
  1855:  1290644.016  1290694.026  1292191.001  1293808.003  1293828.001
  1860:  1293996.003  1294402.001  1294553.003  1296250.001  1296303.003
  1865:  1296330.001  1296477.003  1296487.001  1298727.018  1299212.003
  1870:  1299218.016  1299268.026  1301722.001  1301813.003  1301915.001
  1875:  1301945.003  1301994.001  1304234.018  1304476.003  1304482.016
  1880:  1304532.026  1306352.001  1306489.003  1306590.001  1306846.003
  1885:  1306869.001  1308100.003  1310176.001  1312416.018  1312546.003
  1890:  1312552.016  1312602.026  1315034.001  1317274.018  1317574.003
  1895:  1317580.016  1317630.026  1319071.001  1321311.018  1322826.003
  1900:  1322832.016  1322882.026  1322884.017  1326141.001  1326246.003
  1905:  1326318.001  1328435.003  1328584.001  1328932.003  1331946.001
  1910:  1331983.003  1332061.001  1332437.003  1332442.001  1334908.018
  1915:  1335425.003  1335431.016  1335481.026  1338778.001  1338818.003
  1920:  1338859.001  1341322.018  1341372.003  1341378.016  1341428.026
  1925:  1343699.001  1343834.003  1344098.001  1346561.018  1346835.003
  1930:  1346841.016  1346891.026  1348481.009  1348484.005  1351688.001
  1935:  1351742.003  1352307.001  1352403.003  1352422.001  1354885.018
  1940:  1355168.003  1355174.016  1355224.026  1356757.001  1359220.018
  1945:  1359294.003  1359300.016  1359350.026  1362151.001  1362218.003
  1950:  1362426.001  1364889.018  1366167.003  1366173.016  1366223.026
  1955:  1367279.009  1367280.005  1370759.001  1370841.003  1370909.001
  1960:  1372978.003  1376634.001  1376780.003  1376821.001  1379098.003
  1965:  1382276.001  1382379.003  1382439.001  1384742.003  1388256.001
  1970:  1388292.003  1388318.001  1390705.003  1394361.001  1394881.003
  1975:  1394895.001  1397358.018  1397570.003  1397576.016  1397626.026
  1980:  1399469.001  1399613.003  1399638.001  1401442.003  1403696.001
  1985:  1403932.003  1403959.001  1406422.018  1408274.003  1408280.016
  1990:  1408330.026  1409691.001  1410240.003  1410345.001  1412401.003
  1995:  1414938.001  1414959.003  1415001.001  1415061.003  1415084.001
  2000:  1417367.003  1451214.001  1452053.003  1452399.001  1453165.003
  2005:  1453205.001  1453897.003  1454321.001  1454476.003  1456422.001
  2010:  1456603.003  1456664.001  1456692.003  1456755.001  1456903.003
  2015:  1456921.001  1457754.003  1457787.001  1459369.003  1475891.001
  2020:  1475948.003  1492694.001  1493328.003  1495058.001  1495143.003
  2025:  1495168.001  1495845.003  1498925.001  1499065.003  1499098.001
  2030:  1499134.003  1499167.001  1499460.003  1499497.001  1499547.003
  2035:  1499563.001  1499635.003  1499657.001
B:
     0:        0.000      687.000        0.000      686.000        0.000
     5:      172.000        0.000        0.000        0.000      171.000
    10:        0.000        1.000        0.000        1.000        0.000
    15:        0.000      106.000        2.000      106.000        0.000
    20:        0.000        0.000        0.000        0.000        0.000
    25:        0.000      106.000        0.000        0.000        0.000
    30:        0.000
D:
     0:  1619342.000  1618994.000  1618972.000
E:
     0:     2035.500     2462.955
T:
     0:        0.000        0.000        0.000        0.000
W:
     0:        2.000        2.000        0.000
