File: C:\MED-PC IV\Data\Reyes\AW\AW1048.999


Start Date: 08/22/24
End Date: 08/22/24
Subject: 48
Experiment: AW
Group: EXP10
Box: 4
Start Time: 15:37:38
End Time: 16:27:39
MSN: DRRD_exp_10
C:       0.000
F:       0.000
G:       0.000
H:       0.000
I:       0.000
J:       0.000
K:   10000.000
L:       0.000
M:       0.000
N:       0.000
O:       0.000
P:       0.000
Q:       0.000
R:       0.000
S:       0.000
U:   53323.000
V:       0.000
X:       0.000
Y:    1525.000
Z:       0.000
A:
     0:     3901.005     4126.009     4224.005     4586.009    11398.005
     5:    11509.009    15000.013    15000.011    17940.005    18011.009
    10:    18737.001    18760.003    19090.001    20024.003    20109.001
    15:    20165.003    23909.001    24677.003    25008.005    25027.009
    20:    25710.001    30395.003    30520.001    31093.003    31176.001
    25:    35813.003    39290.001    44290.018    46947.003    46953.016
    30:    47003.026    47058.001    47083.003    47230.005    47890.009
    35:    48292.001    50126.003    50181.001    52635.003    53582.001
    40:    53739.003    54171.005    54215.009    55635.001    55756.003
    45:    55860.001    56633.003    56909.001    57025.003    57112.001
    50:    57167.003    57185.001    57194.003    57310.001    57753.003
    55:    57766.001    59145.003    59266.001    64266.018    64837.003
    60:    64843.016    64893.026    65025.005    65706.009    66157.001
    65:    70395.003    70433.001    73829.003    74128.005    74411.009
    70:    75177.001    75333.003    75380.001    80380.018    81160.003
    75:    81166.016    81216.026    81367.005    81953.009    82390.001
    80:    87390.018    90536.003    90542.016    90592.026    90745.005
    85:    91388.009    92056.001    97056.018    98577.003    98583.016
    90:    98633.026    98758.005    99298.009    99312.005    99331.009
    95:    99553.005    99676.009   100335.001   105335.018   107877.003
   100:   107883.016   107933.026   108052.005   108624.009   109305.001
   105:   114305.018   116939.003   116945.016   116995.026   117122.005
   110:   117612.009   117622.005   117637.009   118075.001   123075.018
   115:   125502.003   125508.016   125558.026   125719.005   126363.009
   120:   126780.001   131780.018   133176.003   133182.016   133232.026
   125:   133364.005   133899.009   133919.005   133935.009   134307.001
   130:   139307.018   140373.003   140379.016   140429.026   140546.005
   135:   140907.009   140923.005   140927.009   141470.001   146470.018
   140:   147417.003   147423.016   147437.001   147473.026   147703.003
   145:   147929.005   148872.009   149184.001   154184.018   154755.003
   150:   154761.016   154811.026   154950.005   155450.009   155489.005
   155:   156018.009   156071.005   156089.009   156126.005   156146.009
   160:   157017.001   162017.018   164376.003   164382.016   164432.026
   165:   164579.005   165073.009   165074.005   165101.009   165161.005
   170:   165189.009   165460.001   170460.018   171631.003   171637.016
   175:   171687.026   171765.005   172321.009   172837.001   177837.018
   180:   179265.003   179271.016   179321.026   179329.001   179395.003
   185:   179423.001   179430.005   179457.003   179938.009   180014.005
   190:   180111.009   180581.001   183330.003   183487.001   183537.003
   195:   183659.001   183672.003   184248.001   184352.003   184552.001
   200:   184627.003   184784.005   184934.009   186512.005   186613.009
   205:   186920.001   186932.003   187004.001   192004.018   192781.003
   210:   192787.016   192837.026   192860.005   193415.009   193435.005
   215:   193443.009   193532.005   193538.009   193561.005   193577.009
   220:   193817.005   193908.009   194249.001   199249.018   200267.003
   225:   200273.016   200301.001   200323.026   200366.003   200429.005
   230:   200875.009   201435.001   206435.018   207548.003   207554.016
   235:   207604.026   207711.005   208127.009   208682.001   213682.018
   240:   213716.003   213722.016   213772.026   213854.005   214757.009
   245:   215731.005   216073.009   221705.001   226705.018   226710.003
   250:   226716.016   226766.026   226870.005   227762.009   227784.005
   255:   227794.009   227905.005   228005.009   228338.001   233338.003
   260:   233344.016   233394.026   233487.005   234149.009   234419.001
   265:   239419.018   240349.003   240355.016   240405.026   240516.005
   270:   241001.009   241437.001   242350.003   242418.001   246188.003
   275:   246198.001   247223.003   247530.005   247879.009   249053.001
   280:   253219.003   253321.001   253460.003   253496.001   253555.003
   285:   253709.001   253981.003   254146.001   258495.003   258768.001
   290:   258860.003   258892.001   258991.003   259034.001   259089.003
   295:   259230.001   259329.003   259501.005   259591.009   261053.001
   300:   266053.018   266816.003   266822.016   266872.026   267003.005
   305:   267873.009   268326.001   273081.003   273253.001   273401.003
   310:   273941.005   274181.009   275489.001   280489.018   280797.003
   315:   280803.016   280853.026   280967.005   281433.009   281464.005
   320:   281534.009   281852.001   286852.018   286933.003   286939.016
   325:   286989.026   287145.005   288204.009   288317.005   288384.009
   330:   288868.001   293700.003   294096.001   294517.003   294648.001
   335:   299648.018   300662.003   300668.016   300718.026   300804.005
   340:   301894.009   301928.005   301954.009   302004.005   302007.009
   345:   302555.001   307445.003   307898.001   308051.003   308099.001
   350:   313099.018   313487.003   313493.016   313543.026   313671.005
   355:   314307.009   314671.001   319671.018   320159.003   320165.016
   360:   320215.026   320285.005   320986.009   320997.005   321033.009
   365:   321504.001   326149.003   326318.005   326588.009   326857.005
   370:   327098.009   327905.001   332905.018   333020.003   333026.016
   375:   333076.026   333192.005   333640.009   333695.005   333716.009
   380:   334242.001   339164.003   339316.005   339769.009   340547.001
   385:   345547.018   346445.003   346451.016   346501.026   346645.005
   390:   347293.009   347692.001   352692.018   353126.003   353132.016
   395:   353182.026   353360.005   354054.009   354427.001   359071.003
   400:   359294.005   359708.009   361022.001   365000.003   365113.001
   405:   365240.003   365707.001   367101.003   367291.001   368300.003
   410:   368572.005   368588.009   368622.005   368628.009   368648.005
   415:   368691.009   370660.001   375660.018   376029.003   376035.016
   420:   376085.026   376147.005   376960.009   378057.005   378144.009
   425:   378630.001   383555.003   383836.005   384056.009   384099.005
   430:   384106.009   385215.001   390215.018   390289.003   390295.016
   435:   390345.026   390498.005   390999.009   391376.001   396376.018
   440:   397019.003   397025.016   397075.026   397219.005   397830.009
   445:   398216.001   403177.003   403366.001   403490.003   403968.001
   450:   405399.003   405548.005   405617.009   406773.001   407603.003
   455:   407646.001   412063.003   412561.001   412629.003   412670.001
   460:   412685.003   412730.001   417349.003   417480.001   417531.003
   465:   417549.005   418076.009   418654.001   423654.018   423879.003
   470:   423885.016   423935.026   424069.005   424518.009   424531.005
   475:   424557.009   424877.001   429388.003   429673.001   434156.003
   480:   434430.005   434569.009   434638.005   434661.009   434755.005
   485:   435122.009   436642.001   441438.003   441704.001   441801.003
   490:   441822.001   442034.003   442070.001   442820.003   443227.001
   495:   448227.018   448677.003   448683.016   448733.026   448871.005
   500:   449476.009   449711.001   454711.018   455394.003   455400.016
   505:   455450.026   455661.005   456246.009   456726.001   461726.018
   510:   462367.003   462373.016   462423.026   462487.005   463291.009
   515:   463685.001   468542.003   469121.001   469578.003   472325.005
   520:   472337.009   472347.005   472598.009   472951.005   473239.009
   525:   474385.001   479009.003   479205.005   479863.009   480504.005
   530:   480532.009   481183.001   486183.018   487258.003   487264.016
   535:   487314.026   487402.005   488168.009   488484.001   493484.018
   540:   494142.003   494148.016   494198.026   494290.005   495031.009
   545:   495053.005   495132.009   495482.001   500482.018   502410.003
   550:   502416.016   502466.026   502537.005   503167.009   503221.005
   555:   503247.009   503718.001   508718.018   509428.003   509434.016
   560:   509484.026   509584.005   510530.009   511431.001   516431.018
   565:   517894.003   517900.016   517950.026   518057.005   518676.009
   570:   518753.005   518775.009   518920.005   519276.009   520025.001
   575:   521828.003   521879.001   525801.003   525990.005   526375.009
   580:   527797.001   532797.018   533440.003   533446.016   533496.026
   585:   533583.005   534366.009   534860.001   539860.018   540015.003
   590:   540021.016   540071.026   540142.005   540854.009   541416.001
   595:   546416.018   548218.003   548224.016   548274.026   548364.005
   600:   548997.009   549031.005   549075.009   549484.001   554484.018
   605:   554910.003   554916.016   554966.026   555090.005   555771.009
   610:   556255.001   561255.018   561782.003   561788.016   561838.026
   615:   561957.005   562712.009   562747.005   562749.009   562776.005
   620:   562949.009   563445.001   568445.018   568459.003   568465.016
   625:   568515.026   568613.005   569700.009   569715.005   569726.009
   630:   570129.001   575129.018   576082.003   576088.016   576138.026
   635:   576237.005   577215.009   577228.005   577239.009   577865.001
   640:   579704.003   579881.001   584881.018   585313.003   585319.016
   645:   585369.026   585497.005   586245.009   586768.001   591412.003
   650:   591635.005   591974.009   592732.001   597732.018   598041.003
   655:   598047.016   598097.026   598233.005   599256.009   599275.005
   660:   599301.009   599692.001   604692.018   604780.003   604786.016
   665:   604836.026   604918.005   605604.009   606094.001   610936.003
   670:   612864.001   613532.003   613552.001   614911.003   615015.001
   675:   619538.003   621030.001   625859.003   626251.001   626723.003
   680:   626763.001   627046.003   627070.001   632070.018   633176.003
   685:   633182.016   633232.026   633328.005   634153.009   637495.001
   690:   642453.003   642642.005   643225.009   643712.001   648712.018
   695:   649321.003   649327.016   649377.026   649496.005   650151.009
   700:   650541.001   654088.003   654122.001   656207.003   656425.001
   705:   656505.003   657036.001   657350.003   657453.001   661403.003
   710:   661701.001   661966.003   662182.001   662219.003   662465.001
   715:   663091.003   663132.001   668002.003   679819.005   679831.009
   720:   679837.005   679915.009   683952.001   685124.003   685200.001
   725:   690200.018   690271.003   690277.016   690327.026   690486.005
   730:   691298.009   691309.005   691319.009   691344.005   691360.009
   735:   691672.005   691696.009   692069.001   697069.018   697368.003
   740:   697374.016   697424.026   697546.005   698233.009   698695.001
   745:   703695.018   704048.003   704054.016   704104.026   704286.005
   750:   704895.009   704911.005   705131.009   706372.001   711372.018
   755:   712386.003   712392.016   712442.026   712621.005   713337.009
   760:   713359.005   713451.009   713477.005   713499.009   713570.005
   765:   715708.009   718426.005   718494.009   719020.001   724020.018
   770:   724342.003   724348.016   724398.026   724544.005   724915.009
   775:   724945.005   724975.009   725550.001   730550.018   730737.003
   780:   730743.016   730793.026   730891.005   731399.009   731878.001
   785:   736878.018   736971.003   736977.016   737027.026   737166.005
   790:   738418.009   738904.001   743904.018   744196.003   744202.016
   795:   744252.026   744325.005   744957.009   745476.001   750476.018
   800:   750956.003   750962.016   751012.026   751196.005   751929.009
   805:   752143.005   752249.009   752960.001   757960.018   758846.003
   810:   758852.016   758902.026   759023.005   759749.009   760240.001
   815:   764808.003   765107.001   765687.003   765850.001   766650.003
   820:   767558.001   772558.018   772619.003   772625.016   772675.026
   825:   772883.005   774672.009   774683.005   774973.009   776578.001
   830:   781578.018   781879.003   781885.016   781935.026   782057.005
   835:   782752.009   783222.001   788222.018   788419.003   788425.016
   840:   788475.026   788567.005   789184.009   789703.001   794703.018
   845:   795212.003   795218.016   795268.026   795429.005   796139.009
   850:   796158.005   796175.009   796205.005   796226.009   796688.001
   855:   801688.018   802558.003   802564.016   802614.026   802737.005
   860:   803487.009   803859.001   808859.018   809325.003   809331.016
   865:   809381.026   809525.005   810178.009   810657.001   814773.003
   870:   815084.001   815418.003   815802.001   820719.003   821946.001
   875:   825691.003   825878.001   826145.003   826496.005   826664.009
   880:   827972.001   829540.003   829589.001   833443.003   833578.001
   885:   833755.003   833870.001   834000.003   834173.001   834213.003
   890:   834230.001   839230.018   839726.003   839732.016   839782.026
   895:   839930.005   840373.009   840418.005   840506.009   840852.001
   900:   841739.003   841789.001   845811.003   846359.001   846379.003
   905:   846427.001   850957.003   851445.001   855994.003   856112.001
   910:   856347.003   856393.001   856634.003   856719.001   858757.003
   915:   859049.005   859152.009   862963.001   867963.018   869347.003
   920:   869353.016   869403.026   869530.005   870473.009   871094.001
   925:   876094.018   876242.003   876248.016   876281.001   876298.026
   930:   876436.003   876523.005   877207.009   877552.001   882552.018
   935:   883414.003   883420.016   883470.026   883567.005   884150.009
   940:   884739.001   885652.003   885683.001   885915.003   885944.001
   945:   890944.018   890987.003   890993.016   891043.026   891226.005
   950:   892202.009   893104.001   898104.018   898879.003   898885.016
   955:   898935.026   899061.005   899745.009   899794.005   899908.009
   960:   900409.001   905409.018   905616.003   905622.016   905672.026
   965:   905768.005   906395.009   906978.001   911978.018   912947.003
   970:   912953.016   913003.026   913107.005   914027.009   914430.001
   975:   919430.018   919778.003   919784.016   919834.026   919955.005
   980:   920617.009   920625.005   920658.009   921089.001   926089.018
   985:   926869.003   926875.016   926925.026   926938.005   927622.009
   990:   928175.001   933175.018   933458.003   933464.016   933514.026
   995:   933616.005   934062.009   934098.005   934159.009   935142.001
  1000:   939913.003   940186.005   940474.009   942107.001   946491.003
  1005:   948427.001   949377.003   949420.001   949822.003   949892.001
  1010:   954892.018   955570.003   955576.016   955626.026   955770.005
  1015:   956487.009   957596.001   957749.003   957806.001   958178.003
  1020:   958203.001   962090.003   962550.001   962830.003   965720.005
  1025:   965827.009   967013.001   972013.018   972181.003   972187.016
  1030:   972237.026   972360.005   972967.009   973721.001   978374.003
  1035:   978401.001   978792.003   978822.001   979124.003   979183.001
  1040:   979311.003   979402.001   984299.003   984949.001   984966.003
  1045:   985258.005   985377.009   989585.001   994474.003   998659.001
  1050:  1003659.018  1004136.003  1004142.016  1004192.026  1004336.005
  1055:  1004901.009  1005856.001  1010238.003  1010594.001  1011025.003
  1060:  1011177.001  1016177.018  1017155.003  1017161.016  1017211.026
  1065:  1017356.005  1017967.009  1018659.001  1023659.018  1024235.003
  1070:  1024241.016  1024291.026  1024429.005  1024979.009  1026862.001
  1075:  1031862.018  1032060.003  1032066.016  1032116.026  1032261.005
  1080:  1032772.009  1032811.005  1032840.009  1033329.001  1038154.003
  1085:  1038514.001  1038691.003  1039122.001  1043715.003  1043876.001
  1090:  1044077.003  1044440.005  1044495.009  1047126.001  1052126.018
  1095:  1052513.003  1052519.016  1052569.026  1052750.005  1053327.009
  1100:  1053874.001  1058874.018  1059239.003  1059245.016  1059295.026
  1105:  1059458.005  1060228.009  1060709.001  1065709.018  1066772.003
  1110:  1066778.016  1066828.026  1066992.005  1067843.009  1068355.001
  1115:  1073355.018  1075438.003  1075444.016  1075494.026  1075623.005
  1120:  1076289.009  1076830.001  1081830.018  1082359.003  1082365.016
  1125:  1082415.026  1082451.005  1083584.009  1085244.001  1085480.003
  1130:  1088387.005  1088431.009  1089515.001  1094515.018  1095017.003
  1135:  1095023.016  1095073.026  1095237.005  1095901.009  1098432.005
  1140:  1098672.009  1099278.001  1104278.018  1104937.003  1104943.016
  1145:  1104993.026  1105147.005  1107124.009  1108197.005  1108236.009
  1150:  1109536.001  1114230.003  1114472.005  1115657.009  1115696.005
  1155:  1115705.009  1116969.001  1121581.003  1121783.005  1122478.009
  1160:  1124092.001  1129092.018  1129849.003  1129855.016  1129888.001
  1165:  1129905.026  1129956.003  1130049.005  1130633.009  1131133.001
  1170:  1132221.003  1132261.001  1132522.003  1132643.001  1136234.003
  1175:  1136411.005  1136983.009  1137300.001  1139183.003  1139220.001
  1180:  1143352.003  1143566.001  1143749.003  1143791.001  1143826.003
  1185:  1144198.001  1144372.003  1146229.001  1146390.003  1146437.001
  1190:  1146486.003  1146693.001  1147025.003  1155787.001  1155955.003
  1195:  1156021.001  1156038.003  1156261.001  1160981.003  1163145.001
  1200:  1168145.018  1168369.003  1168375.016  1168425.026  1168592.005
  1205:  1169130.009  1169235.005  1169241.009  1169272.005  1169366.009
  1210:  1169802.001  1169945.003  1170010.001  1174602.003  1175281.001
  1215:  1175499.003  1177367.001  1177495.003  1177687.001  1182687.018
  1220:  1183376.003  1183382.016  1183432.026  1183510.005  1184472.009
  1225:  1184857.001  1189857.018  1190309.003  1190315.016  1190365.026
  1230:  1190473.005  1191280.009  1191793.001  1192754.003  1192778.001
  1235:  1197778.018  1197869.003  1197875.016  1197925.026  1198046.005
  1240:  1198935.009  1199042.005  1199066.009  1199179.005  1199369.009
  1245:  1199787.001  1204787.018  1205271.003  1205277.016  1205327.026
  1250:  1205485.005  1206335.009  1207288.001  1212142.003  1212549.001
  1255:  1213108.003  1213189.001  1217400.003  1220961.005  1221341.009
  1260:  1222377.001  1226923.003  1227137.005  1227379.009  1229614.005
  1265:  1229647.009  1230484.001  1235484.018  1235593.003  1235599.016
  1270:  1235636.001  1235647.003  1235649.026  1235808.005  1236778.009
  1275:  1237064.001  1242064.018  1242434.003  1242440.016  1242490.026
  1280:  1242639.005  1243190.009  1243726.001  1248726.018  1249560.003
  1285:  1249566.016  1249616.026  1249666.001  1249679.003  1249767.005
  1290:  1250616.009  1251184.001  1256184.018  1256821.003  1256827.016
  1295:  1256877.026  1257016.005  1258349.009  1259148.001  1264148.018
  1300:  1265991.003  1265997.016  1266047.026  1266137.005  1267364.009
  1305:  1273409.001  1278409.018  1278702.003  1278708.016  1278758.026
  1310:  1278878.005  1279379.009  1284550.001  1289550.018  1289749.003
  1315:  1289755.016  1289805.026  1289923.005  1290583.009  1291094.001
  1320:  1296094.018  1297032.003  1297038.016  1297088.026  1297280.005
  1325:  1298060.009  1298883.001  1299126.003  1299146.001  1304146.018
  1330:  1305920.003  1305926.016  1305976.026  1306160.005  1306746.009
  1335:  1306775.005  1306778.009  1309156.001  1309511.003  1309556.001
  1340:  1314556.018  1316255.003  1316261.016  1316311.026  1316510.005
  1345:  1317050.009  1317150.005  1317166.009  1317631.001  1322631.018
  1350:  1323928.003  1323934.016  1323984.026  1324136.005  1324910.009
  1355:  1325298.001  1330298.018  1331485.003  1331491.016  1331541.026
  1360:  1331691.005  1332175.009  1334212.001  1339212.018  1341582.003
  1365:  1341588.016  1341638.026  1341813.005  1342539.009  1343747.001
  1370:  1348747.018  1349846.003  1349852.016  1349902.026  1350010.005
  1375:  1350746.009  1351146.001  1356146.018  1356438.003  1356444.016
  1380:  1356494.026  1356673.005  1357363.009  1358690.001  1363690.018
  1385:  1365627.003  1365633.016  1365638.001  1365683.026  1365769.003
  1390:  1365918.005  1366581.009  1367064.001  1372064.018  1372489.003
  1395:  1372495.016  1372545.026  1372720.005  1373370.009  1373375.005
  1400:  1373391.009  1373833.001  1378833.018  1379019.003  1379025.016
  1405:  1379075.026  1379213.005  1379762.009  1379803.005  1379836.009
  1410:  1380355.001  1385355.018  1385400.003  1385406.016  1385456.026
  1415:  1385571.005  1386102.009  1386143.005  1386147.009  1386584.001
  1420:  1387298.003  1387348.001  1391681.003  1391812.005  1392044.009
  1425:  1392419.001  1397419.018  1398714.003  1398720.016  1398770.026
  1430:  1398986.005  1399632.009  1400036.001  1405036.018  1405656.003
  1435:  1405662.016  1405712.026  1405728.001  1405814.003  1405979.005
  1440:  1406498.009  1406512.005  1406536.009  1406578.005  1406596.009
  1445:  1406982.001  1411982.018  1412144.003  1412150.016  1412179.001
  1450:  1412200.026  1412244.003  1412292.005  1412947.009  1416780.001
  1455:  1421757.003  1422778.001  1427778.018  1428097.003  1428103.016
  1460:  1428153.026  1428287.005  1428938.009  1432355.005  1432393.009
  1465:  1433853.001  1438853.018  1438995.003  1439001.016  1439051.026
  1470:  1439234.005  1439647.009  1440153.001  1445153.018  1445326.003
  1475:  1445332.016  1445382.026  1445414.001  1445514.003  1445668.005
  1480:  1446605.009  1449006.001  1450394.003  1450440.001  1454937.003
  1485:  1455077.001  1455202.003  1455427.001  1460271.003  1461204.005
  1490:  1461359.009  1467592.001  1472570.003  1472611.001  1473415.003
  1495:  1473811.001  1478811.018  1479181.003  1479187.016  1479237.026
  1500:  1479393.005  1480443.009  1480483.005  1480528.009  1481217.001
  1505:  1486217.018  1486219.003  1486225.016  1486275.026  1486415.005
  1510:  1486964.009  1486992.005  1487173.009  1487462.001  1487507.003
  1515:  1487645.001  1492645.018  1493148.003  1493154.016  1493204.026
  1520:  1493373.005  1494229.009  1494488.001  1495182.003  1495340.001
B:
     0:        0.000      318.000        0.000      317.000        0.000
     5:      251.000        0.000        0.000        0.000      251.000
    10:        0.000        1.000        0.000        1.000        0.000
    15:        0.000      129.000        0.000      128.000        0.000
    20:        0.000        0.000        0.000        0.000        0.000
    25:        0.000      129.000        0.000        0.000        0.000
    30:        0.000
D:
     0:  1553328.000  1548663.000  1548505.000
E:
     0:     5000.000     5000.000
T:
     0:        0.000        0.000        0.000        0.000
W:
     0:        2.000        0.000        0.000
