File: C:\MED-PC IV\Data\Reyes\AW\AW140.999


Start Date: 08/12/24
End Date: 08/12/24
Subject: 40
Experiment: AW
Group: EXP10
Box: 2
Start Time: 15:12:26
End Time: 16:02:26
MSN: DRRD_exp_10
C:       0.000
F:       1.000
G:       0.000
H:       0.000
I:       0.000
J:       0.000
K:    1297.000
L:       0.000
M:       0.000
N:       0.000
O:       0.000
P:       0.000
Q:       0.000
R:       0.000
S:       0.000
U:    6792.000
V:       0.000
X:       0.000
Y:    5792.000
Z:       0.000
A:
     0:     6589.005     6604.009     6607.005     6745.009     4933.005
     5:     4940.009     4976.005     4991.009     5008.005     5217.009
    10:     5218.005     5233.009     5284.005     5290.009     5303.005
    15:     5311.009    11539.005    11553.009    15000.013    15000.011
    20:    17870.005    17890.009    17893.005    18091.009    18531.001
    25:    18668.003    18744.001    19393.018    19479.003    19485.016
    30:    19535.026    19720.005    20287.009    20297.005    20312.009
    35:    20319.005    20332.009    20336.005    20341.009    20804.001
    40:    20919.003    21116.001    21554.003    21738.005    21861.009
    45:    22114.001    22301.003    22405.001    22660.003    22697.001
    50:    23346.018    23424.003    23430.016    23480.026    23604.005
    55:    24825.009    24891.005    24897.009    25169.001    25635.003
    60:    25809.005    25813.009    25848.005    25853.009    26358.001
    65:    27007.018    27319.003    27325.016    27375.026    27510.005
    70:    28057.009    28058.005    28067.009    28280.001    28801.003
    75:    29003.005    29006.009    29222.001    29871.018    29998.003
    80:    30004.016    30054.026    30158.005    30569.009    30606.005
    85:    30612.009    30793.001    31442.018    32201.003    32207.016
    90:    32257.026    32334.005    32998.009    33066.005    33075.009
    95:    33084.005    33089.009    33558.001    34207.018    34502.003
   100:    34508.016    34558.026    34560.017    34703.005    35097.009
   105:    35098.005    35111.009    35120.005    35184.009    35193.005
   110:    35210.009    35292.005    35297.009    36120.001    36834.018
   115:    36919.003    36925.016    36975.026    37082.005    37557.009
   120:    37562.005    37569.009    37570.005    37575.009    37843.001
   125:    37940.003    37999.001    38207.003    38314.001    38420.003
   130:    38609.001    38933.003    39246.005    39290.009    39583.001
   135:    39696.003    39736.001    40450.018    40513.003    40519.016
   140:    40569.026    40651.005    41267.009    41280.005    41283.009
   145:    41292.005    41299.009    41522.001    42107.003    42125.001
   150:    42839.018    42870.003    42876.016    42926.026    43037.005
   155:    43428.009    43429.005    43447.009    43778.001    44492.018
   160:    44735.003    44741.016    44791.026    44859.005    45702.009
   165:    45782.005    45786.009    46091.001    46339.003    46373.001
   170:    46562.003    46620.001    47072.003    47622.001    48336.018
   175:    48402.003    48408.016    48458.026    48544.005    48840.009
   180:    49251.005    49260.009    49349.005    49363.009    49376.005
   185:    49431.009    49432.005    49476.009    49478.005    49495.009
   190:    49498.005    49507.009    49543.005    49571.009    49584.005
   195:    49594.009    49610.005    49835.009    49839.005    49849.009
   200:    49850.005    49854.009    50145.001    50183.003    50362.001
   205:    50929.003    51378.005    51509.009    51511.005    51515.009
   210:    51524.005    51528.009    51536.005    51548.009    52893.001
   215:    53030.003    53071.001    53091.003    53118.001    53239.003
   220:    53294.001    53318.003    53355.001    53471.003    53503.001
   225:    53852.003    54366.001    54935.003    55489.001    55615.003
   230:    55652.001    56293.003    56374.001    56528.003    56991.001
   235:    57282.003    57907.001    57926.003    58440.001    58472.003
   240:    58511.001    58553.003    58572.001    59286.018    59297.003
   245:    59303.016    59353.026    59424.005    59921.009    59922.005
   250:    59930.009    59932.005    59991.009    60448.001    61005.003
   255:    61139.005    61278.009    61284.005    61291.009    61605.001
   260:    62303.003    62687.001    62735.003    62770.001    62810.003
   265:    62840.001    63554.018    63692.003    63698.016    63748.026
   270:    63833.005    64234.009    64824.001    64937.003    65020.001
   275:    65734.018    65913.003    65919.016    65969.026    66055.005
   280:    66423.009    66625.001    66798.003    66847.001    66922.003
   285:    66964.001    67099.003    67101.001    67218.003    67255.001
   290:    67390.003    67444.001    67538.003    67599.001    67988.003
   295:    68366.001    68895.003    68907.001    69197.003    69377.005
   300:    69382.009    69665.001    70379.018    70591.003    70597.016
   305:    70647.026    70872.005    71439.009    72108.001    72267.003
   310:    72325.001    72586.003    72614.001    72997.003    73020.001
   315:    73466.003    73596.005    73600.009    73939.001    74091.003
   320:    74127.001    74539.003    74752.005    74864.009    75032.005
   325:    75046.009    75049.005    75219.009    78231.001    78465.003
   330:    78670.001    79341.003    81165.001    81236.003    82946.005
   335:    82966.009    82971.005    83161.009    83164.005    83174.009
   340:    83187.005    83191.009    83202.005    83214.009    83990.005
   345:    83996.009    83998.005    84005.009    84006.005    84010.009
   350:    84026.005    84198.009    84200.005    84460.009    84462.005
   355:    84471.009    84475.005    84485.009    84493.005    84502.009
   360:    84524.005    84531.009    84534.005    84543.009    84761.001
   365:    85475.018    85592.003    85598.016    85648.026    85752.005
   370:    86106.009    86390.001    87104.018    87330.003    87336.016
   375:    87386.026    87457.005    87819.009    87820.005    87826.009
   380:    88062.001    88507.003    88880.001    89594.018    89769.003
   385:    89775.016    89825.026    89950.005    90333.009    90346.005
   390:    90356.009    90838.001    91552.018    91590.003    91596.016
   395:    91646.026    91783.005    92143.009    92785.001    93010.003
   400:    93549.001    93716.003    93765.001    94208.003    95077.005
   405:    95110.009    95114.005    95174.009    95183.005    95190.009
   410:    95194.005    95202.009    95628.001    96237.003    96680.001
   415:    96690.003    96728.001    97442.018    97509.003    97515.016
   420:    97565.026    97723.005    98058.009    98535.001    99100.003
   425:    99332.001    99504.003    99992.001   100280.003   100611.001
   430:   101184.003   101313.005   101320.009   101363.005   101559.009
   435:   101919.001   102097.003   102115.001   102131.003   102180.001
   440:   102687.003   103049.001   103187.003   103216.001   103930.018
   445:   103972.003   103978.016   104028.026   104194.005   104678.009
   450:   104682.005   104739.009   104751.005   104783.009   104892.005
   455:   104899.009   105042.005   105050.009   105053.005   105191.009
   460:   108602.005   108606.009   109060.001   109239.003   109549.005
   465:   109655.009   109667.005   109674.009   109890.001   110001.003
   470:   110108.001   110193.003   110220.001   110869.003   111031.005
   475:   111036.009   111118.005   111141.009   111143.005   111150.009
   480:   111166.005   111350.009   111359.005   111371.009   117671.001
   485:   117942.003   118279.001   118304.003   118980.005   119185.009
   490:   119189.005   119194.009   119275.005   119280.009   119900.005
   495:   119912.009   119936.005   120007.009   120012.005   120029.009
   500:   120036.005   120044.009   120153.005   120156.009   120175.005
   505:   120353.009   120530.001   120598.003   120629.001   120933.003
   510:   121232.001   121290.003   121314.001   121912.003   122330.001
   515:   122382.003   122392.001   122974.003   123109.005   123336.009
   520:   123361.005   123373.009   123380.005   123388.009   123392.005
   525:   123397.009   123399.005   123412.009   123413.005   123521.009
   530:   123886.001   123910.003   123956.001   124670.018   125038.003
   535:   125044.016   125094.026   125222.005   125858.009   125929.005
   540:   125934.009   126555.001   126845.003   127290.001   127355.003
   545:   127397.001   128111.018   128290.003   128296.016   128346.026
   550:   128427.005   129187.009   131969.001   132550.003   132700.005
   555:   132838.009   133088.001   133406.003   133453.001   133488.003
   560:   133518.001   133648.003   133694.001   134104.003   134199.001
   565:   134276.003   134540.005   134969.009   134972.005   134992.009
   570:   134996.005   135004.009   135009.005   135016.009   135019.005
   575:   135024.009   135029.005   135034.009   135036.005   135048.009
   580:   135052.005   135060.009   142888.005   142985.009   142992.005
   585:   143008.009   143385.005   143391.009   145103.005   145108.009
   590:   146169.001   146597.003   146857.001   147202.003   147231.001
   595:   147553.003   147813.001   148216.003   148532.001   149246.018
   600:   149260.003   149266.016   149316.026   149405.005   149829.009
   605:   151449.001   151625.003   152169.001   152838.003   153278.001
   610:   153321.003   153371.001   153866.003   153882.001   153966.003
   615:   154010.001   154229.003   154458.005   154733.009   161638.005
   620:   161716.009   161722.005   161728.009   162216.001   162476.003
   625:   162595.001   162916.003   163210.001   163257.003   163285.001
   630:   163446.003   163465.001   163549.003   163602.001   164050.003
   635:   164195.001   164772.003   165100.001   165731.003   165763.001
   640:   165840.003   165880.001   165908.003   166014.001   166291.003
   645:   166553.001   166593.003   166616.001   167330.018   167602.003
   650:   167608.016   167658.026   167949.005   167958.009   167959.005
   655:   168453.009   172391.005   172543.009   172565.005   172576.009
   660:   172750.005   174164.009   174166.005   174184.009   174194.005
   665:   174208.009   174223.005   174240.009   174254.005   174262.009
   670:   174269.005   174297.009   174300.005   174317.009   174320.005
   675:   174990.009   180842.005   180879.009   180927.005   180932.009
   680:   180945.005   180948.009   181342.001   181479.003   181587.001
   685:   181750.003   181937.001   182487.003   183345.001   183391.003
   690:   184171.001   184391.003   184682.005   184812.009   184818.005
   695:   184832.009   184836.005   184850.009   184851.005   184869.009
   700:   184870.005   184877.009   184879.005   184886.009   184889.005
   705:   185244.009   186724.001   186748.003   186803.001   187517.018
   710:   187532.003   187538.016   187588.026   187750.005   189005.009
   715:   191502.005   191517.009   191529.005   191560.009   192055.001
   720:   192234.003   192603.001   193317.018   193418.003   193424.016
   725:   193474.026   193671.005   194184.009   196081.001   196632.003
   730:   197160.001   197750.003   198615.001   199329.018   199393.003
   735:   199399.016   199449.026   199634.005   199928.009   200985.005
   740:   201004.009   201008.005   201015.009   201016.005   201344.009
   745:   201392.005   201398.009   202353.001   202567.003   202710.001
   750:   203178.003   203809.001   204324.003   204513.005   204648.009
   755:   204651.005   204671.009   204672.005   204677.009   204701.005
   760:   204721.009   204888.005   206022.009   206243.005   206247.009
   765:   206259.005   206283.009   206304.005   206438.009   207119.001
   770:   207219.003   207346.001   207923.003   208243.005   208369.009
   775:   208371.005   208380.009   208663.005   208833.009   209461.001
   780:   209479.003   209676.001   209834.003   209885.001   209986.003
   785:   210003.001   210651.003   211269.001   211781.003   212005.005
   790:   212011.009   212029.005   212145.009   212271.005   212653.009
   795:   215988.001   216386.003   216941.005   217061.009   217374.001
   800:   217396.003   217426.001   217501.003   217517.001   218231.018
   805:   218303.003   218309.016   218359.026   218506.005   219059.009
   810:   219062.005   219090.009   219097.005   219103.009   219113.005
   815:   219139.009   219161.005   219168.009   219328.005   219333.009
   820:   220108.005   220117.009   220160.005   220164.009   220178.005
   825:   220190.009   220194.005   220212.009   220443.005   220452.009
   830:   220750.005   220758.009   220831.005   220836.009   221186.001
   835:   221880.003   222493.001   222762.003   222782.001   222803.003
   840:   222824.001   223481.003   224219.001   224555.003   225026.001
   845:   225740.018   226148.003   226154.016   226204.026   226353.005
   850:   226365.009   226393.005   226400.009   226406.005   226919.009
   855:   227392.001   228106.018   228359.003   228365.016   228415.026
   860:   228570.005   228583.009   228584.005   229188.009   229192.005
   865:   229202.009   229225.005   229246.009   229283.005   229303.009
   870:   229678.005   229711.009   229712.005   229746.009   229763.005
   875:   229775.009   229827.005   229839.009   229864.005   229870.009
   880:   229872.005   229878.009   229930.005   229964.009   230589.005
   885:   230617.009   231028.001   231332.003   231623.001   232030.003
   890:   232511.001   232540.003   232601.001   233167.003   233982.005
   895:   234467.009   234804.001   234907.003   234975.001   235217.003
   900:   235407.001   235732.003   236421.005   236648.009   237079.001
   905:   237248.003   237331.001   238045.018   238193.003   238199.016
   910:   238249.026   238412.005   238929.009   238939.005   238946.009
   915:   239107.005   239123.009   239344.005   239348.009   239739.005
   920:   239752.009   239788.005   239806.009   239822.005   239859.009
   925:   239861.005   239874.009   239876.005   239884.009   239886.005
   930:   239897.009   239902.005   239923.009   239924.005   239933.009
   935:   239934.005   240172.009   240180.005   240185.009   240188.005
   940:   240199.009   240340.005   240345.009   241216.001   241488.003
   945:   241837.001   242547.003   243311.001   243596.003   243613.001
   950:   244136.003   244834.005   244851.009   244886.005   244895.009
   955:   244927.005   245138.009   245141.005   245150.009   245160.005
   960:   245164.009   245168.005   245174.009   245213.005   245221.009
   965:   245231.005   245235.009   249915.005   249923.009   249959.005
   970:   249962.009   250864.001   251368.003   251686.001   251711.003
   975:   251760.001   252258.003   252426.005   252604.009   252610.005
   980:   252632.009   252638.005   252645.009   252667.005   252677.009
   985:   252792.005   252804.009   252815.005   252822.009   252823.005
   990:   252832.009   252833.005   252838.009   252840.005   253229.009
   995:   253582.001   254098.003   254144.001   254681.003   255140.001
  1000:   255192.003   255235.001   255304.003   255333.001   255681.003
  1005:   255743.001   256027.003   256423.001   256448.003   256491.001
  1010:   256648.003   256682.001   257260.003   258421.001   259135.018
  1015:   259525.003   259531.016   259581.026   259697.005   260389.009
  1020:   260390.005   260421.009   260451.005   260459.009   263197.005
  1025:   263202.009   263211.005   263321.009   263771.001   264005.003
  1030:   264060.001   264252.003   264273.001   264937.003   265613.001
  1035:   266051.003   266721.001   267104.003   267292.005   267301.009
  1040:   267651.005   267659.009   267694.005   267871.009   268381.001
  1045:   269008.003   269097.001   269210.003   269919.005   270196.009
  1050:   270210.005   270221.009   270223.005   270252.009   270256.005
  1055:   270292.009   270295.005   270305.009   270314.005   270336.009
  1060:   270349.005   270354.009   270813.001   270831.003   270920.001
  1065:   271158.003   271488.001   271587.003   271958.001   272191.003
  1070:   272205.001   272919.018   273108.003   273114.016   273164.026
  1075:   273310.005   273821.009   273824.005   273828.009   273840.005
  1080:   273847.009   273859.005   273868.009   273874.005   273904.009
  1085:   273909.005   273924.009   274074.005   274098.009   275185.005
  1090:   275193.009   275225.005   275237.009   275269.005   275286.009
  1095:   275287.005   275292.009   275316.005   275335.009   275341.005
  1100:   275359.009   275360.005   275383.009   275387.005   275415.009
  1105:   276187.001   276217.003   276248.001   276860.003   277165.001
  1110:   277774.003   278548.001   279048.003   279599.001   279625.003
  1115:   280157.001   280179.003   280410.001   280537.003   280584.001
  1120:   281298.018   281618.003   281624.016   281674.026   281848.005
  1125:   282103.009   282115.005   282121.009   283145.005   283155.009
  1130:   283220.005   283253.009   283255.005   283276.009   283292.005
  1135:   283307.009   283322.005   283515.009   283516.005   283533.009
  1140:   283548.005   283555.009   283562.005   283577.009   283611.005
  1145:   283625.009   288155.005   288277.009   288313.005   288317.009
  1150:   288321.005   288335.009   288780.001   289044.003   289534.001
  1155:   290241.003   290734.001   291426.003   291791.005   292270.009
  1160:   292301.005   292306.009   292576.001   293290.018   293455.003
  1165:   293461.016   293511.026   293650.001   293662.003   293806.005
  1170:   294300.009   294305.005   294315.009   296044.001   296739.003
  1175:   297568.001   297614.003   298119.001   298154.003   298207.001
  1180:   298292.003   298322.001   299021.003   299570.001   299687.003
  1185:   299756.001   299852.003   300310.001   301005.003   301894.001
  1190:   302608.018   302876.003   302882.016   302932.026   303039.005
  1195:   303881.009   303885.005   303968.009   304124.005   304129.009
  1200:   304728.001   305442.018   305494.003   305500.016   305550.026
  1205:   305642.005   306148.009   306186.005   306226.009   306240.005
  1210:   306492.009   307536.001   307715.003   307791.001   308027.003
  1215:   308721.001   309279.003   309743.001   309775.003   309813.001
  1220:   310527.018   310616.003   310622.016   310672.026   310728.005
  1225:   310732.009   310735.005   310744.009   310752.005   311373.009
  1230:   311378.005   311385.009   311403.005   311416.009   311442.005
  1235:   311629.009   311676.005   311686.009   311822.005   311827.009
  1240:   311874.005   311880.009   312188.005   312199.009   312204.005
  1245:   312215.009   312241.005   312248.009   312671.005   312680.009
  1250:   312693.005   312708.009   316079.005   316208.009   316232.005
  1255:   316237.009   316242.005   316245.009   316631.001   316794.003
  1260:   317191.001   317432.003   317619.005   317628.009   318062.001
  1265:   318754.003   318879.005   318889.009   319237.001   319659.003
  1270:   320066.005   320071.009   320093.005   320375.009   320380.005
  1275:   320387.009   320395.005   320411.009   320413.005   320418.009
  1280:   320432.005   320461.009   320463.005   320491.009   320495.005
  1285:   320681.009   320748.005   320752.009   321807.001   321825.003
  1290:   321967.001   322487.003   322823.001   322965.003   324267.005
  1295:   324279.009   324290.005   324314.009   324315.005   324564.009
  1300:   324569.005   324574.009   324583.005   324588.009   324591.005
  1305:   324595.009   324602.005   324607.009   324615.005   324620.009
  1310:   338938.005   338945.009   338952.005   339042.009   339820.001
  1315:   339960.003   340269.001   340774.003   342482.005   342489.009
  1320:   342513.005   342657.009   342664.005   342672.009   342675.005
  1325:   342691.009   342703.005   342742.009   342747.005   342850.009
  1330:   342853.005   342862.009   342876.005   342880.009   342886.005
  1335:   342897.009   363327.001   363590.003   364733.005   364992.009
  1340:   365330.005   365519.009   365525.005   365530.009   367256.005
  1345:   367264.009   367272.005   367332.009   367336.005   367352.009
  1350:   367359.005   367369.009   367411.005   367416.009   367669.001
  1355:   367747.003   367784.001   368131.003   368252.001   368367.003
  1360:   368836.001   369283.003   371009.005   372403.009   372413.005
  1365:   372425.009   372431.005   372448.009   374233.005   374321.009
  1370:   374323.005   374329.009   374355.005   374386.009   374695.001
  1375:   375213.003   375283.001   375997.018   375998.003   376004.016
  1380:   376054.026   376176.005   376669.009   376677.005   376682.009
  1385:   377128.001   377434.003   378806.001   379520.018   379523.003
  1390:   379529.016   379579.026   379718.005   380331.009   380382.005
  1395:   380390.009   383027.005   383041.009   383062.005   383090.009
  1400:   384477.001   384738.003   384928.005   384931.009   384932.005
  1405:   384937.009   385227.001   385937.003   386226.001   386247.003
  1410:   386694.001   386705.003   386852.001   387566.018   387741.003
  1415:   387747.016   387797.026   387935.005   389004.009   390053.001
  1420:   390570.003   390680.005   390684.009   390975.001   391383.003
  1425:   391681.001   391755.003   392159.001   392191.003   392214.001
  1430:   392653.003   392710.001   392752.003   392810.001   393212.003
  1435:   394542.001   394581.003   394632.001   394806.003   394850.001
  1440:   395564.018   395642.003   395648.016   395698.026   395865.005
  1445:   396397.009   396399.005   396459.009   396461.005   396467.009
  1450:   396475.005   396482.009   396515.005   396534.009   396539.005
  1455:   396548.009   397470.005   397489.009   397535.005   397541.009
  1460:   397707.005   397725.009   397765.005   397790.009   397803.005
  1465:   397808.009   397817.005   397825.009   397875.005   397903.009
  1470:   404281.005   404287.009   404441.005   404450.009   404678.001
  1475:   404903.003   405116.001   405153.003   405760.001   405798.003
  1480:   406003.001   406143.003   406303.001   406403.003   406581.005
  1485:   406981.009   406983.005   406993.009   407007.005   407014.009
  1490:   407016.005   407025.009   407047.005   407053.009   411973.005
  1495:   411983.009   411984.005   412004.009   412007.005   412018.009
  1500:   412024.005   412030.009   412047.005   412063.009   412133.005
  1505:   412189.009   413248.005   413256.009   413801.001   413821.003
  1510:   414374.001   414455.003   414804.005   414893.009   414900.005
  1515:   414945.009   414960.005   414967.009   414969.005   415087.009
  1520:   415094.005   415100.009   415106.005   415131.009   415144.005
  1525:   415169.009   415177.005   415199.009   415202.005   415234.009
  1530:   415238.005   415255.009   415259.005   415270.009   415276.005
  1535:   415289.009   415320.005   415332.009   415334.005   415356.009
  1540:   415360.005   415397.009   415411.005   415417.009   415439.005
  1545:   415456.009   415472.005   415483.009   415498.005   415512.009
  1550:   415513.005   416351.009   417071.001   417174.003   417943.005
  1555:   418078.009   418103.005   418139.009   418147.005   418149.009
  1560:   418153.005   418162.009   418167.005   418170.009   418172.005
  1565:   418176.009   418180.005   418185.009   418193.005   418198.009
  1570:   418200.005   418203.009   419043.001   419107.003   419135.001
  1575:   419759.003   420308.001   420864.003   421143.001   421452.003
  1580:   421687.001   421736.003   421754.001   422430.003   422903.005
  1585:   422906.009   422966.005   423229.009   423245.005   423264.009
  1590:   423292.005   423320.009   423325.005   423357.009   423361.005
  1595:   423367.009   423669.001   424383.018   424557.003   424563.016
  1600:   424613.026   424772.005   424782.009   424790.005   425324.009
  1605:   425333.005   425362.009   425364.005   426999.009   427000.005
  1610:   428109.009   428115.005   428150.009   428384.001   428777.003
  1615:   428846.001   428973.003   429583.001   429603.003   429689.001
  1620:   429726.003   429759.001   430473.018   430495.003   430501.016
  1625:   430551.026   430681.005   431105.009   431750.001   431782.003
  1630:   432097.001   432393.003   433088.001   433499.003   433902.001
  1635:   433959.003   433993.001   434090.003   434471.001   434535.003
  1640:   434607.001   434998.003   435183.001   435219.003   436313.001
  1645:   436728.003   437105.001   437256.003   437391.005   437565.009
  1650:   437575.005   437579.009   437580.005   437590.009   438039.001
  1655:   438202.003   438227.001   438941.018   438946.003   438952.016
  1660:   439002.026   439267.005   439273.009   439278.005   439910.009
  1665:   439915.005   439923.009   439949.005   439956.009   439958.005
  1670:   439964.009   440781.005   440788.009   440800.005   440973.009
  1675:   441457.001   441547.003   441600.001   442314.018   442327.003
  1680:   442333.016   442383.026   442552.005   443158.009   446147.001
  1685:   446223.003   446833.001   446929.003   446969.001   447487.003
  1690:   448258.001   448579.003   448848.005   449010.009   449020.005
  1695:   449029.009   449039.005   449044.009   449046.005   449056.009
  1700:   449060.005   449068.009   449080.005   449111.009   449113.005
  1705:   449128.009   449131.005   449187.009   449200.005   449255.009
  1710:   449259.005   449264.009   449267.005   449280.009   449295.005
  1715:   449312.009   449313.005   449318.009   449373.005   449386.009
  1720:   449388.005   449423.009   449432.005   449449.009   449476.005
  1725:   449660.009   449687.005   449711.009   449719.005   449761.009
  1730:   449764.005   449768.009   449773.005   449776.009   449781.005
  1735:   449783.009   449793.005   449810.009   449816.005   449824.009
  1740:   449841.005   449849.009   449850.005   449868.009   449871.005
  1745:   449880.009   449883.005   449896.009   449936.005   449940.009
  1750:   450536.001   450693.003   450936.001   451377.003   451404.001
  1755:   451514.003   451962.001   452106.003   452142.001   452189.003
  1760:   452236.001   452368.003   452380.001   452545.003   452561.001
  1765:   452740.003   452800.001   453381.003   453684.001   453727.003
  1770:   453897.001   453964.003   454007.001   454067.003   454103.001
  1775:   454141.003   454167.001   454881.018   455138.003   455144.016
  1780:   455194.026   455347.005   455353.009   455354.005   456170.009
  1785:   456174.005   456178.009   456196.005   456200.009   456202.005
  1790:   456220.009   456226.005   456231.009   456253.005   456258.009
  1795:   456263.005   456269.009   456280.005   456286.009   456321.005
  1800:   456353.009   458426.005   458432.009   458833.001   459005.003
  1805:   459106.001   459269.003   459875.001   459939.003   460042.001
  1810:   460756.018   460895.003   460901.016   460951.026   461071.005
  1815:   461500.009   461507.005   461537.009   461580.005   461590.009
  1820:   461596.005   461600.009   461691.005   461695.009   463883.005
  1825:   463889.009   463898.005   463943.009   463953.005   464099.009
  1830:   464112.005   464293.009   464304.005   464309.009   464330.005
  1835:   464344.009   464365.005   464378.009   464385.005   464398.009
  1840:   464405.005   464482.009   464493.005   464538.009   464812.001
  1845:   465086.003   465291.001   465460.003   466326.001   467040.018
  1850:   467090.003   467096.016   467146.026   467269.005   468361.009
  1855:   468364.005   468401.009   468417.005   468448.009   468468.005
  1860:   468471.009   469002.001   469448.003   469844.001   469932.003
  1865:   469998.001   470050.003   470312.001   470599.003   470608.001
  1870:   470891.003   471203.001   471261.003   471277.001   471991.018
  1875:   472128.003   472134.016   472184.026   472336.005   473281.009
  1880:   473283.005   473326.009   473343.005   473357.009   473360.005
  1885:   473379.009   473391.005   473459.009   473466.005   473506.009
  1890:   477588.005   477597.009   477599.005   477668.009   477671.005
  1895:   477678.009   477708.005   477724.009   477956.001   478066.003
  1900:   478128.001   478842.018   478962.003   478968.016   479018.026
  1905:   479130.005   479992.009   480656.001   481370.018   481466.003
  1910:   481472.016   481522.026   481649.005   482529.009   482538.005
  1915:   482544.009   482550.005   482678.009   482680.005   482712.009
  1920:   482714.005   482719.009   483585.001   483892.003   483959.001
  1925:   484037.003   484483.001   484665.003   484813.001   485153.003
  1930:   485714.001   486428.018   486488.003   486494.016   486544.026
  1935:   486691.005   486704.009   486741.005   487442.009   487491.005
  1940:   487497.009   488100.001   488814.018   489261.003   489267.016
  1945:   489317.026   489436.005   489875.009   489883.005   489915.009
  1950:   489938.005   489945.009   489960.005   489966.009   490010.005
  1955:   490017.009   490020.005   490063.009   490082.005   491158.009
  1960:   494389.005   494539.009   494552.005   494559.009   494851.001
  1965:   494991.003   495265.001   495883.003   496545.001   496697.003
  1970:   497020.001   497113.003   497160.001   497874.018   497919.003
  1975:   497925.016   497975.026   498119.005   498737.009   499284.001
  1980:   499396.003   499438.001   499726.003   499802.001   500254.003
  1985:   500767.001   500796.003   500898.001   501150.003   501194.001
  1990:   501676.003   502253.001   502843.003   503033.005   503038.009
  1995:   503049.005   503307.009   503790.001   503817.003   503874.001
  2000:   504588.018   504737.003   504743.016   504793.026   504964.005
  2005:   505845.009   505884.005   505893.009   506458.001   507043.003
  2010:   507497.005   507527.009   507528.005   507674.009   508060.001
  2015:   508465.003   509061.001   509680.003   510155.001   510457.003
  2020:   510506.001   511220.018   511361.003   511367.016   511417.026
  2025:   511537.005   512002.009   512026.005   512045.009   512052.005
  2030:   512061.009   512078.005   512087.009   512105.005   512133.009
  2035:   512140.005   512144.009   512169.005   512174.009   512177.005
  2040:   512187.009   512195.005   512211.009   512273.005   512299.009
  2045:   512303.005   512351.009   512360.005   512368.009   512388.005
  2050:   512392.009   512398.005   512405.009   512455.005   512580.009
  2055:   512589.005   512595.009   512600.005   512627.009   512635.005
  2060:   512640.009   512701.005   512714.009   518273.005   518399.009
  2065:   518406.005   518411.009   518413.005   518420.009   518763.001
  2070:   519261.003   519377.001   519587.003   519960.001   520567.003
  2075:   521059.001   521312.003   521350.001   521411.003   521423.001
  2080:   522137.018   522146.003   522152.016   522202.026   522315.005
  2085:   522905.009   522914.005   522949.009   522971.005   522982.009
  2090:   522992.005   523008.009   523023.005   523037.009   523038.005
  2095:   523048.009   523054.005   523065.009   523168.005   523173.009
  2100:   523226.005   523240.009   523420.005   523426.009   523434.005
  2105:   523440.009   532094.005   532097.009   532133.005   532152.009
  2110:   532159.005   532332.009   532335.005   532348.009   532365.005
  2115:   532373.009   532601.001   532780.003   532821.001   533471.003
  2120:   533536.001   533644.003   535366.001   535570.003   535593.001
  2125:   536305.003   537010.001   537038.003   537083.001   537780.003
  2130:   538302.001   538427.003   538486.001   538797.003   538951.001
  2135:   539185.003   539201.001   539243.003   539458.005   539723.009
  2140:   539725.005   539737.009   539740.005   539807.009   539814.005
  2145:   539867.009   539869.005   539980.009   539990.005   540073.009
  2150:   540102.005   540129.009   540134.005   540152.009   542984.001
  2155:   543010.003   543228.001   543289.003   543350.001   543394.003
  2160:   543407.001   543748.003   543762.001   544051.003   544579.001
  2165:   545142.003   545649.001   546140.003   546704.001   547221.003
  2170:   547548.001   547975.003   548271.001   548301.003   548312.001
  2175:   548455.003   548459.001   548720.003   548732.001   549431.003
  2180:   549558.005   549774.009   549775.005   549780.009   549788.005
  2185:   549848.009   549852.005   549877.009   549889.005   549894.009
  2190:   549898.005   549909.009   550228.001   550633.003   550918.001
  2195:   551632.018   551671.003   551677.016   551727.026   551834.005
  2200:   552289.009   552299.005   552305.009   561669.005   561938.009
  2205:   561969.005   561976.009   562287.001   562343.003   562395.001
  2210:   562527.003   562554.001   562670.003   562864.001   562965.003
  2215:   563190.001   563337.003   563420.001   563521.003   563982.001
  2220:   564587.003   564634.001   564681.003   565343.001   565914.003
  2225:   565943.001   566090.003   567412.001   567456.003   567501.001
  2230:   568215.018   568230.003   568236.016   568286.026   568370.005
  2235:   570342.009   576150.005   576300.009   576324.005   576340.009
  2240:   576682.001   577032.003   577300.001   577349.003   577370.001
  2245:   578030.003   578368.001   578404.003   578469.001   578520.003
  2250:   578698.001   578800.003   578844.001   578882.003   578899.001
  2255:   579516.003   579936.001   580650.018   580733.003   580739.016
  2260:   580789.026   580902.005   581474.009   581477.005   581513.009
  2265:   581514.005   581998.009   582063.005   582069.009   582336.001
  2270:   583050.018   583506.003   583512.016   583562.026   583737.005
  2275:   583984.009   584007.005   584010.009   584516.005   584561.009
  2280:   584584.005   584881.009   584886.005   584899.009   584956.005
  2285:   584974.009   595092.005   595101.009   595154.005   595158.009
  2290:   595271.005   595276.009   595395.005   595399.009   595408.005
  2295:   595419.009   595443.005   595451.009   595460.005   595465.009
  2300:   595495.005   595890.009   596123.001   596448.003   596808.001
  2305:   597088.003   597549.001   598263.018   598329.003   598335.016
  2310:   598385.026   598461.005   599252.009   599256.005   599279.009
  2315:   599288.005   599295.009   599296.005   599303.009   599552.001
  2320:   599655.003   599742.001   599864.003   600030.001   600629.003
  2325:   601117.001   601767.003   602728.001   603337.003   603824.001
  2330:   603986.003   604035.001   604165.003   604177.001   604411.003
  2335:   604473.001   604666.003   604737.001   605115.003   605570.001
  2340:   606063.003   606590.001   606656.003   607504.001   607659.003
  2345:   607711.001   607830.003   607954.001   608124.003   608688.001
  2350:   608746.003   608803.001   609470.003   609816.001   610530.018
  2355:   610794.003   610800.016   610850.026   610974.005   611522.009
  2360:   611524.005   611555.009   611559.005   611563.009   611572.005
  2365:   611624.009   611627.005   611644.009   611647.005   611663.009
  2370:   611664.005   611671.009   611680.005   611773.009   611801.005
  2375:   611806.009   611894.005   611906.009   611910.005   611916.009
  2380:   618061.005   618465.009   618479.005   618485.009   618504.005
  2385:   618514.009   618732.001   619025.003   619069.001   619291.003
  2390:   619746.001   619948.003   620267.005   620272.009   620650.001
  2395:   620819.003   621185.001   621281.003   621300.001   622014.018
  2400:   622124.003   622130.016   622143.001   622166.003   622180.026
  2405:   622429.005   623031.009   623032.005   623391.009   623494.005
  2410:   623498.009   624602.001   624976.003   625630.001   625942.003
  2415:   626371.001   626981.003   627176.001   627451.003   627848.001
  2420:   627858.003   628051.001   628124.003   628164.001   628878.018
  2425:   629354.003   629360.016   629410.026   629679.005   630626.009
  2430:   630655.005   630667.009   636223.005   636529.009   636586.005
  2435:   636652.009   636805.001   636925.003   637242.001   637874.003
  2440:   638305.001   638443.003   638794.001   639392.003   640018.001
  2445:   640433.003   640529.001   640594.003   640699.001   641266.003
  2450:   641845.005   642839.009   642912.005   642918.009   643228.001
  2455:   643303.003   643361.001   643419.003   643473.001   643536.003
  2460:   643578.001   644146.003   644462.001   644610.003   644969.001
  2465:   645227.003   645692.005   645697.009   645708.005   645712.009
  2470:   645731.005   645735.009   646999.001   647214.003   647374.005
  2475:   647539.009   647540.005   647579.009   647581.005   647665.009
  2480:   647666.005   647735.009   647736.005   647903.009   648390.005
  2485:   648998.009   649003.005   649007.009   649014.005   649032.009
  2490:   649036.005   649041.009   649042.005   649047.009   649050.005
  2495:   649058.009   649067.005   649084.009   649100.005   649115.009
  2500:   649131.005   649139.009   649162.005   649209.009   649225.005
  2505:   649236.009   649238.005   649247.009   649255.005   649270.009
  2510:   649271.005   649291.009   649292.005   649318.009   649604.001
  2515:   649664.003   649689.001   649911.003   649976.001   650328.003
  2520:   650996.005   651012.009   651333.001   651460.003   651504.001
  2525:   652005.003   652371.001   652407.003   652477.001   652781.003
  2530:   652810.001   653504.003   653622.005   653814.009   653821.005
  2535:   653836.009   653854.005   653914.009   653942.005   653957.009
  2540:   654148.001   654198.003   654251.001   654739.003   654811.001
  2545:   655023.003   655511.001   655560.003   655574.001   655670.003
  2550:   655705.001   655944.003   655964.001   656534.003   657026.001
  2555:   657410.003   657449.001   657854.003   659157.005   659431.009
  2560:   659432.005   659447.009   659448.005   661298.009   661630.001
  2565:   661671.003   662063.001   662152.003   662501.001   662580.003
  2570:   662798.001   663350.003   663673.005   663678.009   663680.005
  2575:   663787.009   664493.001   664897.003   665067.001   665335.003
  2580:   665554.001   665624.003   666157.005   666165.009   666170.005
  2585:   666435.009   666441.005   666523.009   666609.005   666617.009
  2590:   666631.005   666663.009   666692.005   667227.009   667300.001
  2595:   667584.003   667859.001   668116.003   668510.001   669224.018
  2600:   669293.003   669299.016   669349.026   669419.005   669424.009
  2605:   669430.005   669433.009   669496.005   669505.009   669514.005
  2610:   670335.009   672323.005   672328.009   672339.005   672344.009
  2615:   672347.005   672355.009   672373.005   672378.009   672392.005
  2620:   672406.009   672418.005   672425.009   672430.005   672452.009
  2625:   672707.001   672831.003   672858.001   672948.003   673133.001
  2630:   673271.003   673599.001   674282.003   680440.005   680447.009
  2635:   680449.005   680454.009   680492.005   680499.009   680501.005
  2640:   680506.009   680533.005   680538.009   680541.005   680546.009
  2645:   680567.005   680573.009   680857.001   680993.003   681131.001
  2650:   681195.003   681208.001   681421.003   681475.001   681966.003
  2655:   682568.001   683075.003   683311.005   684074.009   684077.005
  2660:   684096.009   684148.005   684157.009   684180.005   684187.009
  2665:   684206.005   684218.009   684219.005   684230.009   684239.005
  2670:   684269.009   684273.005   684305.009   684321.005   684355.009
  2675:   684408.005   684478.009   684567.005   684589.009   695572.005
  2680:   695582.009   695587.005   695829.009   695841.005   695860.009
  2685:   696244.001   696590.003   696713.001   696772.003   697033.001
  2690:   697747.018   697824.003   697830.016   697880.026   697996.005
  2695:   698597.009   698608.005   698614.009   698628.005   698642.009
  2700:   698729.005   698737.009   699112.005   699129.009   699132.005
  2705:   699165.009   699203.005   699222.009   700304.001   700804.003
  2710:   702648.001   703362.018   703372.003   703378.016   703428.026
  2715:   703587.005   704180.009   704182.005   704193.009   704256.005
  2720:   704265.009   704723.001   704787.003   704832.001   705235.003
  2725:   706032.001   706537.003   706623.001   706731.003   707243.001
  2730:   707931.003   708159.001   708182.003   708205.001   708508.003
  2735:   709764.001   710339.003   710493.001   710738.003   710794.001
  2740:   711127.003   711318.005   711320.009   711336.005   711659.009
  2745:   711662.005   711838.009   711871.005   711988.009   712087.005
  2750:   712092.009   712170.005   712190.009   712196.005   712206.009
  2755:   712210.005   712442.009   713301.001   713335.003   713399.001
  2760:   714068.003   714713.001   714885.003   715607.005   715831.009
  2765:   715836.005   715847.009   715938.005   715942.009   725580.005
  2770:   725586.009   725610.005   725704.009   725710.005   725722.009
  2775:   726027.005   726032.009   726667.005   726725.009   726738.005
  2780:   726744.009   735608.005   735950.009   735962.005   735971.009
  2785:   735990.005   735994.009   736002.005   736010.009   736037.005
  2790:   736044.009   736249.001   736504.003   736539.001   737038.003
  2795:   739677.005   739682.009   739708.005   739945.009   739953.005
  2800:   739969.009   739971.005   739998.009   740006.005   740011.009
  2805:   740015.005   740020.009   740027.005   740032.009   740051.005
  2810:   740066.009   740068.005   740079.009   740091.005   740103.009
  2815:   740115.005   740121.009   740127.005   740141.009   740157.005
  2820:   740165.009   740168.005   740206.009   740217.005   740222.009
  2825:   740494.001   740677.003   740716.001   741354.003   741375.001
  2830:   741462.003   741572.001   741586.003   741833.001   742422.003
  2835:   742745.001   743459.018   743580.003   743586.016   743636.026
  2840:   743944.005   744793.009   746747.001   746919.003   747274.005
  2845:   747280.009   747810.001   748362.003   748987.001   749027.003
  2850:   749076.001   749790.018   749968.003   749974.016   750024.026
  2855:   750139.005   750870.009   750871.005   750878.009   750885.005
  2860:   750894.009   750925.005   750932.009   750937.005   750952.009
  2865:   750957.005   750979.009   750994.005   750996.009   762321.005
  2870:   762870.009   763183.001   763245.003   763266.001   763808.003
  2875:   764120.001   764834.018   765023.003   765029.016   765079.026
  2880:   765248.005   765959.009   765971.005   765978.009   766050.005
  2885:   766054.009   767525.001   768239.018   768326.003   768332.016
  2890:   768382.026   768566.005   769312.009   769318.005   769324.009
  2895:   769327.005   769344.009   769389.005   769391.009   769392.005
  2900:   769412.009   780947.005   780961.009   780969.005   781213.009
  2905:   781217.005   781226.009   781852.001   782257.003   782394.005
  2910:   783184.009   783196.005   783204.009   783675.001   784389.018
  2915:   784476.003   784482.016   784532.026   784617.005   784624.009
  2920:   784634.005   785295.009   785302.005   785316.009   785319.005
  2925:   785323.009   785326.005   785339.009   785879.001   786593.018
  2930:   786647.003   786653.016   786675.001   786702.003   786703.026
  2935:   786934.005   787741.009   787744.005   787778.009   787785.005
  2940:   787953.009   787963.005   787970.009   787981.005   788015.009
  2945:   788617.001   788874.003   788953.001   788979.003   789440.001
  2950:   789497.003   789506.001   789957.003   790093.005   790096.009
  2955:   790099.005   790327.009   790329.005   790347.009   790354.005
  2960:   790360.009   790368.005   790373.009   790375.005   790384.009
  2965:   790387.005   790395.009   790409.005   790414.009   790416.005
  2970:   790433.009   790434.005   790441.009   790448.005   790456.009
  2975:   790458.005   790465.009   790494.005   790498.009   790756.001
  2980:   791463.003   792011.001   792701.003   792708.001   792807.003
  2985:   793293.001   793361.003   793388.001   794102.018   794128.003
  2990:   794134.016   794184.026   794289.005   794915.009   794917.005
  2995:   794923.009   794935.005   794942.009   794951.005   794970.009
  3000:   796066.005   796071.009   796091.005   796099.009   796101.005
  3005:   796120.009   796564.001   796613.003   796716.001   796814.003
  3010:   796892.001   796928.003   796997.001   797548.003   798429.001
  3015:   798458.003   798479.001   799018.003   799959.001   800240.003
  3020:   800820.001   801534.018   801594.003   801600.016   801650.026
  3025:   801794.005   802415.009   802416.005   802442.009   802967.005
  3030:   802971.009   803028.005   803039.009   806717.005   806725.009
  3035:   806728.005   806883.009   807155.001   807602.003   808068.001
  3040:   808476.003   808479.001   808601.003   809038.001   809372.003
  3045:   810492.001   811206.018   811232.003   811238.016   811288.026
  3050:   811407.005   811986.009   811991.005   811998.009   812002.005
  3055:   812009.009   812012.005   812096.009   812125.005   812129.009
  3060:   812641.001   812756.003   812882.001   813285.003   813306.001
  3065:   813381.003   813424.001   813507.003   814015.001   814729.018
  3070:   814897.003   814903.016   814953.026   815065.005   815073.009
  3075:   815083.005   815804.009   816108.005   816119.009   817135.005
  3080:   817140.009   817155.005   817175.009   817176.005   817288.009
  3085:   817785.001   818211.003   818704.001   819106.003   819811.001
  3090:   819842.003   819867.001   819893.003   819913.001   820504.003
  3095:   821878.001   822226.003   822819.005   823269.009   823689.001
  3100:   824401.003   824850.001   825317.003   825917.001   826182.003
  3105:   826521.005   826816.009   826822.005   826832.009   826840.005
  3110:   826862.009   826869.005   826875.009   826876.005   826925.009
  3115:   827260.001   827974.018   828073.003   828079.016   828129.026
  3120:   828253.005   828780.009   828788.005   828804.009   828808.005
  3125:   828844.009   828856.005   828862.009   828921.005   828928.009
  3130:   829302.001   829341.003   829403.001   829710.003   829881.001
  3135:   829922.003   830569.001   831231.003   831894.001   832186.003
  3140:   832825.005   832979.009   832980.005   832998.009   833004.005
  3145:   833019.009   833026.005   833033.009   833039.005   833046.009
  3150:   833052.005   833058.009   833078.005   833084.009   833088.005
  3155:   833127.009   833150.005   833167.009   833169.005   833174.009
  3160:   833175.005   833180.009   833209.005   833247.009   833252.005
  3165:   833263.009   833273.005   833281.009   833288.005   833299.009
  3170:   833881.001   833922.003   833985.001   834670.003   835162.001
  3175:   835203.003   835247.001   835961.018   836190.003   836196.016
  3180:   836246.026   836349.005   836978.009   837003.005   837013.009
  3185:   837291.005   837305.009   839039.005   839061.009   839065.005
  3190:   839258.009   839273.005   839284.009   839602.001   840316.018
  3195:   840356.003   840362.016   840412.026   840544.005   841206.009
  3200:   841209.005   841341.009   841344.005   841380.009   841400.005
  3205:   841405.009   841411.005   841455.009   841768.001   841857.003
  3210:   841924.001   842638.018   842768.003   842774.016   842824.026
  3215:   842976.005   843477.009   843501.005   843505.009   843506.005
  3220:   843513.009   843520.005   843533.009   843535.005   843542.009
  3225:   843551.005   843893.009   844142.001   844856.018   844990.003
  3230:   844996.016   845046.026   845191.005   845200.009   845204.005
  3235:   845708.009   845783.005   845796.009   846555.005   846558.009
  3240:   846594.005   846608.009   846631.005   846816.009   846818.005
  3245:   846823.009   846829.005   846847.009   846850.005   846864.009
  3250:   846919.005   846924.009   846934.005   846959.009   847305.001
  3255:   847596.003   847667.001   847938.003   848360.001   848397.003
  3260:   848426.001   849055.003   849471.001   849582.003   849611.001
  3265:   850325.018   850332.003   850338.016   850388.026   850504.005
  3270:   850951.009   850955.005   850973.009   851604.005   851638.009
  3275:   851671.005   851716.009   851717.005   851723.009   851736.005
  3280:   851787.009   851791.005   851988.009   852068.005   852081.009
  3285:   852083.005   852092.009   852100.005   852118.009   852138.005
  3290:   852419.009   852430.005   852439.009   852451.005   852513.009
  3295:   852516.005   852577.009   852589.005   852601.009   852614.005
  3300:   852625.009   852626.005   852636.009   852944.001   853658.018
  3305:   853753.003   853759.016   853809.026   853922.005   854679.009
  3310:   854692.005   854717.009   854722.005   854737.009   855028.005
  3315:   855060.009   855745.005   855765.009   855806.005   855823.009
  3320:   855841.005   855878.009   855883.005   855909.009   855916.005
  3325:   855922.009   855927.005   855945.009   855968.005   855988.009
  3330:   856023.005   856036.009   856058.005   856073.009   856108.005
  3335:   856117.009   856151.005   856153.009   856277.005   856288.009
  3340:   856362.005   856367.009   856402.005   856408.009   859538.005
  3345:   859552.009   859563.005   859597.009   859607.005   860110.009
  3350:   860228.001   860661.003   860692.001   861135.003   861526.001
  3355:   861543.003   861614.001   862219.003   862803.001   863182.003
  3360:   863708.001   864422.018   864534.003   864540.016   864590.026
  3365:   864811.005   865425.009   865984.001   866698.018   866725.003
  3370:   866731.016   866781.026   866921.005   868189.009   868204.005
  3375:   868210.009   868213.005   868231.009   868295.005   868299.009
  3380:   868982.001   869020.003   869142.001   869287.003   869949.001
  3385:   870371.003   870990.001   871555.003   872091.001   872115.003
  3390:   872188.001   872264.003   872268.001   872941.003   873405.001
  3395:   874119.018   874409.003   874415.016   874465.026   874548.005
  3400:   875272.009   875273.005   875281.009   875291.005   875314.009
  3405:   875471.005   875484.009   875765.005   875771.009   875774.005
  3410:   875784.009   877199.001   877228.003   877286.001   877805.003
  3415:   878213.001   878830.003   879230.001   879777.003   880325.001
  3420:   881039.018   881252.003   881258.016   881308.026   881425.005
  3425:   882014.009   882023.005   882030.009   882031.005   882123.009
  3430:   882626.001   883174.003   884150.001   884524.003   884922.001
  3435:   885426.003   885835.001   885895.003   885936.001   886045.003
  3440:   886080.001   886702.003   886837.005   887153.009   887155.005
  3445:   887176.009   887177.005   887190.009   887904.001   888618.018
  3450:   888769.003   888775.016   888825.026   888905.005   889243.009
  3455:   889244.005   889268.009   889282.005   889296.009   889303.005
  3460:   889322.009   889329.005   889347.009   889389.005   889404.009
  3465:   889470.005   889480.009   889778.005   889798.009   889808.005
  3470:   889845.009   889853.005   889867.009   889885.005   889903.009
  3475:   889920.005   889940.009   889978.005   889997.009   890029.005
  3480:   890038.009   890039.005   890051.009   890096.005   890107.009
  3485:   890130.005   890137.009   899747.005   899764.009   899770.005
  3490:   899951.009   900007.005   900011.009   900264.001   900637.003
  3495:   900686.001   900941.003   901565.001   901704.003   901782.001
  3500:   901843.003   901897.001   902021.003   902113.001   902263.003
  3505:   902551.005   902773.009   903259.005   903781.009   903968.001
  3510:   904041.003   904109.001   904257.003   904283.001   904862.003
  3515:   905649.001   905803.003   905849.001   905918.003   905946.001
  3520:   906537.003   907033.001   907476.003   908063.005   908080.009
  3525:   908484.001   908503.003   908560.001   908626.003   908660.001
  3530:   909343.003   909875.001   910326.003   910581.005   910589.009
  3535:   910591.005   910596.009   910600.005   910602.009   910616.005
  3540:   911101.009   919675.001   919743.003   920533.001   920573.003
  3545:   920598.001   921124.003   921586.001   921748.003   921911.001
  3550:   921958.003   921985.001   922526.003   922849.005   923073.009
  3555:   923094.005   923103.009   923136.005   923151.009   923171.005
  3560:   923192.009   923207.005   923230.009   933377.005   933387.009
  3565:   933388.005   933592.009   933621.005   933628.009   934156.001
  3570:   934337.003   934443.001   934832.003   935188.005   935258.009
  3575:   935272.005   935403.009   935405.005   935446.009   935447.005
  3580:   935454.009   935459.005   935477.009   935487.005   935521.009
  3585:   935563.005   935585.009   935821.001   936535.018   936804.003
  3590:   936810.016   936860.026   936948.005   937600.009   937603.005
  3595:   937609.009   937613.005   937630.009   937653.005   937661.009
  3600:   937681.005   937693.009   939212.005   939237.009   939247.005
  3605:   939252.009   939253.005   939262.009   939270.005   939312.009
  3610:   939740.001   939892.003   939979.001   940466.003   941018.001
  3615:   941077.003   941807.001   942521.018   942613.003   942619.016
  3620:   942669.026   942859.005   944189.009   944264.005   944270.009
  3625:   944652.001   944851.003   945510.001   945935.003   946286.001
  3630:   946892.003   947393.001   947442.003   947476.001   948094.003
  3635:   948657.001   949186.003   949372.005   949623.009   949626.005
  3640:   949635.009   949665.005   949671.009   963136.005   963399.009
  3645:   963414.005   963419.009   963441.005   963447.009   963453.005
  3650:   963459.009   963947.001   964371.003   964720.001   965204.003
  3655:   965582.001   965607.003   965640.001   966200.003   966669.001
  3660:   967249.003   967747.001   967783.003   967825.001   968329.003
  3665:   968716.001   968758.003   968814.001   968970.003   969011.001
  3670:   969292.003   969303.001   969927.003   970087.005   970344.009
  3675:   970867.001   971469.003   972515.001   972627.003   972680.001
  3680:   973100.003   973537.001   973624.003   973664.001   974319.003
  3685:   974776.001   975298.003   975862.001   975996.003   976025.001
  3690:   976063.003   976089.001   976803.018   977027.003   977033.016
  3695:   977083.026   977197.005   977849.009   977934.005   977940.009
  3700:   979144.005   979589.009   980149.001   980629.003   981102.001
  3705:   981695.003   983063.001   983255.003   983300.001   983456.003
  3710:   983800.001   984514.018   984581.003   984587.016   984637.026
  3715:   984712.005   986023.009   986059.005   986068.009   986074.005
  3720:   986083.009   986566.001   986786.003   986806.001   987106.003
  3725:   987985.001   988450.003   988467.001   988946.003   989503.001
  3730:   990180.003   990609.005   990821.009   990826.005   990830.009
  3735:   990831.005   990891.009   990892.005   991329.009   991339.005
  3740:   991367.009   991399.005   991448.009   991453.005   991461.009
  3745:   991463.005   991472.009   991483.005   991506.009   991515.005
  3750:   991574.009   991576.005   991598.009   991817.001   991860.003
  3755:   991895.001   992606.003   993128.001   993842.018   993949.003
  3760:   993955.016   994005.026   994052.005   995088.009   995141.005
  3765:   995151.009   995571.001   996285.018   996397.003   996403.016
  3770:   996453.026   996565.005   998094.009   998096.005   998121.009
  3775:   998123.005   998131.009   998138.005   998150.009   998162.005
  3780:   998187.009   998592.001   998913.003   998933.001   999340.003
  3785:  1000083.001  1000562.003  1000962.001  1001044.003  1001066.001
  3790:  1001637.003  1001962.005  1001964.009  1002393.001  1002887.003
  3795:  1003569.001  1004283.018  1004376.003  1004382.016  1004432.026
  3800:  1004513.005  1005408.009  1005418.005  1005428.009  1005434.005
  3805:  1005447.009  1005451.005  1005466.009  1006030.001  1006744.018
  3810:  1006793.003  1006799.016  1006849.026  1006980.005  1006987.009
  3815:  1006994.005  1007625.009  1008661.005  1008680.009  1008689.005
  3820:  1008703.009  1008712.005  1008720.009  1008722.005  1008728.009
  3825:  1008732.005  1008744.009  1008750.005  1008755.009  1008795.005
  3830:  1008801.009  1008810.005  1008817.009  1009006.005  1009014.009
  3835:  1009015.005  1009020.009  1015249.005  1015265.009  1015273.005
  3840:  1015465.009  1015466.005  1015475.009  1015486.005  1015495.009
  3845:  1015519.005  1015526.009  1016014.001  1016078.003  1016104.001
  3850:  1016606.003  1016989.001  1017590.003  1018039.001  1018135.003
  3855:  1018161.001  1018423.003  1018800.001  1019514.018  1019535.003
  3860:  1019541.016  1019591.026  1019662.005  1020127.009  1020137.005
  3865:  1020190.009  1020220.005  1020284.009  1020421.005  1020428.009
  3870:  1020445.005  1020452.009  1020503.005  1020519.009  1020570.005
  3875:  1020600.009  1020635.005  1020665.009  1020684.005  1020698.009
  3880:  1020705.005  1020801.009  1020825.005  1020830.009  1020832.005
  3885:  1020843.009  1020844.005  1020875.009  1020876.005  1021734.009
  3890:  1021992.001  1022554.003  1022978.001  1023635.003  1024195.001
  3895:  1024909.018  1025067.003  1025073.016  1025123.026  1025264.005
  3900:  1026196.009  1026200.005  1026209.009  1026713.001  1027117.003
  3905:  1027236.001  1027372.003  1027806.001  1028465.003  1028988.001
  3910:  1029037.003  1029068.001  1029640.003  1030299.001  1030360.003
  3915:  1030521.001  1031235.018  1031432.003  1031438.016  1031488.026
  3920:  1031558.005  1032589.009  1032613.005  1032622.009  1033209.001
  3925:  1033334.003  1033363.001  1033650.003  1034100.001  1034814.018
  3930:  1034921.003  1034927.016  1034977.026  1035036.005  1035354.009
  3935:  1035356.005  1035536.009  1035538.005  1035740.009  1035741.005
  3940:  1035784.009  1035825.005  1035852.009  1035868.005  1035884.009
  3945:  1036008.005  1036031.009  1036534.005  1036566.009  1036598.005
  3950:  1036608.009  1036620.005  1036661.009  1036666.005  1037084.009
  3955:  1037094.005  1037122.009  1037126.005  1037173.009  1037184.005
  3960:  1037203.009  1037208.005  1037214.009  1037227.005  1037258.009
  3965:  1037291.005  1037319.009  1037385.005  1037389.009  1037802.001
  3970:  1038464.003  1038638.005  1038646.009  1039049.001  1039091.003
  3975:  1039135.001  1039718.003  1040188.001  1040237.003  1040261.001
  3980:  1040975.018  1041018.003  1041024.016  1041074.026  1041149.005
  3985:  1041748.009  1041750.005  1041763.009  1041764.005  1041792.009
  3990:  1041797.005  1041804.009  1041818.005  1041889.009  1041890.005
  3995:  1041897.009  1041941.005  1041978.009  1041982.005  1041987.009
  4000:  1042028.005  1042071.009  1042351.001  1043031.003  1043518.005
  4005:  1043526.009  1043549.005  1043710.009  1043741.005  1043751.009
  4010:  1043753.005  1043758.009  1043939.001  1044001.003  1044019.001
  4015:  1044535.003  1044968.001  1045013.003  1045047.001  1045634.003
  4020:  1045986.001  1046020.003  1046060.001  1046774.018  1046921.003
  4025:  1046927.016  1046977.026  1047018.005  1047688.009  1047698.005
  4030:  1047711.009  1047718.005  1047754.009  1047757.005  1047777.009
  4035:  1047779.005  1047793.009  1047809.005  1047816.009  1047817.005
  4040:  1047911.009  1047926.005  1047945.009  1047949.005  1047962.009
  4045:  1047966.005  1048008.009  1048034.005  1048037.009  1048047.005
  4050:  1048052.009  1049274.001  1049891.003  1050284.001  1050552.003
  4055:  1050761.001  1050798.003  1050862.001  1051016.003  1051025.001
  4060:  1051052.003  1051081.001  1051636.003  1051751.005  1051759.009
  4065:  1051873.005  1052061.009  1052068.005  1052087.009  1052091.005
  4070:  1052112.009  1052118.005  1052164.009  1052176.005  1052183.009
  4075:  1052184.005  1052211.009  1052218.005  1052237.009  1052238.005
  4080:  1052250.009  1052255.005  1052263.009  1052268.005  1052570.009
  4085:  1054958.005  1055081.009  1055094.005  1055104.009  1055139.005
  4090:  1055144.009  1055456.001  1055727.003  1055754.001  1056307.003
  4095:  1056662.001  1056791.003  1056815.001  1057529.018  1057560.003
  4100:  1057566.016  1057616.026  1057725.005  1058009.009  1058044.005
  4105:  1058053.009  1058636.005  1058707.009  1058711.005  1058730.009
  4110:  1058735.005  1059495.009  1059791.001  1060385.003  1060715.001
  4115:  1061429.018  1061501.003  1061507.016  1061557.026  1061628.005
  4120:  1062013.009  1063162.005  1063179.009  1063192.005  1063218.009
  4125:  1063226.005  1063271.009  1063275.005  1063408.009  1063959.001
  4130:  1064673.018  1064676.003  1064682.016  1064732.026  1064854.005
  4135:  1065498.009  1065528.005  1065568.009  1065700.005  1065710.009
  4140:  1065744.005  1065779.009  1065901.005  1065939.009  1065988.005
  4145:  1066006.009  1066033.005  1066075.009  1066101.005  1066114.009
  4150:  1066127.005  1066181.009  1066185.005  1066210.009  1066221.005
  4155:  1066378.009  1066451.005  1066462.009  1067153.001  1067198.003
  4160:  1068333.001  1068519.003  1069118.001  1069781.003  1070367.001
  4165:  1070452.003  1070478.001  1071127.003  1071570.001  1072284.018
  4170:  1072326.003  1072332.016  1072382.026  1072484.005  1073683.009
  4175:  1073684.005  1074637.009  1074671.005  1074684.009  1075421.001
  4180:  1075526.003  1075560.001  1076274.018  1076311.003  1076317.016
  4185:  1076367.026  1076465.005  1077018.009  1077028.005  1077075.009
  4190:  1077631.005  1077642.009  1077667.005  1077672.009  1077674.005
  4195:  1077697.009  1077850.005  1077861.009  1077862.005  1078077.009
  4200:  1078079.005  1078090.009  1078106.005  1078122.009  1079027.001
  4205:  1079109.003  1079587.001  1080083.003  1080717.001  1081431.018
  4210:  1081460.003  1081466.016  1081516.026  1081600.005  1082594.009
  4215:  1082619.005  1082626.009  1082658.005  1082673.009  1082677.005
  4220:  1082697.009  1082705.005  1082710.009  1083115.001  1083491.003
  4225:  1083516.001  1084074.003  1084432.001  1084507.003  1084533.001
  4230:  1085088.003  1085760.001  1086474.018  1086608.003  1086614.016
  4235:  1086664.026  1086677.001  1086712.003  1086738.001  1087452.018
  4240:  1087540.003  1087546.016  1087596.026  1087744.005  1088355.009
  4245:  1088371.005  1088382.009  1088612.005  1088638.009  1088651.005
  4250:  1088684.009  1088698.005  1088704.009  1088747.005  1088775.009
  4255:  1088879.005  1088883.009  1088894.005  1088908.009  1088955.005
  4260:  1089009.009  1089043.005  1089101.009  1089128.005  1089231.009
  4265:  1089232.005  1089764.009  1090523.005  1091756.009  1091833.005
  4270:  1091842.009  1092558.001  1093253.003  1093819.005  1094261.009
  4275:  1094563.001  1095138.003  1095548.001  1096085.003  1096536.001
  4280:  1097250.018  1097398.003  1097404.016  1097454.026  1097591.005
  4285:  1098020.009  1098060.005  1098066.009  1098120.005  1098142.009
  4290:  1098179.005  1098193.009  1098659.005  1098668.009  1098704.005
  4295:  1098723.009  1098725.005  1098742.009  1098753.005  1098768.009
  4300:  1098769.005  1098807.009  1098837.005  1098859.009  1098863.005
  4305:  1098888.009  1106132.005  1106142.009  1106179.005  1106457.009
  4310:  1106465.005  1106474.009  1106475.005  1106506.009  1106510.005
  4315:  1106519.009  1106783.001  1107497.018  1107503.003  1107509.016
  4320:  1107559.026  1107757.005  1108341.009  1108347.005  1108370.009
  4325:  1108391.005  1108411.009  1108907.005  1108978.009  1109055.005
  4330:  1109146.009  1109154.005  1109582.009  1109585.005  1109692.009
  4335:  1109997.001  1110358.003  1110415.001  1110622.003  1111105.001
  4340:  1111661.003  1112162.001  1112847.003  1113186.005  1113193.009
  4345:  1113216.005  1113441.009  1113444.005  1113452.009  1113645.001
  4350:  1113668.003  1113722.001  1114436.018  1114829.003  1114835.016
  4355:  1114885.026  1114993.005  1115354.009  1115359.005  1115371.009
  4360:  1115375.005  1115385.009  1115389.005  1115399.009  1115455.005
  4365:  1115464.009  1115536.005  1115549.009  1115663.005  1115685.009
  4370:  1115785.005  1115840.009  1115858.005  1115890.009  1115891.005
  4375:  1115974.009  1115986.005  1116517.009  1116839.001  1117159.003
  4380:  1117185.001  1117817.003  1118372.001  1119086.018  1119179.003
  4385:  1119185.016  1119235.026  1119322.005  1119563.009  1120065.005
  4390:  1120344.009  1120350.005  1120391.009  1121051.001  1121748.003
  4395:  1122180.001  1122894.018  1122951.003  1122957.016  1123007.026
  4400:  1123112.005  1123609.009  1123617.005  1123629.009  1123717.005
  4405:  1123745.009  1124302.005  1124341.009  1124360.005  1124373.009
  4410:  1124405.005  1124411.009  1124460.005  1124532.009  1124533.005
  4415:  1124573.009  1124586.005  1124623.009  1124635.005  1124650.009
  4420:  1124660.005  1124668.009  1124673.005  1124683.009  1125942.005
  4425:  1125948.009  1125950.005  1125957.009  1125981.005  1126007.009
  4430:  1127563.001  1127812.003  1128492.001  1128537.003  1128590.001
  4435:  1128763.003  1128783.001  1129289.003  1129565.001  1129585.003
  4440:  1129635.001  1130349.018  1130407.003  1130413.016  1130463.026
  4445:  1130549.005  1130826.009  1130840.005  1130847.009  1130849.005
  4450:  1130859.009  1131220.005  1131233.009  1131264.005  1131272.009
  4455:  1131273.005  1131286.009  1131288.005  1131296.009  1131587.005
  4460:  1131615.009  1131625.005  1131635.009  1131675.005  1131693.009
  4465:  1131716.005  1131728.009  1131757.005  1131776.009  1131968.005
  4470:  1131981.009  1131989.005  1132007.009  1132361.005  1132383.009
  4475:  1132414.005  1133143.009  1133524.001  1133971.003  1134000.001
  4480:  1134166.003  1134679.001  1134793.003  1134893.001  1135442.003
  4485:  1135798.001  1136221.003  1136754.001  1137468.018  1137495.003
  4490:  1137501.016  1137551.026  1137632.005  1137905.009  1138536.005
  4495:  1138542.009  1138584.005  1138605.009  1138619.005  1138950.009
  4500:  1138962.005  1138985.009  1138989.005  1138995.009  1138997.005
  4505:  1139005.009  1139096.005  1139106.009  1139638.001  1140037.003
  4510:  1140149.001  1140719.003  1141273.001  1141323.003  1141359.001
  4515:  1141974.003  1142443.001  1143004.003  1143161.001  1143246.003
  4520:  1143842.005  1143851.009  1143950.005  1143961.009  1143962.005
  4525:  1143981.009  1144014.005  1144048.009  1144066.005  1144071.009
  4530:  1144076.005  1144084.009  1144560.001  1145161.003  1145789.001
  4535:  1145842.003  1145890.001  1146604.018  1146623.003  1146629.016
  4540:  1146679.026  1146823.005  1147163.009  1147172.005  1147180.009
  4545:  1147184.005  1147218.009  1147258.005  1147289.009  1147321.005
  4550:  1147334.009  1147379.005  1147416.009  1147428.005  1147438.009
  4555:  1147447.005  1147756.009  1147865.005  1147883.009  1147897.005
  4560:  1147913.009  1147915.005  1147952.009  1148247.005  1148279.009
  4565:  1148313.005  1148317.009  1148319.005  1148330.009  1148334.005
  4570:  1148342.009  1148646.005  1148675.009  1148692.005  1148699.009
  4575:  1148711.005  1148760.009  1148953.005  1148958.009  1148977.005
  4580:  1148985.009  1148999.005  1149006.009  1149014.005  1149230.009
  4585:  1149233.005  1149242.009  1150143.001  1150226.003  1150940.005
  4590:  1150948.009  1151000.005  1151013.009  1151040.005  1151278.009
  4595:  1151288.005  1151295.009  1151674.001  1152308.003  1152920.001
  4600:  1152969.003  1153013.001  1153157.003  1153414.001  1153471.003
  4605:  1154156.001  1154870.018  1155053.003  1155059.016  1155109.026
  4610:  1155198.005  1156376.009  1156394.005  1156420.009  1156434.005
  4615:  1156448.009  1156652.005  1156667.009  1156672.005  1156681.009
  4620:  1156802.005  1156836.009  1157352.001  1157454.003  1157499.001
  4625:  1157997.003  1158523.001  1159105.003  1159781.001  1159847.003
  4630:  1159924.001  1160638.018  1160654.003  1160660.016  1160710.026
  4635:  1160833.005  1161128.009  1161132.005  1161141.009  1161146.005
  4640:  1161155.009  1161170.005  1161202.009  1161230.005  1161292.009
  4645:  1161323.005  1161358.009  1161362.005  1161375.009  1161416.005
  4650:  1161453.009  1161577.005  1161586.009  1161681.005  1161698.009
  4655:  1161721.005  1161731.009  1161738.005  1161783.009  1161851.005
  4660:  1161878.009  1161889.005  1161923.009  1161925.005  1161953.009
  4665:  1161968.005  1161977.009  1162213.005  1162221.009  1162248.005
  4670:  1162270.009  1162437.005  1162465.009  1162496.005  1162538.009
  4675:  1162654.005  1162659.009  1203013.005  1203044.009  1203051.005
  4680:  1203926.009  1204144.001  1204858.018  1205135.003  1205141.016
  4685:  1205191.026  1205263.005  1205819.009  1205828.005  1205832.009
  4690:  1205868.005  1205875.009  1205912.005  1205922.009  1205927.005
  4695:  1205943.009  1205968.005  1205977.009  1205978.005  1205986.009
  4700:  1205988.005  1205994.009  1205995.005  1206007.009  1206018.005
  4705:  1206058.009  1207118.001  1207288.003  1207742.001  1207901.003
  4710:  1208612.005  1208618.009  1208671.005  1208871.009  1208882.005
  4715:  1208888.009  1208898.005  1208917.009  1208952.005  1208955.009
  4720:  1209112.001  1209826.018  1209843.003  1209849.016  1209899.026
  4725:  1209966.005  1210367.009  1210407.005  1210416.009  1210483.005
  4730:  1210501.009  1210504.005  1210515.009  1210520.005  1210640.009
  4735:  1210660.005  1210844.009  1210858.005  1210870.009  1210916.005
  4740:  1210959.009  1211009.005  1211425.009  1211496.005  1211563.009
  4745:  1212010.001  1212414.003  1212738.001  1213362.003  1213950.001
  4750:  1214533.003  1214874.001  1215292.003  1216097.001  1216177.003
  4755:  1216315.001  1217029.018  1217158.003  1217164.016  1217214.026
  4760:  1217346.005  1218514.009  1218525.005  1218542.009  1218612.005
  4765:  1218617.009  1218692.005  1218703.009  1218791.005  1218802.009
  4770:  1225555.005  1225562.009  1226114.001  1226466.003  1226477.001
  4775:  1227092.003  1227341.005  1227357.009  1227549.001  1227590.003
  4780:  1227632.001  1228050.003  1228799.001  1228821.003  1228870.001
  4785:  1228981.003  1229084.001  1229387.003  1230171.001  1230559.003
  4790:  1231058.001  1231086.003  1231126.001  1231692.003  1232116.001
  4795:  1232141.003  1232181.001  1232895.018  1232985.003  1232991.016
  4800:  1233041.026  1233149.005  1233843.009  1233849.005  1233859.009
  4805:  1233915.005  1233950.009  1234056.005  1234067.009  1234069.005
  4810:  1234074.009  1244413.005  1244557.009  1244561.005  1244577.009
  4815:  1244584.005  1244593.009  1244900.001  1245199.003  1245305.001
  4820:  1245887.003  1246317.001  1246650.003  1247038.001  1247736.003
  4825:  1248246.001  1248960.018  1249141.003  1249147.016  1249197.026
  4830:  1249323.005  1251309.009  1251925.005  1251931.009  1251973.005
  4835:  1251985.009  1252004.005  1252037.009  1252046.005  1252086.009
  4840:  1253345.001  1253661.003  1253871.001  1253915.003  1253972.001
  4845:  1254686.018  1254838.003  1254844.016  1254894.026  1254986.005
  4850:  1255845.009  1255878.005  1255893.009  1255915.005  1255921.009
  4855:  1255931.005  1255987.009  1255995.005  1256035.009  1256036.005
  4860:  1256108.009  1256193.005  1256208.009  1256222.005  1256227.009
  4865:  1256442.001  1256808.003  1257009.001  1257086.003  1257498.001
  4870:  1258083.003  1258600.001  1259298.003  1260088.001  1260783.003
  4875:  1261237.001  1261265.003  1261316.001  1262030.018  1262122.003
  4880:  1262128.016  1262178.026  1262296.005  1262855.009  1262858.005
  4885:  1262890.009  1262964.005  1262973.009  1263052.005  1263094.009
  4890:  1263132.005  1263143.009  1263489.005  1263494.009  1263506.005
  4895:  1263510.009  1263577.005  1263594.009  1263672.005  1263691.009
  4900:  1263756.005  1263764.009  1264317.005  1264326.009  1264339.005
  4905:  1264351.009  1264354.005  1264358.009  1264367.005  1264394.009
  4910:  1264395.005  1264608.009  1265855.001  1266258.003  1266630.001
  4915:  1266704.003  1266734.001  1267312.003  1267739.001  1268376.003
  4920:  1268894.001  1269498.003  1270064.001  1270778.018  1270824.003
  4925:  1270830.016  1270880.026  1271097.005  1271969.009  1271971.005
  4930:  1271986.009  1272021.005  1272024.009  1272027.005  1272039.009
  4935:  1272708.005  1272719.009  1272728.005  1272966.009  1273065.005
  4940:  1273079.009  1273810.001  1273888.003  1273941.001  1274020.003
  4945:  1274220.001  1274588.003  1275069.001  1275717.003  1276402.001
  4950:  1276561.003  1276637.001  1276744.003  1277552.001  1278266.018
  4955:  1278433.003  1278439.016  1278446.001  1278481.003  1278489.026
  4960:  1278626.005  1278940.009  1278944.005  1278972.009  1278982.005
  4965:  1279001.009  1279040.005  1279045.009  1279047.005  1279074.009
  4970:  1279117.005  1279137.009  1279252.005  1279280.009  1279299.005
  4975:  1279316.009  1279329.005  1279345.009  1279348.005  1279400.009
  4980:  1279405.005  1279419.009  1279423.005  1279430.009  1279435.005
  4985:  1279452.009  1279539.005  1279553.009  1279599.005  1279622.009
  4990:  1279672.005  1279676.009  1279831.005  1279875.009  1279885.005
  4995:  1279900.009  1279914.005  1279932.009  1280628.005  1280646.009
  5000:  1280710.005  1280731.009  1280760.005  1280850.009  1280874.005
  5005:  1280881.009  1281097.005  1281141.009  1281153.005  1281166.009
  5010:  1281174.005  1281183.009  1281228.005  1281237.009  1281240.005
  5015:  1281256.009  1281260.005  1281279.009  1281280.005  1281303.009
  5020:  1281329.005  1281806.009  1282323.001  1283013.003  1283773.001
  5025:  1284487.018  1284677.003  1284683.016  1284733.026  1284822.005
  5030:  1285188.009  1285196.005  1285253.009  1285266.005  1285280.009
  5035:  1285299.005  1285353.009  1285412.005  1285423.009  1285424.005
  5040:  1285429.009  1285437.005  1285445.009  1285522.005  1285528.009
  5045:  1285721.005  1285727.009  1285997.005  1286003.009  1286022.005
  5050:  1286030.009  1286273.005  1286279.009  1286281.005  1286299.009
  5055:  1288143.005  1288152.009  1288157.005  1288161.009  1288193.005
  5060:  1288212.009  1288288.005  1288302.009  1288314.005  1288319.009
  5065:  1288350.005  1288360.009  1288368.005  1288741.009  1289261.001
  5070:  1289349.003  1289427.001  1289486.003  1289538.001  1289618.003
  5075:  1289785.001  1289989.003  1290397.001  1290770.003  1291297.001
  5080:  1291430.003  1292097.001  1292674.003  1293147.001  1293168.003
  5085:  1293171.001  1293257.003  1293300.001  1293356.003  1293385.001
  5090:  1294099.018  1294111.003  1294117.016  1294167.026  1294285.005
  5095:  1295015.009  1295018.005  1295054.009  1295724.005  1295728.009
  5100:  1296988.005  1296999.009  1297018.005  1297032.009  1297034.005
  5105:  1297102.009  1297117.005  1297127.009  1298112.001  1298338.003
  5110:  1298438.001  1298466.003  1298504.001  1298841.003  1299533.005
  5115:  1299576.009  1299938.001  1299989.003  1300045.001  1300305.003
  5120:  1300447.001  1300695.003  1300821.001  1300973.003  1301502.001
  5125:  1301936.003  1302341.001  1302375.003  1302419.001  1303133.018
  5130:  1303162.003  1303168.016  1303218.026  1303335.005  1303340.009
  5135:  1303342.005  1304088.009  1304090.005  1304173.009  1304681.001
  5140:  1304836.003  1304865.001  1305140.003  1305451.001  1305479.003
  5145:  1305675.001  1305857.003  1306122.001  1306153.003  1306187.001
  5150:  1306424.003  1306448.001  1307162.018  1307255.003  1307261.016
  5155:  1307311.026  1307417.005  1308222.009  1308225.005  1308261.009
  5160:  1308266.005  1308345.009  1308351.005  1308359.009  1308791.001
  5165:  1309015.003  1309317.001  1309659.003  1310213.001  1310927.018
  5170:  1310959.003  1310965.016  1311015.026  1311116.005  1311568.009
  5175:  1312010.005  1312068.009  1312085.005  1312103.009  1312118.005
  5180:  1312127.009  1312150.005  1312171.009  1312176.005  1312196.009
  5185:  1312202.005  1312313.009  1312323.005  1312338.009  1312342.005
  5190:  1312361.009  1312363.005  1312365.009  1312372.005  1312384.009
  5195:  1312390.005  1312399.009  1312408.005  1312436.009  1312454.005
  5200:  1312474.009  1312501.005  1312522.009  1312539.005  1312546.009
  5205:  1312554.005  1312726.009  1312738.005  1312750.009  1312751.005
  5210:  1312762.009  1313465.005  1313478.009  1313502.005  1313560.009
  5215:  1315302.001  1315554.003  1315932.001  1316480.003  1316983.001
  5220:  1317650.003  1318106.001  1318132.003  1318162.001  1318796.003
  5225:  1319313.001  1319635.003  1319924.001  1319983.003  1320029.001
  5230:  1320085.003  1320113.001  1320282.003  1320312.001  1320792.003
  5235:  1321245.001  1321390.003  1321446.001  1321471.003  1321519.001
  5240:  1321575.003  1321614.001  1321649.003  1321690.001  1322404.018
  5245:  1322550.003  1322556.016  1322606.026  1322695.005  1323202.009
  5250:  1323226.005  1323236.009  1323248.005  1323267.009  1323870.005
  5255:  1323966.009  1323975.005  1324003.009  1324193.005  1324233.009
  5260:  1324249.005  1324261.009  1324399.005  1324404.009  1324429.005
  5265:  1324445.009  1324446.005  1324981.009  1324984.005  1324994.009
  5270:  1325006.005  1325012.009  1325013.005  1325030.009  1325544.001
  5275:  1326015.003  1326673.005  1326817.009  1327155.001  1327192.003
  5280:  1327226.001  1327940.018  1327951.003  1327957.016  1328007.026
  5285:  1328150.005  1328875.009  1328879.005  1328924.009  1329040.005
  5290:  1329044.009  1329058.005  1329068.009  1329081.005  1329091.009
  5295:  1329418.001  1329653.003  1329716.001  1329963.003  1330196.001
  5300:  1330279.003  1330962.001  1331469.003  1331903.001  1332336.003
  5305:  1332713.001  1333427.018  1333501.003  1333507.016  1333557.026
  5310:  1333695.005  1334482.009  1334578.005  1334595.009  1334708.005
  5315:  1334725.009  1334793.005  1334801.009  1334819.005  1334868.009
  5320:  1334882.005  1334929.009  1334937.005  1334955.009  1334960.005
  5325:  1335286.009  1335313.005  1335339.009  1335340.005  1335357.009
  5330:  1335683.001  1335812.003  1335870.001  1336085.003  1336733.001
  5335:  1337304.003  1337473.005  1337632.009  1338046.001  1338760.018
  5340:  1338779.003  1338785.016  1338835.026  1338920.005  1339637.009
  5345:  1339639.005  1339663.009  1339686.005  1339726.009  1339727.005
  5350:  1339732.009  1339764.005  1339828.009  1339834.005  1339971.009
  5355:  1339997.005  1340011.009  1340283.001  1340457.003  1340529.001
  5360:  1340830.003  1341000.001  1341135.003  1341643.001  1342357.018
  5365:  1342404.003  1342410.016  1342460.026  1342575.005  1343080.009
  5370:  1343082.005  1343132.009  1343145.005  1343195.009  1343201.005
  5375:  1343301.009  1343309.005  1343342.009  1343381.005  1343419.009
  5380:  1343434.005  1343481.009  1343515.005  1343526.009  1343568.005
  5385:  1343580.009  1343581.005  1343591.009  1343610.005  1343621.009
  5390:  1343800.005  1343841.009  1343843.005  1344104.009  1344106.005
  5395:  1344117.009  1344128.005  1344145.009  1344165.005  1344204.009
  5400:  1344205.005  1344271.009  1344667.001  1345328.003  1345725.001
  5405:  1346439.018  1346461.003  1346467.016  1346517.026  1346607.005
  5410:  1347198.009  1347200.005  1347264.009  1347422.005  1347439.009
  5415:  1347495.005  1347517.009  1347549.005  1347562.009  1347602.005
  5420:  1347673.009  1347693.005  1347707.009  1347743.005  1347821.009
  5425:  1347833.005  1347850.009  1347868.005  1347986.009  1347992.005
  5430:  1349973.009  1349994.005  1350270.009  1351241.001  1351463.003
  5435:  1351720.005  1351730.009  1351801.005  1352556.009  1352562.005
  5440:  1352582.009  1352585.005  1352600.009  1352605.005  1352628.009
  5445:  1352668.005  1352682.009  1352724.005  1352744.009  1352819.005
  5450:  1352906.009  1352922.005  1352988.009  1353000.005  1353007.009
  5455:  1353008.005  1353020.009  1353031.005  1353045.009  1353047.005
  5460:  1353064.009  1353066.005  1353076.009  1353082.005  1353089.009
  5465:  1353091.005  1353099.009  1353100.005  1353105.009  1353128.005
  5470:  1353132.009  1353135.005  1353142.009  1353440.001  1353586.003
  5475:  1353622.001  1353653.003  1353707.001  1354272.003  1354691.001
  5480:  1354725.003  1354766.001  1355353.003  1356420.001  1356862.003
  5485:  1357312.001  1357360.003  1357405.001  1358119.018  1358129.003
  5490:  1358135.016  1358185.026  1358307.005  1359488.009  1360428.001
  5495:  1361008.003  1361599.001  1362196.003  1362614.001  1363328.018
  5500:  1363411.003  1363417.016  1363467.026  1363532.005  1363974.009
  5505:  1364783.005  1364790.009  1364817.005  1364848.009  1364863.005
  5510:  1364886.009  1364890.005  1365307.009  1365314.005  1365326.009
  5515:  1366252.001  1366485.003  1366654.001  1366738.003  1367282.001
  5520:  1367996.018  1368077.003  1368083.016  1368133.026  1368236.005
  5525:  1368536.009  1368935.005  1368952.009  1368959.005  1368986.009
  5530:  1369979.005  1370007.009  1370030.005  1370061.009  1370073.005
  5535:  1370087.009  1370090.005  1370100.009  1370102.005  1370110.009
  5540:  1370126.005  1370137.009  1370153.005  1370164.009  1370173.005
  5545:  1370199.009  1370224.005  1370234.009  1370237.005  1370242.009
  5550:  1370247.005  1370277.009  1370295.005  1370306.009  1385203.005
  5555:  1385206.009  1385212.005  1385217.009  1385243.005  1385253.009
  5560:  1385256.005  1386549.009  1386550.005  1386567.009  1386584.005
  5565:  1386605.009  1386612.005  1386625.009  1386626.005  1386635.009
  5570:  1386644.005  1386648.009  1386666.005  1386673.009  1386678.005
  5575:  1386684.009  1386739.005  1386780.009  1387376.001  1387565.003
  5580:  1387761.001  1387801.003  1388082.001  1388371.003  1388689.001
  5585:  1389168.003  1389229.001  1389703.003  1390130.001  1390389.003
  5590:  1390442.001  1390489.003  1390537.001  1391153.003  1391650.001
  5595:  1391770.003  1391886.001  1392600.018  1392751.003  1392757.016
  5600:  1392807.026  1392900.005  1393521.009  1393524.005  1393534.009
  5605:  1393574.005  1393588.009  1393602.005  1393608.009  1393623.005
  5610:  1393627.009  1393639.005  1393645.009  1394304.001  1394596.003
  5615:  1394918.001  1395244.003  1395710.001  1395831.003  1395970.001
  5620:  1396472.003  1396949.001  1397547.003  1398278.001  1398321.003
  5625:  1398368.001  1398940.003  1399198.005  1399206.009  1399209.005
  5630:  1399213.009  1399302.005  1399315.009  1399341.005  1399366.009
  5635:  1403639.005  1403644.009  1403718.005  1404015.009  1404038.005
  5640:  1404060.009  1404311.001  1404726.003  1404807.001  1405503.003
  5645:  1405890.001  1406461.003  1406968.001  1407625.003  1407728.001
  5650:  1407771.003  1408159.001  1408197.003  1408233.001  1408934.003
  5655:  1409561.001  1409679.003  1409736.001  1410450.018  1410626.003
  5660:  1410632.016  1410682.026  1410784.005  1411742.009  1411790.005
  5665:  1411795.009  1411796.005  1411903.009  1425515.005  1425520.009
  5670:  1428421.005  1428714.009  1428733.005  1428747.009  1428759.005
  5675:  1428788.009  1428801.005  1428805.009  1428854.005  1428860.009
  5680:  1441905.005  1442057.009  1442058.005  1442075.009  1442077.005
  5685:  1442088.009  1451496.005  1451760.009  1451842.005  1451865.009
  5690:  1453160.001  1453872.003  1454469.001  1454873.003  1455243.001
  5695:  1455390.003  1455457.001  1455549.003  1455819.001  1455863.003
  5700:  1455895.001  1456609.018  1456664.003  1456670.016  1456720.026
  5705:  1456769.005  1456780.009  1456799.005  1457568.009  1457580.005
  5710:  1457598.009  1457634.005  1457656.009  1457665.005  1457681.009
  5715:  1457720.005  1457757.009  1458392.005  1458398.009  1473778.005
  5720:  1474001.009  1474705.005  1474998.009  1475000.005  1475011.009
  5725:  1475015.005  1475024.009  1475031.005  1475069.009  1475089.005
  5730:  1475093.009  1475124.005  1475148.009  1475163.005  1475174.009
  5735:  1475187.005  1475196.009  1475197.005  1475214.009  1475233.005
  5740:  1475241.009  1475253.005  1475271.009  1475828.001  1475853.003
  5745:  1476035.001  1476078.003  1477044.005  1477059.009  1477064.005
  5750:  1477307.009  1477319.005  1477350.009  1477378.005  1477397.009
  5755:  1484905.005  1485201.009  1485740.001  1486454.018  1486580.003
  5760:  1486586.016  1486636.026  1486756.005  1486766.009  1486773.005
  5765:  1487384.009  1487391.005  1487399.009  1487604.005  1487608.009
  5770:  1487624.005  1487628.009  1487706.005  1487712.009  1487727.005
  5775:  1487743.009  1487770.005  1487797.009  1487825.005  1487830.009
  5780:  1487850.005  1487886.009  1487951.005  1487957.009  1488088.005
  5785:  1488104.009  1488123.005  1489269.009  1489342.005  1489358.009
  5790:  1489419.005  1489421.009
B:
     0:        0.000      980.000        0.000      980.000        0.000
     5:     1688.000        0.000        0.000        0.000     1688.000
    10:        0.000        1.000        0.000        1.000        0.000
    15:        0.000      151.000        1.000      151.000        0.000
    20:        0.000        0.000        0.000        0.000        0.000
    25:        0.000      151.000        0.000        0.000        0.000
    30:        0.000
D:
     0:  1493371.000  1492532.000  1493372.000
E:
     0:      648.500      713.350
T:
     0:        0.000        0.000        0.000        0.000
W:
     0:        0.000        0.000        0.000
