File: C:\MED-PC IV\Data\Reyes\AW\AW1044.999


Start Date: 08/26/24
End Date: 08/26/24
Subject: 44
Experiment: AW
Group: EXP10
Box: 6
Start Time: 14:04:13
End Time: 14:54:13
MSN: DRRD_exp_10
C:       0.000
F:       0.000
G:       0.000
H:       0.000
I:       0.000
J:       0.000
K:   10000.000
L:       0.000
M:       0.000
N:       0.000
O:       0.000
P:       0.000
Q:       0.000
R:       0.000
S:       0.000
U:  201880.000
V:       0.000
X:       0.000
Y:    1810.000
Z:       0.000
A:
     0:     6705.005     6747.009     6847.005     6930.009     6962.005
     5:     7105.009     7213.005     7255.009     7396.005     8043.009
    10:     8311.005     8524.009     8527.005     8555.009     8604.005
    15:     9004.009     9035.005     9514.009    10496.005    10727.009
    20:    10754.005    11355.009    11370.005    11457.009    11460.005
    25:    11464.009    11485.005    11502.009    11532.005    12190.009
    30:    13085.005    13266.009    13393.005    13402.009    15000.013
    35:    15000.011    15675.001    16262.003    16466.001    16539.003
    40:    16577.001    17762.003    17787.001    17874.003    18240.005
    45:    18356.009    18759.001    20728.003    21288.001    25585.003
    50:    26280.001    27734.003    27770.001    27828.003    27847.001
    55:    28237.003    28252.001    30144.003    31016.001    34965.003
    60:    35429.005    35498.009    35750.001    35814.003    35896.001
    65:    37148.003    37166.001    37426.003    37464.001    39539.003
    70:    40301.001    40520.003    40553.001    40613.003    40781.001
    75:    44361.003    45947.001    46932.003    46963.001    50433.003
    80:    51416.005    51580.009    51721.005    51801.009    52081.001
    85:    52166.003    52412.001    52478.003    53071.001    53338.003
    90:    53376.001    56750.003    57973.001    60891.003    61589.001
    95:    61680.003    61770.001    66770.018    67453.003    67459.016
   100:    67509.026    67643.005    68029.009    68077.005    68195.009
   105:    68322.005    68343.009    68376.005    68525.009    69243.001
   110:    69320.003    69411.001    70132.003    70176.001    73132.003
   115:    73815.001    77197.003    77353.001    77383.003    77833.001
   120:    78749.003    78929.001    80109.003    80315.001    80378.003
   125:    80877.001    82439.003    82778.005    83074.009    83311.001
   130:    83436.003    83474.001    84235.003    84435.001    86354.003
   135:    86758.001    91758.018    93146.003    93152.016    93202.026
   140:    93328.005    93763.009    93831.005    93878.009    93935.005
   145:    93943.009    94054.005    94120.009    94197.005    94259.009
   150:    96256.001    97815.003    97840.001   101640.003   102635.001
   155:   103461.003   103664.001   108487.003   120714.001   120950.003
   160:   120986.001   125986.018   127885.003   127891.016   127941.026
   165:   128118.005   128715.009   128838.005   128906.009   129347.001
   170:   134347.018   134770.003   134776.016   134826.026   135008.005
   175:   135650.009   135685.005   135702.009   135807.005   135901.009
   180:   135953.005   135990.009   137522.001   142522.018   143434.003
   185:   143440.016   143490.026   143656.005   144238.009   144264.005
   190:   144429.009   144476.005   144498.009   144760.005   144789.009
   195:   145939.001   150880.003   152042.001   157042.018   158716.003
   200:   158722.016   158772.026   158972.005   159348.009   159513.005
   205:   159543.009   159558.005   159606.009   160758.001   165595.003
   210:   166190.005   166263.009   166664.001   171664.018   172764.003
   215:   172770.016   172820.026   173105.005   173557.009   173589.005
   220:   173594.009   173660.005   173717.009   174775.001   175188.003
   225:   175443.001   179428.003   181221.005   181266.009   181514.001
   230:   181666.003   181712.001   186712.018   187163.003   187169.016
   235:   187219.026   187413.005   187796.009   187807.005   187861.009
   240:   187890.005   188025.009   188869.001   193336.003   194516.001
   245:   199516.018   201398.003   201404.016   201454.026   201616.005
   250:   202326.009   202386.005   203499.009   203568.005   203891.009
   255:   203916.005   204419.009   204430.005   204449.009   204454.005
   260:   204475.009   204498.005   204743.009   205068.005   205231.009
   265:   205258.005   205873.009   205908.005   205923.009   205962.005
   270:   206805.009   207564.001   212564.018   215081.003   215087.016
   275:   215137.026   215229.005   215407.009   215434.005   215561.009
   280:   215603.005   215643.009   216058.001   221019.003   222494.001
   285:   227494.018   228691.003   228697.016   228747.026   228937.005
   290:   229460.009   229489.005   229857.009   231666.001   231745.003
   295:   231800.001   233640.003   233694.001   236894.003   237759.001
   300:   242759.018   243234.003   243240.016   243290.026   243497.005
   305:   243798.009   243894.005   244003.009   245114.001   249842.003
   310:   252958.005   253151.009   253428.001   258428.018   258932.003
   315:   258938.016   258988.026   259196.005   259456.009   259621.005
   320:   259737.009   260869.001   265590.003   267279.005   267448.009
   325:   267969.001   272969.018   274026.003   274032.016   274082.026
   330:   274219.005   274730.009   274802.005   275126.009   275615.001
   335:   278262.003   278274.001   280301.003   282180.001   287180.018
   340:   287862.003   287868.016   287918.026   288090.005   288814.009
   345:   288908.005   288924.009   289481.001   290025.003   290625.005
   350:   290649.009   290667.005   291350.009   291352.005   291357.009
   355:   291628.001   296628.018   297447.003   297453.016   297503.026
   360:   297733.005   298658.009   298672.005   298677.009   298727.005
   365:   298756.009   298783.005   299252.009   299470.005   299568.009
   370:   299702.005   299956.009   299963.005   300034.009   300083.005
   375:   300108.009   300146.005   300182.009   300239.005   300470.009
   380:   300563.005   300728.009   301417.001   306417.018   308753.003
   385:   308759.016   308809.026   308919.005   309200.009   309294.005
   390:   309402.009   309905.001   314857.003   315700.005   315715.009
   395:   316243.001   321243.018   322159.003   322165.016   322215.026
   400:   322447.005   323216.009   323293.005   323640.009   325628.001
   405:   326376.003   326397.001   329900.003   331323.001   331482.003
   410:   331615.001   333106.003   333145.001   334740.003   335533.001
   415:   340533.018   341017.003   341023.016   341073.026   341268.005
   420:   342109.009   342124.005   342353.009   342546.005   342582.009
   425:   342602.005   342641.009   342981.005   343388.009   343391.005
   430:   343449.009   343466.005   343690.009   343928.005   344072.009
   435:   345117.001   350117.018   350195.003   350201.016   350251.026
   440:   350390.005   350747.009   350763.005   350917.009   351001.005
   445:   351105.009   355736.001   360736.018   361451.003   361457.016
   450:   361507.026   361661.005   362735.009   363179.001   367939.003
   455:   369585.001   374585.018   374933.003   374939.016   374989.026
   460:   375148.005   375358.009   375423.005   375949.009   376388.001
   465:   377717.003   377989.001   382167.003   383165.005   383386.009
   470:   383466.005   383532.009   384157.001   389157.018   389944.003
   475:   389950.016   390000.026   390074.005   391113.009   391123.005
   480:   391201.009   391468.005   391805.009   391851.005   391906.009
   485:   392060.005   392389.009   392398.005   392698.009   392769.005
   490:   392943.009   393790.001   398790.018   399530.003   399536.016
   495:   399586.026   399752.005   400269.009   400366.005   400507.009
   500:   400624.005   400770.009   400795.005   400822.009   401535.001
   505:   406535.018   407431.003   407437.016   407487.026   407580.005
   510:   407962.009   408036.005   408056.009   408097.005   408113.009
   515:   408132.005   408458.009   410362.005   410401.009   410416.005
   520:   410446.009   410737.001   415737.018   418125.003   418131.016
   525:   418181.026   418312.005   418670.009   420579.001   425579.018
   530:   427251.003   427257.016   427307.026   427477.005   428137.009
   535:   428141.005   428149.009   428289.005   428319.009   428818.001
   540:   433818.018   434144.003   434150.016   434200.026   434350.005
   545:   435167.009   435173.005   435208.009   436782.001   441782.018
   550:   444431.003   444437.016   444487.026   444507.005   445242.009
   555:   445274.005   445530.009   445610.005   445700.009   445739.005
   560:   445968.009   446800.001   451800.018   452468.003   452474.016
   565:   452495.005   452524.026   453154.009   453254.005   454402.009
   570:   454592.005   454609.009   454761.005   454767.009   454958.005
   575:   455784.009   456071.005   456248.009   457088.001   462088.018
   580:   462757.003   462763.016   462813.026   462888.005   463246.009
   585:   463278.005   463281.009   463436.005   463552.009   464089.001
   590:   469089.018   469598.003   469604.016   469654.026   469771.005
   595:   470631.009   471067.001   476067.018   476173.003   476179.016
   600:   476229.026   476348.005   477170.009   477200.005   478021.009
   605:   478031.005   478039.009   478096.005   478100.009   478110.005
   610:   478138.009   478156.005   478277.009   478290.005   478333.009
   615:   478366.005   478376.009   478406.005   478461.009   478466.005
   620:   478479.009   478492.005   478632.009   478673.005   478701.009
   625:   478775.005   478922.009   479439.005   479617.009   480262.001
   630:   485262.018   486474.003   486480.016   486530.005   486530.026
   635:   487039.009   487117.005   487162.009   487240.005   487324.009
   640:   487681.001   492491.003   492713.005   493385.009   493505.005
   645:   493525.009   493818.001   498818.018   499557.003   499563.016
   650:   499613.026   499691.005   500048.009   500073.005   500152.009
   655:   500258.005   500424.009   500988.001   505988.018   506019.003
   660:   506025.016   506075.026   506192.005   506641.009   506671.005
   665:   506708.009   507129.005   507155.009   507579.001   512579.018
   670:   512602.003   512608.016   512658.026   512771.005   513116.009
   675:   513285.005   513355.009   513853.001   518368.003   518572.005
   680:   518783.009   519075.001   519171.003   519205.001   523917.003
   685:   523932.001   524149.003   525702.001   525955.003   526054.001
   690:   526141.003   526271.001   527384.003   527430.001   530656.003
   695:   532968.005   532993.009   533467.001   538467.018   540650.003
   700:   540656.016   540706.026   540830.005   541300.009   541428.005
   705:   541465.009   541859.001   546422.003   548306.001   553306.018
   710:   554976.003   554982.016   555032.026   555214.005   555774.009
   715:   556225.001   561217.003   561996.005   562007.009   562580.001
   720:   567580.018   568811.003   568817.016   568867.026   569030.005
   725:   569803.009   569804.005   569917.009   573064.005   573147.009
   730:   573157.005   573166.009   573229.005   573276.009   573307.005
   735:   573327.009   573847.001   578847.018   579638.003   579644.016
   740:   579694.026   579868.005   580989.009   581257.005   581297.009
   745:   581309.005   581382.009   581531.005   581730.009   581765.005
   750:   581769.009   581774.005   581907.009   581911.005   582099.009
   755:   583872.001   588872.018   590335.003   590341.016   590391.026
   760:   590510.005   591668.009   591701.005   592628.009   592656.005
   765:   593105.009   593830.001   598087.003   598948.005   599052.009
   770:   599069.005   599078.009   599277.005   599711.009   599912.005
   775:   599920.009   600503.001   605503.018   606330.003   606336.016
   780:   606386.026   606510.005   607282.009   607284.005   607491.009
   785:   607887.005   607985.009   608249.001   613249.018   613618.003
   790:   613624.016   613674.026   613878.005   614409.009   614429.005
   795:   614678.009   615892.001   620892.018   620899.003   620905.016
   800:   620955.026   621152.005   622125.009   625457.005   625580.009
   805:   625969.001   630969.018   631937.003   631943.016   631993.026
   810:   632088.005   632807.009   633649.001   637417.003   637625.001
   815:   638367.003   640790.005   641097.009   641467.001   646378.003
   820:   647350.005   647368.009   647421.005   647486.009   647517.005
   825:   647522.009   648464.001   653464.018   653613.003   653619.016
   830:   653669.026   653843.005   655170.009   655171.005   655195.009
   835:   655200.005   655878.009   655956.005   656164.009   657428.001
   840:   661729.003   662766.005   662811.009   662823.005   662885.009
   845:   663419.001   668419.018   669457.003   669463.016   669513.026
   850:   669617.005   670423.009   670443.005   670490.009   670498.005
   855:   670823.009   670939.005   670958.009   670982.005   670991.009
   860:   670998.005   671692.009   672338.005   672394.009   672527.005
   865:   672605.009   672845.005   672933.009   673512.001   673562.003
   870:   673759.001   678759.018   679222.003   679228.016   679278.026
   875:   679464.005   680353.009   680361.005   681108.009   681116.005
   880:   681172.009   681518.005   682012.009   682024.005   682196.009
   885:   682938.005   683470.009   683532.005   684613.009   686742.005
   890:   687114.009   687201.005   687244.009   687365.005   687544.009
   895:   687567.005   687599.009   687607.005   687677.009   687887.005
   900:   687937.009   688569.005   689041.009   689165.005   689433.009
   905:   689761.001   690083.003   690132.001   694585.003   695156.005
   910:   695289.009   695863.001   696572.003   696637.001   697162.003
   915:   697221.001   702221.018   702512.003   702518.016   702568.026
   920:   702725.005   703268.009   703323.005   703612.009   703854.005
   925:   703921.009   703994.005   704018.009   704229.005   704256.009
   930:   704536.001   709094.003   711343.001   716343.018   717262.003
   935:   717268.016   717318.026   717459.005   718687.009   719228.005
   940:   719519.009   719523.005   719566.009   719569.005   719590.009
   945:   719607.005   719807.009   720018.005   720166.009   720996.001
   950:   725351.003   726211.005   726309.009   726360.005   726389.009
   955:   727240.001   732240.018   733451.003   733457.016   733507.026
   960:   733637.005   733976.009   734065.005   734093.009   734109.005
   965:   734285.009   734476.005   734841.009   735407.005   735578.009
   970:   735905.001   736746.003   736757.001   740684.003   741480.005
   975:   741528.009   741536.005   741836.009   741857.005   742060.009
   980:   742069.005   742080.009   742084.005   742350.009   742364.005
   985:   742537.009   742753.005   743508.009   744096.001   749096.018
   990:   750404.003   750410.016   750460.026   750564.005   751101.009
   995:   751129.005   751457.009   751479.005   751490.009   752062.005
  1000:   752266.009   752650.001   753413.003   753699.001   758699.018
  1005:   758825.003   758831.016   758881.026   759069.005   759668.009
  1010:   759700.005   759921.009   759927.005   760022.009   760074.005
  1015:   760092.009   762472.001   767472.018   767547.003   767553.016
  1020:   767603.026   767714.005   768707.009   771532.001   776532.018
  1025:   777556.003   777562.016   777612.026   777727.005   778055.009
  1030:   778072.005   778372.009   778477.005   778588.009   779177.001
  1035:   779998.003   780382.001   781130.003   781154.001   785156.003
  1040:   785922.005   785947.009   786032.005   786101.009   787014.001
  1045:   792014.018   793790.003   793796.016   793846.026   793936.005
  1050:   794974.009   795027.005   795032.009   795039.005   795313.009
  1055:   795315.005   795324.009   795355.005   795369.009   795378.005
  1060:   795783.009   803270.001   808270.018   810071.003   810077.016
  1065:   810127.026   810201.005   810779.009   810798.005   810892.009
  1070:   814600.001   819600.018   821304.003   821310.016   821360.026
  1075:   821520.005   822160.009   822199.005   822505.009   822883.001
  1080:   827883.018   828741.003   828747.016   828797.026   828891.005
  1085:   829276.009   832533.001   837533.018   838604.003   838610.016
  1090:   838660.026   838831.005   839251.009   839330.005   839360.009
  1095:   839406.005   839588.009   841443.001   846443.018   847322.003
  1100:   847328.016   847378.026   847448.005   847776.009   850391.001
  1105:   855391.018   856764.003   856770.016   856820.026   856919.005
  1110:   857177.009   857181.005   857200.009   859237.001   863595.003
  1115:   864484.005   864539.009   865084.001   870084.018   870628.003
  1120:   870634.016   870684.026   870780.005   871170.009   871246.005
  1125:   871581.009   876520.001   881520.018   881724.003   881730.016
  1130:   881780.026   881898.005   882338.009   882347.005   882778.009
  1135:   884339.001   885022.003   885046.001   888950.003   890412.001
  1140:   890937.003   891105.001   896105.018   896685.003   896691.016
  1145:   896741.026   896898.005   897370.009   897380.005   897393.009
  1150:   897446.005   897906.009   899329.005   899404.009   899884.001
  1155:   904884.018   905976.003   905982.016   906032.026   906253.005
  1160:   907078.009   909199.005   909214.009   909558.001   914558.018
  1165:   915553.003   915559.016   915609.026   915687.005   916096.009
  1170:   916169.005   916248.009   916343.005   916370.009   916378.005
  1175:   916693.009   918102.001   918999.003   919126.001   919848.003
  1180:   919883.001   924130.003   926519.005   926532.009   927022.001
  1185:   931518.003   933878.001   938692.003   939345.005   939660.009
  1190:   940106.001   945106.018   945825.003   945831.016   945872.005
  1195:   945881.026   946630.009   946722.005   946741.009   948770.001
  1200:   953132.003   954016.005   954020.009   954021.005   954042.009
  1205:   954109.005   954148.009   954632.001   959326.003   959350.001
  1210:   960201.003   961072.005   961122.009   961825.001   966825.018
  1215:   967105.003   967111.016   967161.026   967311.005   968112.009
  1220:   970551.001   975243.003   977638.001   982638.018   982673.003
  1225:   982679.016   982729.026   982875.005   983228.009   983241.005
  1230:   983509.009   983592.005   983829.009   986619.005   986637.009
  1235:   986736.005   986740.009   987217.001   992153.003   994014.005
  1240:   994043.009   994472.001   999472.018   999936.003   999942.016
  1245:   999992.026  1000159.005  1000852.009  1002712.001  1007236.003
  1250:  1007846.005  1008002.009  1008071.005  1008181.009  1008689.001
  1255:  1013689.018  1014120.003  1014126.016  1014176.026  1014264.005
  1260:  1015026.009  1015055.005  1015094.009  1015872.005  1015900.009
  1265:  1016188.001  1021188.018  1021421.003  1021427.016  1021477.026
  1270:  1021666.005  1022011.009  1022086.005  1022456.009  1023711.005
  1275:  1023731.009  1023822.005  1023860.009  1024159.001  1028647.003
  1280:  1030082.005  1030105.009  1030579.001  1035579.018  1035816.003
  1285:  1035822.016  1035872.026  1036001.005  1036316.009  1036318.005
  1290:  1036338.009  1036376.005  1036619.009  1038611.001  1043611.018
  1295:  1044202.003  1044208.016  1044258.026  1044359.005  1044671.009
  1300:  1044687.005  1044979.009  1044984.005  1045262.009  1045304.005
  1305:  1045372.009  1046399.001  1050783.003  1051615.005  1051659.009
  1310:  1052352.001  1057352.018  1058262.003  1058268.016  1058318.026
  1315:  1058403.005  1059311.009  1059345.005  1059350.009  1059370.005
  1320:  1059477.009  1061419.001  1062072.003  1062322.001  1066582.003
  1325:  1067278.005  1067326.009  1068133.001  1072704.003  1073537.005
  1330:  1073579.009  1073675.005  1073776.009  1073876.005  1073991.009
  1335:  1074132.005  1074174.009  1075268.001  1079417.003  1080382.005
  1340:  1080401.009  1080460.005  1080712.009  1080751.005  1080892.009
  1345:  1081933.001  1086933.018  1087294.003  1087300.016  1087350.026
  1350:  1087504.005  1089268.009  1089273.005  1089293.009  1089301.005
  1355:  1089735.009  1090199.005  1090368.009  1090660.005  1090672.009
  1360:  1091148.001  1095561.003  1096348.005  1096407.009  1096524.005
  1365:  1096645.009  1096674.005  1096692.009  1096746.005  1096805.009
  1370:  1097472.001  1102472.018  1102703.003  1102709.016  1102759.026
  1375:  1102858.005  1103294.009  1103386.005  1103622.009  1104153.005
  1380:  1104392.009  1104420.005  1104439.009  1104455.005  1104467.009
  1385:  1104492.005  1105028.009  1105039.005  1105430.009  1106678.001
  1390:  1111321.003  1112041.005  1112124.009  1112151.005  1112208.009
  1395:  1113003.001  1118003.018  1118077.003  1118083.016  1118133.026
  1400:  1118268.005  1118897.009  1118917.005  1119321.009  1120050.005
  1405:  1120768.009  1120807.005  1121724.009  1122284.005  1122294.009
  1410:  1122621.001  1127621.018  1127730.003  1127736.016  1127786.026
  1415:  1127943.005  1128425.009  1128433.005  1128550.009  1128565.005
  1420:  1128572.009  1128586.005  1129498.009  1129505.005  1130169.009
  1425:  1130402.005  1130672.009  1130699.005  1130724.009  1130734.005
  1430:  1131084.009  1131509.005  1131584.009  1132338.001  1136970.003
  1435:  1141650.005  1141741.009  1142303.001  1147303.018  1147458.003
  1440:  1147464.016  1147514.026  1147619.005  1147916.009  1147933.005
  1445:  1148020.009  1148101.005  1148457.009  1150527.001  1154570.003
  1450:  1155836.005  1155883.009  1156300.001  1161300.018  1161441.003
  1455:  1161447.016  1161497.026  1161587.005  1162221.009  1164218.001
  1460:  1168901.003  1170788.001  1175788.018  1176356.003  1176362.016
  1465:  1176389.005  1176412.026  1177327.009  1177377.005  1177460.009
  1470:  1178778.005  1179188.009  1179525.001  1184525.018  1185791.003
  1475:  1185797.016  1185847.026  1185909.005  1186403.009  1186433.005
  1480:  1186513.009  1186572.005  1186696.009  1187812.001  1192597.003
  1485:  1194452.001  1199452.018  1200402.003  1200408.016  1200446.005
  1490:  1200458.026  1201380.009  1202015.001  1207015.018  1207283.003
  1495:  1207289.016  1207339.026  1207450.005  1208009.009  1208034.005
  1500:  1208166.009  1208215.005  1208224.009  1208265.005  1208353.009
  1505:  1208367.005  1208399.009  1210833.001  1215833.018  1216652.003
  1510:  1216658.016  1216708.026  1216792.005  1217143.009  1217161.005
  1515:  1217176.009  1217217.005  1217229.009  1217260.005  1217341.009
  1520:  1218094.001  1222853.003  1223411.005  1223994.009  1224273.001
  1525:  1229273.018  1230346.003  1230352.016  1230402.026  1230411.005
  1530:  1230990.009  1231208.005  1231269.009  1232040.001  1237040.018
  1535:  1237344.003  1237350.016  1237400.026  1237586.005  1238538.009
  1540:  1238570.005  1238653.009  1239562.001  1244562.018  1244739.003
  1545:  1244745.016  1244795.026  1244930.005  1245216.009  1245392.005
  1550:  1245558.009  1245941.001  1250941.018  1251254.003  1251260.016
  1555:  1251310.026  1251371.005  1251909.009  1252096.005  1252340.009
  1560:  1253869.001  1258047.003  1258072.001  1258842.003  1258982.005
  1565:  1259391.009  1259684.001  1264684.018  1265603.003  1265609.016
  1570:  1265659.026  1265755.005  1266323.009  1266350.005  1266363.009
  1575:  1266378.005  1266388.009  1267750.001  1272750.018  1272928.003
  1580:  1272934.016  1272984.026  1273123.005  1273455.009  1273488.005
  1585:  1273632.009  1274447.001  1279227.003  1280166.005  1280243.009
  1590:  1280273.005  1280359.009  1280436.005  1280451.009  1281112.001
  1595:  1286112.018  1286434.003  1286440.016  1286490.026  1286585.005
  1600:  1286942.009  1286968.005  1287006.009  1287042.005  1287221.009
  1605:  1288229.001  1293064.003  1294051.005  1294116.009  1302504.001
  1610:  1302558.003  1302730.001  1302807.003  1302860.001  1307860.018
  1615:  1307994.003  1308000.016  1308050.026  1308135.005  1308705.009
  1620:  1308746.005  1308757.009  1309098.005  1309108.009  1309600.001
  1625:  1314459.003  1315327.005  1315386.009  1315393.005  1315404.009
  1630:  1315442.005  1315501.009  1315948.001  1320948.018  1321415.003
  1635:  1321421.016  1321471.026  1321614.005  1322030.009  1322074.005
  1640:  1322081.009  1322122.005  1322128.009  1322135.005  1322277.009
  1645:  1322296.005  1322319.009  1322862.001  1327524.003  1328612.005
  1650:  1328683.009  1328685.005  1328797.009  1329335.001  1334335.018
  1655:  1335578.003  1335584.016  1335634.026  1335713.005  1336999.009
  1660:  1337009.005  1337026.009  1337862.001  1338006.003  1338065.001
  1665:  1338759.003  1339848.001  1344394.003  1344902.005  1345236.009
  1670:  1345614.001  1347430.003  1347450.001  1352330.003  1352543.005
  1675:  1352937.009  1353412.001  1353477.003  1353566.001  1358566.018
  1680:  1359647.003  1359653.016  1359703.026  1359796.005  1360180.009
  1685:  1362465.001  1367465.018  1367656.003  1367662.016  1367712.026
  1690:  1367841.005  1368196.009  1370817.001  1375817.018  1376372.003
  1695:  1376378.016  1376428.026  1376515.005  1376789.009  1376941.005
  1700:  1376953.009  1376982.005  1376992.009  1377086.005  1377146.009
  1705:  1377154.005  1377160.009  1377628.001  1382359.003  1385645.001
  1710:  1390645.018  1391719.003  1391725.016  1391775.026  1391805.005
  1715:  1392230.009  1394038.001  1399038.018  1399281.003  1399287.016
  1720:  1399337.026  1399460.005  1399865.009  1400127.005  1400176.009
  1725:  1401798.001  1406441.003  1407700.005  1407741.009  1408426.001
  1730:  1413426.018  1414048.003  1414054.016  1414104.026  1414257.005
  1735:  1414954.009  1415970.001  1420803.003  1420834.005  1421636.009
  1740:  1421818.005  1422038.009  1422137.005  1422153.009  1422925.001
  1745:  1422987.003  1423063.001  1428063.018  1429094.003  1429100.016
  1750:  1429150.026  1429229.005  1429624.009  1429682.005  1430287.009
  1755:  1434000.005  1434026.009  1434604.001  1437738.003  1437773.001
  1760:  1440721.003  1440873.005  1441472.009  1441528.005  1441550.009
  1765:  1443022.001  1446170.003  1446196.001  1449171.003  1449202.005
  1770:  1449633.009  1449952.001  1453490.003  1453532.001  1455788.003
  1775:  1457441.001  1462441.018  1462694.003  1462700.016  1462750.026
  1780:  1462866.005  1463382.009  1463405.005  1463813.009  1463825.005
  1785:  1464237.009  1464277.005  1465276.009  1469361.001  1474169.003
  1790:  1475413.005  1475439.009  1475795.001  1480447.003  1480649.005
  1795:  1480821.009  1481122.001  1486122.018  1487020.003  1487026.016
  1800:  1487076.026  1487149.005  1487777.009  1487810.005  1487901.009
  1805:  1489485.001  1494061.003  1495262.005  1495298.009  1495750.001
B:
     0:        0.000      259.000        0.000      258.000        0.000
     5:      485.000        0.000        0.000        0.000      485.000
    10:        0.000        1.000        0.000        1.000        0.000
    15:        0.000      107.000        0.000      107.000        0.000
    20:        0.000        0.000        0.000        0.000        0.000
    25:        0.000      107.000        0.000        0.000        0.000
    30:        0.000
D:
     0:  1701885.000  1697630.000  1695941.000
E:
     0:     5000.000     5000.000
T:
     0:        0.000        0.000        0.000        0.000
W:
     0:        2.000        0.000        0.000
