File: C:\MED-PC IV\Data\Reyes\AW\AW1039.999


Start Date: 08/28/24
End Date: 08/28/24
Subject: 39
Experiment: AW
Group: LINEAR
Box: 1
Start Time: 14:18:59
End Time: 15:08:59
MSN: DRRD_lin
C:       0.000
F:       0.000
G:       0.000
H:       0.000
I:       0.000
J:       0.000
K:   10000.000
L:       0.000
M:       0.000
N:       0.000
O:       0.000
P:       0.000
Q:       0.000
R:       0.000
S:       0.000
U:    2980.000
V:       0.000
X:       0.000
Y:    2243.000
Z:       0.000
A:
     0:     9280.005     9314.009     9346.005     9402.009    15000.013
     5:    15000.011    15719.005    15738.009    16604.005    16612.009
    10:    16939.001    17863.003    18285.001    20233.003    20386.005
    15:    20499.009    20848.001    25051.003    25202.005    25411.009
    20:    26110.001    27370.003    27403.001    31082.003    31116.001
    25:    31288.003    31415.005    31651.009    32573.001    32746.005
    30:    32819.009    32832.005    32948.009    33291.005    33324.009
    35:    34337.005    34342.009    35226.005    35263.009    35288.005
    40:    35465.009    36750.005    36892.009    37235.005    37284.009
    45:    37303.005    37354.009    37573.018    37995.005    38099.003
    50:    38105.016    38155.026    38200.009    38247.005    38688.009
    55:    39610.001    39877.005    40473.009    40911.005    41016.009
    60:    41027.005    41040.009    41255.005    41356.009    41400.005
    65:    41534.009    41870.005    41887.009    42258.005    42324.009
    70:    42333.005    44119.009    44186.005    44610.018    45047.003
    75:    45053.016    45103.026    45158.009    45217.005    45524.009
    80:    45587.005    45627.009    46540.001    46725.005    46817.009
    85:    46838.005    46875.009    46922.005    47036.009    48808.005
    90:    48823.009    48857.005    48978.009    48997.005    49039.009
    95:    49477.005    50751.009    51540.018    52778.003    52784.016
   100:    52834.026    52912.005    53308.009    53424.005    53439.009
   105:    54476.001    59476.018    61750.003    61756.016    61806.026
   110:    61907.005    62559.009    62624.005    62684.009    63613.001
   115:    68613.018    71141.003    71147.016    71169.001    71197.026
   120:    71229.003    71427.005    71977.009    71996.005    72013.009
   125:    72021.005    72055.009    72087.005    72110.009    72141.005
   130:    72188.009    72920.001    73339.005    73422.009    74020.005
   135:    74036.009    74267.005    74592.009    74718.005    74753.009
   140:    76798.005    76837.009    77061.005    77234.009    77301.005
   145:    77343.009    77920.018    80315.005    80353.009    80816.003
   150:    80822.016    80872.026    80968.005    81300.009    81310.005
   155:    81435.009    82240.001    87240.018    88630.003    88634.001
   160:    88636.016    88686.026    88798.003    88859.005    89411.009
   165:    89971.001    90095.005    90205.009    90285.005    90486.009
   170:    90594.005    90649.009    91769.005    91780.009    91789.005
   175:    93320.009    93327.005    93467.009    94971.018    95765.003
   180:    95771.016    95821.026    95925.005    95977.009    95997.005
   185:    96577.009    96596.005    96604.009    96619.005    96671.009
   190:    96686.005    96697.009    97270.001    97413.003    97428.001
   195:   102428.018   104185.003   104191.016   104241.026   104365.005
   200:   104742.009   105728.001   110728.018   112488.003   112494.016
   205:   112544.026   112555.005   112595.009   112645.005   113076.009
   210:   113115.005   113153.009   114005.001   114603.003   114649.001
   215:   119649.018   121066.003   121072.016   121122.026   121220.005
   220:   121817.009   121876.005   121914.009   122635.001   122747.003
   225:   122775.001   123132.005   123391.009   123444.005   123704.009
   230:   123963.005   124048.009   124162.005   124408.009   127001.005
   235:   127097.009   127147.005   127171.009   127227.005   127277.009
   240:   127335.005   127361.009   127775.018   128389.003   128395.016
   245:   128445.026   128551.005   129125.009   129179.005   129195.009
   250:   129753.001   130006.005   130220.009   130233.005   130370.009
   255:   130773.005   130781.009   130812.005   131154.009   131257.005
   260:   131398.009   131883.005   131895.009   131897.005   131919.009
   265:   132055.005   133103.009   133704.005   133800.009   134753.018
   270:   134993.005   135157.009   135241.005   135975.009   136006.005
   275:   136420.009   136494.005   136565.003   136571.016   136621.026
   280:   136726.009   136754.005   137269.009   137954.001   142712.003
   285:   143084.001   144234.005   144290.009   144333.005   144424.009
   290:   148084.018   148980.003   148986.016   149036.026   149132.005
   295:   149487.009   150069.001   150400.005   150705.009   150746.005
   300:   150826.009   150920.005   150965.009   151029.005   151069.009
   305:   151093.005   151120.009   151982.005   152888.009   155069.018
   310:   157341.003   157347.016   157397.026   157528.005   157912.009
   315:   158433.001   163433.018   165690.003   165696.016   165746.026
   320:   165869.005   166519.009   167292.001   167708.005   168767.009
   325:   172292.018   173614.003   173620.016   173670.026   173753.005
   330:   173789.009   173794.005   174155.009   174283.005   174291.009
   335:   175234.001   176391.005   176522.009   176525.005   176551.009
   340:   177113.005   177123.009   177124.005   177254.009   180234.018
   345:   180616.003   180622.016   180672.026   180808.005   181141.009
   350:   181198.005   181228.009   181288.005   181310.009   182148.001
   355:   182612.005   182961.009   182970.005   183447.009   183448.005
   360:   183491.009   184080.005   184137.009   184198.005   184291.009
   365:   184409.005   184452.009   184487.005   184544.009   184607.005
   370:   184654.009   184669.005   184685.009   184758.005   184764.009
   375:   184832.005   185028.009   185035.005   185062.009   185750.005
   380:   185836.009   186592.005   186610.009   187102.005   187124.009
   385:   187148.018   187164.005   187178.009   187194.005   187223.009
   390:   187224.005   187270.009   187344.005   187784.009   188221.005
   395:   188324.009   188363.005   188409.009   188421.005   188436.003
   400:   188442.016   188492.026   188565.009   188615.005   189425.009
   405:   189509.005   189553.009   189604.005   189663.009   189734.005
   410:   189783.009   190373.001   190707.005   192121.009   195373.018
   415:   197310.003   197316.016   197366.026   197460.005   197475.009
   420:   197478.005   198062.009   198934.001   203934.018   204512.003
   425:   204518.016   204568.026   204712.005   205076.009   205092.005
   430:   205133.009   206027.001   211027.018   212178.003   212184.016
   435:   212234.026   212373.005   213011.009   213792.001   214315.005
   440:   214323.009   214328.005   215126.009   215181.005   216010.009
   445:   218792.018   220400.003   220406.016   220456.026   220522.005
   450:   220535.009   220544.005   221211.009   222005.001   226636.003
   455:   226779.005   226994.009   227420.001   227473.005   227752.009
   460:   232420.018   233299.003   233305.016   233355.026   233428.005
   465:   234139.009   234194.005   234312.009   234350.005   234657.009
   470:   235232.001   235322.003   235332.001   235636.005   236809.009
   475:   237230.005   237239.009   237353.005   237373.009   240332.018
   480:   240888.003   240894.016   240944.026   241081.005   241591.009
   485:   241647.005   241696.009   242325.001   242649.005   242775.009
   490:   242789.005   242858.009   247325.018   250665.003   250671.016
   495:   250721.026   250874.005   251410.009   251449.005   251599.009
   500:   252628.001   252881.005   252890.009   257628.018   258956.003
   505:   258962.016   259012.026   259140.005   259488.009   259574.005
   510:   259617.009   259630.005   259704.009   260456.001   261278.005
   515:   261426.009   261450.005   261499.009   261763.005   261790.009
   520:   262242.005   263726.009   264826.005   264848.009   265456.018
   525:   266643.003   266649.016   266699.026   266827.005   267439.009
   530:   267481.005   267556.009   267571.005   267579.009   268149.001
   535:   268706.005   269117.009   271286.005   271400.009   271411.005
   540:   271421.009   273041.003   273985.001   276814.003   276819.001
   545:   280308.003   281550.001   281598.003   281645.001   281686.003
   550:   281736.001   282957.005   282968.009   283313.005   283368.009
   555:   283749.005   283802.009   286736.018   287035.003   287041.016
   560:   287091.026   287216.005   288103.009   288721.001   290096.005
   565:   290181.009   290214.005   290485.009   290561.005   292076.009
   570:   292348.005   292360.009   293592.005   293678.009   293708.005
   575:   293717.009   293721.018   293759.005   293783.009   293820.005
   580:   293835.009   293967.003   293973.016   294023.026   294175.005
   585:   295088.009   295134.005   295199.009   295648.001   300648.018
   590:   301754.003   301760.016   301810.026   301969.005   302501.009
   595:   302580.005   302632.009   302678.005   302687.009   302709.005
   600:   302733.009   302744.005   302754.009   303887.001   304264.005
   605:   304384.009   304770.005   304788.009   308887.018   310019.003
   610:   310025.016   310075.026   310227.005   310702.009   311510.001
   615:   311804.005   312717.009   313062.005   313135.009   313384.005
   620:   313410.009   313514.005   313613.009   313781.005   313801.009
   625:   313832.005   313845.009   313871.005   314031.009   316510.018
   630:   317442.003   317448.016   317498.026   317575.005   317600.009
   635:   317650.005   318067.009   318148.005   318191.009   318236.005
   640:   318317.009   318347.005   318378.009   318403.005   318417.009
   645:   319590.001   319879.005   319994.009   320007.005   320017.009
   650:   320075.005   320144.009   320215.005   320282.009   320404.005
   655:   320431.009   320456.005   321217.009   321241.005   321248.009
   660:   324590.018   325330.003   325336.016   325386.026   325530.005
   665:   326323.009   327008.001   328419.005   328498.009   328506.005
   670:   328895.009   328939.005   328956.009   332008.018   332914.003
   675:   332920.016   332970.026   333076.005   333847.009   334875.001
   680:   339875.018   340092.003   340098.016   340148.026   340281.005
   685:   340837.009   340884.005   340900.009   340910.005   340984.009
   690:   341000.005   341014.009   342066.001   342453.005   342490.009
   695:   344577.005   344616.009   347066.018   347466.003   347472.016
   700:   347522.026   347617.005   347666.009   347675.005   348173.009
   705:   348203.005   348243.009   348263.005   348306.009   348349.005
   710:   348360.009   348388.005   348406.009   349264.001   349740.005
   715:   350205.009   354264.018   355558.003   355564.016   355614.026
   720:   355771.005   356479.009   357275.001   358349.005   358871.009
   725:   361712.003   363038.001   363081.003   363126.001   367169.003
   730:   368068.001   368091.003   368146.001   373146.018   373646.003
   735:   373652.016   373702.026   373818.005   374444.009   375161.001
   740:   375365.005   375394.009   375493.005   375543.009   376112.005
   745:   376375.009   376893.005   376918.009   376938.005   376964.009
   750:   379702.003   379985.001   384985.018   385782.003   385788.016
   755:   385838.026   385944.005   386568.009   386598.005   386608.009
   760:   387372.001   387791.005   387842.009   387945.005   388010.009
   765:   388105.005   388154.009   388557.005   389396.009   389476.005
   770:   389506.009   390477.005   391523.009   391549.005   392372.018
   775:   392666.009   393703.003   393709.016   393759.026   393787.005
   780:   393821.009   393864.005   394422.009   394485.005   394525.009
   785:   394544.005   394604.009   394653.005   394667.009   394693.005
   790:   394702.009   395334.001   395817.005   396429.009   396464.005
   795:   396495.009   396546.005   396895.009   397330.005   397360.009
   800:   400334.018   401756.003   401762.016   401812.026   401909.005
   805:   401952.009   401978.005   402521.009   402527.005   402569.009
   810:   402600.005   402610.009   403255.001   408255.018   409582.003
   815:   409588.016   409638.026   409758.005   410149.009   410196.005
   820:   410219.009   410250.005   410307.009   410328.005   410378.009
   825:   411438.001   411712.005   411758.009   411905.005   411937.009
   830:   416438.018   417676.003   417682.016   417732.026   417857.005
   835:   418277.009   419159.001   424159.018   425315.003   425321.016
   840:   425371.026   425492.005   426051.009   426799.001   427394.005
   845:   427415.009   431799.018   432841.003   432847.016   432897.026
   850:   433028.005   433746.009   434570.001   434845.005   434995.009
   855:   439570.018   440078.003   440084.016   440095.001   440134.026
   860:   440227.003   440334.005   440844.009   440874.005   440910.009
   865:   441612.001   446612.018   447426.003   447432.016   447482.026
   870:   447513.001   447533.003   447636.005   448345.009   448371.005
   875:   448416.009   448431.005   448439.009   449856.001   450141.005
   880:   450149.009   450235.005   450276.009   450407.005   450438.009
   885:   450629.003   450668.001   452024.005   452102.009   454362.003
   890:   454503.001   459503.018   459630.003   459636.016   459686.026
   895:   459758.005   460330.009   461101.001   461386.005   461408.009
   900:   461726.003   461749.001   466444.003   467142.001   472142.018
   905:   473318.003   473324.016   473374.026   473499.005   474134.009
   910:   474185.005   474226.009   474854.001   479853.003   480186.001
   915:   485186.018   485584.003   485590.016   485640.026   485761.005
   920:   486350.009   486360.005   486432.009   487148.001   492148.018
   925:   492215.003   492221.016   492271.026   492377.005   492787.009
   930:   492824.005   492936.009   493677.001   498450.003   498918.001
   935:   499061.003   499194.001   504194.018   505230.003   505236.016
   940:   505286.026   505424.005   506012.009   506053.005   506100.009
   945:   506725.001   511681.003   512128.001   516846.003   518395.001
   950:   522293.003   523486.001   523522.003   523554.001   523610.003
   955:   523639.001   528639.018   528881.003   528887.016   528937.026
   960:   529064.005   529667.009   529714.005   529723.009   530249.001
   965:   530480.005   530603.009   535249.018   535412.003   535418.016
   970:   535468.026   535521.005   535532.009   535597.005   536008.009
   975:   536052.005   536203.009   537286.001   537535.005   537852.009
   980:   537892.005   538065.009   538361.005   538405.009   539326.005
   985:   539335.009   541891.005   542216.009   542278.005   542286.018
   990:   542692.003   542698.016   542748.026   542792.009   542963.005
   995:   543369.009   543411.005   543436.009   543516.005   543553.009
  1000:   544355.001   549355.018   549872.003   549878.016   549928.026
  1005:   550099.005   550544.009   550575.005   550591.009   551447.001
  1010:   552370.003   552717.001   556728.003   556986.001   561436.003
  1015:   561620.005   561806.009   562030.005   562037.009   562962.001
  1020:   563098.003   563138.001   563952.005   564210.009   564272.005
  1025:   564329.009   568138.018   568638.003   568644.016   568694.026
  1030:   568839.005   569344.009   569384.005   570046.009   570765.001
  1035:   570974.005   570982.009   571128.005   571176.009   575201.003
  1040:   575526.001   575971.005   576307.009   576317.005   576332.009
  1045:   576426.005   576538.009   576606.005   576624.009   576695.005
  1050:   576702.009   580526.018   580666.003   580672.016   580722.026
  1055:   580859.005   581432.009   581508.005   581619.009   582667.001
  1060:   583766.005   584384.009   584391.005   584412.009   587667.018
  1065:   588306.003   588312.016   588362.026   588493.005   589398.009
  1070:   613795.005   613946.009   617861.001   617880.003   617898.001
  1075:   617950.003   618171.001   621442.003   621601.001   621673.003
  1080:   621709.001   625130.003   625691.001   625802.005   625899.009
  1085:   626010.005   626127.003   626134.009   626186.001   626627.005
  1090:   626649.009   630178.003   630594.001   634565.003   635509.001
  1095:   635573.003   635621.001   640120.003   640755.001   641551.005
  1100:   641614.009   641849.005   641897.009   645755.018   645809.003
  1105:   645815.016   645865.026   646006.005   646519.009   646623.005
  1110:   646632.009   646709.005   646716.009   647143.001   647554.003
  1115:   649036.001   649196.003   649210.001   649289.005   649300.009
  1120:   649427.005   649516.009   654210.018   654693.003   654699.016
  1125:   654749.026   654905.005   655661.009   655668.005   655744.009
  1130:   655969.005   656104.009   656818.001   657066.005   657180.009
  1135:   657182.005   657208.009   658556.005   658576.009   659863.005
  1140:   659897.009   661818.018   662150.003   662156.016   662206.026
  1145:   662361.005   662877.009   663702.001   663945.005   664049.009
  1150:   666878.005   667816.009   667832.005   667848.009   668702.018
  1155:   669321.003   669327.016   669377.026   669550.005   670047.009
  1160:   670965.001   671197.005   671220.009   672241.005   672262.009
  1165:   672279.005   672298.009   672376.005   672705.009   675965.018
  1170:   676743.003   676749.016   676799.026   676934.005   676955.009
  1175:   676964.005   676973.009   677002.005   677027.009   677060.005
  1180:   677078.009   677089.005   678399.009   678435.005   678529.009
  1185:   678558.005   678625.009   679534.001   684534.018   686042.003
  1190:   686048.016   686098.026   686226.005   686961.009   687056.005
  1195:   687094.009   687139.005   687150.009   688005.001   692933.003
  1200:   693156.005   693297.009   694733.001   694942.005   695118.009
  1205:   695123.005   695161.003   695166.001   695270.009   699526.003
  1210:   700768.001   701115.005   701152.009   701269.005   701285.009
  1215:   701298.005   701355.009   701387.005   701441.009   702576.005
  1220:   702590.009   704046.005   704074.009   705768.018   705899.003
  1225:   705905.016   705955.026   706021.005   706045.009   706052.005
  1230:   706066.009   706114.005   706629.009   706747.005   706754.009
  1235:   707364.001   707839.005   709430.009   709462.005   709660.009
  1240:   709672.005   709807.009   712364.018   713179.003   713185.016
  1245:   713235.026   713408.005   714019.009   714829.001   714883.005
  1250:   715257.009   715266.005   715511.009   715598.005   715670.009
  1255:   715869.005   715922.009   715969.005   715982.009   716331.005
  1260:   716419.009   716446.005   716480.009   716548.005   717205.009
  1265:   717223.005   717273.009   717633.005   717673.009   717681.005
  1270:   718957.009   719087.005   719182.009   719243.005   719359.003
  1275:   719739.001   719878.009   724597.003   725595.001   725613.003
  1280:   725653.001   730356.003   731678.001   731731.003   731787.001
  1285:   731844.003   731867.001   732119.003   732143.001   736796.003
  1290:   737986.001   738038.003   738089.001   738134.003   738179.001
  1295:   742251.003   743219.001   748219.018   748418.003   748424.016
  1300:   748448.001   748474.026   748568.003   748636.005   748665.009
  1305:   748694.005   749418.009   749453.005   749461.009   749547.005
  1310:   749616.009   750258.001   750665.005   750835.009   750851.005
  1315:   751322.009   751339.005   752362.009   755258.018   756321.003
  1320:   756327.016   756377.026   756459.005   756501.009   756565.005
  1325:   757222.009   757885.001   758040.005   758118.009   758225.005
  1330:   758287.009   762478.003   762806.005   762969.009   763349.001
  1335:   763561.005   763728.009   763751.005   764008.009   767888.003
  1340:   768271.001   768380.003   768412.001   768861.003   769254.001
  1345:   772619.003   773763.001   775206.003   788148.005   788188.009
  1350:   793345.001   797682.003   797931.001   798380.005   798859.009
  1355:   799018.005   799047.009   799155.005   799175.009   799587.005
  1360:   800028.009   801352.003   801862.001   805957.003   807255.001
  1365:   807321.003   807346.001   807371.003   807401.001   807456.003
  1370:   808274.001   808384.003   808438.001   808780.003   808810.001
  1375:   812585.003   813159.005   813576.009   821011.001   821266.003
  1380:   821337.001   821386.003   821546.005   821656.009   821983.001
  1385:   825267.003   825299.001   825376.003   825404.001   829207.003
  1390:   829641.001   834453.003   834830.005   834931.009   835388.001
  1395:   835846.005   835990.009   837439.005   837514.009   838037.005
  1400:   838377.009   840388.018   840899.003   840905.016   840955.026
  1405:   841090.005   841731.009   842566.001   847269.003   847546.001
  1410:   847637.003   847829.001   848167.005   848679.009   848692.005
  1415:   848793.009   848826.005   848910.009   848961.005   849232.009
  1420:   849267.005   849470.009   849488.005   849502.009   849514.005
  1425:   849768.009   849800.005   850644.009   850675.005   852829.018
  1430:   853142.003   853148.016   853198.026   853277.009   853332.005
  1435:   853722.009   853733.005   853915.009   854688.001   855267.005
  1440:   856552.009   856637.005   857269.009   857304.005   858169.009
  1445:   858224.005   858384.009   859688.018   860166.003   860172.016
  1450:   860222.026   860320.005   860344.009   860381.005   862595.009
  1455:   862645.005   862677.009   862991.005   865396.009   865516.005
  1460:   865526.009   865884.005   866392.009   866763.005   867536.009
  1465:   867570.005   868351.009   868718.005   869241.009   869308.005
  1470:   869563.009   869575.005   869596.009   869983.005   870074.009
  1475:   870388.001   872677.003   872759.001   872802.003   872895.005
  1480:   874823.009   874843.005   874855.009   874967.005   874983.009
  1485:   874995.005   875039.009   875065.005   875107.009   875387.005
  1490:   875838.009   875841.005   876817.009   876819.005   877537.009
  1495:   877664.005   877711.009   877735.005   877755.009   877839.005
  1500:   877861.009   877928.005   877940.009   877982.005   878042.009
  1505:   878044.005   878062.009   878247.005   878275.009   878276.005
  1510:   879782.009   879806.005   880292.009   880346.005   880429.009
  1515:   880435.005   880975.009   881005.005   881391.009   881483.005
  1520:   881570.009   881599.005   881612.009   881659.005   881723.009
  1525:   881733.005   881747.009   881748.005   881810.009   881819.005
  1530:   882093.009   882099.005   882933.009   882942.005   882969.009
  1535:   883879.005   884634.009   884658.005   884985.009   885863.005
  1540:   887667.009   887687.005   887960.009   888022.005   888685.009
  1545:   889015.005   889940.009   890019.005   890039.009   890145.005
  1550:   890165.009   890229.005   890258.009   890333.005   890389.009
  1555:   890743.005   892407.009   893182.005   893220.009   893306.005
  1560:   893395.009   894189.005   894662.009   894714.005   894754.009
  1565:   894761.005   895336.009   895501.005   895541.009   895556.005
  1570:   895587.009   895607.005   895640.009   895676.005   896665.009
  1575:   897333.001   897557.003   897621.001   897831.003   898034.005
  1580:   901213.009   901252.005   904422.009   904437.005   904674.009
  1585:   904831.005   904841.009   905515.001   905850.003   905883.001
  1590:   908579.003   908722.001   912191.003   912234.001   912270.003
  1595:   912428.001   914643.005   915619.009   915660.005   916276.009
  1600:   916427.003   916650.001   916674.003   916719.001   920034.003
  1605:   920557.001   921350.003   921361.001   921740.005   922823.009
  1610:   924342.003   924809.001   924934.003   924961.001   925409.003
  1615:   925432.001   927675.003   927731.001   927967.003   950807.001
  1620:   951033.003   951454.001   951565.003   951645.001   951686.003
  1625:   951738.001   951774.003   951812.001   952120.003   952232.001
  1630:   952423.003   952698.001   956049.003   956240.001   958443.005
  1635:   959147.009   959149.005   959319.009   959394.005   959435.003
  1640:   959474.001   959480.009   959494.005   959509.009   959584.003
  1645:   959886.001   964824.003   964870.001   964961.003   965778.001
  1650:   966115.003   966183.001   969986.003   970284.001   970360.003
  1655:   970396.001   975057.003   976025.001   976326.005   976512.003
  1660:   976559.001   976840.009   976873.005   977638.009   977678.005
  1665:   977706.009   977734.005   977752.009   981559.018   981983.003
  1670:   981989.016   982039.026   982173.005   983281.009   984251.001
  1675:   989251.018   990231.003   990237.016   990287.026   990438.005
  1680:   991079.009   992041.001   992414.005   992588.009   993260.005
  1685:   993496.009   997041.018   998220.003   998226.016   998276.026
  1690:   998419.005   999402.009  1000390.001  1004256.005  1005390.018
  1695:  1005680.009  1006294.005  1006302.003  1006308.016  1006316.009
  1700:  1006358.026  1006382.005  1006462.009  1006463.005  1006475.009
  1705:  1006528.005  1007086.009  1007130.005  1007211.009  1008780.001
  1710:  1009100.005  1009336.009  1009383.005  1009411.009  1010269.005
  1715:  1010280.009  1012670.003  1013472.001  1013511.003  1013537.001
  1720:  1013648.005  1013904.009  1013992.003  1014022.001  1014095.003
  1725:  1014121.001  1014312.005  1014627.009  1014645.005  1014842.009
  1730:  1018785.003  1018849.005  1019027.009  1019184.001  1019878.005
  1735:  1024184.018  1024591.003  1024597.016  1024647.026  1024727.009
  1740:  1024778.005  1025687.009  1027388.001  1027684.005  1027863.009
  1745:  1027879.005  1027912.009  1027948.005  1027999.009  1032388.018
  1750:  1032539.003  1032545.016  1032595.026  1032748.005  1033607.009
  1755:  1034898.001  1035237.005  1035526.009  1036346.005  1036473.009
  1760:  1037579.005  1037669.009  1037681.005  1037749.009  1039898.018
  1765:  1040027.003  1040033.016  1040083.026  1040154.005  1040196.009
  1770:  1040250.005  1040656.009  1040753.005  1040900.009  1040951.005
  1775:  1041242.009  1043844.005  1043878.009  1043889.005  1044106.009
  1780:  1045387.001  1050341.003  1050665.001  1050713.003  1050734.001
  1785:  1055418.003  1055793.001  1060505.003  1061019.001  1061071.003
  1790:  1061121.001  1064373.005  1065278.009  1065557.005  1065627.009
  1795:  1066082.003  1067502.001  1067530.003  1067580.001  1067630.003
  1800:  1067694.001  1072385.003  1072953.001  1073000.003  1073039.001
  1805:  1073094.003  1073144.001  1077418.003  1077944.001  1077994.003
  1810:  1078022.001  1078103.003  1078137.001  1083137.018  1083157.003
  1815:  1083163.016  1083213.026  1083384.005  1084694.009  1085527.001
  1820:  1089585.003  1089927.001  1090229.005  1091001.009  1094927.018
  1825:  1094990.003  1094996.016  1095046.026  1095189.005  1095640.009
  1830:  1096101.005  1096133.009  1096176.005  1096193.009  1096228.005
  1835:  1096352.009  1096937.001  1101588.003  1102064.001  1106487.003
  1840:  1107390.001  1111655.003  1114390.001  1115219.005  1115272.009
  1845:  1115556.005  1115585.009  1118117.003  1119295.001  1119404.003
  1850:  1119425.001  1123673.003  1124453.005  1125996.009  1136717.001
  1855:  1137305.003  1137337.001  1137359.003  1145582.005  1145834.009
  1860:  1146405.001  1146483.003  1146550.001  1146605.003  1146624.001
  1865:  1146685.003  1146848.001  1146935.003  1147231.001  1147754.003
  1870:  1147789.001  1151556.003  1151601.001  1151689.003  1151804.001
  1875:  1155703.003  1155927.001  1155981.003  1156528.001  1161034.003
  1880:  1161680.001  1165909.003  1166833.001  1166958.003  1166984.001
  1885:  1171601.003  1172972.001  1177848.003  1178161.005  1178658.009
  1890:  1178695.005  1179419.009  1180945.001  1181473.003  1185399.001
  1895:  1185589.003  1185791.005  1185899.009  1232295.005  1232414.009
  1900:  1232428.005  1232442.009  1232993.005  1233219.009  1233626.001
  1905:  1233742.003  1233904.001  1234024.003  1234063.001  1234287.005
  1910:  1234297.009  1238300.003  1238508.001  1243361.003  1243444.001
  1915:  1243517.003  1243732.001  1244174.005  1244256.009  1244984.005
  1920:  1245042.009  1245058.005  1245580.009  1245660.005  1245773.009
  1925:  1245853.005  1245940.009  1245942.005  1246541.009  1248235.003
  1930:  1248283.001  1248382.003  1248637.001  1248654.003  1248698.001
  1935:  1248748.003  1248778.001  1250676.005  1250716.009  1252724.003
  1940:  1253287.001  1254850.005  1254861.009  1254864.005  1255057.009
  1945:  1255061.005  1255119.009  1255241.005  1255272.009  1256028.005
  1950:  1256038.009  1256044.005  1256344.009  1257770.003  1258066.001
  1955:  1258863.005  1259129.009  1259246.005  1259343.009  1259787.005
  1960:  1259866.009  1263066.018  1263167.003  1263173.016  1263223.026
  1965:  1263343.005  1264029.009  1264089.005  1264114.009  1264856.001
  1970:  1266531.005  1266632.009  1266739.005  1266865.009  1269856.018
  1975:  1270536.003  1270542.016  1270592.026  1270727.005  1271764.009
  1980:  1271858.005  1272017.009  1272758.001  1274962.005  1275270.009
  1985:  1277758.018  1279124.003  1279130.016  1279180.026  1279286.005
  1990:  1280079.009  1280082.005  1280540.009  1280675.005  1280790.009
  1995:  1281611.001  1286561.003  1286953.001  1286996.003  1287029.001
  2000:  1287309.005  1287411.009  1287435.005  1287567.009  1291792.003
  2005:  1292124.001  1292164.003  1292218.001  1293831.005  1295206.009
  2010:  1295285.005  1295322.009  1296974.003  1297099.005  1297345.009
  2015:  1297477.005  1297945.009  1299117.001  1299173.003  1299213.001
  2020:  1299395.005  1299426.009  1299481.005  1299542.009  1299635.005
  2025:  1299639.009  1303984.003  1304261.001  1304323.003  1304474.001
  2030:  1308706.003  1308997.001  1309067.003  1309115.001  1312936.003
  2035:  1312956.001  1313052.003  1313308.005  1313506.009  1318654.005
  2040:  1318773.009  1318805.005  1318897.009  1319527.001  1319548.003
  2045:  1319555.001  1319702.003  1319842.001  1320721.003  1320750.001
  2050:  1321000.003  1321034.001  1321412.005  1321607.009  1321645.005
  2055:  1322382.009  1322824.005  1322844.009  1322848.005  1322901.009
  2060:  1322974.005  1323055.009  1325628.003  1326235.005  1326361.009
  2065:  1343667.005  1343758.009  1344109.001  1344230.003  1344369.001
  2070:  1344407.003  1344432.001  1345390.005  1346505.009  1346556.005
  2075:  1346571.009  1349432.018  1349755.003  1349761.016  1349811.026
  2080:  1349982.005  1351143.009  1351180.005  1351302.009  1351422.005
  2085:  1351468.009  1352730.005  1352853.009  1353251.001  1353324.003
  2090:  1353360.001  1356886.003  1356932.001  1356963.003  1357354.001
  2095:  1357540.005  1357722.009  1357831.005  1357856.009  1358237.005
  2100:  1358246.009  1361699.003  1362202.001  1362253.003  1362304.001
  2105:  1366392.003  1366667.001  1366711.003  1366766.001  1371119.003
  2110:  1371678.001  1371729.003  1371779.001  1376153.003  1377621.001
  2115:  1377648.003  1377717.001  1382530.003  1382927.005  1383217.009
  2120:  1383276.005  1383798.009  1387477.001  1390651.005  1391085.009
  2125:  1391184.003  1391220.001  1391368.005  1391417.003  1392198.009
  2130:  1392257.005  1392268.009  1392286.005  1392314.009  1392323.005
  2135:  1392521.009  1393369.001  1393585.003  1393703.001  1393724.003
  2140:  1393741.001  1394303.005  1394307.009  1394308.005  1395382.009
  2145:  1396159.005  1396183.009  1396196.005  1396257.009  1396386.005
  2150:  1396553.009  1396646.005  1397189.009  1397529.005  1397603.009
  2155:  1397769.005  1398179.003  1398469.009  1398657.005  1398889.001
  2160:  1398907.009  1398911.003  1399010.001  1403243.003  1403667.005
  2165:  1403848.009  1403870.005  1403883.009  1403926.005  1404273.009
  2170:  1431578.001  1431885.003  1432584.001  1432631.003  1432697.001
  2175:  1432857.003  1432932.001  1433271.003  1433338.001  1437759.003
  2180:  1437823.001  1437869.003  1438389.001  1438432.003  1438474.001
  2185:  1438725.005  1439223.009  1439345.005  1439509.009  1439557.005
  2190:  1439604.009  1443111.003  1443672.001  1447996.003  1448694.001
  2195:  1448881.003  1449160.001  1450854.003  1451373.005  1451831.009
  2200:  1459769.001  1459886.003  1460932.001  1461048.003  1462657.001
  2205:  1462683.003  1463050.001  1463186.003  1463199.001  1463424.003
  2210:  1463497.005  1463643.009  1480936.001  1481189.003  1481655.005
  2215:  1481766.009  1482536.005  1482596.009  1483234.001  1483359.003
  2220:  1483493.001  1483987.003  1484020.001  1487852.003  1487876.001
  2225:  1487941.003  1488089.005  1488262.009  1488725.001  1492723.003
  2230:  1493594.001  1493641.003  1493703.001  1494968.005  1495337.009
  2235:  1497259.003  1498033.001  1498148.003  1498160.001  1498731.003
  2240:  1499111.001  1499449.003  1499543.001
B:
     0:        0.000      333.000        0.000      332.000        0.000
     5:      659.000        0.000        0.000        0.000      659.000
    10:        0.000        1.000        0.000        1.000        0.000
    15:        0.000       86.000        0.000       86.000        0.000
    20:        0.000        0.000        0.000        0.000        0.000
    25:        0.000       86.000        0.000        0.000        0.000
    30:        0.000
D:
     0:  1502985.000  1502523.000  1502429.000
E:
     0:     5000.000     5000.000
T:
     0:        0.000        0.000        0.000        0.000
W:
     0:        2.000        0.000        0.000
