File: C:\MED-PC IV\Data\Reyes\AW\AW1047.999


Start Date: 08/26/24
End Date: 08/26/24
Subject: 47
Experiment: AW
Group: LINEAR
Box: 3
Start Time: 15:12:40
End Time: 16:02:40
MSN: DRRD_lin
C:       0.000
F:       0.000
G:       0.000
H:       0.000
I:       0.000
J:       0.000
K:    9000.000
L:       0.000
M:       0.000
N:       0.000
O:       0.000
P:       0.000
Q:       0.000
R:       0.000
S:       0.000
U:   42941.000
V:       0.000
X:       0.000
Y:    1665.000
Z:       0.000
A:
     0:     2428.005     2469.009     2499.005     2533.009     6397.005
     5:     6410.009     6426.005     6466.009     6499.005     6511.009
    10:     7360.001     7443.003     7462.001     7613.003     7667.001
    15:     7802.003     8753.005     8934.009     9114.005     9538.009
    20:    10953.001    11022.003    11626.005    11732.009    15000.013
    25:    15000.011    16028.005    16046.009    16047.005    16144.009
    30:    16389.005    16406.009    16415.005    16552.009    17249.001
    35:    18077.003    18497.005    18633.009    19233.001    19321.003
    40:    19338.001    19415.003    19510.001    20332.003    20372.001
    45:    20555.003    20561.001    20605.003    20955.005    21275.009
    50:    21522.001    21579.003    21598.001    21672.003    21904.001
    55:    22445.003    22728.001    24332.003    24355.001    24371.003
    60:    24493.001    24582.003    24912.001    27044.003    27058.001
    65:    27170.003    27503.005    27637.009    28107.001    28351.003
    70:    28362.001    28748.003    28769.001    29007.003    29060.001
    75:    29158.003    29222.001    29302.003    29385.001    29492.003
    80:    29530.001    30696.003    30720.001    31918.003    32205.001
    85:    32330.003    32553.001    32735.003    33367.001    33489.003
    90:    33647.001    37279.003    37315.001    37438.003    37465.001
    95:    37532.003    37838.005    38310.009    39705.005    39862.009
   100:    40827.001    42115.003    42123.001    43918.003    44079.001
   105:    44238.003    45057.001    45590.003    45602.001    49269.003
   110:    49637.001    49679.003    49974.001    50210.003    50860.001
   115:    52315.003    52324.001    54420.003    54470.001    54593.003
   120:    55626.001    55683.003    55814.001    55890.003    55904.001
   125:    56575.003    56609.001    57143.003    57184.001    60532.003
   130:    60837.001    60951.003    61188.005    61432.009    62322.001
   135:    62390.003    64015.001    64039.003    64071.001    64110.003
   140:    64273.001    64395.003    64413.001    64433.003    64437.001
   145:    65060.003    65590.001    68635.003    68780.001    68824.003
   150:    68954.001    69073.003    69123.001    69182.003    69260.001
   155:    69310.003    69501.001    74001.018    74019.003    74025.016
   160:    74075.026    74187.005    74937.009    75050.005    75883.009
   165:    76978.001    77111.003    77156.001    77188.003    77770.001
   170:    78658.003    78672.001    79953.003    79964.001    81375.003
   175:    81716.001    81778.003    82058.005    82100.009    82349.001
   180:    86849.018    87148.003    87154.016    87204.026    87315.005
   185:    87912.009    89850.005    89881.009    94359.001    94513.003
   190:    94663.001    94833.003    95504.001    95573.003    95609.001
   195:    96807.003    96847.001    97354.003    97382.001    97524.003
   200:    97550.001    98094.003    98121.001    99723.003   100097.001
   205:   100994.003   101001.001   101599.003   101611.001   102603.003
   210:   102649.001   103586.003   103595.001   104722.003   105045.001
   215:   105155.003   105400.001   109356.003   109796.005   109998.009
   220:   110286.001   112433.003   112446.001   114444.003   114853.001
   225:   115112.003   115165.001   115198.003   115302.001   116930.003
   230:   116968.001   119490.003   120017.001   120221.003   120246.001
   235:   120629.003   120667.001   120742.003   120747.001   123537.003
   240:   123889.001   123993.003   124049.001   124085.003   124229.005
   245:   124242.009   124254.005   124303.009   124609.001   129109.018
   250:   130202.003   130208.016   130258.026   130376.005   130935.009
   255:   131003.005   131110.009   131145.005   131352.009   132844.001
   260:   133032.003   133102.001   133171.003   133206.001   135646.003
   265:   135858.001   135911.003   135940.001   135987.003   136125.001
   270:   136241.003   136246.001   136945.003   136959.001   139544.003
   275:   140261.001   140325.003   140365.001   140542.003   140569.001
   280:   140784.003   140831.001   144121.003   144229.001   144331.003
   285:   144824.005   144851.009   145163.001   146634.003   146649.001
   290:   147930.003   147969.001   148883.003   148995.001   149069.003
   295:   149239.001   149282.003   149307.001   149388.003   149429.001
   300:   152030.003   152046.001   153734.003   154087.001   154467.003
   305:   154983.001   155086.003   155158.001   155527.003   155618.001
   310:   155720.003   156943.001   157070.003   157106.001   157377.003
   315:   157399.001   161493.003   161513.001   161832.003   161882.001
   320:   162091.003   162181.005   162493.009   164012.001   164039.003
   325:   164065.001   164113.003   164129.001   164315.003   164365.001
   330:   167054.003   168375.001   168401.003   168427.001   168559.003
   335:   168612.001   168800.003   168826.001   169065.003   169092.001
   340:   170435.003   170444.001   173366.003   173770.001   173871.003
   345:   174299.001   174431.003   174499.001   174537.003   174569.001
   350:   175772.003   175818.001   178285.003   179017.005   179104.009
   355:   179497.001   179615.003   179676.001   179904.003   179974.001
   360:   180511.003   180537.001   180662.003   180706.001   181668.003
   365:   181674.001   183944.003   184993.001   185885.003   185911.001
   370:   187498.003   187503.001   189740.003   189792.001   189885.003
   375:   190291.005   190401.009   190713.001   193404.003   193438.001
   380:   195551.003   195584.001   195684.003   196104.005   196254.009
   385:   196685.001   199288.003   199310.001   200043.003   200062.001
   390:   201947.003   202199.001   202497.003   203358.005   203534.009
   395:   203816.001   205979.003   205989.001   208615.003   209135.001
   400:   209351.003   209825.001   210517.003   210573.001   213602.003
   405:   213927.005   214128.009   216744.001   216896.003   216919.001
   410:   217207.003   217241.001   217432.003   217523.001   219431.003
   415:   219447.001   222510.003   222819.001   222884.003   223367.001
   420:   223425.003   223444.001   223554.003   223587.001   227007.003
   425:   227043.001   227145.003   227695.005   227832.009   228180.001
   430:   232680.018   233159.003   233165.016   233215.026   233322.005
   435:   233949.009   235409.001   236853.003   236871.001   237188.003
   440:   237193.001   237961.003   237986.001   239143.003   239420.001
   445:   239614.003   240139.001   243621.003   244499.001   245267.003
   450:   245302.001   247483.003   247904.001   248678.003   248694.001
   455:   249519.003   249590.001   251454.003   251473.001   252292.003
   460:   253202.001   253232.003   253359.001   253600.003   253618.001
   465:   255761.003   255789.001   256963.003   256972.001   257990.003
   470:   259068.001   259276.003   259285.001   259449.003   259452.001
   475:   262935.003   263316.001   263738.005   263832.009   263902.003
   480:   264192.001   268692.018   269537.003   269543.016   269593.026
   485:   269711.005   270275.009   270679.005   270692.009   271750.001
   490:   272454.003   272510.001   275524.003   275585.001   276092.003
   495:   276454.001   276512.003   276543.001   280675.003   281582.005
   500:   281671.009   282259.001   283693.003   283732.001   286683.003
   505:   286705.001   287471.003   287518.005   287619.009   289170.001
   510:   290593.003   290611.001   291113.003   291131.001   291376.003
   515:   291382.001   293130.003   293960.001   294007.003   294033.001
   520:   294427.003   294446.001   297859.003   298909.001   301572.003
   525:   301600.001   301733.003   301772.001   301923.003   302191.005
   530:   302306.009   303286.001   303388.003   303417.001   303554.003
   535:   303593.001   304538.003   304555.001   304970.003   304990.001
   540:   305761.003   305865.001   306703.003   306715.001   307686.003
   545:   308199.001   308241.003   308383.001   308592.003   308741.001
   550:   312955.003   313130.001   313168.003   313213.001   313505.003
   555:   313548.001   313663.003   313702.001   314273.003   314449.001
   560:   314522.003   314707.001   316278.003   316296.001   317223.003
   565:   317244.001   317737.003   317742.001   319799.003   320171.001
   570:   320269.003   320313.001   320437.003   320565.001   321438.003
   575:   321474.001   323243.003   323281.001   325275.003   326115.001
   580:   326306.003   326348.005   326446.009   326796.001   326843.003
   585:   326884.001   328546.003   328581.001   328814.003   328833.001
   590:   331368.003   331417.001   331550.003   332121.001   334296.003
   595:   334314.001   336057.003   336068.001   337009.003   337058.001
   600:   337178.003   338213.001   339159.003   339221.001   339914.003
   605:   339943.001   340945.003   340963.001   341759.003   342195.001
   610:   342283.003   344889.001   344991.003   345016.001   345172.003
   615:   345204.001   348137.003   348784.005   348804.009   348812.005
   620:   348920.009   349309.001   352121.003   352133.001   353464.003
   625:   353490.001   354552.003   355267.001   356411.003   356440.001
   630:   357354.003   357370.001   359402.003   360250.005   360384.009
   635:   360818.001   363737.003   363753.001   364608.003   364641.001
   640:   366406.003   368001.001   372501.018   373274.003   373280.016
   645:   373318.001   373330.026   373405.003   373472.005   376299.009
   650:   377168.001   377245.003   377374.001   377603.003   377673.001
   655:   377738.003   377861.001   378039.003   378080.001   378393.003
   660:   378447.001   378527.003   379412.001   380137.003   380206.001
   665:   382743.003   382823.001   383007.003   383064.001   383201.003
   670:   383889.001   384679.003   384695.001   388551.003   388574.001
   675:   388659.003   388970.001   389253.003   389264.005   389338.009
   680:   389715.001   389778.003   389804.001   391147.003   391158.001
   685:   391206.003   391224.001   392451.003   392465.001   394219.003
   690:   395330.001   396186.003   396195.001   399112.003   399846.005
   695:   400056.009   400264.005   400325.009   400616.005   400784.009
   700:   401642.001   401896.003   402015.001   403905.003   403923.001
   705:   403998.003   404016.001   406059.003   406093.001   406252.003
   710:   407053.001   407163.003   407723.001   410562.003   411271.005
   715:   411451.009   412335.001   413675.003   413760.001   417484.003
   720:   417577.001   417947.003   418484.005   418531.009   419039.001
   725:   419110.003   419140.001   420940.003   420947.001   423501.003
   730:   423775.001   424411.003   424427.005   424586.009   425445.001
   735:   427520.003   427523.001   429576.003   429830.001   430272.003
   740:   430473.005   430694.009   431108.001   435608.018   436603.003
   745:   436609.016   436659.026   436789.005   437623.009   437726.005
   750:   437745.009   437756.005   437763.009   437779.005   437990.009
   755:   440098.001   440185.003   440263.001   440559.003   441070.001
   760:   441309.003   441413.001   444885.003   444930.001   445082.003
   765:   445237.001   445416.003   446346.001   448642.003   448649.001
   770:   449021.003   449052.001   451401.003   452286.001   453097.003
   775:   453150.001   455249.003   456022.005   456157.009   456477.001
   780:   456841.003   456897.001   457040.003   457072.001   457978.003
   785:   458016.001   459596.003   460722.001   460937.003   460980.001
   790:   462384.003   462418.001   462864.003   462875.001   463083.003
   795:   463084.001   465352.003   465381.001   465871.003   466997.001
   800:   467764.003   467778.001   469640.003   469657.001   471325.003
   805:   471375.001   472050.005   472092.003   472199.009   472612.001
   810:   475676.003   475687.001   476820.003   476842.001   476974.003
   815:   477252.001   477479.003   477727.001   478095.003   478140.001
   820:   481339.003   481529.001   482016.005   482028.009   482164.003
   825:   482974.001   483924.003   484193.005   484227.009   484231.005
   830:   484271.009   484330.005   484520.009   484884.001   485274.003
   835:   485316.001   486746.003   486842.001   489050.003   489080.001
   840:   490043.003   490641.005   490721.009   491127.001   492315.003
   845:   492345.001   493422.003   493435.001   495802.003   496852.001
   850:   496908.003   497819.001   497926.003   498185.005   498361.009
   855:   510275.001   510861.003   510914.001   512597.003   512613.001
   860:   514158.003   515111.001   515235.003   515426.001   518455.003
   865:   518492.001   518542.003   519017.005   519099.009   519576.001
   870:   519633.003   519794.001   519833.003   519842.001   520209.003
   875:   520221.001   523171.003   524257.001   525135.003   525144.001
   880:   525787.003   525816.001   526008.003   526035.001   526712.003
   885:   526723.001   528781.003   528807.001   529485.003   529562.005
   890:   529665.009   529984.001   530113.003   530127.001   534083.003
   895:   536172.001   536251.003   536269.001   536392.003   536399.001
   900:   537446.003   537457.001   539784.003   541618.001   541718.003
   905:   541734.001   542581.003   542593.001   544236.003   544355.001
   910:   546720.003   548100.001   552483.003   552918.001   553431.005
   915:   553512.009   553619.003   554010.001   554105.003   554127.001
   920:   555174.003   555177.001   557645.003   558385.001   561890.003
   925:   561923.001   562158.003   562248.001   562331.003   562957.005
   930:   563031.009   563389.001   563561.003   563595.001   564723.003
   935:   564780.001   567475.003   567502.001   567582.003   567602.001
   940:   567747.003   568802.001   568971.003   569180.001   570110.003
   945:   570128.001   570313.003   570332.001   572360.003   572924.005
   950:   573051.009   573387.001   574502.003   574514.001   577450.003
   955:   578328.005   578456.009   578850.001   580612.003   580650.001
   960:   582950.003   584876.005   585079.009   586270.005   586718.009
   965:   587832.001   587924.003   588018.001   588131.003   588274.001
   970:   588350.003   588570.001   588696.003   588857.001   589669.003
   975:   590473.001   590598.003   590599.001   591683.003   591694.001
   980:   595864.003   600216.005   600269.009   624384.001   625364.003
   985:   625390.001   625668.003   684925.005   685146.009   685737.001
   990:   686923.003   686948.001   687008.003   687986.001   691231.003
   995:   691360.001   694440.003   695882.001   695909.003   695930.001
  1000:   695989.003   695996.001   698080.003   698743.005   698949.009
  1005:   700528.001   700625.003   700669.001   700724.003   701092.005
  1010:   701309.009   709566.005   709660.009   714777.005   715154.009
  1015:   716296.005   716387.009   718256.005   718793.009   719100.001
  1020:   719407.003   719424.001   719653.003   719693.001   722232.003
  1025:   722640.001   722686.003   722803.001   722961.003   723232.001
  1030:   725917.003   726469.005   726611.009   726996.001   727080.003
  1035:   727102.001   729024.003   729075.001   730958.003   731364.005
  1040:   731480.009   731932.001   731959.003   733114.001   737317.003
  1045:   738567.001   738646.003   739786.001   742816.003   761895.005
  1050:   762003.009   762349.005   762665.009   784547.005   784734.009
  1055:   785262.001   785918.003   785951.001   788744.003   789282.005
  1060:   789463.009   852678.005   853833.009   854475.005   854649.009
  1065:   857003.001   857405.003   857421.001   859679.003   859713.001
  1070:   859950.003   859979.001   860252.003   860322.001   863374.003
  1075:   864080.001   864738.005   864809.009   864913.003   866197.005
  1080:   866472.009   866490.005   866527.009   868962.001   869213.003
  1085:   869332.001   870404.003   870430.001   872255.003   872275.001
  1090:   872726.003   918215.005   918687.009   930452.001   930516.003
  1095:   930899.001   932552.003   932696.001   932788.003   932870.001
  1100:   932936.003   933096.001   936221.003   936324.001   936350.003
  1105:   936520.001   936624.003   936658.001   938311.003   938380.001
  1110:   940950.003   941298.001   941829.003   942059.001   942101.003
  1115:   942131.001   943922.003   943953.001   946179.003   946826.001
  1120:   948115.003   948149.001   948270.003   948294.001   951601.003
  1125:   951630.001   952194.003   952489.001   952719.003   956594.005
  1130:   957070.009   957559.001   960470.003   960487.001   963415.003
  1135:   963748.001   964090.003   964215.001   964315.003   964353.001
  1140:   965288.003   965302.001   968071.003   968108.001   968355.003
  1145:   969047.001   969922.003   972262.001   975307.003   977934.001
  1150:   982434.018   983477.003   983483.016   983533.026   983628.005
  1155:   984150.009   985381.005   985411.009   986153.001   986298.003
  1160:   986374.001   986454.003   986802.001   987909.003   987943.001
  1165:   988311.003   988326.001   990579.003   991154.001   991220.003
  1170:   991900.001   992010.003   992030.001   992789.003   992892.001
  1175:   996133.003   997147.001   997515.003   997539.001  1000408.003
  1180:  1000567.001  1000607.003  1000766.001  1004251.003  1004634.001
  1185:  1004710.003  1004927.001  1008857.003  1009259.001  1009537.003
  1190:  1009842.001  1012677.003  1012851.001  1013316.003  1013338.001
  1195:  1015072.003  1016015.001  1016092.003  1016162.001  1016281.003
  1200:  1016289.001  1020789.018  1021347.003  1021353.016  1021374.001
  1205:  1021403.026  1021438.003  1021518.005  1022771.009  1022784.005
  1210:  1023284.009  1025487.001  1025572.003  1025851.001  1025932.003
  1215:  1026115.001  1026380.003  1026403.001  1026548.003  1026764.001
  1220:  1026818.003  1026887.001  1027107.003  1027190.001  1029726.003
  1225:  1029740.001  1030723.003  1030742.001  1030880.003  1031133.001
  1230:  1031176.003  1031345.001  1031395.003  1031510.001  1031579.003
  1235:  1031606.001  1036046.003  1036077.001  1037118.003  1037642.001
  1240:  1040231.003  1040238.001  1041874.003  1041906.001  1042084.003
  1245:  1042427.001  1042730.003  1042783.005  1042808.009  1042810.005
  1250:  1042934.009  1043829.001  1048290.003  1048307.001  1049170.003
  1255:  1049609.001  1051852.003  1052247.001  1052417.003  1053119.001
  1260:  1053493.003  1053541.001  1055588.003  1056240.005  1056973.009
  1265:  1057762.001  1059476.003  1059497.001  1059604.003  1059665.001
  1270:  1061533.003  1075096.005  1075126.009  1075135.005  1075234.009
  1275:  1075645.001  1079050.003  1079070.001  1079114.003  1132270.005
  1280:  1132843.009  1133959.001  1134172.003  1134731.001  1134887.003
  1285:  1134950.001  1134991.003  1135221.001  1135274.003  1135452.001
  1290:  1135552.003  1135611.001  1136057.003  1136087.001  1136467.003
  1295:  1228952.005  1229659.009  1229810.005  1230281.009  1245097.005
  1300:  1245129.009  1246164.001  1246220.003  1246281.001  1246421.003
  1305:  1246439.001  1246601.003  1246937.001  1247067.003  1247093.001
  1310:  1247548.003  1247593.001  1247813.003  1247840.001  1247972.003
  1315:  1255827.001  1256028.003  1256120.001  1257791.003  1257822.001
  1320:  1258132.003  1258145.001  1259027.003  1259054.001  1259190.003
  1325:  1259237.001  1259594.003  1259675.005  1259868.009  1260809.001
  1330:  1260918.003  1261022.001  1261172.003  1261207.001  1261394.003
  1335:  1261443.001  1262450.003  1262476.001  1264195.003  1264577.001
  1340:  1264860.003  1265223.001  1266261.003  1266312.001  1267939.003
  1345:  1268433.001  1268641.003  1268704.005  1268818.009  1269388.001
  1350:  1273888.018  1274466.003  1274472.016  1274502.001  1274522.026
  1355:  1274545.003  1274637.005  1275204.009  1275999.005  1276015.009
  1360:  1276935.001  1277055.003  1277265.001  1277409.003  1277558.001
  1365:  1277674.003  1277740.001  1277899.003  1277947.001  1278089.003
  1370:  1278784.001  1278973.003  1280211.001  1283355.003  1284231.001
  1375:  1287631.003  1287660.001  1287824.003  1288615.001  1288693.003
  1380:  1289805.001  1290878.003  1290917.001  1291606.003  1291620.001
  1385:  1293036.003  1293087.001  1293591.003  1294240.001  1297633.003
  1390:  1298513.001  1299763.003  1299841.001  1302520.003  1302566.001
  1395:  1302693.003  1303916.001  1306738.003  1309031.001  1310286.003
  1400:  1310331.001  1311885.003  1311906.001  1312436.003  1312448.001
  1405:  1313328.003  1314969.001  1315031.003  1315057.001  1318458.003
  1410:  1319802.001  1323252.003  1323269.001  1323437.003  1324411.005
  1415:  1324564.009  1325204.001  1327358.003  1327374.001  1328861.003
  1420:  1328875.001  1329097.003  1329261.001  1329596.003  1329680.005
  1425:  1329888.009  1330307.001  1333760.003  1334422.005  1334659.009
  1430:  1335070.001  1335146.003  1335172.001  1339398.003  1339422.001
  1435:  1339527.003  1339823.001  1340149.003  1340254.005  1340281.009
  1440:  1340704.001  1340844.003  1340878.001  1343014.003  1343057.001
  1445:  1345167.003  1345214.001  1345379.003  1348412.005  1348489.009
  1450:  1349037.001  1349098.003  1349280.001  1349482.003  1349571.001
  1455:  1349644.003  1349710.001  1349748.003  1349807.001  1350703.003
  1460:  1350718.001  1352230.003  1352514.001  1352817.003  1353030.001
  1465:  1353117.003  1353159.001  1356247.003  1356271.001  1356809.003
  1470:  1356893.005  1356989.009  1357420.001  1359020.003  1359041.001
  1475:  1361191.003  1361221.001  1361647.003  1361732.005  1361797.009
  1480:  1367317.001  1367621.003  1367664.001  1367970.003  1368001.001
  1485:  1370873.003  1371140.001  1371300.003  1371433.005  1371475.009
  1490:  1371494.005  1371658.009  1372076.001  1373585.003  1373596.001
  1495:  1375374.003  1376555.001  1378326.003  1378358.001  1380214.003
  1500:  1380233.001  1380365.003  1380389.001  1381025.003  1381066.005
  1505:  1381229.009  1382116.001  1385340.003  1385358.001  1385452.003
  1510:  1387268.001  1387490.003  1387527.001  1390749.003  1390771.001
  1515:  1390930.003  1391278.001  1391721.003  1392309.001  1393311.003
  1520:  1393348.001  1395883.003  1395910.001  1396515.003  1396902.005
  1525:  1397004.009  1397475.001  1401545.003  1401572.001  1401653.003
  1530:  1402323.005  1402358.009  1402371.005  1402503.009  1402517.005
  1535:  1402521.009  1403004.001  1404107.003  1404148.001  1405271.003
  1540:  1405290.001  1407019.003  1407038.001  1407162.003  1407664.005
  1545:  1407779.009  1409720.001  1412437.003  1413199.001  1413248.003
  1550:  1413463.001  1414381.003  1414394.001  1415764.003  1415858.001
  1555:  1417860.003  1418251.001  1418679.003  1418943.001  1422078.003
  1560:  1422106.001  1422323.003  1422350.001  1422375.003  1422832.005
  1565:  1422927.009  1423374.001  1427066.003  1427088.001  1427313.003
  1570:  1428362.001  1428728.003  1429072.001  1431428.003  1431467.001
  1575:  1433118.003  1433144.001  1433456.003  1437922.005  1437954.009
  1580:  1437971.005  1438585.009  1439326.001  1439395.003  1439628.001
  1585:  1439748.003  1439906.001  1442469.003  1442729.001  1443281.003
  1590:  1443904.001  1447091.003  1447124.001  1447359.003  1448285.001
  1595:  1448502.003  1449195.001  1449247.003  1449377.001  1449792.003
  1600:  1449829.001  1452808.003  1453879.005  1454080.009  1454719.001
  1605:  1454771.003  1454912.001  1455156.003  1455199.001  1455335.003
  1610:  1455617.001  1456838.003  1456854.001  1457088.003  1457108.001
  1615:  1458497.003  1458523.001  1458635.003  1458899.001  1459086.003
  1620:  1459168.005  1459294.009  1460478.001  1460558.003  1460799.001
  1625:  1461095.003  1461154.001  1462039.003  1462055.001  1463836.003
  1630:  1465129.005  1465219.009  1465921.001  1469810.003  1469833.001
  1635:  1470498.003  1471973.001  1472717.003  1472772.001  1474893.003
  1640:  1476017.001  1476182.003  1485767.005  1485779.009  1486805.001
  1645:  1487207.003  1487270.001  1488265.003  1488284.001  1489747.003
  1650:  1490392.005  1490443.009  1490458.005  1490474.009  1490966.001
  1655:  1491058.003  1491077.001  1494195.003  1494213.001  1494279.003
  1660:  1495688.005  1495881.009  1497272.001  1499310.003  1499322.001
B:
     0:        0.000      677.000        0.000      676.000        0.000
     5:      140.000        0.000        0.000        0.000      140.000
    10:        0.000        1.000        0.000        1.000        0.000
    15:        0.000       10.000        0.000       10.000        0.000
    20:        0.000        0.000        0.000        0.000        0.000
    25:        0.000       10.000        0.000        0.000        0.000
    30:        0.000
D:
     0:  1542946.000  1542263.000  1542251.000
E:
     0:     4500.000     4500.000
T:
     0:        0.000        0.000        0.000        0.000
W:
     0:        2.000        0.000        0.000
