File: C:\MED-PC IV\Data\Reyes\AW\AW1044.999


Start Date: 08/21/24
End Date: 08/21/24
Subject: 44
Experiment: AW
Group: EXP10
Box: 6
Start Time: 14:23:41
End Time: 15:13:41
MSN: DRRD_exp_10
C:       0.000
F:       0.000
G:       0.000
H:       1.000
I:       0.000
J:       0.000
K:   10000.000
L:       0.000
M:       0.000
N:       0.000
O:       0.000
P:       0.000
Q:       0.000
R:       0.000
S:       0.000
U: 3914889.000
V:       0.000
X:       0.000
Y:    1335.000
Z:       0.000
A:
     0:     1213.005     1248.009     1258.005     1278.009     1355.005
     5:     1654.009     1722.005     1767.009     1850.005     1858.009
    10:    11007.005    11609.009    11622.005    11640.009    11789.005
    15:    12300.009    12456.005    13699.009    14135.005    14232.009
    20:    14478.005    15000.013    15000.011    15139.009    15417.005
    25:    15628.009    15773.005    15793.009    16545.001    16564.003
    30:    16647.001    17640.003    17652.001    18023.003    18087.001
    35:    18159.003    18210.001    18365.003    18387.001    18658.003
    40:    18711.001    20667.003    20790.005    21101.009    21266.005
    45:    21357.009    21934.001    25501.003    25514.001    25631.003
    50:    25772.005    26343.009    26873.001    27223.003    27315.001
    55:    27899.003    27931.001    31087.003    31100.001    31685.003
    60:    31713.001    31921.003    32858.005    33231.009    33641.001
    65:    33688.003    33800.001    33884.003    34052.001    34580.003
    70:    34618.001    39047.003    40247.001    40376.003    40448.001
    75:    44262.003    45261.001    49258.003    49278.001    50747.003
    80:    50767.001    50937.003    52178.005    52833.009    52889.005
    85:    52903.009    52930.005    53115.009    53217.005    53359.009
    90:    54208.005    54280.009    54328.005    54497.009    55432.005
    95:    56357.009    56876.005    57576.009    57711.005    57734.009
   100:    57744.005    59092.009    59231.005    59463.009    59934.005
   105:    60988.009    61585.001    61825.003    62011.001    65724.003
   110:    66643.001    66734.003    67581.001    72022.003    72101.005
   115:    72512.009    72584.005    73002.009    73607.001    73678.003
   120:    73803.001    78803.018    79350.003    79356.016    79406.026
   125:    79488.005    80042.009    82324.001    82401.003    82736.001
   130:    83265.003    83306.001    86763.003    93338.001    93534.003
   135:    93582.001    94130.003    94180.001    94659.003    94705.001
   140:    98436.003    99017.001   103183.003   104397.001   104774.003
   145:   104932.001   108900.003   108911.001   109813.003   113532.001
   150:   115302.003   115341.001   115384.003   116000.001   117571.003
   155:   117620.001   117881.003   117923.001   118531.003   118577.001
   160:   118672.003   118713.001   122306.003   123209.005   123221.009
   165:   123237.005   123484.009   123923.001   123952.003   124117.001
   170:   129117.018   129736.003   129742.016   129792.026   129885.005
   175:   130957.009   133943.005   133989.009   134498.001   139367.003
   180:   140291.005   140629.009   140950.001   145950.018   146291.003
   185:   146297.016   146347.026   146407.005   147156.009   149440.001
   190:   151445.003   151459.001   154236.003   156895.001   161895.018
   195:   163385.003   163391.016   163441.026   163575.005   164053.009
   200:   164188.005   164216.009   165203.005   165219.009   166053.001
   205:   170124.003   171305.001   171780.003   171827.001   172663.003
   210:   172714.001   172917.003   172961.001   173270.003   173326.001
   215:   173743.003   173758.001   177389.003   179808.001   184808.018
   220:   185817.003   185823.016   185854.001   185873.026   185933.003
   225:   186002.005   186782.009   189022.005   189046.009   189566.001
   230:   191851.003   191908.001   196070.003   196532.005   196777.009
   235:   197053.001   202053.018   203544.003   203550.016   203600.026
   240:   203735.005   204250.009   204273.005   204305.009   204385.005
   245:   204442.009   206403.001   207381.003   207407.001   211941.003
   250:   213779.001   215118.003   215165.001   219589.003   220352.005
   255:   220476.009   225330.001   230330.018   231591.003   231597.016
   260:   231647.026   231866.005   232605.009   234826.001   239826.018
   265:   240415.003   240421.016   240471.026   240543.005   241406.009
   270:   242835.001   247835.018   248609.003   248615.016   248665.026
   275:   248821.005   249409.009   251284.001   255657.003   255796.005
   280:   256132.009   256603.001   261603.018   263142.003   263148.016
   285:   263198.026   263335.005   263576.009   265624.001   265969.003
   290:   266111.001   270122.003   270133.001   270724.003   270749.001
   295:   271898.003   274904.001   279779.003   279795.001   280791.003
   300:   282414.001   287414.018   288395.003   288401.016   288451.026
   305:   288554.005   289481.009   289524.005   289802.009   292156.001
   310:   297156.018   298108.003   298114.016   298164.026   298278.005
   315:   298942.009   298996.005   299067.009   300540.001   303276.003
   320:   303348.001   307605.003   308058.005   308107.009   308166.005
   325:   308644.009   309000.001   314000.018   315177.003   315183.016
   330:   315233.026   315536.005   316104.009   318208.001   323208.018
   335:   323231.003   323237.016   323250.001   323287.026   323396.003
   340:   323450.005   324608.009   328169.001   331208.003   331461.001
   345:   334736.003   337235.005   337514.009   338002.001   343002.018
   350:   343829.003   343835.016   343885.026   343960.005   344614.009
   355:   344626.005   344669.009   344711.005   344763.009   345724.001
   360:   346393.003   346434.001   351034.003   352585.001   354715.003
   365:   354782.001   354953.003   355015.001   355139.003   355192.001
   370:   358345.003   362191.001   365439.003   365471.001   368612.003
   375:   370488.001   375488.018   375890.003   375896.016   375946.026
   380:   376075.005   376766.009   377943.005   377962.009   378502.001
   385:   381709.003   382155.001   384688.003   384700.001   385654.003
   390:   390872.005   390898.009   391447.001   396447.018   396653.003
   395:   396659.016   396709.026   396831.005   397893.009   397924.005
   400:   398009.009   401395.001   406395.018   406719.003   406725.016
   405:   406775.026   406968.005   407584.009   409374.001   412936.003
   410:   412951.001   413339.003   413368.001   413995.003   418321.005
   415:   418370.009   418479.005   418543.009   419123.001   424123.018
   420:   424697.003   424703.016   424753.026   424930.005   425726.009
   425:   430064.005   430121.009   430830.001   435830.018   436285.003
   430:   436291.016   436341.026   436473.005   437105.009   438832.001
   435:   440815.003   440829.001   443070.003   445606.001   447883.003
   440:   447927.001   450984.003   452677.001   457677.018   458505.003
   445:   458511.016   458561.026   458737.005   459534.009   463686.001
   450:   464745.003   464799.001   465149.003   465170.001   468189.003
   455:   469873.001   470022.003   470205.001   470710.003   470748.001
   460:   471012.003   471049.001   471469.003   471540.001   474932.003
   465:   490913.001   495913.018   496378.003   496384.016   496434.026
   470:   496584.005   497103.009   497134.005   497157.009   497237.005
   475:   497382.009   497411.005   497623.009   497631.005   497828.009
   480:   498333.005   498368.009   498371.005   498422.009   498425.005
   485:   498435.009   498661.005   499384.009   499482.005   499489.009
   490:   499497.005   501205.009   502897.001   507539.003   510140.001
   495:   510186.003   510290.001   512079.003   512113.001   515381.003
   500:   517335.001   517470.003   517516.001   518339.003   518402.001
   505:   519001.003   519036.001   521394.003   521465.001   521881.003
   510:   522246.005   522986.009   523748.001   528748.018   528903.003
   515:   528909.016   528959.026   529097.005   529493.009   532756.001
   520:   537720.003   538781.005   538839.009   540315.001   542767.003
   525:   542839.001   546359.003   547808.001   552808.018   553312.003
   530:   553318.016   553368.026   553460.005   554124.009   556422.001
   535:   561422.018   561869.003   561875.016   561925.026   562131.005
   540:   562877.009   565608.001   570449.003   571842.001   576842.018
   545:   577839.003   577845.016   577895.026   578040.005   578435.009
   550:   578438.005   578671.009   578725.005   578796.009   579464.005
   555:   579496.009   580364.001   585364.018   585653.003   585659.016
   560:   585709.026   585889.005   586469.009   586558.005   586624.009
   565:   589797.001   594797.018   596040.003   596046.016   596096.026
   570:   596276.005   597229.009   597261.005   597597.009   598620.005
   575:   598634.009   599393.001   604393.018   604544.003   604550.016
   580:   604565.001   604600.026   604822.003   604942.005   605498.009
   585:   605605.005   605653.009   605740.005   605818.009   606813.001
   590:   611353.003   612875.001   617875.018   618547.003   618553.016
   595:   618603.026   618816.005   619700.009   621634.001   626634.018
   600:   627234.003   627240.016   627290.026   627518.005   628340.009
   605:   631955.001   636234.003   637120.005   637177.009   637877.001
   610:   640623.003   640689.001   640740.003   640813.001   641224.003
   615:   641278.001   644119.003   645114.005   645201.009   645231.005
   620:   645265.009   646920.001   649069.003   649157.001   652579.003
   625:   653573.001   658573.018   659059.003   659065.016   659115.026
   630:   659261.005   659945.009   661404.001   666296.003   667571.001
   635:   669865.003   669913.001   673994.003   674728.005   674783.009
   640:   675764.001   680764.018   682082.003   682088.016   682138.026
   645:   682245.005   682775.009   682780.005   682851.009   684973.001
   650:   689973.018   690503.003   690509.016   690522.001   690559.026
   655:   690697.003   690781.005   691463.009   694132.001   699132.018
   660:   700811.003   700817.016   700867.026   701063.005   701808.009
   665:   703214.001   708214.018   708900.003   708906.016   708956.026
   670:   709133.005   709588.009   709659.005   709676.009   709815.005
   675:   709874.009   714484.001   719484.018   721002.003   721008.016
   680:   721058.026   721240.005   722457.009   727641.001   732641.018
   685:   734215.003   734221.016   734271.026   734361.005   734780.009
   690:   738325.001   743325.018   743373.003   743379.016   743429.026
   695:   743633.005   744147.009   744281.005   744311.009   745979.001
   700:   750979.018   752110.003   752116.016   752166.026   752293.005
   705:   752605.009   752673.005   752691.009   752885.005   752925.009
   710:   754118.001   759118.018   760356.003   760362.016   760412.026
   715:   760556.005   763379.009   764643.001   769643.018   771117.003
   720:   771123.016   771173.026   771338.005   773212.009   773506.005
   725:   773522.009   773529.005   775349.009   775375.005   775858.009
   730:   775892.005   775900.009   777814.005   777849.009   778423.001
   735:   783423.018   784339.003   784345.016   784395.026   784608.005
   740:   785371.009   785473.005   785494.009   786821.001   791821.018
   745:   792917.003   792923.016   792933.001   792973.026   793095.003
   750:   793158.005   793530.009   793680.005   793743.009   794901.001
   755:   799901.018   800454.003   800460.016   800510.026   800725.005
   760:   801099.009   801135.005   801202.009   803749.001   808749.018
   765:   810306.003   810312.016   810362.026   810511.005   811379.009
   770:   813459.001   818459.018   820778.003   820784.016   820834.026
   775:   820982.005   821257.009   821306.005   821320.009   821394.005
   780:   821446.009   822797.001   824671.003   824703.001   829241.003
   785:   830154.005   830195.009   831000.001   836000.018   838068.003
   790:   838074.016   838124.026   838268.005   838735.009   838809.005
   795:   838857.009   838874.005   838903.009   839903.001   844903.018
   800:   846191.003   846197.016   846247.026   846382.005   847173.009
   805:   847227.005   847284.009   849349.001   854349.018   855469.003
   810:   855475.016   855525.026   855724.005   856031.009   856039.005
   815:   856065.009   859089.001   864089.018   864871.003   864877.016
   820:   864927.026   865135.005   866154.009   868810.001   871478.003
   825:   873834.001   878333.003   879944.001   883608.003   889424.001
   830:   892607.003   918386.001   923386.018   924173.003   924179.016
   835:   924229.026   924348.005   924724.009   924961.005   925022.009
   840:   927171.005   927182.009   927685.001   932685.018   933188.003
   845:   933194.016   933244.026   933370.005   933749.009   935561.001
   850:   940561.018   940888.003   940894.016   940944.026   941134.005
   855:   941725.009   946083.001   951083.018   951628.003   951634.016
   860:   951684.026   951974.005   952707.009   954127.001   959127.018
   865:   959964.003   959970.016   960020.026   960231.005   961393.009
   870:   962179.001   967179.018   967331.003   967337.016   967387.026
   875:   967602.005   968143.009   968270.005   968285.009   969511.001
   880:   974511.018   974851.003   974857.016   974907.026   975143.005
   885:   975572.009   975582.005   975621.009   975689.005   975730.009
   890:   975872.005   975882.009   976668.001   981260.003   982550.001
   895:   987550.018   987858.003   987864.016   987883.001   987914.026
   900:   988038.003   988116.005   988888.009   988903.005   988915.009
   905:   988953.005   988964.009   990740.001   995740.018   996472.003
   910:   996478.016   996528.026   996633.005   997242.009   997266.005
   915:   997614.009   998586.001  1003586.018  1003672.003  1003678.016
   920:  1003728.026  1003964.005  1004390.009  1004400.005  1004525.009
   925:  1004574.005  1004659.009  1005589.001  1010232.003  1011264.005
   930:  1011312.009  1011775.001  1016775.018  1017944.003  1017950.016
   935:  1018000.026  1018177.005  1019205.009  1021744.005  1021778.009
   940:  1022403.001  1027403.018  1028528.003  1028534.016  1028584.026
   945:  1028700.005  1029209.009  1030789.001  1035789.018  1037712.003
   950:  1037718.016  1037768.026  1037953.005  1038593.009  1038705.005
   955:  1038728.009  1040488.001  1043654.003  1043672.001  1045438.003
   960:  1046268.005  1046281.009  1046813.001  1051071.003  1051092.001
   965:  1051276.003  1053290.001  1058290.018  1058321.003  1058327.016
   970:  1058377.026  1058503.005  1059230.009  1061534.001  1066534.018
   975:  1067498.003  1067504.016  1067554.026  1067698.005  1068112.009
   980:  1068175.005  1068185.009  1068268.005  1068349.009  1070030.001
   985:  1071557.003  1071688.001  1076688.018  1076703.003  1076709.016
   990:  1076759.026  1076894.005  1077622.009  1077634.005  1077869.009
   995:  1078979.001  1083979.018  1086549.003  1086555.016  1086605.026
  1000:  1086841.005  1087871.009  1088586.005  1088619.009  1088762.005
  1005:  1089160.009  1089186.005  1089299.009  1089859.001  1094859.018
  1010:  1096720.003  1096726.016  1096776.026  1096986.005  1097739.009
  1015:  1098758.005  1098804.009  1098837.005  1098879.009  1098908.005
  1020:  1098943.009  1099953.001  1104953.018  1105114.003  1105120.016
  1025:  1105170.026  1105388.005  1105770.009  1105777.005  1105825.009
  1030:  1105977.005  1106047.009  1106135.005  1106216.009  1108776.001
  1035:  1113776.018  1115120.003  1115126.016  1115176.026  1115363.005
  1040:  1116324.009  1119657.001  1122884.003  1122939.001  1126125.003
  1045:  1127721.001  1132721.018  1133483.003  1133489.016  1133493.001
  1050:  1133539.026  1133689.003  1133773.005  1134222.009  1134378.005
  1055:  1134402.009  1136105.001  1136135.003  1136178.001  1141178.018
  1060:  1143777.003  1143783.016  1143833.026  1143929.005  1144537.009
  1065:  1144644.005  1144725.009  1144769.005  1144807.009  1146488.001
  1070:  1151488.018  1153012.003  1153018.016  1153068.026  1153264.005
  1075:  1153840.009  1155472.001  1160472.018  1161993.003  1161999.016
  1080:  1162049.026  1162270.005  1162924.009  1162981.005  1163048.009
  1085:  1163106.005  1163170.009  1164901.001  1169901.018  1170454.003
  1090:  1170460.016  1170510.026  1170744.005  1171650.009  1171677.005
  1095:  1171823.009  1171959.005  1172152.009  1172231.005  1172278.009
  1100:  1173295.005  1173305.009  1173951.001  1178951.018  1180852.003
  1105:  1180858.016  1180908.026  1181078.005  1181466.009  1181495.005
  1110:  1181536.009  1185465.001  1190465.018  1192193.003  1192199.016
  1115:  1192249.026  1192439.005  1192925.009  1194595.001  1198721.003
  1120:  1198737.001  1200614.003  1201672.001  1203058.003  1203083.001
  1125:  1206744.003  1207351.005  1207429.009  1207507.005  1207699.009
  1130:  1208550.001  1213050.003  1214238.005  1215114.009  1216287.001
  1135:  1221287.018  1221989.003  1221995.016  1222045.026  1222147.005
  1140:  1222751.009  1226146.005  1226194.009  1226838.001  1231838.018
  1145:  1233730.003  1233736.016  1233786.026  1233992.005  1234849.009
  1150:  1235012.005  1235101.009  1235137.005  1235290.009  1235413.005
  1155:  1235415.009  1235430.005  1235433.009  1235435.005  1235443.009
  1160:  1235463.005  1235528.009  1235651.005  1235724.009  1236405.001
  1165:  1241405.018  1242975.003  1242981.016  1243031.026  1243239.005
  1170:  1244302.009  1244488.005  1244628.009  1246603.005  1246637.009
  1175:  1246695.005  1246725.009  1246763.005  1246812.009  1246876.005
  1180:  1247057.009  1248004.001  1253004.018  1254666.003  1254672.016
  1185:  1254722.026  1254974.005  1255522.009  1255566.005  1255666.009
  1190:  1259065.001  1264065.018  1265309.003  1265315.016  1265365.026
  1195:  1265577.005  1266360.009  1270667.001  1275667.018  1276878.003
  1200:  1276884.016  1276934.026  1277140.005  1278115.009  1282565.001
  1205:  1287565.018  1290018.003  1290024.016  1290074.026  1290211.005
  1210:  1290872.009  1295471.001  1300471.018  1300690.003  1300696.016
  1215:  1300746.026  1300912.005  1301215.009  1308095.001  1313095.018
  1220:  1314190.003  1314196.016  1314246.026  1314435.005  1315347.009
  1225:  1315382.005  1315409.009  1316797.005  1316845.009  1316999.005
  1230:  1317028.009  1317473.001  1322473.018  1323331.003  1323337.016
  1235:  1323387.026  1323514.005  1324386.009  1326845.001  1331749.003
  1240:  1332538.005  1332578.009  1333063.001  1334788.003  1336197.001
  1245:  1336362.003  1339690.001  1343266.003  1344146.005  1344208.009
  1250:  1354395.001  1359202.003  1365774.001  1367866.003  1367911.001
  1255:  1371210.003  1376206.001  1381206.018  1381534.003  1381540.016
  1260:  1381590.026  1381777.005  1382199.009  1382376.005  1382446.009
  1265:  1382525.005  1382821.009  1386909.001  1391909.018  1393475.003
  1270:  1393481.016  1393531.026  1393693.005  1394389.009  1394418.005
  1275:  1394425.009  1398033.005  1398136.009  1398784.001  1403784.018
  1280:  1405699.003  1405705.016  1405755.026  1405921.005  1406599.009
  1285:  1406678.005  1406759.009  1409112.001  1411839.003  1411869.001
  1290:  1411910.003  1411926.001  1414680.003  1414697.001  1415265.003
  1295:  1420479.001  1425479.018  1426848.003  1426854.016  1426904.026
  1300:  1427056.005  1427671.009  1432076.001  1436440.003  1437738.005
  1305:  1437742.009  1437760.005  1437841.009  1444162.001  1449162.018
  1310:  1451225.003  1451231.016  1451281.026  1451467.005  1451997.009
  1315:  1457261.001  1462261.018  1462620.003  1462626.016  1462676.026
  1320:  1462851.005  1463715.009  1471713.001  1476713.018  1479367.003
  1325:  1479373.016  1479423.026  1479605.005  1480037.009  1484371.001
  1330:  1488645.003  1488659.001  1489950.003  1494899.001  1499899.018
B:
     0:        0.000      262.000        0.000      261.000        0.000
     5:      262.000        0.000        0.000        0.000      262.000
    10:        0.000        1.000        0.000        1.000        0.000
    15:        0.000       95.000        0.000       96.000        0.000
    20:        0.000        0.000        0.000        0.000        0.000
    25:        0.000       95.000        0.000        0.000        0.000
    30:        0.000
D:
     0:  5414894.000  5409788.000  5404839.000
E:
     0:     5000.000     5000.000
T:
     0:        0.000        0.000        0.000        0.000
W:
     0:        2.000        0.000        0.000
