File: C:\MED-PC IV\Data\Reyes\AW\AW1047.999


Start Date: 08/22/24
End Date: 08/22/24
Subject: 47
Experiment: AW
Group: LINEAR
Box: 3
Start Time: 15:37:38
End Time: 16:27:39
MSN: DRRD_lin
C:       0.000
F:       0.000
G:       0.000
H:       0.000
I:       0.000
J:       0.000
K:    7500.000
L:       0.000
M:       0.000
N:       0.000
O:       0.000
P:       0.000
Q:       0.000
R:       0.000
S:       0.000
U:   53323.000
V:       0.000
X:       0.000
Y:    1920.000
Z:       0.000
A:
     0:     1517.005     1580.009     5145.001     5162.003     6059.005
     5:     6120.009     7671.005     7688.009     7691.005     7872.009
    10:    10985.005    11003.009    11453.005    11604.009    11616.005
    15:    11640.009    13911.005    13917.009    13933.005    13956.009
    20:    15000.013    15000.011    15318.001    15388.003    15574.001
    25:    15669.003    15710.001    15956.003    15964.001    16448.003
    30:    16470.001    16773.003    16865.001    17328.003    17333.001
    35:    18126.003    18418.001    18799.003    18826.001    18907.003
    40:    18914.001    19146.003    19163.001    22913.018    23705.003
    45:    23711.016    23761.026    23773.001    23819.003    23932.005
    50:    24708.009    26030.001    26250.003    26280.001    26492.003
    55:    26533.001    26741.003    26753.001    27159.003    27181.001
    60:    27293.003    27315.001    27462.003    27603.001    28282.003
    65:    28304.001    28380.003    28415.001    31862.003    33009.001
    70:    33090.003    33207.001    36957.018    37654.003    37660.016
    75:    37710.026    37802.005    38179.009    40688.001    40905.003
    80:    41683.001    43415.003    43429.001    45672.003    46159.001
    85:    49130.003    49367.001    49447.003    49587.001    50004.003
    90:    50016.001    50857.003    50861.001    53821.003    53851.001
    95:    54135.003    54168.001    54235.003    54282.001    54331.003
   100:    54337.001    58089.018    58655.003    58661.016    58711.026
   105:    58815.005    59334.009    60677.001    60742.003    60816.001
   110:    60957.003    60995.001    61285.003    61314.001    65064.018
   115:    65375.003    65381.016    65431.026    65556.005    66342.009
   120:    66600.005    66607.009    69817.001    70707.003    70758.001
   125:    74368.003    74729.001    76223.003    76230.001    76999.003
   130:    77004.001    79069.003    79374.001    79523.003    80347.001
   135:    80398.003    80737.001    80933.003    80952.001    84702.018
   140:    85049.003    85055.016    85105.026    85206.005    85604.009
   145:    87171.001    87214.003    87229.001    87357.003    87367.001
   150:    87515.003    87542.001    87908.003    87922.001    88120.003
   155:    88131.001    89327.003    89329.001    91670.003    92356.005
   160:    92372.009    92872.001    93078.003    93086.001    93194.003
   165:    93198.001    93460.003    93527.001    93581.003    93639.001
   170:    93675.003    93710.001    95086.003    95111.001    95195.003
   175:    95206.001    97550.003    98078.001    98592.003    98603.001
   180:    99516.003    99525.001   100844.003   100850.001   102933.003
   185:   103506.001   104018.003   104047.001   104883.003   104896.001
   190:   105991.003   105998.001   106525.003   106557.001   107515.003
   195:   107551.001   110040.003   110539.001   110831.003   111846.001
   200:   112147.003   112189.001   112673.003   112683.001   113017.003
   205:   113025.001   113956.003   113983.001   115258.003   115277.001
   210:   116356.003   116389.001   117776.003   118595.001   119852.003
   215:   120457.001   120793.003   120806.001   122721.003   122749.001
   220:   122898.003   122910.001   123317.003   123366.001   124895.003
   225:   127284.001   127830.003   127842.001   131592.018   131764.003
   230:   131770.016   131820.026   131925.005   132486.009   133029.001
   235:   136721.003   138138.001   138500.003   138510.001   141625.003
   240:   142546.005   142570.009   146039.001   146121.003   146225.001
   245:   146379.003   146409.001   148201.003   148205.001   150186.003
   250:   151689.001   152408.003   152454.001   155366.003   156903.001
   255:   160653.018   161721.003   161727.016   161777.026   161889.005
   260:   162285.009   163828.001   164041.003   164047.001   164084.003
   265:   164090.001   164112.003   164115.001   167870.018   167927.003
   270:   167933.016   167960.001   167983.026   168048.003   168122.005
   275:   168712.009   170561.001   170983.003   171033.001   174113.003
   280:   174689.001   174759.003   174767.001   178129.003   178569.001
   285:   178646.003   178984.001   179064.003   180196.005   180458.009
   290:   182142.001   182460.003   182501.001   183509.003   183515.001
   295:   186322.003   187034.001   190784.018   190951.003   190957.016
   300:   191007.026   191138.005   191586.009   201634.001   201868.003
   305:   201893.001   202171.003   202228.001   205978.018   206045.003
   310:   206051.016   206072.001   206101.026   206173.003   206252.005
   315:   206591.009   209290.001   209686.003   209708.001   210189.003
   320:   210213.001   212490.003   212516.001   212952.003   213078.001
   325:   213295.003   213300.001   217037.003   217071.001   217320.003
   330:   218196.001   221946.018   222466.003   222472.016   222522.026
   335:   222653.005   223044.009   224980.001   228516.003   228542.001
   340:   228637.003   228996.001   229052.003   229282.001   229996.003
   345:   230371.001   233049.003   233389.001   233719.003   233729.001
   350:   236506.003   237417.001   239641.003   239643.001   242011.003
   355:   242027.001   242142.003   242188.001   243163.003   243923.001
   360:   247516.003   247754.001   247864.003   248370.001   248697.003
   365:   249160.001   252910.018   253789.003   253795.016   253845.026
   370:   253983.005   254849.009   271379.001   271523.003   271535.001
   375:   271856.003   271868.001   274163.003   274203.001   274371.003
   380:   274401.001   277121.003   277380.001   277435.003   277502.001
   385:   280901.003   282099.001   285849.018   286756.003   286762.016
   390:   286812.026   286947.005   287364.009   289394.001   289535.003
   395:   289575.001   289725.003   289737.001   291167.003   291174.001
   400:   292788.003   292865.001   293773.003   294385.001   298135.018
   405:   298596.003   298602.016   298652.026   298785.005   299605.009
   410:   301767.001   301885.003   301944.001   302038.003   302208.001
   415:   305958.018   306063.003   306069.016   306119.026   306255.005
   420:   306919.009   308690.001   309424.003   309439.001   312480.003
   425:   313270.001   314201.003   314240.001   317990.018   318078.003
   430:   318084.016   318134.026   318261.005   318665.009   318707.005
   435:   318951.009   318963.005   319050.009   319166.005   319200.009
   440:   319258.005   319611.009   320274.001   320314.003   320359.001
   445:   320611.003   321708.001   321763.003   321780.001   321908.003
   450:   321940.001   322439.003   322453.001   322467.003   322483.001
   455:   323522.003   323537.001   325913.003   326191.001   326233.003
   460:   326454.001   329900.003   329991.001   330282.003   331420.001
   465:   331465.003   331487.001   335237.018   335615.003   335621.016
   470:   335671.026   335797.005   336152.009   338338.001   342088.018
   475:   343245.003   343251.016   343301.026   343428.005   344277.009
   480:   344381.005   344962.009   346137.001   346171.003   346209.001
   485:   346499.003   346545.001   350295.018   350861.003   350867.016
   490:   350884.001   350917.026   351004.003   351085.005   351574.009
   495:   352904.001   353275.003   353284.001   354083.003   354091.001
   500:   357039.003   357407.001   360830.003   361334.001   361455.003
   505:   361572.001   364669.003   365254.001   368400.003   370009.001
   510:   373759.018   374318.003   374324.016   374374.026   374518.005
   515:   374964.009   375956.001   376089.003   376097.001   379847.018
   520:   380129.003   380135.016   380185.026   380301.005   380711.009
   525:   381692.001   383344.003   383352.001   386120.003   386650.001
   530:   390400.018   390611.003   390617.016   390667.026   390826.005
   535:   391483.009   391502.005   391516.009   391540.005   391686.009
   540:   392863.001   394517.003   394616.001   394654.003   394677.001
   545:   396795.003   397149.001   397242.003   397252.001   397639.003
   550:   397643.001   401397.018   401834.003   401840.016   401890.026
   555:   402030.005   402811.009   404677.001   405070.003   405079.001
   560:   405235.003   405293.001   405385.003   405393.001   406436.003
   565:   406445.001   407088.003   407122.001   408995.003   409405.001
   570:   413155.018   413423.003   413429.016   413479.026   413609.005
   575:   414048.009   414566.005   414619.009   415237.001   415309.003
   580:   415337.001   417291.003   417350.001   420095.003   420153.001
   585:   420270.003   420825.001   420850.003   420869.001   421693.003
   590:   421696.001   425087.003   425143.001   425356.003   425748.001
   595:   427496.003   427501.001   427589.003   427603.001   429457.003
   600:   429463.001   431285.003   431970.001   432324.003   432360.001
   605:   433530.003   433651.001   433839.003   434027.001   436654.003
   610:   438453.001   439007.003   439018.001   442719.003   443112.001
   615:   443346.003   443467.001   446049.003   447410.001   447612.003
   620:   447621.001   449689.003   449719.001   450657.003   451025.001
   625:   451217.003   451229.001   454979.018   455837.003   455843.016
   630:   455893.026   456063.005   456746.009   456906.005   456944.009
   635:   459306.001   459816.003   459972.001   460101.003   460137.001
   640:   460221.003   460333.001   463424.003   463992.001   467742.018
   645:   467928.003   467934.016   467984.026   468145.005   468528.009
   650:   469792.001   469824.003   469852.001   473602.018   473821.003
   655:   473827.016   473877.026   474004.005   474360.009   475367.001
   660:   475671.003   475675.001   476616.003   476651.001   479758.003
   665:   479766.001   481096.003   481662.001   481934.003   481984.001
   670:   485625.003   486305.001   486599.003   486610.001   487492.003
   675:   487515.001   489904.003   489930.001   490091.003   490139.001
   680:   490403.003   490817.001   491660.003   491704.001   495092.003
   685:   495514.001   495605.003   495741.001   499491.018   500936.003
   690:   500942.016   500992.026   501115.005   501530.009   502911.001
   695:   503476.003   504220.001   507970.018   508248.003   508254.016
   700:   508279.001   508304.026   508382.003   508462.005   509446.009
   705:   509663.005   510046.009   511166.001   511646.003   511699.001
   710:   512205.003   512388.001   513713.003   513719.001   515466.003
   715:   515527.001   515695.003   516138.001   519888.018   520411.003
   720:   520417.016   520467.026   520582.005   520974.009   522016.001
   725:   522667.003   522704.001   524097.003   524101.001   526491.003
   730:   527028.001   528768.003   528774.001   532217.003   533080.001
   735:   533112.003   533157.001   533532.003   533547.001   533715.003
   740:   533767.001   533947.003   534114.001   536549.003   537494.001
   745:   541244.018   541970.003   541976.016   542026.026   542151.005
   750:   542587.009   543641.001   547391.018   547439.003   547445.016
   755:   547461.001   547495.026   547599.003   547675.005   548634.009
   760:   548648.005   549424.009   549596.005   549603.009   550028.005
   765:   551666.009   551674.005   551682.009   552306.001   552532.003
   770:   552544.001   553080.003   553114.001   556776.003   557149.001
   775:   557268.003   557516.001   558329.003   558331.001   558977.003
   780:   558992.001   559012.003   559347.001   562779.003   563864.001
   785:   564057.003   564360.001   568110.018   568454.003   568460.016
   790:   568510.026   568663.005   569080.009   570224.001   570289.003
   795:   570345.001   571086.003   571091.001   574485.003   574995.001
   800:   575091.003   575099.001   575389.003   575402.001   579152.018
   805:   579581.003   579587.016   579637.026   579735.005   580577.009
   810:   587251.001   588129.003   588140.001   590421.003   590750.001
   815:   590831.003   590879.001   594629.018   594802.003   594808.016
   820:   594858.026   594978.005   595361.009   597180.001   599302.003
   825:   599415.001   601131.003   601953.001   602259.003   602265.001
   830:   604914.003   605651.001   608560.003   609223.001   609572.003
   835:   609593.001   613173.003   613251.001   613399.003   614038.001
   840:   617788.018   618034.003   618040.016   618090.026   618117.001
   845:   618172.003   618229.005   618648.009   619638.001   623388.018
   850:   624101.003   624107.016   624157.026   624268.005   624786.009
   855:   626827.001   627036.003   627041.001   630794.018   631659.003
   860:   631665.016   631715.026   631902.005   632305.009   633429.001
   865:   634129.003   634172.001   634438.003   634448.001   637822.003
   870:   637867.001   637945.003   638378.001   638518.003   638540.001
   875:   642290.018   642628.003   642634.016   642684.026   642787.005
   880:   643444.009   643756.005   643935.009   644451.001   644638.003
   885:   644641.001   648375.003   648956.001   648982.003   649004.001
   890:   652302.003   652336.001   653369.003   653405.001   653561.003
   895:   654100.001   657565.003   658449.001   658468.003   658507.001
   900:   658742.003   658759.001   662344.003   662594.001   662722.003
   905:   662810.001   664880.003   664890.001   666734.003   667495.001
   910:   670814.003   670824.001   673251.003   673798.001   673932.003
   915:   674051.001   674533.003   674548.001   676740.003   676852.001
   920:   678805.003   680737.001   681022.003   681036.001   684117.003
   925:   684826.001   685152.003   685158.001   688529.003   689299.001
   930:   693049.018   693465.003   693471.016   693521.026   693643.005
   935:   694027.009   700993.001   702114.003   702123.001   702149.003
   940:   702155.001   704531.003   704885.001   704922.003   704964.001
   945:   705015.003   705059.001   705102.003   705123.001   707005.003
   950:   707012.001   707926.003   707932.001   710377.003   710401.001
   955:   710574.003   710893.001   713740.003   713747.001   715172.003
   960:   715830.001   719538.003   720192.001   720312.003   720348.001
   965:   720973.003   721004.001   722134.003   722145.001   722981.003
   970:   722994.001   723272.003   723279.001   726813.003   726847.001
   975:   727059.003   727635.001   727716.003   727742.001   729590.003
   980:   729650.001   732384.003   733396.001   737146.018   737760.003
   985:   737766.016   737816.026   737943.005   738365.009   740027.001
   990:   740428.003   740471.001   740704.003   740766.001   741037.003
   995:   741060.001   744671.003   744699.001   744870.003   745351.001
  1000:   745409.003   745434.001   749184.018   749633.003   749639.016
  1005:   749689.026   749810.005   750279.009   751858.001   751896.003
  1010:   751947.001   755217.003   755870.001   755899.003   755929.001
  1015:   755955.003   755978.001   758175.003   758189.001   758232.003
  1020:   758259.001   759339.003   759738.001   760963.003   760965.001
  1025:   763232.003   763988.001   764132.003   764269.001   764837.003
  1030:   764861.001   768611.018   768860.003   768866.016   768916.026
  1035:   769046.005   769944.009   770113.005   770123.009   770135.005
  1040:   770366.009   771131.001   774553.003   775123.001   775218.003
  1045:   775305.001   778672.003   779451.001   779482.003   779505.001
  1050:   783255.018   783775.003   783781.016   783803.001   783831.026
  1055:   783871.003   783967.005   784818.009   787134.001   790297.003
  1060:   790827.001   790991.003   791034.001   791278.003   791316.001
  1065:   795066.018   795385.003   795391.016   795441.026   795543.005
  1070:   795956.009   796146.005   796292.009   796942.001   797406.003
  1075:   797443.001   798286.003   798529.001   799139.003   799146.001
  1080:   801061.003   801753.001   801867.003   801913.001   802070.003
  1085:   802080.001   803717.003   803721.001   806362.003   807102.001
  1090:   810852.018   811263.003   811269.016   811319.026   811431.005
  1095:   811916.009   815856.001   816145.003   816265.001   816316.003
  1100:   816532.001   816596.003   816637.001   820384.003   821052.001
  1105:   824802.018   824982.003   824988.016   825007.001   825038.026
  1110:   825114.003   825194.005   825663.009   827090.001   828453.003
  1115:   828470.001   831816.003   832384.001   832412.003   832434.001
  1120:   832669.003   832676.001   835893.003   835938.001   836169.003
  1125:   836448.001   838607.003   838620.001   842238.003   842414.001
  1130:   842536.003   842633.001   842658.003   842761.001   842854.003
  1135:   842922.001   846663.003   846680.001   847962.003   848814.001
  1140:   850532.003   850541.001   852590.003   853406.001   854818.003
  1145:   854832.001   857981.003   858654.001   862404.018   863897.003
  1150:   863903.016   863953.026   864091.005   864489.009   865912.001
  1155:   866174.003   866187.001   869235.003   870054.001   870477.003
  1160:   870499.001   871167.003   871181.001   874931.018   875137.003
  1165:   875143.016   875193.026   875309.005   875991.009   876076.005
  1170:   876104.009   876232.005   876326.009   876399.005   876433.009
  1175:   876489.005   876679.009   877195.001   880945.018   881278.003
  1180:   881284.016   881334.026   881464.005   881816.009   883675.005
  1185:   883735.009   884365.001   888115.018   888365.003   888371.016
  1190:   888405.001   888421.026   888423.017   888482.003   888553.005
  1195:   889295.009   889468.005   889743.009   891782.001   895782.018
  1200:   896138.003   896144.016   896165.001   896194.026   896251.003
  1205:   896329.005   896728.009   899068.001   899133.003   899993.001
  1210:   900491.003   900502.001   900956.003   901168.001   901299.003
  1215:   901452.001   902358.003   902364.001   905309.003   906032.001
  1220:   910032.018   910227.003   910233.016   910283.026   910419.005
  1225:   910917.009   911250.005   911310.009   913358.001   913613.003
  1230:   913638.001   917638.018   917662.003   917668.016   917718.026
  1235:   917807.005   918348.009   920375.001   920904.003   920956.001
  1240:   923629.003   923681.001   923853.003   924193.001   924267.003
  1245:   924280.001   924412.003   924444.001   924598.003   924614.001
  1250:   927347.003   928238.001   928373.003   928406.001   929283.003
  1255:   929299.001   931316.003   932070.001   932130.003   932163.001
  1260:   934958.003   935749.001   939749.018   939779.003   939785.016
  1265:   939835.026   940002.005   940431.009   943235.001   943560.003
  1270:   943623.001   946923.003   947282.005   947374.009   947767.001
  1275:   948311.003   948337.001   949321.003   949343.001   951872.003
  1280:   952716.001   955142.003   955148.001   957381.003   957435.001
  1285:   957545.003   958264.001   962264.018   962765.003   962771.016
  1290:   962821.026   962822.001   962883.003   962964.005   963429.009
  1295:   964852.001   965663.003   965672.001   968980.003   969677.001
  1300:   969770.003   969780.001   972734.003   972772.001   972982.003
  1305:   973030.001   973089.003   973280.001   976490.003   976502.001
  1310:   977748.003   977801.001   978005.003   978674.001   982674.018
  1315:   983212.003   983218.016   983251.001   983268.026   983330.003
  1320:   983419.005   983805.009   985772.001   986036.003   986052.001
  1325:   987047.003   987060.001   989521.003   990521.001   994521.018
  1330:   995325.003   995331.016   995381.026   995571.005   996294.009
  1335:   996315.005   996344.009   996415.005   996438.009   996465.005
  1340:   996481.009   996598.005   996729.009   996753.005   996773.009
  1345:   997242.001  1000739.003  1000782.001  1000961.003  1001476.001
  1350:  1001701.003  1001717.001  1005089.003  1006208.001  1006286.003
  1355:  1006297.001  1010297.018  1010576.003  1010582.016  1010632.026
  1360:  1010731.005  1011174.009  1012047.001  1016047.018  1016655.003
  1365:  1016661.016  1016711.026  1016853.005  1017692.009  1017693.005
  1370:  1017727.009  1019106.001  1023106.018  1024373.003  1024379.016
  1375:  1024429.026  1024431.017  1024515.005  1024985.009  1026355.001
  1380:  1026812.003  1026838.001  1031088.018  1031217.003  1031223.016
  1385:  1031259.001  1031273.026  1031325.003  1031405.005  1031956.009
  1390:  1031964.005  1031992.009  1034746.001  1038996.018  1039859.003
  1395:  1039865.016  1039915.026  1040062.005  1040641.009  1043784.001
  1400:  1043981.003  1044008.001  1044109.003  1044161.001  1047696.003
  1405:  1048371.001  1052621.018  1052852.003  1052858.016  1052908.026
  1410:  1052914.001  1052995.003  1053059.005  1053504.009  1054900.001
  1415:  1059150.018  1059511.003  1059517.016  1059567.026  1059711.005
  1420:  1060125.009  1061719.001  1062719.003  1062726.001  1066809.003
  1425:  1066848.001  1067071.003  1067356.001  1067400.003  1067419.001
  1430:  1071669.018  1072250.003  1072256.016  1072306.026  1072460.005
  1435:  1072911.009  1073125.005  1073152.009  1073170.005  1073222.009
  1440:  1073230.005  1073344.009  1073366.005  1073449.009  1074308.001
  1445:  1075269.003  1075298.001  1078502.003  1078740.001  1079534.003
  1450:  1079890.001  1079939.003  1080068.001  1084189.003  1084581.001
  1455:  1084907.003  1085559.001  1089809.018  1090860.003  1090866.016
  1460:  1090916.026  1091031.005  1091409.009  1094543.001  1094568.003
  1465:  1094678.001  1094770.003  1094787.001  1098015.003  1098062.001
  1470:  1098204.003  1098675.001  1102306.003  1102366.001  1102527.003
  1475:  1103018.001  1107268.018  1107444.003  1107450.016  1107495.001
  1480:  1107500.026  1107547.003  1107630.005  1108188.009  1108825.005
  1485:  1108838.009  1109877.001  1113196.003  1113224.001  1113426.003
  1490:  1113753.001  1117766.003  1118468.001  1118817.003  1118828.001
  1495:  1121353.003  1122192.001  1125629.003  1125680.001  1125851.003
  1500:  1126078.001  1129875.003  1132268.001  1132562.003  1132598.001
  1505:  1136805.003  1137636.001  1137776.003  1137800.001  1141295.003
  1510:  1141299.001  1142298.003  1142760.001  1143268.003  1143669.001
  1515:  1147919.018  1148019.003  1148025.016  1148075.026  1148201.005
  1520:  1149046.009  1151287.001  1151402.003  1151420.001  1152246.003
  1525:  1152256.001  1152631.003  1152661.001  1153271.003  1153275.001
  1530:  1155327.003  1155972.001  1160109.003  1160144.001  1160366.003
  1535:  1160780.001  1161161.003  1161189.001  1161563.003  1161599.001
  1540:  1164652.003  1165324.001  1166637.003  1166655.001  1170347.003
  1545:  1171285.001  1175535.018  1175773.003  1175779.016  1175829.026
  1550:  1175976.005  1176384.009  1177558.001  1177913.003  1177927.001
  1555:  1182077.003  1182985.001  1183027.003  1183171.001  1183228.003
  1560:  1183291.001  1187541.018  1187731.003  1187737.016  1187787.026
  1565:  1187795.001  1187855.003  1187899.005  1188519.009  1188657.005
  1570:  1188741.009  1188763.005  1188860.009  1188863.005  1189349.009
  1575:  1189441.005  1189460.009  1190250.001  1190435.003  1190461.001
  1580:  1194711.018  1194726.003  1194732.016  1194782.026  1194902.005
  1585:  1195128.009  1195204.005  1195215.009  1196181.005  1196342.009
  1590:  1210146.001  1210254.003  1210325.001  1210621.003  1210661.001
  1595:  1213662.003  1213794.001  1217613.003  1218037.001  1220489.003
  1600:  1220499.001  1224749.018  1225493.003  1225499.016  1225549.026
  1605:  1225661.005  1226360.009  1230443.005  1230454.009  1230458.005
  1610:  1230470.009  1231608.001  1232052.003  1232079.001  1232364.003
  1615:  1232407.001  1236359.003  1236774.001  1236875.003  1236937.001
  1620:  1237037.003  1237105.001  1241355.018  1241772.003  1241778.016
  1625:  1241828.026  1241925.005  1242346.009  1246859.001  1246897.003
  1630:  1246944.001  1247407.003  1247462.001  1251007.003  1251329.001
  1635:  1251751.003  1251874.001  1252170.003  1252206.001  1255743.003
  1640:  1256115.001  1256180.003  1256393.001  1256428.003  1256461.001
  1645:  1257065.003  1257104.001  1257657.003  1257689.001  1260186.003
  1650:  1260449.001  1260846.003  1262387.001  1262524.003  1262566.001
  1655:  1262908.003  1262927.001  1263174.003  1263231.001  1267481.018
  1660:  1267596.003  1267602.016  1267652.026  1267756.005  1268514.009
  1665:  1272109.001  1272229.003  1272272.001  1272431.003  1272471.001
  1670:  1272604.003  1272631.001  1272798.003  1272807.001  1276095.003
  1675:  1277208.001  1277353.003  1277369.001  1281390.003  1283791.001
  1680:  1287204.003  1287484.001  1288348.003  1288875.001  1288926.003
  1685:  1289044.001  1289084.003  1289116.001  1293127.003  1294522.001
  1690:  1295191.003  1295502.001  1299431.003  1301397.001  1304779.003
  1695:  1306342.001  1306495.003  1306550.001  1306612.003  1306741.001
  1700:  1307046.003  1307114.001  1309572.003  1309586.001  1310674.003
  1705:  1311669.001  1311697.003  1311805.001  1313485.003  1313487.001
  1710:  1315628.003  1316143.001  1316275.003  1319052.001  1323073.003
  1715:  1324138.001  1328388.018  1330056.003  1330062.016  1330112.026
  1720:  1330227.005  1331110.009  1331114.005  1331165.009  1331191.005
  1725:  1331283.009  1332550.001  1332912.003  1333108.001  1333210.003
  1730:  1333258.001  1337232.003  1337273.001  1337472.003  1337932.001
  1735:  1342144.003  1343046.001  1343073.003  1343110.001  1343278.003
  1740:  1343294.001  1347544.018  1347590.003  1347596.016  1347598.001
  1745:  1347646.026  1348584.003  1350628.001  1350931.003  1350942.001
  1750:  1354930.003  1354995.001  1355117.003  1355306.001  1355498.003
  1755:  1355583.001  1359257.003  1359292.001  1360519.003  1360574.001
  1760:  1360865.003  1361391.001  1361605.003  1361608.001  1362189.003
  1765:  1362213.001  1365522.003  1366503.001  1370292.003  1371667.001
  1770:  1375786.003  1375826.001  1376048.003  1376697.001  1380525.003
  1775:  1381352.001  1381414.003  1381438.001  1385013.003  1385077.001
  1780:  1385342.003  1385888.001  1385949.003  1385960.001  1389827.003
  1785:  1390658.001  1394690.003  1396284.001  1396419.003  1396452.001
  1790:  1397293.003  1397312.001  1398212.003  1398220.001  1402074.003
  1795:  1402813.001  1403127.003  1403193.001  1407166.003  1407225.001
  1800:  1407435.003  1408267.001  1408493.003  1408543.001  1409053.003
  1805:  1409078.001  1410685.003  1410715.001  1411861.003  1413553.001
  1810:  1413911.003  1413954.001  1416480.003  1416484.001  1416860.003
  1815:  1416874.001  1417522.003  1417530.001  1419373.003  1419417.001
  1820:  1419632.003  1420018.001  1420279.003  1420329.001  1420598.003
  1825:  1420630.001  1422864.003  1422881.001  1424245.003  1424311.001
  1830:  1424509.003  1425081.001  1428791.003  1428814.001  1429976.003
  1835:  1430320.001  1430608.003  1430676.001  1434926.018  1435196.003
  1840:  1435202.016  1435252.026  1435384.005  1435874.009  1445037.005
  1845:  1445139.009  1446375.001  1447163.003  1447168.001  1447753.003
  1850:  1447867.001  1449273.003  1449365.001  1450984.003  1451348.001
  1855:  1454045.003  1454078.001  1456389.003  1456433.001  1456629.003
  1860:  1456947.001  1460090.003  1460521.001  1460641.003  1462220.001
  1865:  1465323.003  1465367.001  1465616.003  1465660.001  1465815.003
  1870:  1465984.005  1466145.009  1466838.001  1467391.003  1467522.001
  1875:  1467856.003  1468525.001  1468902.003  1469247.001  1469683.003
  1880:  1469694.001  1473767.003  1474354.005  1474503.009  1474974.001
  1885:  1479224.018  1479679.003  1479685.016  1479696.001  1479735.026
  1890:  1479806.003  1479880.005  1480621.009  1480677.005  1480682.009
  1895:  1480701.005  1480816.009  1481325.005  1482624.009  1482767.005
  1900:  1482779.009  1483607.005  1483728.009  1485298.001  1488523.003
  1905:  1488563.001  1488869.003  1489271.001  1489356.003  1489358.001
  1910:  1489585.003  1489632.001  1491043.003  1491052.001  1492919.003
  1915:  1492985.001  1493171.003  1493972.001  1497685.003  1498425.001
B:
     0:        0.000      693.000        0.000      692.000        0.000
     5:      147.000        0.000        0.000        0.000      147.000
    10:        0.000        1.000        0.000        1.000        0.000
    15:        0.000       79.000        2.000       79.000        0.000
    20:        0.000        0.000        0.000        0.000        0.000
    25:        0.000       79.000        0.000        0.000        0.000
    30:        0.000
D:
     0:  1553328.000  1551748.000  1551008.000
E:
     0:     3750.000     4250.000
T:
     0:        0.000        0.000        0.000        0.000
W:
     0:        2.000        0.000        0.000
