File: C:\MED-PC IV\Data\Reyes\AW\AW1049.999


Start Date: 08/24/24
End Date: 08/24/24
Subject: 49
Experiment: AW
Group: EXP20
Box: 5
Start Time: 15:37:58
End Time: 16:27:58
MSN: DRRD_exp_20
C:       0.000
F:       0.000
G:       0.000
H:       0.000
I:       0.000
J:       0.000
K:   10000.000
L:       0.000
M:       0.000
N:       0.000
O:       0.000
P:       0.000
Q:       0.000
R:       0.000
S:       0.000
U:   63942.000
V:       0.000
X:       0.000
Y:    1556.000
Z:       0.000
A:
     0:     4001.005     4171.009     8902.005     9059.009    13330.005
     5:    13550.009    13793.005    14049.009    15000.013    15000.011
    10:    17623.001    21038.003    21234.005    21268.009    21596.001
    15:    21646.003    21675.001    21739.003    21789.001    26165.003
    20:    26563.001    26704.003    26731.001    30938.003    31253.005
    25:    31506.009    32054.001    37054.018    37084.003    37090.016
    30:    37096.001    37140.026    37245.003    37356.005    38185.009
    35:    38219.005    38238.009    38255.005    38377.009    41970.001
    40:    46970.018    47680.003    47686.016    47736.026    47817.005
    45:    48256.009    48342.005    48558.009    49905.001    50237.003
    50:    50379.001    50707.003    50736.001    51479.003    51499.001
    55:    53016.003    53042.001    54205.003    54476.005    54617.009
    60:    54956.001    55147.003    55272.001    58872.003    58885.001
    65:    61666.003    61805.005    62001.009    62831.001    67539.003
    70:    67892.005    68137.009    69391.001    69416.003    69441.001
    75:    69671.003    69744.001    74567.003    75023.005    75186.009
    80:    76478.001    76542.003    76572.001    76708.003    76775.001
    85:    77077.003    77278.001    81119.003    81139.001    82288.003
    90:    82493.005    82653.009    82795.005    83208.009    84485.001
    95:    84718.003    84794.001    85758.003    85771.001    90771.018
   100:    91484.003    91490.016    91540.026    91615.005    92600.009
   105:    92733.005    92785.009    94091.001    94316.003    94395.001
   110:    99395.018    99562.003    99568.016    99618.026    99718.005
   115:   100523.009   100543.005   100572.009   101976.001   105497.003
   120:   105520.001   106706.003   107531.001   107559.003   107614.001
   125:   107697.003   107896.001   112470.003   112845.005   112952.009
   130:   114088.001   119088.018   120843.003   120849.016   120899.026
   135:   121056.005   121788.009   121825.005   121986.009   123180.001
   140:   123229.003   123354.001   128354.018   129542.003   129548.016
   145:   129598.026   129686.005   130483.009   130512.005   130608.009
   150:   132166.001   137166.018   137743.003   137749.016   137799.026
   155:   137922.005   138595.009   138634.005   138686.009   139164.005
   160:   139195.009   139247.005   139259.009   140455.001   145455.018
   165:   146923.003   146929.016   146979.026   147088.005   148094.009
   170:   149588.001   149767.003   149827.001   154286.003   154307.001
   175:   154563.003   155730.001   160311.003   160700.005   160935.009
   180:   161037.005   161180.009   161225.005   161594.009   167025.005
   185:   167484.009   168272.001   173272.018   173659.003   173665.016
   190:   173715.026   173871.005   174303.009   175223.001   180223.018
   195:   182556.003   182562.016   182612.026   182713.005   183079.009
   200:   183242.005   183313.009   185140.001   185344.003   185395.001
   205:   185460.003   185491.001   190491.018   190827.003   190833.016
   210:   190883.026   191002.005   192218.009   192243.005   192280.009
   215:   193074.001   198074.018   200923.003   200929.016   200979.026
   220:   201081.005   202068.009   202112.005   202399.009   204097.001
   225:   209097.018   210400.003   210406.016   210456.026   210572.005
   230:   211158.009   211195.005   211242.009   212791.001   212885.003
   235:   212911.001   212982.003   213001.001   218001.018   218630.003
   240:   218636.016   218686.026   218868.005   219662.009   221138.001
   245:   221220.003   221255.001   226255.018   227757.003   227763.016
   250:   227813.026   228025.005   229272.009   229312.005   229331.009
   255:   231007.001   231090.003   231239.001   231351.003   231391.001
   260:   236391.018   237591.003   237597.016   237647.026   237794.005
   265:   238745.009   240405.001   244944.003   245387.005   245406.009
   270:   245957.001   246141.003   246290.001   251290.018   253409.003
   275:   253415.016   253465.026   253646.005   254247.009   256762.001
   280:   258953.003   258977.001   260137.003   260930.001   261267.003
   285:   261298.001   266298.018   268432.003   268438.016   268488.026
   290:   268578.005   269434.009   269508.005   269636.009   270816.001
   295:   275816.018   277462.003   277468.016   277518.026   277589.005
   300:   277985.009   278646.005   278696.009   280299.001   281568.003
   305:   281685.001   286560.003   286582.001   287591.003   287611.001
   310:   288020.003   288659.005   288760.009   290633.001   295633.018
   315:   296953.003   296959.016   297009.026   297145.005   297922.009
   320:   297966.005   298007.009   300194.001   305194.018   305726.003
   325:   305732.016   305736.001   305782.026   306306.003   306610.005
   330:   307363.009   307424.005   307913.009   309532.001   314532.018
   335:   315634.003   315640.016   315690.026   315831.005   316606.009
   340:   316642.005   316929.009   318226.001   320169.003   320743.001
   345:   325743.018   326577.003   326583.016   326633.026   326692.005
   350:   327569.009   327639.005   327676.009   327686.005   327695.009
   355:   328651.001   333651.018   335213.003   335219.016   335269.026
   360:   335432.005   336028.009   336062.005   336202.009   336359.005
   365:   336379.009   337446.001   337492.003   337547.001   337789.003
   370:   337806.001   337848.003   337870.001   342870.018   344819.003
   375:   344825.016   344875.026   345002.005   345485.009   346541.005
   380:   346552.009   348727.001   353473.003   353491.001   354670.003
   385:   354683.001   355721.003   355980.005   356103.009   356341.001
   390:   361341.018   361548.003   361554.016   361604.026   361610.001
   395:   362263.003   362348.001   362471.003   362566.005   363179.009
   400:   364552.001   369359.003   369387.001   370228.003   370293.005
   405:   370983.009   373557.001   378557.018   378695.003   378701.016
   410:   378751.026   378865.005   379532.009   379565.005   379656.009
   415:   381428.001   382147.003   382262.001   387262.018   387647.003
   420:   387653.016   387703.026   387839.005   388246.009   388247.005
   425:   388316.009   389852.001   394852.018   395800.003   395806.016
   430:   395856.026   396065.005   396857.009   396879.005   397087.009
   435:   397127.005   397260.009   397388.005   397496.009   398905.001
   440:   403905.018   404884.003   404890.016   404940.026   405066.005
   445:   405536.009   407085.001   412085.018   412337.003   412343.016
   450:   412360.001   412393.026   412576.003   412708.005   413302.009
   455:   414253.001   414678.003   414723.001   419723.018   420116.003
   460:   420122.016   420172.026   420319.005   421850.009   421894.005
   465:   422215.009   422266.005   422491.009   422552.005   422773.009
   470:   422919.005   423170.009   423977.001   424051.003   424296.001
   475:   424370.003   424531.001   424690.003   424722.001   424802.003
   480:   424910.001   429910.018   430292.003   430298.016   430348.026
   485:   430437.005   431329.009   431346.005   432025.009   432929.001
   490:   437929.018   440641.003   440647.016   440697.026   440825.005
   495:   441341.009   442485.001   447485.018   448234.003   448240.016
   500:   448290.026   448431.005   449126.009   449132.005   450034.009
   505:   451022.001   451512.003   451556.001   456556.018   458014.003
   510:   458020.016   458032.001   458070.026   458558.003   458622.005
   515:   459343.009   459366.005   459393.009   461019.001   466019.018
   520:   467887.003   467893.016   467943.026   468027.005   468735.009
   525:   470756.001   475756.018   477328.003   477334.016   477384.026
   530:   477500.005   477955.009   479226.001   479428.003   479487.001
   535:   480994.003   481009.001   486009.018   486975.003   486981.016
   540:   487031.026   487148.005   487618.009   487678.005   487732.009
   545:   488528.005   488533.009   488654.005   488740.009   489040.005
   550:   489361.009   489656.005   489940.009   489949.005   490258.009
   555:   493638.001   497938.003   497945.001   500220.003   500526.005
   560:   500617.009   500817.001   502619.003   504359.001   509072.003
   565:   509088.001   510036.003   510137.001   510240.003   510582.001
   570:   510726.003   510911.001   511065.003   511233.001   511350.003
   575:   511378.001   511756.003   512091.001   512211.003   512501.001
   580:   513045.003   513063.001   513148.003   513240.001   513555.003
   585:   513884.005   514229.009   519699.005   519727.009   519746.005
   590:   519972.009   521184.001   521742.003   521888.001   526137.003
   595:   526143.001   527947.003   528159.005   528798.009   529262.001
   600:   530976.003   530996.001   531403.003   531740.001   531789.003
   605:   531803.001   536803.018   537387.003   537393.016   537443.026
   610:   537535.005   537974.009   538376.005   538385.009   538435.005
   615:   538524.009   538545.005   538641.009   539778.001   544778.018
   620:   546039.003   546045.016   546095.026   546171.005   546691.009
   625:   546744.005   546846.009   546870.005   546872.009   547059.005
   630:   547072.009   548505.001   549448.003   549635.001   554635.018
   635:   555667.003   555673.016   555723.026   555843.005   556671.009
   640:   557170.005   557189.009   558011.001   559731.003   559895.001
   645:   564895.018   567291.003   567297.016   567347.026   567438.005
   650:   568182.009   568274.005   568346.009   569492.001   571249.003
   655:   571264.001   576264.018   576942.003   576948.016   576998.026
   660:   577112.005   577481.009   577497.005   577570.009   579213.001
   665:   584213.018   585795.003   585801.016   585851.026   585943.005
   670:   586977.009   587105.005   587128.009   588139.001   593139.018
   675:   596258.003   596264.016   596314.026   596485.005   597205.009
   680:   597906.001   598284.003   598384.001   598459.003   598814.001
   685:   603814.018   606821.003   606827.016   606877.026   607006.005
   690:   607893.009   607910.005   608085.009   608552.005   608740.009
   695:   610005.001   615005.018   618619.003   618625.016   618675.026
   700:   618815.005   619852.009   619869.005   619931.009   621944.001
   705:   626944.018   629312.003   629318.016   629368.026   629473.005
   710:   630261.009   631770.001   632457.003   632469.001   637469.018
   715:   638252.003   638258.016   638272.001   638308.026   639013.003
   720:   639126.005   639792.009   641065.001   642898.003   643322.001
   725:   648322.018   648743.003   648749.016   648799.026   648899.005
   730:   649469.009   649896.005   649912.009   649930.005   649958.009
   735:   652806.001   657806.018   658650.003   658656.016   658706.026
   740:   658839.005   659574.009   659735.005   660400.009   661066.001
   745:   666066.018   669078.003   669084.016   669134.026   669202.005
   750:   670074.009   670140.005   670249.009   671903.001   676903.018
   755:   681352.003   681358.016   681408.026   681544.005   683273.009
   760:   685560.001   687875.003   687884.001   688364.003   688381.001
   765:   689180.003   689666.001   694658.003   694683.001   694712.003
   770:   694765.001   696165.003   696341.001   701195.003   704512.001
   775:   709512.018   712007.003   712013.016   712063.026   712143.005
   780:   712984.009   713383.005   713480.009   714826.001   719826.018
   785:   721923.003   721929.016   721979.026   722118.005   722490.009
   790:   723696.001   723946.003   723968.001   728968.018   733939.003
   795:   733945.016   733995.026   734182.005   734650.009   734777.005
   800:   734860.009   735008.005   735026.009   736053.001   741053.018
   805:   744410.003   744416.016   744429.001   744466.026   744893.003
   810:   744987.005   745625.009   745725.005   745727.009   746837.001
   815:   747213.003   747235.001   752235.018   755739.003   755745.016
   820:   755795.026   755920.005   756410.009   756460.005   756509.009
   825:   756548.005   756567.009   756588.005   756620.009   758082.001
   830:   758145.003   758202.001   758595.003   758703.001   763703.018
   835:   765403.003   765409.016   765459.026   765537.005   767603.009
   840:   769324.001   770568.003   770777.001   775777.018   778715.003
   845:   778721.016   778771.026   778773.005   781108.009   781130.005
   850:   781146.009   781950.001   786950.018   790949.003   790955.016
   855:   791005.026   791076.005   791951.009   791965.005   792471.009
   860:   792620.005   792754.009   793345.001   794584.003   794606.001
   865:   794712.003   794808.001   795443.003   796754.001   801754.018
   870:   803716.003   803722.016   803772.026   803891.005   805361.009
   875:   805430.005   805472.009   807024.005   807073.009   807079.005
   880:   807484.009   808238.001   813238.018   817930.003   817936.016
   885:   817986.026   818058.005   818983.009   819755.001   824755.018
   890:   828229.003   828235.016   828285.026   828423.005   829757.009
   895:   830601.001   830688.003   832662.001   837662.018   840507.003
   900:   840513.016   840563.026   840703.005   841711.009   841727.005
   905:   841741.009   843152.001   845771.003   845842.001   848156.003
   910:   848507.001   853507.018   856533.003   856539.016   856589.026
   915:   856648.005   857552.009   859780.001   860053.003   860076.001
   920:   865076.018   865364.003   865370.016   865420.001   865420.026
   925:   865631.003   865720.005   866446.009   868906.005   869244.009
   930:   870169.001   875169.018   877519.003   877525.016   877575.026
   935:   877660.005   878733.009   881522.005   881659.009   883611.001
   940:   885730.003   885741.001   886395.003   886429.001   886954.003
   945:   892929.005   893029.009   895333.001   895555.003   895612.001
   950:   897029.003   897051.001   902051.018   902949.003   902955.016
   955:   902961.001   903005.026   903312.003   903422.005   904027.009
   960:   908799.005   908976.009   909820.001   914820.018   916675.003
   965:   916681.016   916731.026   916769.005   917846.009   919588.005
   970:   919751.009   920649.001   921632.003   921655.001   926395.003
   975:   926535.005   926902.009   926940.005   926960.009   927747.001
   980:   927853.003   928942.001   930008.003   930041.001   934850.003
   985:   936057.005   936100.009   936734.001   938288.003   938369.001
   990:   938388.003   938454.001   943454.018   944644.003   944650.016
   995:   944700.026   944833.005   945649.009   947349.001   952349.018
  1000:   953613.003   953619.016   953669.026   953758.005   954443.009
  1005:   954498.005   955699.009   956719.001   956914.003   956939.001
  1010:   957015.003   957044.001   962044.018   963326.003   963332.016
  1015:   963382.026   963501.005   964018.009   964220.005   964315.009
  1020:   965456.001   970456.018   972678.003   972684.016   972734.026
  1025:   972882.005   973400.009   973456.005   973520.009   973524.005
  1030:   973980.009   973997.005   974741.009   975429.001   975471.003
  1035:   975722.001   980722.018   982565.003   982571.016   982621.026
  1040:   982742.005   983455.009   984479.001   989479.018   993329.003
  1045:   993335.016   993385.026   993514.005   993987.009   993991.005
  1050:   994510.009   995849.001  1000849.018  1003526.003  1003532.016
  1055:  1003582.026  1003703.005  1004091.009  1004099.005  1004128.009
  1060:  1005535.001  1005666.003  1005715.001  1010715.018  1013172.003
  1065:  1013178.016  1013187.001  1013201.003  1013228.026  1013385.005
  1070:  1014111.009  1015544.001  1015608.003  1015657.001  1020657.018
  1075:  1025579.003  1025585.016  1025635.026  1025762.005  1026251.009
  1080:  1026294.005  1026296.009  1027226.001  1032226.018  1036917.003
  1085:  1036923.016  1036973.026  1037089.005  1037891.009  1037977.005
  1090:  1038373.009  1040854.001  1042859.003  1042950.001  1046604.003
  1095:  1046629.001  1051611.003  1051815.005  1052283.009  1054383.001
  1100:  1054638.003  1054666.001  1055022.003  1055165.001  1056993.003
  1105:  1057015.001  1058128.003  1058136.001  1063136.018  1065712.003
  1110:  1065718.016  1065728.001  1065768.026  1065853.003  1065990.005
  1115:  1066850.009  1066874.005  1066910.009  1068484.001  1073484.018
  1120:  1077839.003  1077845.016  1077895.026  1078088.005  1079324.009
  1125:  1079332.005  1079350.009  1079475.005  1079483.009  1079487.005
  1130:  1079490.009  1080397.001  1080423.003  1080490.001  1081087.003
  1135:  1081136.001  1086136.018  1089678.003  1089684.016  1089734.026
  1140:  1089933.005  1090862.009  1092776.001  1092809.003  1092836.001
  1145:  1097836.018  1102116.003  1102122.016  1102135.001  1102172.026
  1150:  1102339.003  1102455.005  1103206.009  1104430.005  1104545.009
  1155:  1106890.001  1107152.003  1107278.001  1108257.003  1108323.001
  1160:  1113323.018  1115451.003  1115457.016  1115507.026  1115688.005
  1165:  1116379.009  1117622.005  1117650.009  1118549.001  1123549.018
  1170:  1128237.003  1128243.016  1128293.026  1128399.005  1128974.009
  1175:  1129103.005  1129146.009  1129406.005  1129782.009  1130677.001
  1180:  1135677.018  1139279.003  1139285.016  1139335.026  1139426.005
  1185:  1140746.009  1140768.005  1142211.009  1142225.005  1142265.009
  1190:  1142286.005  1142304.009  1142305.005  1142310.009  1142698.005
  1195:  1142942.009  1143168.005  1143186.009  1143360.005  1144258.009
  1200:  1144270.005  1144291.009  1144329.005  1144601.009  1145710.001
  1205:  1150710.018  1151387.003  1151393.016  1151406.001  1151443.026
  1210:  1151868.003  1151896.005  1152901.009  1152963.005  1152982.009
  1215:  1154249.005  1154280.009  1155147.001  1156032.003  1156139.001
  1220:  1156732.003  1156753.001  1161739.003  1161895.005  1162496.009
  1225:  1165462.001  1166119.003  1166183.001  1166264.003  1166454.001
  1230:  1166498.003  1166901.001  1171901.018  1172059.003  1172065.016
  1235:  1172070.001  1172115.026  1172663.003  1172768.005  1173482.009
  1240:  1173538.005  1173674.009  1173733.005  1174196.009  1174235.005
  1245:  1174271.009  1174955.001  1179955.018  1182680.003  1182686.016
  1250:  1182736.026  1182859.005  1183753.009  1183771.005  1183949.009
  1255:  1193351.001  1196974.003  1197164.005  1197188.009  1197606.001
  1260:  1197855.003  1198187.001  1199051.003  1199333.001  1204333.018
  1265:  1206245.003  1206251.016  1206301.026  1206403.005  1207153.009
  1270:  1207979.001  1212979.018  1216091.003  1216097.016  1216147.026
  1275:  1216218.005  1216827.009  1216882.005  1216887.009  1216890.005
  1280:  1216923.009  1216925.005  1216936.009  1218411.001  1223411.018
  1285:  1226774.003  1226780.016  1226830.026  1226985.005  1228207.009
  1290:  1229059.001  1229436.003  1229595.001  1230718.003  1231253.001
  1295:  1236253.018  1238606.003  1238612.016  1238662.026  1238824.005
  1300:  1239334.009  1241133.001  1246133.018  1247570.003  1247576.016
  1305:  1247626.026  1247917.005  1248819.009  1251386.005  1251710.009
  1310:  1252494.001  1257365.003  1257653.005  1257671.009  1257680.005
  1315:  1257886.009  1259176.001  1259773.003  1260757.001  1261259.003
  1320:  1261430.001  1266430.018  1266760.003  1266766.016  1266816.026
  1325:  1266969.005  1267930.009  1267985.005  1268013.009  1269945.005
  1330:  1269962.009  1269971.005  1270209.009  1271240.001  1276240.018
  1335:  1277926.003  1277932.016  1277982.026  1278109.005  1279546.009
  1340:  1282562.001  1286660.003  1286677.001  1286867.003  1287101.005
  1345:  1287530.009  1289693.001  1294693.018  1297127.003  1297133.016
  1350:  1297183.026  1297306.005  1297925.009  1299234.005  1299259.009
  1355:  1300283.001  1302016.003  1302153.001  1307042.003  1307702.001
  1360:  1308213.003  1308279.001  1313279.018  1313780.003  1313786.016
  1365:  1313836.026  1313967.005  1314495.009  1315405.001  1315778.003
  1370:  1315805.001  1320805.018  1321281.003  1321287.016  1321337.026
  1375:  1321475.005  1322120.009  1323324.001  1328324.018  1329860.003
  1380:  1329866.016  1329916.026  1330038.005  1330640.009  1330745.005
  1385:  1330780.009  1330834.005  1330871.009  1331809.001  1336809.018
  1390:  1338257.003  1338263.016  1338313.026  1338474.005  1338958.009
  1395:  1342065.005  1342105.009  1342109.005  1342115.009  1342201.005
  1400:  1342238.009  1342261.005  1342319.009  1344334.001  1349334.018
  1405:  1351475.003  1351481.016  1351531.026  1351552.001  1351667.003
  1410:  1351754.005  1353102.009  1353837.005  1353912.009  1353916.005
  1415:  1353965.009  1354684.001  1356776.003  1356969.001  1357579.003
  1420:  1357651.001  1362651.018  1366019.003  1366025.016  1366075.026
  1425:  1366164.005  1366643.009  1366747.005  1366882.009  1367826.001
  1430:  1371781.003  1371809.001  1376339.003  1376908.005  1377007.009
  1435:  1377488.001  1379796.003  1379824.001  1380502.003  1380528.001
  1440:  1382718.003  1383005.001  1385976.003  1389159.001  1393767.003
  1445:  1395336.001  1400295.003  1400341.001  1404792.003  1405594.005
  1450:  1405764.009  1405973.005  1406396.009  1407358.001  1407939.003
  1455:  1407991.001  1408713.003  1409323.001  1411341.003  1411359.001
  1460:  1412322.003  1412394.001  1417394.018  1417994.003  1418000.016
  1465:  1418050.026  1418128.005  1419344.009  1420914.005  1421085.009
  1470:  1421093.005  1421112.009  1421149.005  1421475.009  1421525.005
  1475:  1421694.009  1421716.005  1421921.009  1422174.005  1422396.009
  1480:  1423327.005  1423732.009  1424277.005  1424504.009  1425904.001
  1485:  1426866.003  1426911.001  1431911.018  1433557.003  1433563.016
  1490:  1433613.026  1433740.005  1434500.009  1435358.001  1435868.003
  1495:  1435965.001  1440965.018  1443330.003  1443336.016  1443386.026
  1500:  1443595.005  1444407.009  1444425.005  1444454.009  1445583.001
  1505:  1447055.003  1447082.001  1452082.018  1452191.003  1452197.016
  1510:  1452247.026  1452394.005  1453067.009  1453097.005  1453218.009
  1515:  1454377.005  1455589.009  1456229.001  1456427.003  1456484.001
  1520:  1461484.018  1465702.003  1465708.016  1465758.026  1465900.005
  1525:  1466529.009  1466552.005  1466584.009  1466804.005  1466901.009
  1530:  1470216.001  1471738.003  1471810.001  1476810.018  1476836.003
  1535:  1476842.016  1476892.026  1477005.005  1478527.009  1480361.005
  1540:  1480495.009  1482077.001  1487077.018  1490447.003  1490453.016
  1545:  1490503.026  1490533.005  1491154.009  1491194.005  1491265.009
  1550:  1491739.001  1494119.003  1494156.001  1498366.003  1498952.005
  1555:  1499064.009
B:
     0:        0.000      315.000        0.000      315.000        0.000
     5:      294.000        0.000        0.000        0.000      294.000
    10:        0.000        1.000        0.000        1.000        0.000
    15:        0.000      112.000        0.000      112.000        0.000
    20:        0.000        0.000        0.000        0.000        0.000
    25:        0.000      112.000        0.000        0.000        0.000
    30:        0.000
D:
     0:  1562307.000  1558098.000  1562308.000
E:
     0:     5000.000     5000.000
T:
     0:        0.000        0.000        0.000        0.000
W:
     0:        0.000        0.000        0.000
