File: C:\MED-PC IV\Data\Reyes\AW\AW1047.999


Start Date: 08/16/24
End Date: 08/16/24
Subject: 47
Experiment: AW
Group: LINEAR
Box: 3
Start Time: 15:45:22
End Time: 16:35:22
MSN: DRRD_lin
C:       0.000
F:       0.000
G:       0.000
H:       0.000
I:       0.000
J:       0.000
K:    4500.000
L:       0.000
M:       0.000
N:       0.000
O:       0.000
P:       0.000
Q:       0.000
R:       0.000
S:       0.000
U:    2644.000
V:       0.000
X:       0.000
Y:    3009.000
Z:       0.000
A:
     0:      323.001      359.003     7859.005     7895.009     7950.005
     5:     8042.009     8170.005     8245.009     8377.005     8595.009
    10:     9252.005     9293.009    15000.013    15000.011    17147.001
    15:    17605.003    17628.001    17964.003    17986.001    18872.003
    20:    19398.001    19450.003    19488.001    20482.003    20755.001
    25:    20875.003    20885.001    20918.003    21114.001    22023.003
    30:    22044.001    22797.005    22964.009    23024.003    23340.001
    35:    23475.003    23509.001    24532.003    24559.001    25061.003
    40:    25336.001    26744.003    27706.001    27794.003    27870.001
    45:    30120.018    31607.003    31613.016    31663.026    31762.005
    50:    33115.009    33758.005    33914.009    34905.001    34973.003
    55:    35174.001    35792.003    36269.001    36311.003    36383.001
    60:    36448.003    36736.001    36950.003    37295.001    37418.003
    65:    37638.001    37808.005    37908.009    38068.003    38317.001
    70:    38399.003    38828.001    38869.003    38879.001    39882.003
    75:    40226.001    40259.003    40622.001    41745.003    42026.005
    80:    42067.009    42504.001    42592.003    42774.001    44061.003
    85:    44094.001    44114.003    45241.001    47186.003    48198.001
    90:    48627.003    48834.001    48894.003    48940.001    50316.003
    95:    50805.001    51331.003    51388.001    51428.003    51506.001
   100:    51541.003    51793.001    51954.003    52197.001    53332.003
   105:    54660.005    54808.009    55328.001    55380.003    55563.001
   110:    56657.003    57890.005    58718.009    58828.005    59315.009
   115:    59373.005    59383.009    59387.005    59419.009    63042.001
   120:    63468.003    63476.001    63990.003    64039.001    64082.003
   125:    64166.001    65655.003    65695.001    65958.003    66143.001
   130:    67031.003    68079.005    68097.009    69077.001    69128.003
   135:    69207.001    71322.003    72275.001    72354.003    73828.001
   140:    74395.003    74409.001    74725.003    74750.001    74908.003
   145:    74951.001    74986.003    75179.001    75626.003    75646.001
   150:    75682.003    75773.001    76095.003    76159.001    76280.003
   155:    76548.001    76580.003    76969.001    77106.003    77210.001
   160:    77291.003    77379.001    77948.003    78023.001    78130.003
   165:    78137.001    78943.003    79069.001    79185.003    79195.001
   170:    79278.003    79363.001    79411.003    79420.001    79925.003
   175:    80550.001    80597.003    80716.001    80778.003    81376.001
   180:    81407.003    81520.001    81623.003    81654.001    81743.003
   185:    81882.001    82436.003    82858.005    83010.009    83020.005
   190:    83054.009    83069.005    83133.009    83794.001    84174.003
   195:    84342.001    85042.003    85567.001    85604.003    85792.005
   200:    86230.009    87504.001    89138.003    89415.005    89434.009
   205:    89439.005    89693.009    89888.001    89997.003    90030.001
   210:    90277.005    90385.009    90422.003    90544.005    90708.009
   215:    95941.001    96431.003    98714.001    99043.003    99122.001
   220:    99769.003    99788.001   100181.003   100321.001   100692.003
   225:   101870.001   101890.003   102158.001   103950.003   104663.005
   230:   104867.009   108017.001   108157.003   108319.001   108691.005
   235:   108713.003   108726.009   109289.005   109307.009   109417.005
   240:   109483.009   112525.001   112921.003   114187.001   114726.003
   245:   114730.001   115145.003   115184.001   116479.003   116509.005
   250:   116750.009   117011.001   119261.018   119559.003   119565.016
   255:   119615.026   119718.005   120286.009   121423.001   121610.003
   260:   121675.001   121796.003   122151.001   122183.003   122217.001
   265:   122630.003   122965.005   123034.009   123436.001   123642.003
   270:   123721.001   123772.003   123775.001   124378.003   124420.001
   275:   124629.003   124653.001   124921.003   125313.005   125432.009
   280:   125976.005   125986.009   126772.001   128369.003   128382.001
   285:   128743.003   128944.001   130448.003   131302.005   131436.009
   290:   132720.001   132924.003   133156.001   133221.003   133244.001
   295:   133743.003   134152.001   135386.003   136644.001   138876.003
   300:   139892.005   140005.009   140353.001   140430.003   140497.001
   305:   141419.003   142172.001   142458.003   142472.005   142957.009
   310:   143126.005   143269.009   143341.005   144445.009   144532.005
   315:   147177.009   147438.005   147563.009   147874.005   147888.009
   320:   147892.005   149138.009   150234.001   150359.003   150422.001
   325:   150498.003   150606.001   150891.003   151847.005   151887.009
   330:   152163.005   152858.009   153627.005   153641.009   153660.005
   335:   153781.009   154271.001   154408.003   154435.001   155401.003
   340:   155656.001   155678.003   156288.001   156344.003   156367.001
   345:   157444.003   157879.001   157914.003   160374.001   161486.003
   350:   161631.001   162098.003   162204.001   162816.003   163512.005
   355:   163557.009   164101.001   164131.003   164435.001   164795.003
   360:   166160.001   166292.003   166308.001   168258.003   168462.001
   365:   169092.005   169126.009   169204.003   169748.001   169843.003
   370:   169879.001   170912.003   171172.001   171404.003   180962.005
   375:   181008.009   182701.001   182809.003   182837.001   183946.003
   380:   184215.001   185159.003   185977.001   187061.003   187088.001
   385:   187233.003   187475.001   188206.003   188561.005   188595.009
   390:   188856.001   188954.003   188991.001   190178.003   190207.001
   395:   190293.003   190917.001   191124.003   191652.001   193165.003
   400:   193705.001   193751.003   193923.001   194020.003   194081.001
   405:   195737.003   198139.001   199026.003   199062.001   199107.003
   410:   199137.001   200038.003   201659.005   201789.009   202248.001
   415:   203324.003   203340.001   203517.003   203562.001   204805.003
   420:   204864.001   205269.003   205748.001   205794.003   205836.001
   425:   205889.003   206024.001   208274.018   208318.003   208324.016
   430:   208374.026   208503.005   209474.009   209498.005   209539.009
   435:   211271.001   211360.003   211480.001   211682.003   211715.001
   440:   211843.003   211865.001   212467.003   212498.001   212681.003
   445:   212706.001   212760.003   212841.001   212873.003   212986.001
   450:   214854.003   215680.001   215730.005   215913.009   215988.003
   455:   216490.001   216547.003   216665.001   217220.003   217641.001
   460:   218393.003   218559.001   218625.003   218679.001   220679.003
   465:   221236.001   221321.003   221531.001   221657.003   221924.001
   470:   221998.003   222026.001   222127.003   223994.005   224010.009
   475:   225080.001   225170.003   225235.001   225461.003   225616.001
   480:   227866.018   228467.003   228473.016   228523.026   228675.005
   485:   228860.009   229374.001   229470.003   229640.001   230128.003
   490:   231098.001   231174.003   231219.001   231238.003   231273.001
   495:   232427.003   232581.001   232772.003   232879.001   233168.003
   500:   233324.001   233376.003   233575.001   234306.003   235059.001
   505:   235308.003   236008.005   236430.009   237446.001   237512.003
   510:   237730.001   238449.003   238673.001   239041.003   239818.001
   515:   241156.003   241311.001   241348.003   241949.001   243340.003
   520:   243471.001   243522.003   244857.001   245288.003   246651.001
   525:   248519.003   250313.001   250478.003   250619.001   250674.003
   530:   250734.001   251914.003   252073.001   252218.003   252257.001
   535:   252308.003   252484.001   252656.003   252702.001   252742.003
   540:   252884.001   252933.003   252960.001   253835.003   253901.005
   545:   253916.009   253941.005   253967.009   254081.005   254088.009
   550:   254091.005   254310.009   254832.001   254928.003   254958.001
   555:   255197.003   255233.001   256354.003   257342.001   257393.003
   560:   257530.001   258551.003   259608.001   259692.003   260209.005
   565:   260474.009   261006.001   262586.003   263357.001   263419.003
   570:   263502.001   264183.003   264838.001   266055.003   266615.001
   575:   266735.003   266818.001   268962.003   270300.005   270537.009
   580:   272825.005   272874.009   272881.005   272930.009   274527.001
   585:   274616.003   274698.001   274839.003   274878.001   275009.003
   590:   275022.001   275211.003   275252.001   277502.018   278404.003
   595:   278410.016   278460.026   278603.005   278883.009   279048.005
   600:   279318.009   279587.005   279679.009   280513.001   280585.003
   605:   281755.001   282433.005   282559.009   282605.003   283106.001
   610:   284025.003   285129.005   285256.009   285733.001   285763.003
   615:   285800.001   286473.003   286500.001   286790.003   286952.001
   620:   287049.003   287095.001   288736.003   288764.001   288815.003
   625:   290040.005   290150.009   290714.001   290808.003   290875.001
   630:   291074.003   291297.001   291432.003   291450.001   292199.003
   635:   292213.001   293541.003   294303.001   294696.003   294708.001
   640:   295577.003   296928.005   296942.009   296947.005   296990.009
   645:   298693.005   298739.009   299454.001   299646.003   299742.001
   650:   300210.003   300254.001   300445.003   301207.001   301249.003
   655:   308827.005   308899.009   309858.001   309945.003   310026.001
   660:   310073.003   310199.001   310352.003   310379.001   310519.003
   665:   310595.001   311170.003   311314.001   311432.003   311670.005
   670:   311768.009   312177.001   312245.003   312282.001   313686.003
   675:   313745.001   314033.003   314420.005   314501.009   314971.001
   680:   315431.003   315436.001   316852.003   317037.001   317185.003
   685:   318464.001   320714.018   320741.003   320747.016   320797.026
   690:   320921.005   321629.009   323369.001   323808.003   323814.001
   695:   325610.003   326143.001   326229.003   326978.005   327082.009
   700:   327501.001   327595.003   327705.001   329271.003   329932.001
   705:   329978.003   329990.001   330858.003   332163.001   334124.003
   710:   335282.005   335441.009   335846.001   336190.003   337125.001
   715:   337282.003   337299.001   338348.003   338360.001   339141.003
   720:   339163.001   340037.003   340489.005   340588.009   340935.001
   725:   341719.003   341721.001   342802.003   343758.001   345482.003
   730:   346449.005   346565.009   348366.005   348701.009   349661.005
   735:   349717.009   349790.005   350540.009   351231.001   353321.003
   740:   354427.005   354556.009   354944.001   355268.003   355283.001
   745:   356553.003   356902.005   357025.009   357168.001   359301.003
   750:   360282.005   360425.009   360860.001   361607.003   362334.001
   755:   362476.003   362522.001   362616.003   362680.001   364170.003
   760:   365350.001   365643.003   365680.001   365921.003   365948.001
   765:   366441.003   366484.001   367352.003   368128.005   368268.009
   770:   368366.005   368490.009   374413.001   374500.003   374592.001
   775:   374855.003   377036.001   377190.003   377243.001   377330.003
   780:   377351.001   377596.003   377632.001   377831.003   377876.005
   785:   378009.009   378090.005   378333.009   378356.005   378436.009
   790:   378986.001   379081.003   379098.001   379157.003   379842.001
   795:   381462.003   384361.005   384385.009   386335.001   386601.003
   800:   386646.001   387112.003   387138.001   387272.003   387387.001
   805:   387541.003   387784.001   388884.003   388907.001   389380.003
   810:   390014.001   391004.003   391297.001   392257.003   392296.001
   815:   394546.018   394604.003   394610.016   394660.026   394797.005
   820:   395384.009   397894.001   397955.003   398110.001   398431.003
   825:   398652.001   398977.003   399214.001   399378.003   399640.001
   830:   400534.003   400780.005   400917.009   401744.001   401813.003
   835:   403455.001   403549.003   403661.001   404307.003   405019.001
   840:   405086.003   405182.001   405645.005   405721.009   405762.003
   845:   406456.001   407535.003   407953.001   408365.003   408570.001
   850:   409269.003   410103.001   412097.003   413260.001   413326.003
   855:   413628.001   414880.003   415133.005   415341.009   415725.001
   860:   415788.003   415905.001   416751.003   416769.001   416807.003
   865:   417032.001   418920.003   418933.001   418995.003   419069.001
   870:   419775.003   419799.001   419900.003   420079.001   421429.003
   875:   421528.001   422086.003   422567.001   422585.003   422616.001
   880:   422691.003   422795.001   423679.003   423709.001   423749.003
   885:   424820.001   425100.003   425439.001   425569.003   425600.001
   890:   425657.003   425689.001   427242.003   428488.005   428535.009
   895:   428805.005   428811.009   428815.005   428906.009   430326.001
   900:   430373.003   430401.001   430514.003   430576.001   432826.018
   905:   434321.003   434327.016   434343.001   434363.003   434377.026
   910:   434508.005   435559.009   435763.005   436068.009   436088.005
   915:   436179.009   436793.001   436843.003   436968.001   438372.003
   920:   440152.001   440182.003   440255.001   440357.003   440522.001
   925:   440573.003   440931.001   440979.003   441018.001   441061.003
   930:   441104.001   441184.003   441206.001   441280.003   441332.001
   935:   441795.003   441892.001   442160.003   442992.001   443935.003
   940:   444229.001   444394.003   445453.005   445607.009   445986.001
   945:   446047.003   446116.001   446680.003   446786.001   446833.003
   950:   446881.001   446930.003   446948.001   448752.003   448775.001
   955:   448933.003   449678.005   449795.009   450352.001   450384.003
   960:   450515.001   451345.003   451449.001   453368.003   453390.001
   965:   453479.003   453794.001   454021.003   454444.001   454861.003
   970:   455343.001   455407.003   455435.001   455738.003   455767.001
   975:   456016.003   456941.005   456985.009   456992.005   457031.009
   980:   457841.001   457895.003   457930.001   458299.003   458483.001
   985:   459239.003   459289.001   461539.018   461646.003   461652.016
   990:   461702.026   461886.005   462739.009   465264.005   465580.009
   995:   466361.001   466533.003   466755.001   468914.003   468946.001
  1000:   469384.003   469430.001   469770.003   470312.001   470381.003
  1005:   470427.001   471228.003   471261.001   471345.003   471845.001
  1010:   471912.003   471976.001   473290.003   473343.001   473805.003
  1015:   473905.001   474825.003   475091.001   475403.003   475491.001
  1020:   475853.003   476010.001   476036.003   476070.001   476432.003
  1025:   476740.001   476784.003   476853.001   477503.003   477943.001
  1030:   478446.005   478566.009   478694.003   479149.001   479207.003
  1035:   479314.001   479357.003   479390.001   479823.003   479839.001
  1040:   481672.003   481712.001   483301.003   484044.005   484125.009
  1045:   484463.001   484529.003   484576.001   486465.003   486715.001
  1050:   487678.003   488553.001   488623.003   488819.001   488877.003
  1055:   488922.001   489250.003   489320.001   489425.003   489478.001
  1060:   490369.003   491487.001   491578.003   491603.001   493670.003
  1065:   493709.001   493881.003   498086.001   500336.018   501505.003
  1070:   501511.016   501555.001   501561.026   501633.003   501652.005
  1075:   502142.009   503216.001   503280.003   503316.001   505034.003
  1080:   505507.001   506262.003   508230.001   508363.003   508400.001
  1085:   508626.003   508827.001   510588.003   510607.001   511003.003
  1090:   511017.001   511867.003   514229.001   514450.003   514491.001
  1095:   514551.003   514588.001   514675.003   514813.001   515840.003
  1100:   515865.001   515899.003   516021.001   517327.003   518313.001
  1105:   518378.003   518441.001   519468.003   521032.001   521407.003
  1110:   521497.005   521680.009   524178.001   524249.003   524339.001
  1115:   525781.003   525797.001   527074.003   527099.001   527170.003
  1120:   527250.001   527425.003   527526.001   527584.003   527620.001
  1125:   529097.003   532185.001   532242.003   532359.001   532464.003
  1130:   532616.001   532708.003   532859.001   533306.003   534342.001
  1135:   534968.003   535149.001   535197.003   535223.001   536708.003
  1140:   537858.001   538115.003   538315.001   539397.003   540631.001
  1145:   541396.003   541450.005   541594.009   542023.001   542210.003
  1150:   542299.001   542464.003   542526.001   544273.003   544334.001
  1155:   545485.003   547101.005   547136.009   548490.001   548582.003
  1160:   548759.001   549621.003   550223.001   550622.003   550634.001
  1165:   550890.003   550907.001   551217.003   551356.001   552084.003
  1170:   552390.001   552467.003   552690.001   553053.003   553405.005
  1175:   553492.001   553529.009   553613.005   553685.009   553693.005
  1180:   553715.003   553730.009   554322.001   555741.003   556282.001
  1185:   556605.003   556634.001   558586.003   561101.005   561374.009
  1190:   566487.001   566602.003   566711.001   567074.003   567088.001
  1195:   567244.003   567248.001   567304.003   567316.001   569058.003
  1200:   569084.001   570015.003   570860.001   571276.003   571933.001
  1205:   572083.003   572262.001   572426.003   572468.001   573702.003
  1210:   574116.001   575451.003   576007.005   576494.009   576984.001
  1215:   577048.003   577072.001   577286.003   577426.001   578921.003
  1220:   578949.001   579337.003   579369.001   579520.003   579697.005
  1225:   579712.009   579715.005   579814.009   579832.005   579841.009
  1230:   580661.001   580907.003   580947.001   581520.003   581530.001
  1235:   583202.003   583225.001   585467.005   585475.018   585554.009
  1240:   585611.003   585617.016   585667.026   585771.005   586381.009
  1245:   588197.001   588496.003   588707.001   589111.003   589156.001
  1250:   589555.005   589620.003   589723.009   590248.001   591677.003
  1255:   591969.001   593070.003   593987.005   594431.009   594441.005
  1260:   594455.009   595335.005   595504.009   596108.001   596251.003
  1265:   596359.001   597783.003   597950.001   598286.005   598312.009
  1270:   598968.003   599135.005   599231.009   600297.001   600424.003
  1275:   600597.001   600659.003   600698.001   601980.003   602004.001
  1280:   602317.003   602579.001   603432.003   604259.005   604610.009
  1285:   604618.005   604644.009   605514.005   605666.009   606399.005
  1290:   606544.009   607895.001   608158.003   608169.001   608631.003
  1295:   608767.001   608881.003   609351.001   610058.003   610083.001
  1300:   612085.003   612212.001   612685.003   613459.001   613497.003
  1305:   613531.001   614558.003   614729.001   614843.005   615022.009
  1310:   615097.003   616370.001   616445.003   616515.001   618060.003
  1315:   618078.001   618312.003   618452.001   619427.003   619451.005
  1320:   619706.009   620238.001   621440.003   621544.001   621690.003
  1325:   622136.001   622736.003   623074.005   623260.009   624178.001
  1330:   624263.003   624288.001   624410.003   624500.001   625714.003
  1335:   626028.005   626358.009   627799.001   629405.003   632472.001
  1340:   632503.003   632665.001   633854.003   633978.001   634616.003
  1345:   634757.005   634912.009   635732.005   636089.009   636708.001
  1350:   636825.003   636868.001   638070.003   638346.001   638476.005
  1355:   638644.009   638676.003   639097.005   639689.009   647896.001
  1360:   648901.003   648945.001   649285.003   649337.001   649743.003
  1365:   652244.005   652398.009   652453.005   652496.009   661801.005
  1370:   661820.009   662962.001   663255.003   663292.001   663466.003
  1375:   663472.001   663623.003   663664.001   663812.003   663877.001
  1380:   664445.003   664477.001   664518.003   664605.001   665020.003
  1385:   665377.005   665397.009   665399.005   665500.009   666738.001
  1390:   666801.003   666843.001   667420.003   667469.001   667751.003
  1395:   669629.001   669887.003   673082.001   675195.003   675551.001
  1400:   676216.005   676365.003   676427.009   677069.001   677169.003
  1405:   677196.001   677584.003   677638.001   677976.003   678085.001
  1410:   678140.003   678238.001   678447.003   678880.001   681130.018
  1415:   682056.003   682062.016   682112.026   682239.005   682812.009
  1420:   684377.001   684885.003   684931.005   685224.009   685522.001
  1425:   685616.003   685680.001   687072.003   687117.001   687462.003
  1430:   687689.001   687939.003   688449.001   688742.003   689096.001
  1435:   691298.003   691638.005   691766.009   692231.001   693965.003
  1440:   693992.001   694880.003   695457.005   695558.009   695907.001
  1445:   695969.003   696089.001   698109.003   699549.005   699684.009
  1450:   700162.001   702141.003   702161.001   703325.003   703706.005
  1455:   703709.001   703860.009   703904.005   704018.009   704433.003
  1460:   704526.005   704769.009   705805.001   708055.018   709288.003
  1465:   709294.016   709344.026   709523.005   710105.009   711534.001
  1470:   711633.003   711677.001   713041.003   713067.001   713557.003
  1475:   714084.001   715381.003   715401.001   715920.003   719027.005
  1480:   719091.009   719576.001   721826.018   722422.003   722428.016
  1485:   722478.026   722570.005   723158.009   723228.005   723640.009
  1490:   724662.001   725218.003   725237.001   726528.003   726556.001
  1495:   726650.003   727797.005   727819.009   727847.005   728167.009
  1500:   728958.001   729085.003   729135.001   730785.003   730813.001
  1505:   730881.003   731738.001   733037.005   733123.009   733259.003
  1510:   733712.001   733860.003   733861.001   733925.003   734042.001
  1515:   735406.003   736290.001   736819.003   737017.001   739267.018
  1520:   740166.003   740172.016   740222.026   740341.005   741309.009
  1525:   741331.005   741445.009   742109.005   742143.009   742907.001
  1530:   742975.003   743148.001   743461.003   743539.001   743607.003
  1535:   743646.001   745273.003   745458.001   745852.003   748575.005
  1540:   748762.009   751790.005   751830.009   752893.001   753001.003
  1545:   753302.001   753377.003   753521.001   753574.003   753761.001
  1550:   753893.003   754098.001   754623.003   754634.001   756651.003
  1555:   756776.001   757319.003   757419.001   757825.003   758202.001
  1560:   758302.003   758470.001   759260.003   760486.005   760586.009
  1565:   761348.001   763598.018   763950.003   763956.016   763991.001
  1570:   764006.026   764089.003   764153.005   764776.009   766460.001
  1575:   768436.003   769047.005   769139.009   769646.001   771353.003
  1580:   771690.001   772958.003   773531.001   774763.003   775432.001
  1585:   775545.003   775610.001   775857.003   775875.001   775960.003
  1590:   775990.001   776590.003   776706.001   777029.003   777306.005
  1595:   777463.009   777897.001   778442.003   778455.001   778940.003
  1600:   778942.001   780087.003   780112.001   780601.003   781823.001
  1605:   781896.003   782025.001   782567.003   782582.001   784652.003
  1610:   785627.001   785834.003   785988.001   786020.003   786188.001
  1615:   788359.003   788621.001   788951.005   788952.003   789093.009
  1620:   791406.001   791456.003   791563.001   791800.003   792020.001
  1625:   792301.003   792313.001   792854.003   792864.001   793663.003
  1630:   793991.001   796241.018   796402.003   796408.016   796458.026
  1635:   796594.005   797096.009   797104.005   797119.009   798554.001
  1640:   798637.003   798807.001   799232.003   799237.001   801058.003
  1645:   801120.001   801533.003   802302.001   802450.003   802458.001
  1650:   803130.003   803186.001   805436.018   806305.003   806311.016
  1655:   806361.026   806389.001   806628.005   806747.003   807152.009
  1660:   807416.005   807750.009   809085.001   809134.003   809295.001
  1665:   810223.003   810275.001   810736.003   810878.001   811355.003
  1670:   812598.001   812977.003   813058.001   813090.003   813267.001
  1675:   813293.003   813421.001   813491.003   813531.001   813572.003
  1680:   813640.001   814014.003   814153.001   814538.003   814574.001
  1685:   814681.003   814759.001   814809.003   814820.001   814897.003
  1690:   814921.001   814973.003   815121.001   816683.003   816832.001
  1695:   816894.003   816989.001   819239.018   819240.003   819246.016
  1700:   819260.001   819296.026   819422.003   819470.005   819919.009
  1705:   820953.001   821570.003   821762.001   821949.003   821966.001
  1710:   822474.003   822602.001   823888.003   823925.001   824163.003
  1715:   824234.001   824538.003   824583.001   826424.003   826443.001
  1720:   826591.003   826740.001   827976.003   828139.001   828193.003
  1725:   828267.001   828365.003   829129.001   831379.018   831558.003
  1730:   831564.016   831614.026   831746.005   832565.009   836698.001
  1735:   837130.003   837304.001   838434.003   838680.001   838836.003
  1740:   838934.001   840298.003   840319.001   841079.003   841336.001
  1745:   841422.003   841766.001   843200.003   850578.001   850728.003
  1750:   850772.001   850944.003   851130.001   851840.003   852133.001
  1755:   852176.003   852442.001   852540.003   852569.001   852597.003
  1760:   852683.001   853756.003   853777.001   854170.003   854288.001
  1765:   854896.003   856326.001   857162.003   857226.001   857482.003
  1770:   857626.001   857913.003   857938.001   858257.003   859636.001
  1775:   859676.003   859810.001   859866.003   859939.001   859963.003
  1780:   860528.001   860585.003   860660.001   860701.003   860722.001
  1785:   860866.003   860893.001   861287.003   861372.001   862231.003
  1790:   862256.001   863289.003   864026.005   864315.009   865017.001
  1795:   865494.003   865496.001   866773.003   867738.001   868258.003
  1800:   868761.001   868879.003   869018.001   870381.003   870401.001
  1805:   870545.003   870570.001   870917.003   871703.001   871726.003
  1810:   871958.001   872504.003   872510.005   872718.009   873303.001
  1815:   873886.003   873905.001   874746.003   874849.001   875996.003
  1820:   876126.001   877726.003   879717.001   881967.018   882224.003
  1825:   882230.016   882242.001   882280.026   882354.003   882430.005
  1830:   883071.009   884383.001   884741.003   884764.001   884854.003
  1835:   884860.001   885171.003   885186.001   887436.018   888522.003
  1840:   888528.016   888578.026   888679.005   889406.009   889584.005
  1845:   890003.009   890022.005   890031.009   894185.005   894201.009
  1850:   904095.001   904191.003   904381.001   905230.003   905335.001
  1855:   905684.003   905690.001   906176.003   906346.001   906562.003
  1860:   907075.001   908587.003   908614.001   908756.003   909117.005
  1865:   909277.009   910000.001   910177.003   910201.001   912451.018
  1870:   913961.003   913967.016   914017.026   914128.005   914829.009
  1875:   917241.001   917476.003   917499.001   918044.003   918180.001
  1880:   919120.003   919146.001   919158.003   921321.005   921480.009
  1885:   922066.001   922358.003   922375.001   923016.003   923128.001
  1890:   923444.003   923457.001   924097.003   924115.001   924356.003
  1895:   924909.001   926502.003   926522.001   926917.003   928385.001
  1900:   929052.003   929077.001   929217.003   929312.001   930888.003
  1905:   930900.001   931055.003   931082.001   931688.003   931832.001
  1910:   931880.003   931913.001   931952.003   932125.001   932663.003
  1915:   932692.001   933160.003   935026.001   936305.003   936329.001
  1920:   936384.003   936689.001   937114.003   937839.001   938614.003
  1925:   938655.001   938796.003   939107.001   939148.003   939233.001
  1930:   940941.003   940963.001   941011.003   941669.005   941770.009
  1935:   942689.001   943044.003   943068.001   943099.003   943110.001
  1940:   943699.003   943759.001   945539.003   945564.001   945680.003
  1945:   945893.001   947001.003   947878.001   948172.003   948195.001
  1950:   950087.003   950115.001   950367.003   951016.005   951042.009
  1955:   951054.005   951161.009   951493.001   953263.003   953281.001
  1960:   953743.003   956343.001   956486.003   956524.001   958176.003
  1965:   958312.001   958727.003   961675.005   961822.009   962814.005
  1970:   962895.009   963488.001   963747.003   963753.001   966005.018
  1975:   966098.003   966104.016   966119.001   966154.026   966262.003
  1980:   966323.005   967195.009   967214.005   967274.009   970551.001
  1985:   970596.003   970651.001   970963.003   971050.001   971200.003
  1990:   971214.001   971697.003   971712.001   971732.003   971742.001
  1995:   973803.003   973832.001   974401.003   974856.001   974994.003
  2000:   975360.001   977610.018   978331.003   978337.016   978344.001
  2005:   978387.026   978464.003   978531.005   978930.009   980017.001
  2010:   980239.003   980244.001   980579.003   980590.001   981029.003
  2015:   981033.001   982953.003   983029.001   983963.003   984006.001
  2020:   985650.003   985668.001   987918.018   988081.003   988087.016
  2025:   988137.026   988256.005   989111.009   989152.005   989348.009
  2030:   990199.001   990986.003   991002.001   991030.003   991035.001
  2035:   992120.003   992359.001   992406.003   992449.001   992690.003
  2040:   992720.001   993080.003   993471.001   993675.003   993825.001
  2045:   996075.018   996107.003   996113.016   996128.001   996148.003
  2050:   996163.026   996179.001   996270.003   996360.005   997443.009
  2055:   997469.005   997490.009   998425.001   999106.003   999120.001
  2060:  1001370.018  1001566.003  1001572.016  1001622.026  1001746.005
  2065:  1002191.009  1004108.001  1004737.003  1004770.001  1006420.003
  2070:  1006758.001  1007393.003  1008110.005  1008225.009  1008274.005
  2075:  1008324.009  1009113.001  1009376.003  1009576.001  1010814.003
  2080:  1010992.001  1011508.003  1011584.001  1011676.003  1011717.001
  2085:  1012606.003  1012622.001  1012875.003  1013012.001  1013045.003
  2090:  1013078.001  1013363.003  1014498.001  1015327.003  1015341.001
  2095:  1016411.003  1016577.001  1016734.003  1017413.005  1017610.009
  2100:  1018019.001  1018045.003  1018066.001  1018794.003  1018866.001
  2105:  1019258.003  1019408.001  1019737.003  1019877.001  1020185.003
  2110:  1020199.001  1021426.003  1022318.001  1024139.003  1024158.001
  2115:  1024642.003  1025132.001  1025580.003  1027048.005  1027191.009
  2120:  1027837.001  1028785.003  1028788.001  1029538.003  1029561.001
  2125:  1031545.003  1031552.001  1033010.003  1033037.001  1033208.003
  2130:  1033667.001  1034097.003  1034333.001  1034440.003  1034503.001
  2135:  1036753.018  1037884.003  1037890.016  1037940.026  1038148.005
  2140:  1038717.009  1038751.005  1038763.009  1040000.001  1040363.003
  2145:  1040409.001  1042659.018  1043369.003  1043375.016  1043425.026
  2150:  1043539.005  1044164.009  1045539.001  1045833.003  1045875.001
  2155:  1048125.018  1048387.003  1048393.016  1048411.001  1048443.026
  2160:  1048487.003  1048581.005  1049890.009  1051626.001  1051859.003
  2165:  1051955.001  1053510.003  1053816.001  1054522.003  1055061.001
  2170:  1055323.003  1055415.001  1055481.003  1055605.001  1057564.003
  2175:  1057583.001  1059833.018  1061335.003  1061341.016  1061391.026
  2180:  1061866.005  1062516.009  1063707.001  1064284.003  1064300.001
  2185:  1065999.003  1069931.001  1070470.003  1070491.005  1070666.009
  2190:  1071221.001  1071262.003  1071510.001  1071731.003  1071741.001
  2195:  1072394.003  1075469.001  1075554.003  1075588.001  1076071.003
  2200:  1076101.001  1078189.003  1078216.001  1079123.003  1079296.001
  2205:  1079864.003  1080495.001  1080577.003  1080635.001  1080913.003
  2210:  1080954.001  1082310.003  1082575.001  1084428.003  1085805.001
  2215:  1086245.003  1086265.001  1086708.003  1086716.001  1088966.018
  2220:  1089002.003  1089008.016  1089058.026  1089229.005  1089778.009
  2225:  1091701.001  1091813.003  1091846.001  1092308.003  1092330.001
  2230:  1092350.003  1092355.001  1092521.003  1092526.001  1094255.003
  2235:  1094276.001  1094354.003  1094495.001  1094729.003  1094745.001
  2240:  1095769.003  1095795.001  1096652.003  1097663.001  1097746.003
  2245:  1098277.001  1098323.003  1098406.001  1099758.003  1100482.001
  2250:  1100669.003  1100994.001  1101084.003  1101195.001  1103445.018
  2255:  1104761.003  1104767.016  1104817.026  1104952.005  1105481.009
  2260:  1106724.001  1107353.003  1107366.001  1109113.003  1109220.001
  2265:  1111297.003  1111622.001  1112606.003  1112964.001  1113075.003
  2270:  1113121.001  1115371.018  1115557.003  1115563.016  1115575.001
  2275:  1115613.026  1115689.003  1115783.005  1116308.009  1117803.001
  2280:  1118312.003  1118315.001  1119619.003  1119720.001  1119865.003
  2285:  1120600.001  1120647.003  1120743.001  1120819.003  1120940.001
  2290:  1121079.003  1121138.001  1121348.003  1124156.001  1124210.003
  2295:  1124346.001  1125115.003  1125126.001  1126388.003  1126426.001
  2300:  1126778.003  1126805.001  1127042.003  1127193.001  1127255.003
  2305:  1128596.001  1128762.003  1128836.001  1129263.003  1129297.001
  2310:  1131318.003  1131457.001  1131901.003  1133245.001  1133783.003
  2315:  1133792.001  1134940.003  1135236.001  1135520.003  1137119.001
  2320:  1137183.003  1137245.001  1137506.003  1137552.001  1138651.003
  2325:  1138784.001  1139150.003  1143790.005  1143907.009  1144921.001
  2330:  1146936.003  1146952.001  1148372.003  1148395.001  1148825.003
  2335:  1149171.001  1149326.003  1149759.005  1149945.009  1151943.001
  2340:  1152088.003  1152132.001  1153677.003  1153690.001  1155004.003
  2345:  1155577.001  1155636.003  1155814.001  1157126.003  1157485.001
  2350:  1157663.003  1159622.001  1159798.003  1160263.005  1160378.009
  2355:  1161046.001  1161621.003  1161659.001  1162088.003  1162095.001
  2360:  1164316.003  1164335.001  1164440.003  1164899.005  1164990.009
  2365:  1166784.001  1167177.003  1167207.001  1167249.003  1167278.001
  2370:  1168343.003  1168452.001  1169584.003  1172875.001  1175125.018
  2375:  1175213.003  1175219.016  1175233.001  1175269.026  1175343.003
  2380:  1175402.005  1176360.009  1178550.001  1179179.003  1179239.001
  2385:  1179300.003  1179306.001  1180012.003  1180035.001  1181475.003
  2390:  1181492.001  1181606.003  1182788.001  1182953.003  1183178.001
  2395:  1183891.003  1183915.001  1184595.003  1184616.001  1185054.003
  2400:  1185096.001  1185420.003  1185592.001  1185911.003  1185924.001
  2405:  1185963.003  1185969.001  1187923.003  1187938.001  1188045.003
  2410:  1188551.001  1189238.003  1189869.005  1190025.009  1190033.005
  2415:  1190040.009  1190531.001  1192781.018  1193999.003  1194005.016
  2420:  1194024.001  1194055.026  1194116.003  1194189.005  1194589.009
  2425:  1195307.001  1197557.018  1198166.003  1198172.016  1198181.001
  2430:  1198222.026  1198287.003  1198351.005  1199466.009  1199477.005
  2435:  1199527.009  1199580.005  1199594.009  1199626.005  1199727.009
  2440:  1200540.001  1200645.003  1200656.001  1201004.003  1201020.001
  2445:  1203234.003  1203249.001  1204623.003  1204640.001  1204832.003
  2450:  1204866.001  1205313.003  1205539.001  1205981.003  1206472.001
  2455:  1206679.003  1206815.005  1206961.009  1206992.005  1207083.009
  2460:  1207495.001  1207783.003  1207814.001  1209061.003  1209070.001
  2465:  1210659.003  1210680.001  1210939.003  1210965.001  1211053.003
  2470:  1211246.001  1211444.003  1211512.001  1212961.003  1212979.001
  2475:  1213491.003  1213976.001  1214123.003  1214639.005  1214651.009
  2480:  1214675.005  1214779.009  1215638.001  1217888.018  1218392.003
  2485:  1218398.016  1218422.001  1218448.026  1218496.003  1218553.005
  2490:  1219071.009  1219898.001  1219934.003  1219947.001  1222197.018
  2495:  1222707.003  1222713.016  1222729.001  1222763.026  1222820.003
  2500:  1222892.005  1223295.009  1224316.001  1224358.003  1224369.001
  2505:  1226619.018  1227209.003  1227215.016  1227231.001  1227265.026
  2510:  1227331.003  1227408.005  1227879.009  1228670.001  1228737.003
  2515:  1228751.001  1229766.003  1229801.001  1231576.003  1231593.001
  2520:  1231739.003  1231761.001  1231919.003  1231986.001  1232314.003
  2525:  1232478.001  1232945.003  1233277.001  1233312.003  1233345.001
  2530:  1233373.003  1233387.001  1234828.003  1234830.001  1236244.003
  2535:  1236271.001  1236388.003  1238059.001  1239831.003  1239832.001
  2540:  1241710.003  1241733.001  1243156.003  1243780.001  1243880.003
  2545:  1244248.001  1244553.003  1244558.001  1245045.003  1245061.001
  2550:  1247106.003  1247132.001  1247243.003  1247686.001  1248039.003
  2555:  1248600.005  1248718.009  1249248.001  1251070.003  1251147.001
  2560:  1251279.003  1252562.005  1252673.009  1252995.001  1253278.003
  2565:  1253300.001  1254681.003  1254696.001  1255263.003  1255298.001
  2570:  1256841.003  1256857.001  1256947.003  1260296.001  1260668.003
  2575:  1260684.001  1260723.003  1260734.001  1262984.018  1264749.003
  2580:  1264755.016  1264775.001  1264805.026  1264871.003  1264945.005
  2585:  1265665.009  1266909.001  1268055.003  1268059.001  1269777.003
  2590:  1269833.001  1270384.003  1270411.001  1272125.003  1272617.001
  2595:  1274307.003  1274332.001  1274477.003  1274995.001  1277245.018
  2600:  1277796.003  1277802.016  1277852.026  1277907.005  1278523.009
  2605:  1278525.005  1278564.009  1280193.001  1280286.003  1280333.001
  2610:  1281558.003  1281757.001  1282067.003  1282145.005  1282373.009
  2615:  1283052.001  1283862.003  1283871.001  1286102.003  1286116.001
  2620:  1286312.003  1286588.001  1286865.003  1286896.001  1286930.003
  2625:  1287335.001  1287436.003  1287449.001  1288821.003  1288839.001
  2630:  1289141.003  1289447.001  1291427.003  1291528.005  1291667.009
  2635:  1292777.001  1294380.003  1294410.001  1294986.003  1295000.001
  2640:  1295127.003  1295203.001  1295245.003  1295344.001  1296151.003
  2645:  1297087.001  1297827.003  1297842.001  1298585.003  1298599.001
  2650:  1299937.003  1299961.001  1300107.003  1300289.001  1301261.003
  2655:  1301631.001  1301655.003  1301726.001  1301782.003  1302378.005
  2660:  1302573.009  1303677.001  1305927.018  1306327.003  1306333.016
  2665:  1306349.001  1306383.026  1306417.003  1306489.005  1306954.009
  2670:  1308532.001  1308640.003  1308685.001  1310935.018  1311520.003
  2675:  1311526.016  1311539.001  1311576.026  1311626.003  1311694.005
  2680:  1312952.009  1312972.005  1313004.009  1313794.005  1313822.009
  2685:  1313823.005  1313997.009  1314597.001  1316847.018  1317193.003
  2690:  1317199.016  1317213.001  1317249.026  1317320.003  1317383.005
  2695:  1318362.009  1319146.001  1319232.003  1319248.001  1321333.003
  2700:  1321428.001  1321513.003  1321713.001  1322010.003  1324082.005
  2705:  1324193.009  1324659.001  1325309.003  1325313.001  1326730.003
  2710:  1326974.001  1327385.003  1327537.001  1328967.003  1334054.005
  2715:  1334246.009  1334519.005  1334537.009  1334920.001  1335015.003
  2720:  1335148.001  1336150.003  1336155.001  1337763.003  1337773.001
  2725:  1338325.003  1339553.001  1339660.003  1341960.005  1341973.009
  2730:  1342521.001  1343351.003  1343383.001  1343772.003  1343780.001
  2735:  1345761.003  1345962.001  1347012.003  1347742.001  1348050.003
  2740:  1348217.001  1348581.003  1349150.001  1351390.003  1351407.001
  2745:  1352030.003  1352054.001  1352824.003  1354611.005  1354714.009
  2750:  1355224.001  1356995.003  1357006.001  1357245.003  1357341.001
  2755:  1357624.003  1357674.001  1358555.003  1358695.001  1358738.003
  2760:  1359756.001  1359973.003  1361328.001  1363095.003  1363117.001
  2765:  1363282.003  1363309.001  1364649.003  1364724.001  1366974.018
  2770:  1367646.003  1367652.016  1367702.026  1367882.005  1368570.009
  2775:  1369686.001  1370133.003  1370156.001  1370661.003  1370679.001
  2780:  1372101.003  1372117.001  1372432.003  1372640.001  1372943.003
  2785:  1372980.001  1373721.003  1374446.001  1376696.018  1377166.003
  2790:  1377172.016  1377222.026  1377449.001  1377593.003  1377683.005
  2795:  1378171.009  1380950.001  1381072.003  1381085.001  1383206.003
  2800:  1383460.001  1383576.003  1384378.001  1386628.018  1388019.003
  2805:  1388025.016  1388075.026  1388266.005  1388828.009  1390096.001
  2810:  1392346.018  1393857.003  1393863.016  1393876.001  1393913.026
  2815:  1393992.003  1394103.005  1395510.009  1396317.001  1398567.018
  2820:  1399390.003  1399396.016  1399405.001  1399446.026  1399619.003
  2825:  1399666.005  1400774.009  1402219.001  1402468.003  1402478.001
  2830:  1404728.018  1404991.003  1404995.001  1404997.016  1405047.026
  2835:  1405642.003  1405649.005  1406011.009  1407895.001  1408089.003
  2840:  1408092.001  1410347.018  1411076.003  1411082.016  1411095.001
  2845:  1411113.003  1411132.026  1411292.005  1412269.009  1414045.001
  2850:  1414161.003  1414173.001  1416423.018  1416613.003  1416619.016
  2855:  1416635.001  1416669.026  1416881.003  1417148.005  1418069.009
  2860:  1419192.001  1420008.003  1420010.001  1422096.003  1422115.001
  2865:  1422216.003  1422541.001  1422620.003  1422648.001  1423992.003
  2870:  1424035.001  1424130.003  1425063.001  1427313.018  1427483.003
  2875:  1427489.016  1427539.026  1427678.005  1428532.009  1430736.001
  2880:  1431384.003  1431387.001  1431506.003  1431538.001  1432931.003
  2885:  1432946.001  1434661.003  1434683.001  1434799.003  1435151.001
  2890:  1435193.003  1435207.001  1435258.003  1435279.001  1437529.018
  2895:  1437756.003  1437762.016  1437812.026  1438256.005  1438641.009
  2900:  1440457.001  1440508.003  1440523.001  1442773.018  1443089.003
  2905:  1443095.016  1443100.001  1443145.026  1443273.003  1443312.005
  2910:  1443975.009  1446031.001  1448281.018  1450010.003  1450016.016
  2915:  1450066.026  1450322.005  1450781.009  1452227.001  1452465.003
  2920:  1452479.001  1454520.003  1454535.001  1454561.003  1454600.001
  2925:  1454883.003  1454980.001  1456639.003  1457232.001  1457689.003
  2930:  1457711.001  1457753.003  1458087.001  1458144.003  1458186.001
  2935:  1459905.003  1460281.001  1462338.003  1462357.001  1462930.003
  2940:  1463020.001  1463095.003  1463367.001  1463687.003  1463741.001
  2945:  1463972.003  1463980.001  1466230.018  1466846.003  1466852.016
  2950:  1466863.001  1466884.003  1466902.026  1467086.005  1467550.009
  2955:  1468798.001  1469084.003  1469094.001  1471059.003  1471078.001
  2960:  1471206.003  1471256.001  1471379.003  1473778.001  1473845.003
  2965:  1473852.001  1475238.003  1475262.001  1475950.003  1475956.001
  2970:  1476883.003  1478192.001  1480442.018  1481081.003  1481087.016
  2975:  1481091.001  1481137.026  1481522.003  1481573.005  1482102.009
  2980:  1482853.001  1483064.003  1483072.001  1485241.003  1485257.001
  2985:  1486080.003  1486503.001  1488753.018  1489245.003  1489251.016
  2990:  1489301.026  1489495.005  1490285.009  1491197.001  1493447.018
  2995:  1493684.003  1493690.016  1493703.001  1493740.026  1493773.003
  3000:  1493898.005  1494756.009  1496094.001  1496137.003  1496195.001
  3005:  1498158.003  1498167.001  1498259.003  1498819.001
B:
     0:        0.000     1140.000        0.000     1139.000        0.000
     5:      271.000        0.000        0.000        0.000      271.000
    10:        0.000        1.000        0.000        1.000        0.000
    15:        0.000       62.000        0.000       62.000        0.000
    20:        0.000        0.000        0.000        0.000        0.000
    25:        0.000       62.000        0.000        0.000        0.000
    30:        0.000
D:
     0:  1502649.000  1501463.000  1500903.000
E:
     0:     2250.000     2250.000
T:
     0:        0.000        0.000        0.000        0.000
W:
     0:        2.000        0.000        0.000
