File: C:\MED-PC IV\Data\Reyes\AW\AW1042.999


Start Date: 08/14/24
End Date: 08/14/24
Subject: 42
Experiment: AW
Group: PERC
Box: 4
Start Time: 15:08:13
End Time: 15:58:13
MSN: DRRD_perc
C:       0.000
F:       0.000
G:       0.000
H:       0.000
I:       0.000
J:       0.000
K:    5811.000
L:       0.000
M:       0.000
N:       0.000
O:       0.000
Q:     571.300
S:     605.318
U: 1902768.000
V:       0.000
X:       0.000
Y:    2061.000
Z:       0.000
A:
     0:     5026.005     5327.009     5927.005     6159.009     7104.005
     5:     7207.009    15000.013    15000.011    15920.001    15947.003
    10:    15990.001    16122.003    16167.001    16297.003    16832.001
    15:    16993.003    17089.001    17251.003    17268.001    17704.003
    20:    18079.001    18504.003    18559.001    18642.003    18817.001
    25:    19738.003    19771.001    20128.003    20182.001    20297.003
    30:    20318.001    20490.003    20507.001    20598.003    20841.005
    35:    21262.009    22394.001    23036.003    23217.001    23242.003
    40:    23792.001    24806.003    25772.001    25808.003    25958.001
    45:    26727.003    26748.001    28324.003    28779.005    28947.009
    50:    32316.001    32465.003    40553.005    41005.009    41129.005
    55:    41356.009    41974.001    42313.003    42775.001    42863.003
    60:    42982.001    43075.003    43092.001    45420.003    46335.001
    65:    46432.003    47026.001    47076.003    47168.005    47171.009
    70:    47433.001    47501.003    47535.001    49427.003    50189.005
    75:    50321.009    50448.005    50499.009    51745.001    51766.003
    80:    51817.001    52863.003    52907.001    54020.003    54379.005
    85:    54639.009    55559.001    56298.003    59688.005    59701.009
    90:    64897.005    65078.009    65120.005    65127.009    66249.005
    95:    66864.009    68465.001    68595.003    68616.001    70076.003
   100:    70846.001    70876.003    70903.001    71073.003    71141.001
   105:    71319.003    71364.001    71444.003    71467.001    73656.003
   110:    74530.001    76229.003    76239.001    77399.003    77423.001
   115:    77769.003    77804.001    79012.003    79492.001    79651.003
   120:    79695.001    81431.003    81735.005    82180.009    82215.005
   125:    82359.009    86970.005    87056.009    91006.001    91426.003
   130:    91870.001    92351.003    92383.001    92536.003    93282.005
   135:    93627.009   105206.001   105363.003   107573.005   107613.009
   140:   108944.005   109150.009   115685.001   115758.003   115925.001
   145:   116044.003   116070.001   117492.003   117533.001   118254.003
   150:   118505.001   118560.003   118627.005   119190.009   119312.005
   155:   119337.009   119353.005   121320.009   121325.005   121378.009
   160:   121403.005   121413.009   121527.005   121604.009   121618.005
   165:   122317.009   122319.005   123134.009   123496.005   123988.009
   170:   124341.005   124367.009   124540.005   124851.009   124907.005
   175:   124935.009   125044.005   125050.009   125464.005   125480.009
   180:   125492.005   125823.009   135034.001   135100.003   135133.001
   185:   136816.003   137724.001   138003.003   138018.001   138661.003
   190:   139365.005   139552.009   141217.005   141309.009   156198.005
   195:   156229.009   156477.005   156517.009   156579.005   156778.009
   200:   205384.005   205543.009   205609.005   205623.009   206520.005
   205:   206659.009   208700.001   209341.003   209842.001   210819.003
   210:   210992.001   211523.003   211608.001   211963.003   212795.005
   215:   213047.009   213072.005   213082.009   213151.005   216197.009
   220:   216231.005   216239.009   216268.005   216338.009   216351.005
   225:   216363.009   216526.005   216888.009   216932.005   216968.009
   230:   217000.005   217474.009   217495.005   217513.009   217797.005
   235:   217799.009   217853.005   217896.009   218026.005   219146.009
   240:   219309.005   219990.009   220139.005   220141.009   220144.005
   245:   220147.009   220155.005   221735.009   221741.005   222266.009
   250:   222322.005   222329.009   273017.001   273048.003   275941.005
   255:   276639.009   276688.005   276766.009   289779.001   291752.003
   260:   292017.001   294923.018   295291.003   295297.016   295347.026
   265:   295527.005   296561.009   296664.005   296731.009   297039.005
   270:   297423.009   297446.005   297906.009   297942.005   297950.009
   275:   298941.005   299061.009   299193.005   299576.009   302998.005
   280:   303124.009   306928.005   307304.009   307320.005   307330.009
   285:   308426.005   308453.009   308540.005   308706.009   309499.001
   290:   311765.003   311851.001   314757.018   316251.003   316257.016
   295:   316265.001   316307.026   316441.003   316573.005   317271.009
   300:   317277.005   317395.009   317463.005   317504.009   317513.005
   305:   317528.009   317674.005   317773.009   317786.005   317878.009
   310:   317887.005   317926.009   317937.005   318534.009   318560.005
   315:   318571.009   320851.001   320988.003   321421.001   324327.018
   320:   324655.003   324661.016   324711.026   324727.001   324867.003
   325:   324948.005   325777.009   325784.005   325855.009   325861.005
   330:   326201.009   326267.005   326302.009   328195.001   329963.003
   335:   330025.001   332931.018   333176.003   333182.016   333232.026
   340:   333254.001   333282.003   333435.005   334838.009   336278.001
   345:   336368.003   336453.001   336499.003   336519.001   337355.003
   350:   337395.001   338851.003   338904.001   338923.003   339453.005
   355:   339576.009   340553.001   343459.018   343498.003   343504.016
   360:   343554.026   343564.001   343650.003   343829.005   344375.009
   365:   344412.005   344484.009   344539.005   344553.009   344597.005
   370:   344644.009   344660.005   344736.009   344756.005   344824.009
   375:   344825.005   345285.009   347035.001   349941.018   352760.003
   380:   352766.016   352816.026   352819.001   352819.017   352959.003
   385:   352967.017   353099.005   353561.009   353695.005   353905.009
   390:   354044.005   354508.009   354632.005   354739.009   355481.001
   395:   355582.003   355647.001   355736.003   355805.001   356451.003
   400:   356512.001   356743.003   356812.001   356867.003   357017.001
   405:   358306.003   359393.001   360865.003   360874.001   361601.003
   410:   362459.005   362676.009   363799.001   364124.003   364181.001
   415:   367495.018   367757.003   367763.016   367813.026   367815.001
   420:   367947.003   368000.001   368009.003   368033.005   368665.009
   425:   368694.005   369301.009   371133.001   371179.003   371360.001
   430:   374039.003   374059.001   374463.003   374547.001   375431.003
   435:   376354.005   376737.009   377991.001   378337.003   378557.001
   440:   378596.003   378634.001   381773.003   382422.005   382750.009
   445:   383730.001   383762.003   383800.001   384182.003   384195.001
   450:   384431.003   384471.001   384673.003   384685.001   387922.003
   455:   388514.001   388935.003   388957.001   389083.003   389114.001
   460:   390849.003   391296.005   391658.009   392573.001   392593.003
   465:   392684.001   392745.003   393396.001   393994.003   394012.001
   470:   397326.018   397627.003   397633.016   397683.026   397964.005
   475:   398508.009   398775.005   399460.009   401538.001   401580.003
   480:   401878.001   401900.003   401981.001   402417.003   402451.001
   485:   402860.003   402914.001   404603.003   407881.005   408018.009
   490:   409224.001   409380.003   409428.001   411731.003   411740.001
   495:   415054.018   415455.003   415461.016   415489.001   415511.026
   500:   415671.003   415787.005   416438.009   416471.005   416521.009
   505:   418083.001   418151.003   418173.001   418325.003   418357.001
   510:   418526.003   418554.001   418621.003   418645.001   419991.003
   515:   420033.001   420052.003   420062.001   423376.018   425652.003
   520:   425658.016   425708.026   425956.005   426896.009   426910.005
   525:   427290.009   429702.005   429710.009   430104.001   430222.003
   530:   430243.001   430453.003   430579.001   431059.003   431119.001
   535:   431454.003   431463.001   431946.003   431989.001   432054.003
   540:   432092.001   434499.003   434527.001   435341.003   435371.001
   545:   435681.003   438977.005   439261.009   441315.001   443954.003
   550:   444160.001   444292.003   444756.005   444847.009   444880.005
   555:   444888.009   444913.005   445140.009   446341.001   447197.003
   560:   447249.001   449660.003   449741.001   450099.003   450112.001
   565:   453426.018   453584.003   453590.016   453640.026   454681.001
   570:   455682.003   456707.001   456715.003   458053.005   458875.009
   575:   458890.005   458899.009   458909.005   459546.009   459568.005
   580:   459734.009   459899.005   459988.009   459990.005   460009.009
   585:   460094.005   460371.009   460524.005   460542.009   460568.005
   590:   460739.009   464278.001   464468.003   464957.001   465846.003
   595:   466223.005   466561.009   472394.001   472475.003   472520.001
   600:   472856.003   472955.001   476040.003   476074.001   476387.003
   605:   476884.005   478195.009   478203.005   478224.009   480029.001
   610:   483343.018   483516.003   483522.016   483572.026   483623.001
   615:   483638.003   483867.005   485031.009   488030.005   488403.009
   620:   488949.001   489004.003   489094.001   489196.003   489253.001
   625:   492567.018   494177.003   494183.016   494233.026   495422.005
   630:   496117.009   496141.005   496795.009   496822.005   496840.009
   635:   496888.005   496981.009   498247.001   501106.003   501142.001
   640:   503938.003   504580.005   504870.009   505308.005   505444.009
   645:   507114.001   507327.003   507393.001   508639.003   508696.001
   650:   509395.003   509484.001   509689.003   510077.005   510369.009
   655:   511712.001   512068.003   512098.001   514906.003   514928.001
   660:   515532.003   515594.001   516829.003   517070.005   517835.009
   665:   517839.005   517849.009   517851.005   517999.009   520636.005
   670:   520741.009   524340.001   524458.003   524483.001   525400.003
   675:   525528.001   525639.003   526639.005   527060.009   527954.001
   680:   528403.003   528493.001   529846.003   529899.001   530732.003
   685:   530753.001   530941.003   531240.005   531454.009   534895.001
   690:   535076.003   535109.001   535203.003   535263.001   538577.018
   695:   539465.003   539471.016   539521.026   539782.005   540303.009
   700:   540311.005   540334.009   540464.005   541064.009   542633.005
   705:   542699.009   543505.001   543575.003   543590.001   543687.003
   710:   543822.001   544293.003   544315.001   546566.003   547447.001
   715:   549338.003   549495.001   550207.003   550816.005   551106.009
   720:   552087.001   552180.003   552239.001   552281.003   552313.001
   725:   554541.003   554582.001   554720.003   554852.001   555000.003
   730:   555065.001   555502.003   556183.005   556398.009   557046.001
   735:   559791.003   560182.001   560293.003   561024.001   561121.003
   740:   566801.005   567259.009   567606.005   567814.009   568684.001
   745:   569321.003   569451.001   570701.003   570714.001   570729.003
   750:   570760.001   571612.003   573974.005   574001.009   574030.005
   755:   574144.009   574994.001   575009.003   575022.001   575039.003
   760:   575113.001   578427.018   578475.003   578481.016   578486.001
   765:   578531.026   578642.003   578814.005   579296.009   580574.005
   770:   580609.009   580620.005   580733.009   581632.001   581732.003
   775:   581760.001   581844.003   581902.001   584043.003   584137.001
   780:   584328.003   584865.001   585057.003   585102.001   587849.003
   785:   588454.005   588827.009   588958.005   589013.009   589582.001
   790:   590131.003   590199.001   593513.018   595962.003   595968.016
   795:   596018.026   596200.005   597499.009   599685.001   599917.003
   800:   599984.001   600089.003   600175.001   600744.003   600806.001
   805:   603938.003   604465.005   604933.009   605534.001   606248.003
   810:   606302.001   608431.003   608570.001   609015.003   610234.005
   815:   610458.009   611690.001   613422.003   613445.001   614227.003
   820:   614466.001   615934.003   615966.001   618364.003   619247.005
   825:   619751.009   622666.005   622976.009   623525.001   623610.003
   830:   623695.001   624014.003   624051.001   625064.003   625121.001
   835:   626386.003   626806.005   627026.009   627782.001   628050.003
   840:   628189.001   628226.003   628272.001   630260.003   630279.001
   845:   630331.003   630372.001   630967.003   631023.001   634337.018
   850:   636047.003   636053.016   636085.001   636103.026   636108.003
   855:   636156.001   636167.003   636365.005   637404.009   637537.005
   860:   637768.009   639965.001   640599.003   640649.001   642433.003
   865:   642477.001   643791.003   643838.001   646706.003   646856.001
   870:   646878.003   646938.001   648602.003   648628.001   648789.003
   875:   649661.001   650739.003   650898.001   650953.003   651077.001
   880:   651334.003   651679.001   652407.003   652490.001   652727.003
   885:   652752.001   652863.003   652924.001   653334.003   653355.001
   890:   654788.003   655331.005   655855.009   657902.005   658020.009
   895:   661715.005   662313.009   662447.005   662466.009   662664.005
   900:   662783.009   664580.001   664770.003   664812.001   664861.003
   905:   664900.001   665225.003   665257.001   665283.003   665310.001
   910:   667310.003   667905.005   668151.009   669346.001   672406.003
   915:   672420.001   673105.003   673130.001   673596.003   673666.001
   920:   676254.003   676289.001   676882.003   677024.001   677056.003
   925:   678193.005   678486.009   678517.005   678601.009   679191.001
   930:   680377.003   680419.001   680439.003   680547.001   681865.003
   935:   682566.005   682786.009   685146.005   685330.009   686347.001
   940:   686693.003   686755.001   687554.003   687593.001   688392.003
   945:   688817.005   689174.009   692415.001   692602.003   692878.001
   950:   693065.003   693089.001   693399.003   695209.005   695720.009
   955:   696455.001   699769.018   700791.003   700797.016   700847.026
   960:   701277.001   701365.003   702648.005   703011.009   703339.005
   965:   703729.009   704077.005   704208.009   704220.005   704387.009
   970:   705021.001   705095.003   705173.001   705528.003   705727.001
   975:   705845.003   706148.001   706296.003   707957.001   707990.003
   980:   708030.001   709625.003   709757.005   710007.009   712336.005
   985:   712551.009   712588.005   712713.009   713776.001   714223.003
   990:   714334.001   714564.003   714698.001   716445.003   716509.001
   995:   716588.003   716656.001   717593.003   717915.005   718172.009
  1000:   718963.001   719201.003   719530.001   719578.003   720229.001
  1005:   720439.003   721907.001   722158.003   722536.001   722637.003
  1010:   722854.001   723073.003   724737.005   725114.009   725789.001
  1015:   726255.003   726406.001   727089.003   727981.005   728234.009
  1020:   729160.001   729300.003   729486.001   729711.003   729875.001
  1025:   730101.003   730124.001   730333.003   731496.005   731645.009
  1030:   732912.001   733607.003   733667.001   734028.003   734099.001
  1035:   734125.003   734163.001   734541.003   734695.001   735105.003
  1040:   736070.005   736749.009   737491.005   737595.009   738894.005
  1045:   739069.009   740168.001   740477.003   741097.001   742424.003
  1050:   743037.005   743464.009   745662.005   745832.009   749583.001
  1055:   749645.003   749690.001   749796.003   749949.001   750135.003
  1060:   751125.001   753315.003   753989.005   754846.009   755466.005
  1065:   755769.009   757223.001   757331.003   758188.005   758582.009
  1070:   759244.001   759291.003   759336.001   759947.003   760039.001
  1075:   760161.003   760212.001   760486.003   762370.005   762579.009
  1080:   762818.005   762874.009   763296.001   766424.003   767218.005
  1085:   767778.009   768473.001   770377.003   772259.001   772408.003
  1090:   772701.001   773222.003   773264.001   773897.003   774257.005
  1095:   774746.009   775559.001   775617.003   777472.005   777688.009
  1100:   784314.005   784757.009   784868.005   784873.009   785003.005
  1105:   785158.009   785984.001   786037.003   786086.001   788027.003
  1110:   788103.001   788190.003   788213.001   788458.003   789140.001
  1115:   789181.003   789214.001   791091.003   791127.001   791609.003
  1120:   791717.001   791990.003   792596.005   792945.009   794683.001
  1125:   794836.003   794845.001   795907.003   796079.001   799204.003
  1130:   799255.001   801870.003   802150.005   802757.009   804258.001
  1135:   806522.003   806855.005   807068.009   816951.005   817691.009
  1140:   817742.005   817751.009   819656.001   820385.003   820426.001
  1145:   821391.003   822033.005   822664.009   823614.001   823761.003
  1150:   823892.001   823990.003   824114.001   826219.003   826241.001
  1155:   827597.003   827728.001   828766.003   831095.001   833083.003
  1160:   833381.001   833553.003   833598.001   834624.003   835178.005
  1165:   835815.009   835894.005   835936.009   836003.005   836429.009
  1170:   836481.005   836633.009   840472.005   840597.009   841899.001
  1175:   841986.003   842138.001   845452.018   845541.003   845547.016
  1180:   845597.026   845797.005   846531.009   846551.005   846612.009
  1185:   848320.005   848393.009   849392.001   849488.003   849633.001
  1190:   851613.003   851630.001   851817.003   851883.001   851944.003
  1195:   852710.005   852901.009   853514.001   853633.003   853699.001
  1200:   854887.003   854918.001   858232.018   860196.003   860202.016
  1205:   860243.001   860252.026   860326.003   860399.001   860407.003
  1210:   860566.005   860945.009   861004.005   861238.009   861245.005
  1215:   861267.009   861318.005   861747.009   861835.005   862007.009
  1220:   864265.001   864498.003   864564.001   867278.003   867763.005
  1225:   868039.009   868834.001   869004.003   869111.001   869160.003
  1230:   869210.001   870798.003   870837.001   872807.003   872818.001
  1235:   875104.003   875994.001   876600.003   876899.005   877416.009
  1240:   879622.001   880187.003   881749.001   885063.018   885814.003
  1245:   885820.016   885833.001   885870.026   886076.003   886189.005
  1250:   887525.009   888516.001   888740.003   888853.001   890427.003
  1255:   891079.005   891256.009   892084.001   892108.003   892132.001
  1260:   895396.003   896345.001   899659.018   900485.003   900491.016
  1265:   900510.001   900541.026   900727.003   900895.005   901608.009
  1270:   902033.005   902315.009   903791.001   903801.003   904021.001
  1275:   904605.003   913743.001   915399.003   915425.001   916042.003
  1280:   916510.005   916703.009   916705.005   916860.009   916864.005
  1285:   916883.009   922838.001   923210.003   923235.001   925389.003
  1290:   926649.005   926707.009   927472.001   927539.003   932053.005
  1295:   932148.009   932702.001   932766.003   933895.005   933908.009
  1300:   934142.005   934178.009   936467.005   936602.009   938307.001
  1305:   938373.003   939564.001   940803.003   941396.005   941442.009
  1310:   943368.001   944484.003   944500.001   945100.003   945120.001
  1315:   945292.003   946320.005   947006.009   948073.001   948143.003
  1320:   948213.001   949847.003   949890.001   951881.003   951912.001
  1325:   952047.003   953259.001   953668.003   955071.001   955645.003
  1330:   956226.001   956419.003   956670.001   956688.003   956730.001
  1335:   957897.003   960393.005   960410.009   960437.005   960839.009
  1340:   960851.005   961042.009   961243.005   962384.009   962462.005
  1345:   962488.009   963173.001   963277.003   963607.001   963641.003
  1350:   963840.001   963937.003   963998.001   967153.003   968513.001
  1355:   971591.003   971697.001   971867.003   972012.001   972040.003
  1360:   972797.005   972809.009   972848.005   973179.009   973244.005
  1365:   973323.009   975281.001   978365.003   978533.001   978633.003
  1370:   978686.001   978794.003   978844.001   978872.003   979841.005
  1375:   979933.009   980731.001   980925.003   982407.005   982605.009
  1380:   985770.001   985996.003   986029.001   989343.018   992539.003
  1385:   992545.016   992595.026   992786.005   993342.009   993598.005
  1390:   993601.009   993642.005   994175.009   994647.005   994834.009
  1395:   995608.001   995746.003   995828.001   995889.003   995936.001
  1400:   995992.003   996006.001   997518.003   997550.001   997866.003
  1405:   997907.001   998262.003   998492.001   999164.003   999195.001
  1410:   999331.003   999446.001   999494.003  1000647.001  1000734.003
  1415:  1000780.001  1001976.003  1002005.001  1003830.003  1004838.001
  1420:  1005185.003  1009631.001  1012106.003  1012353.001  1012412.003
  1425:  1012475.001  1012628.003  1012640.001  1012980.003  1013245.005
  1430:  1013811.009  1014402.001  1014554.003  1014638.001  1014696.003
  1435:  1017774.005  1018112.009  1018581.001  1018716.003  1018753.001
  1440:  1019702.003  1019845.001  1020041.003  1022613.001  1022745.003
  1445:  1024199.005  1024378.009  1029297.001  1029328.003  1029428.001
  1450:  1031576.003  1031599.001  1032926.003  1032959.001  1033244.003
  1455:  1033314.001  1033438.003  1033476.001  1033772.003  1034393.005
  1460:  1034400.009  1034441.005  1034836.009  1035285.001  1035621.003
  1465:  1035639.001  1038457.003  1038765.005  1038992.009  1039325.001
  1470:  1039437.003  1039465.001  1040767.003  1040819.001  1041056.003
  1475:  1041084.001  1041686.003  1041988.005  1042198.009  1045854.001
  1480:  1048259.003  1048290.001  1048438.003  1048448.001  1048734.003
  1485:  1048754.001  1051890.003  1052747.001  1053086.003  1053103.001
  1490:  1053717.003  1053811.001  1053949.003  1053986.001  1054234.003
  1495:  1054274.001  1054966.003  1055624.005  1056027.009  1056488.001
  1500:  1056555.003  1056693.001  1059219.003  1059730.005  1060127.009
  1505:  1060490.005  1060655.009  1061843.001  1061877.003  1062876.001
  1510:  1065207.003  1065406.005  1066048.009  1068154.001  1070869.003
  1515:  1071272.005  1071667.009  1072687.001  1076001.018  1076252.003
  1520:  1076258.016  1076308.026  1076477.005  1076787.009  1076911.005
  1525:  1077675.009  1077692.005  1077725.009  1077921.005  1078097.009
  1530:  1079227.001  1079617.003  1079655.001  1080065.003  1080128.001
  1535:  1080559.003  1080584.001  1082073.003  1082218.001  1082369.003
  1540:  1084000.001  1084219.003  1084240.001  1085024.003  1085105.001
  1545:  1085623.003  1086289.005  1086859.009  1100962.005  1101195.009
  1550:  1101618.001  1103953.003  1103976.001  1103992.003  1104054.001
  1555:  1104115.003  1104512.001  1105969.003  1106316.001  1106502.003
  1560:  1106562.001  1106608.003  1107118.005  1107311.009  1108720.005
  1565:  1108887.009  1109347.001  1112661.018  1112900.003  1112906.016
  1570:  1112911.001  1112956.026  1113019.003  1113238.005  1113747.009
  1575:  1114309.005  1114501.009  1115860.001  1119174.018  1119442.003
  1580:  1119448.016  1119473.001  1119498.026  1119585.003  1119902.005
  1585:  1120419.009  1120434.005  1120441.009  1123009.005  1123204.009
  1590:  1123261.005  1123302.009  1123310.005  1123335.009  1123766.001
  1595:  1123886.003  1124046.001  1125983.003  1126089.001  1126112.003
  1600:  1126211.001  1126251.003  1126270.001  1128012.003  1128178.001
  1605:  1129506.003  1130295.005  1130328.009  1130359.005  1130787.009
  1610:  1132225.001  1135539.018  1135767.003  1135773.016  1135823.026
  1615:  1136106.005  1136610.009  1137118.005  1137292.009  1137371.005
  1620:  1137390.009  1137911.005  1137918.009  1137942.005  1137986.009
  1625:  1138007.005  1138164.009  1139396.001  1139687.003  1139740.001
  1630:  1139796.003  1139831.001  1141201.003  1141344.001  1141383.003
  1635:  1141438.001  1143279.003  1143306.001  1143610.003  1144223.005
  1640:  1144532.009  1146889.001  1147752.003  1148485.005  1148670.009
  1645:  1149827.001  1150268.003  1150451.001  1153021.003  1153100.001
  1650:  1153195.003  1153358.001  1153464.003  1153481.001  1156597.003
  1655:  1156657.001  1156678.003  1156748.001  1156762.003  1157755.005
  1660:  1158196.009  1158205.005  1158371.009  1159318.001  1160741.003
  1665:  1161100.001  1164414.018  1165939.003  1165945.016  1165995.026
  1670:  1166222.005  1166751.009  1166757.005  1166883.009  1166907.005
  1675:  1166946.009  1167003.005  1167151.009  1168489.005  1168610.009
  1680:  1169330.001  1169432.003  1169541.001  1169777.003  1169806.001
  1685:  1173120.018  1173673.003  1173679.016  1173729.026  1173764.001
  1690:  1173776.003  1173915.005  1174238.009  1174731.005  1174783.009
  1695:  1174801.005  1175109.009  1177362.001  1179749.003  1181495.001
  1700:  1181634.003  1181671.001  1184290.003  1184326.001  1184361.003
  1705:  1185035.005  1185256.009  1186543.001  1187808.003  1188279.005
  1710:  1188558.009  1189991.001  1193305.018  1193707.003  1193713.016
  1715:  1193763.026  1194225.005  1194670.009  1196413.001  1196738.003
  1720:  1197098.001  1199801.003  1200229.005  1200419.009  1200558.005
  1725:  1201088.009  1202286.001  1203988.003  1204035.001  1204243.003
  1730:  1204691.005  1204932.009  1207094.001  1207264.003  1207301.001
  1735:  1209946.003  1210207.001  1210593.003  1210640.001  1211012.003
  1740:  1211102.001  1212282.003  1212296.001  1212343.003  1212418.001
  1745:  1212568.003  1213138.005  1213388.009  1213980.001  1216779.003
  1750:  1216824.001  1217021.003  1217764.005  1217936.009  1219954.001
  1755:  1222690.003  1222897.001  1224293.003  1224457.001  1224477.003
  1760:  1224635.001  1225274.003  1225300.001  1225692.003  1225711.001
  1765:  1225794.003  1226131.001  1226156.003  1226199.001  1226218.003
  1770:  1226595.005  1226852.009  1227585.001  1229848.003  1230512.005
  1775:  1231032.009  1233799.001  1233839.003  1233882.001  1237196.018
  1780:  1238231.003  1238237.016  1238287.026  1238605.005  1238974.009
  1785:  1238983.005  1239018.009  1239743.005  1239838.009  1240314.001
  1790:  1242229.003  1242242.001  1242447.003  1242506.001  1242706.003
  1795:  1243105.005  1243551.009  1243588.005  1243728.009  1244551.001
  1800:  1244649.003  1244672.001  1244773.003  1244836.001  1248138.003
  1805:  1248432.005  1249125.009  1250758.005  1250815.009  1252679.001
  1810:  1253838.003  1254942.001  1254986.003  1255062.001  1256281.003
  1815:  1256312.001  1256611.003  1256760.001  1257044.003  1257064.001
  1820:  1257213.003  1257881.005  1258433.009  1263615.001  1265677.003
  1825:  1266353.001  1266406.003  1266438.001  1266464.003  1266487.001
  1830:  1268457.003  1268479.001  1268498.003  1268850.005  1268950.009
  1835:  1269004.005  1269452.009  1269483.005  1269489.009  1269560.005
  1840:  1269723.009  1273754.005  1273946.009  1275810.001  1275899.003
  1845:  1275947.001  1277672.003  1278367.001  1280514.003  1280790.005
  1850:  1280999.009  1281033.005  1281198.009  1284848.005  1284978.009
  1855:  1285624.001  1285675.003  1285866.001  1287611.003  1288126.001
  1860:  1288186.003  1288212.001  1289199.003  1289244.001  1289261.003
  1865:  1289607.001  1291340.003  1291679.005  1292096.009  1295380.001
  1870:  1295754.003  1296790.001  1296876.003  1297024.001  1299995.003
  1875:  1300029.001  1300240.003  1300727.005  1301026.009  1301052.005
  1880:  1301136.009  1301733.001  1303372.003  1303455.001  1303749.003
  1885:  1304741.001  1304933.003  1305100.001  1305157.003  1305281.001
  1890:  1305307.003  1305421.001  1305570.003  1307166.001  1307234.003
  1895:  1307317.001  1307423.003  1307466.001  1307507.003  1308214.001
  1900:  1309163.003  1310592.001  1310644.003  1310665.001  1310701.003
  1905:  1310722.001  1313049.003  1313486.005  1313791.009  1314641.001
  1910:  1314863.003  1316022.001  1317532.003  1318762.001  1318873.003
  1915:  1318957.001  1319026.003  1319268.001  1319473.003  1319482.001
  1920:  1319578.003  1319619.001  1319746.003  1320083.001  1321436.003
  1925:  1321491.001  1322712.003  1322763.001  1323177.003  1323494.005
  1930:  1324252.009  1326212.001  1326763.003  1327050.005  1327267.009
  1935:  1327905.001  1328731.003  1328779.001  1329563.003  1329656.001
  1940:  1332560.003  1332610.001  1333062.003  1333229.001  1334624.003
  1945:  1335379.005  1335611.009  1335715.005  1336168.009  1336211.005
  1950:  1336520.009  1340839.001  1340949.003  1341697.001  1343304.003
  1955:  1343409.001  1343517.003  1343545.001  1343576.003  1343590.001
  1960:  1344784.003  1345366.005  1345919.009  1347708.001  1347726.003
  1965:  1347759.001  1349859.003  1349950.001  1350240.003  1351039.005
  1970:  1351117.009  1352979.001  1353273.003  1354234.001  1354402.003
  1975:  1354439.001  1356199.003  1356218.001  1356430.003  1357365.005
  1980:  1357778.009  1359350.001  1360436.003  1360773.005  1361222.009
  1985:  1361314.005  1362889.009  1363726.005  1363909.009  1363914.005
  1990:  1364137.009  1367432.005  1367436.009  1377050.001  1377746.003
  1995:  1377970.005  1378669.009  1378714.005  1378915.009  1379848.001
  2000:  1379921.003  1379992.001  1381307.003  1382876.001  1383129.003
  2005:  1383497.005  1383882.009  1384037.005  1384076.009  1384160.005
  2010:  1384345.009  1384430.005  1384438.009  1384439.005  1384573.009
  2015:  1387069.005  1387208.009  1392193.005  1392363.009  1394460.001
  2020:  1394733.003  1394796.001  1395451.003  1406381.005  1406723.009
  2025:  1406747.005  1406762.009  1407347.005  1408274.009  1408331.005
  2030:  1409326.009  1409958.005  1410097.009  1410114.005  1410137.009
  2035:  1410202.005  1410262.009  1411697.005  1411881.009  1420553.005
  2040:  1420731.009  1443499.005  1443912.009  1446235.005  1446268.009
  2045:  1446564.005  1446694.009  1447362.001  1447439.003  1447602.001
  2050:  1448009.003  1469170.005  1469750.009  1470011.005  1470160.009
  2055:  1472776.001  1472903.003  1473862.001  1474259.003  1474536.005
  2060:  1474697.009
B:
     0:        0.000      608.000        0.000      608.000        0.000
     5:      374.000        0.000        0.000        0.000      374.000
    10:        0.000        1.000        0.000        1.000        0.000
    15:        0.000       31.000        2.000       31.000        0.000
    20:        0.000        0.000        0.000        0.000        0.000
    25:        0.000       31.000        0.000        0.000        0.000
    30:        0.000
D:
     0:  3377026.000  3376630.000  3377027.000
E:
     0:     2905.500     3313.256
P:
     0:        0.000       27.000      132.000      130.000      161.000
     5:      162.000      436.000      425.000       83.000      921.000
    10:      357.000      115.000      172.000       91.000      642.000
    15:       25.000     1014.000       36.000      769.000     1576.000
    20:      149.000      339.000       88.000       93.000     2328.000
    25:       97.000       50.000       68.000     1892.000       21.000
    30:     1046.000     1113.000      739.000      130.000     1460.000
    35:       30.000      170.000      178.000       80.000     2189.000
    40:     1699.000     1160.000      346.000     1208.000      159.000
    45:     1736.000      420.000      481.000      153.000      157.000
    50:       73.000      119.000     1422.000      721.000       55.000
    55:       66.000     1683.000      279.000      643.000      641.000
    60:      977.000      531.000      355.000       31.000     1973.000
    65:     3274.000     2266.000     4400.000      130.000      137.000
    70:     3234.000      140.000     1768.000     3151.000       28.000
    75:       90.000       46.000      836.000     1456.000       19.000
    80:     2945.000       86.000     5725.000      139.000      101.000
    85:       89.000      646.000      231.000       55.000     1289.000
    90:     1472.000      727.000      325.000     3576.000      130.000
    95:        9.000       46.000     2679.000      404.000      884.000
   100:      346.000       39.000     3139.000       32.000      382.000
   105:      236.000      202.000     3237.000      421.000      126.000
   110:     1735.000       20.000       61.000      598.000     3615.000
   115:       42.000       22.000      436.000      409.000     1689.000
   120:      156.000     2303.000     3715.000      156.000       68.000
   125:      152.000      169.000       67.000     1346.000       19.000
   130:     5590.000      118.000      210.000      480.000      335.000
   135:      483.000       65.000     2407.000      814.000      310.000
   140:     2639.000      132.000      856.000     2411.000      358.000
   145:     3472.000     1001.000        8.000      190.000      889.000
   150:       81.000      336.000     3085.000      313.000     3487.000
   155:       15.000       55.000      102.000     4924.000     2859.000
   160:     2796.000      213.000     1246.000      699.000      205.000
   165:      356.000     2808.000      604.000     1235.000      118.000
   170:      917.000      111.000      449.000     1353.000      833.000
   175:      188.000      181.000       94.000     4202.000       70.000
   180:       97.000      471.000     2251.000     1891.000      712.000
   185:       93.000       42.000     2228.000      138.000      148.000
   190:      437.000     2745.000      111.000       97.000      637.000
   195:     1250.000       15.000      852.000       15.000       17.000
   200:     3362.000      107.000      100.000       84.000     2141.000
   205:      191.000      192.000     2747.000      549.000     5763.000
   210:      232.000      105.000      569.000     3132.000      714.000
   215:     2129.000      445.000     1732.000      782.000     1468.000
   220:     2398.000       85.000      319.000     1013.000     1265.000
   225:      268.000       37.000     1988.000       52.000      595.000
   230:     5024.000        1.000       11.000      634.000     1784.000
   235:     1314.000     2868.000       22.000     1664.000      161.000
   240:     1078.000       55.000      257.000      728.000      237.000
   245:      111.000      410.000     1433.000      190.000       49.000
   250:      325.000       26.000     2000.000     3060.000      685.000
   255:      466.000     2588.000      593.000       32.000     1186.000
   260:       20.000     1318.000      346.000      799.000      799.000
   265:      187.000      187.000      310.000     4336.000       88.000
   270:       74.000      355.000      118.000      148.000       33.000
   275:     1595.000      447.000      230.000     1747.000       79.000
   280:      937.000      238.000       48.000      210.000      251.000
   285:      101.000      219.000      466.000      683.000      140.000
   290:      225.000      226.000      209.000      695.000      361.000
   295:       26.000      378.000      410.000      309.000     1327.000
   300:       62.000      106.000      186.000     2190.000      108.000
   305:       47.000      611.000      122.000      274.000     3128.000
   310:     1904.000      149.000      521.000      633.000       58.000
   315:       53.000     1941.000       87.000      245.000       41.000
   320:     1877.000      482.000      273.000      153.000     1062.000
   325:     3125.000     2615.000     2264.000      729.000      965.000
   330:      147.000       98.000     2105.000     1356.000     1038.000
   335:     1988.000      172.000     1026.000       87.000     3403.000
   340:       96.000     1980.000      187.000       61.000      119.000
   345:     1188.000     5278.000       70.000        8.000      233.000
   350:     2714.000      170.000       49.000     1588.000     1970.000
   355:     2286.000      606.000      565.000     4065.000      202.000
   360:      224.000     1574.000       24.000     3264.000     4140.000
   365:      182.000       10.000      584.000     1656.000      617.000
   370:      372.000     2154.000       67.000       64.000       66.000
   375:     1239.000     1116.000      600.000      172.000       70.000
   380:     1634.000     1991.000      135.000      409.000      574.000
   385:      193.000       18.000     1167.000      104.000       34.000
   390:       97.000     3155.000     3078.000      170.000       28.000
   395:     3084.000      100.000      108.000       28.000      194.000
   400:      226.000     6510.000      138.000       61.000       56.000
   405:     1512.000      316.000      355.000      672.000      136.000
   410:       48.000       87.000     1196.000     1825.000      347.000
   415:     2475.000       59.000      153.000      340.000      152.000
   420:       58.000      135.000      949.000      196.000      132.000
   425:       31.000     2148.000     1327.000      285.000      124.000
   430:      296.000      336.000     2818.000      112.000     1302.000
   435:      237.000      602.000     2405.000      148.000      286.000
   440:     3136.000      339.000      614.000      138.000      248.000
   445:      692.000       67.000     2526.000       34.000     2331.000
   450:     2715.000     3565.000      390.000      410.000      431.000
   455:     1489.000      151.000      219.000      784.000      518.000
   460:     2335.000       16.000       61.000     1457.000      186.000
   465:       46.000     3553.000       59.000     3582.000       83.000
   470:      120.000     1937.000       23.000       40.000     1742.000
   475:     1328.000     3542.000      291.000       56.000     1370.000
   480:       39.000     1841.000      304.000      863.000      441.000
   485:     2570.000       95.000      106.000     3116.000       21.000
   490:       14.000     1423.000     4839.000      102.000      236.000
   495:     3867.000       12.000     2387.000      139.000     2619.000
   500:       35.000     1265.000     3716.000      325.000     2703.000
   505:     1702.000      208.000      170.000     2645.000      386.000
   510:      372.000     1180.000       47.000      150.000     2799.000
   515:      197.000     2736.000     1396.000       20.000      639.000
   520:      392.000       83.000       25.000       19.000     2263.000
   525:       40.000     4349.000     1915.000      205.000      200.000
   530:       98.000      101.000     3302.000     1159.000       44.000
   535:     1219.000      299.000      284.000      149.000     2062.000
   540:       53.000       26.000     1970.000       19.000       89.000
   545:     1725.000     2147.000       51.000     1745.000       60.000
   550:      987.000       17.000     1733.000      374.000       86.000
   555:     2971.000      211.000     1639.000      294.000      192.000
   560:       57.000       26.000      149.000       68.000      106.000
   565:       41.000      949.000       52.000       36.000     2327.000
   570:      222.000     1510.000      111.000       69.000      205.000
   575:       96.000      127.000     1353.000     1221.000      414.000
   580:      551.000      826.000      784.000     2904.000      452.000
   585:     1395.000      110.000     1607.000      108.000       31.000
   590:     1194.000       18.000     2100.000      290.000      294.000
   595:      168.000     1760.000      212.000     1086.000      696.000
   600:       73.000     1315.000      253.000      273.000      655.000
   605:       77.000      407.000      127.000      397.000
R:
     0:        1.000   366410.326        0.000
T:
     0:        0.000        0.000        0.000        0.000
W:
     0:        0.000        0.000        0.000
