File: C:\MED-PC IV\Data\Reyes\AW\AW047.999


Start Date: 08/11/24
End Date: 08/11/24
Subject: 47
Experiment: AW
Group: LINEAR
Box: 3
Start Time: 15:31:41
End Time: 16:21:41
MSN: DRRD_lin
C:       0.000
F:       0.000
G:       0.000
H:       0.000
I:       0.000
J:       0.000
K:     500.000
L:       0.000
M:       0.000
N:       0.000
O:       0.000
P:       0.000
Q:       0.000
R:       0.000
S:       0.000
U:  135903.000
V:       0.000
X:       0.000
Y:    5528.000
Z:       0.000
A:
     0:   135640.005   135742.009     6321.005     6596.009     6619.005
     5:     6653.009     6788.005     6816.009     7084.005     7094.009
    10:     7635.005     7896.009    11850.005    12047.009    13043.005
    15:    13193.009    13241.005    13978.009    15000.013    15000.011
    20:    22731.001    22922.003    23273.005    23492.009    23904.001
    25:    24154.018    24178.003    24184.016    24234.026    24363.005
    30:    25975.009    26345.001    26494.003    26717.005    26898.009
    35:    26971.005    26981.009    27545.001    27658.003    27920.005
    40:    28116.009    28691.001    28853.003    29211.001    29355.003
    45:    29588.005    29698.009    29816.005    30023.009    30410.001
    50:    30588.003    30856.001    31052.003    31189.005    31582.009
    55:    31932.001    31969.003    32003.001    32161.003    32347.005
    60:    32655.009    32688.005    32822.009    32884.005    33041.009
    65:    33469.001    33719.018    34493.003    34499.016    34511.001
    70:    34549.026    34556.003    34947.005    35037.009    35144.005
    75:    36506.009    37241.001    37426.003    37537.005    37904.009
    80:    38032.005    38270.009    38803.001    38929.003    39056.005
    85:    39734.009    40146.001    40345.003    40458.005    40558.009
    90:    40700.005    40854.009    40932.005    41099.009    41525.001
    95:    41718.003    41741.001    41797.003    41905.001    42040.003
   100:    42577.001    42766.003    43185.001    43435.018    43513.003
   105:    43519.016    43569.026    43612.005    44672.009    45376.001
   110:    45437.003    45601.005    45816.009    46378.001    46526.003
   115:    46649.005    46796.009    46905.005    46913.009    46922.005
   120:    47172.009    47532.001    47657.003    47814.005    47930.009
   125:    48869.001    49119.018    49218.003    49224.016    49274.026
   130:    49515.005    50209.009    50241.005    50316.009    53340.005
   135:    53494.009    54235.005    54506.009    55559.001    55809.018
   140:    55831.003    55837.016    55887.026    56185.005    56925.009
   145:    57607.001    57667.003    58175.001    58383.003    58564.005
   150:    58665.009    58713.005    59263.009    59711.001    59795.003
   155:    59953.005    60218.009    60550.001    60788.003    61014.005
   160:    61059.009    61206.005    61367.009    61372.005    61957.009
   165:    62122.001    62203.003    62396.001    62646.018    62695.003
   170:    62701.016    62751.026    62773.001    62950.003    62977.001
   175:    63006.003    63036.001    63104.003    63292.005    63387.009
   180:    63468.005    64275.009    64277.005    64285.009    64626.001
   185:    64728.003    65062.001    65194.003    65857.001    65876.003
   190:    65890.001    66051.003    66054.001    66105.003    66220.001
   195:    66254.003    66634.001    66661.003    66672.001    66922.018
   200:    67310.003    67316.016    67366.026    67562.005    68142.009
   205:    68214.005    68239.009    68244.005    68479.009    70471.005
   210:    70684.009    71030.001    71118.003    71283.005    71533.009
   215:    72022.001    72215.003    72360.005    72472.009    72558.005
   220:    72636.009    72765.005    72967.009    73727.001    73927.003
   225:    74051.005    74122.009    74206.005    74429.009    74754.001
   230:    74850.003    75323.001    75515.003    75694.005    75766.009
   235:    75978.001    76228.018    76261.003    76267.016    76317.026
   240:    76649.005    77129.009    77447.001    77484.003    77740.001
   245:    77834.003    77995.005    78266.009    78493.001    78604.003
   250:    78943.001    79070.003    79793.001    79963.003    80139.005
   255:    80395.009    81008.001    81174.003    81667.005    82008.009
   260:    82533.001    82783.018    82799.003    82805.016    82820.001
   265:    82855.026    83052.003    83218.005    83840.009    86303.001
   270:    86342.003    86575.001    86703.003    86917.005    87115.009
   275:    87138.005    87163.009    87359.001    87609.018    87740.003
   280:    87746.016    87787.001    87796.026    87823.003    87957.005
   285:    88593.009    88753.005    88779.009    88866.005    89068.009
   290:    89799.001    89936.003    90081.005    90240.009    91029.005
   295:    91038.009    91043.005    91284.009    91904.001    91992.003
   300:    92193.005    92563.009    98311.005    98340.009    98351.005
   305:    98494.009   100057.005   100135.009   100819.001   100997.003
   310:   101331.001   101399.003   101440.001   101690.018   101705.003
   315:   101711.016   101761.026   101914.005   102465.009   102862.001
   320:   103062.003   103845.001   104015.003   104184.005   104349.009
   325:   104367.005   104568.009   104838.001   105071.003   105364.001
   330:   105614.018   105674.003   105680.016   105730.026   105771.001
   335:   105984.003   106448.001   106698.018   106737.003   106743.016
   340:   106793.026   106819.001   106936.003   107002.005   107782.009
   345:   108188.001   108438.018   108467.003   108473.016   108523.026
   350:   108639.001   108715.003   108810.005   110356.009   110813.001
   355:   110992.003   111186.001   111433.003   111557.005   111802.009
   360:   112109.001   112272.003   112401.001   112651.018   112748.003
   365:   112754.016   112804.026   112856.005   113576.009   113902.005
   370:   113994.009   114824.001   114863.003   115100.005   115418.009
   375:   116392.001   116642.018   116648.003   116654.016   116704.026
   380:   116976.005   117596.009   119796.001   119902.003   119919.001
   385:   119950.003   120286.001   120415.003   121366.005   121640.009
   390:   121822.001   121907.003   124300.001   124332.003   124498.005
   395:   124824.009   124979.001   125158.003   125186.001   125248.003
   400:   125825.001   126024.003   126029.001   126282.018   126398.003
   405:   126404.016   126454.026   126686.005   127366.009   128362.001
   410:   128540.003   128761.005   128848.009   128955.005   129214.009
   415:   129598.001   129649.003   129984.005   130224.009   130394.001
   420:   130547.003   130769.001   131019.018   131132.003   131138.016
   425:   131188.026   131282.005   131988.009   133239.001   133304.003
   430:   133584.001   133794.003   133977.001   134171.003   135113.005
   435:   135244.009   135330.005   135666.009   135947.001   135969.003
   440:   136112.001   136207.003   136412.005   136770.009   136803.005
   445:   136919.009   137047.001   137253.003   137937.001   137983.003
   450:   138012.001   138046.003   138079.001   138291.003   138497.001
   455:   138618.003   138891.001   139141.018   139350.003   139356.016
   460:   139406.026   139857.005   140754.009   141499.001   141739.003
   465:   141792.001   142042.018   142066.003   142072.016   142122.026
   470:   142224.005   142856.009   144542.001   144630.003   144806.005
   475:   144965.009   145134.001   145384.018   145464.003   145470.016
   480:   145520.026   145670.005   146187.009   146543.001   146695.003
   485:   146739.001   146788.003   146814.001   146833.003   147105.005
   490:   147518.009   147884.001   147991.003   148009.001   148024.003
   495:   148326.005   148405.009   148710.001   148960.018   149059.003
   500:   149065.016   149115.026   149308.005   149873.009   150445.001
   505:   150573.003   150905.001   150940.003   151116.005   151422.009
   510:   151629.001   151848.003   152000.001   152231.003   153011.001
   515:   153208.003   153651.001   153901.018   153913.003   153919.016
   520:   153969.026   154080.005   154804.009   154987.001   155038.003
   525:   155218.001   155436.003   155565.001   155815.018   156098.003
   530:   156104.016   156132.001   156154.026   156172.003   156378.005
   535:   156969.009   159185.005   159405.009   159910.001   159989.003
   540:   160875.001   161064.003   161309.005   161434.009   161634.001
   545:   161770.003   161915.001   162148.003   162167.001   162215.003
   550:   162223.001   162330.003   162359.001   162377.003   162869.001
   555:   163013.003   163300.005   163657.009   164377.001   164603.003
   560:   164661.001   164735.003   165606.001   165668.003   165917.001
   565:   166093.003   166283.001   166533.018   166538.003   166544.016
   570:   166555.001   166594.026   166676.003   166810.005   167312.009
   575:   168416.005   168727.009   170970.005   171195.009   171780.001
   580:   171906.003   172099.005   172401.009   173496.001   173746.018
   585:   173788.003   173794.016   173844.026   173945.005   174783.009
   590:   175383.001   175573.003   175946.001   176196.018   176205.003
   595:   176211.016   176232.001   176261.026   176496.003   176610.005
   600:   177451.009   178318.001   178490.003   178663.005   178929.009
   605:   179353.001   179430.003   179523.001   179542.003   179694.001
   610:   179718.003   179737.001   179987.018   180020.003   180026.016
   615:   180076.026   180182.005   180762.009   180813.005   181026.009
   620:   181079.005   181165.009   181503.001   181560.003   181980.001
   625:   182230.018   182248.003   182254.016   182304.026   182620.005
   630:   183221.009   184600.001   184805.003   185131.005   185420.009
   635:   185632.001   185703.003   185976.001   186226.018   186864.003
   640:   186870.016   186920.026   187184.005   187794.009   187855.005
   645:   188265.009   188289.005   188561.009   189505.001   189591.003
   650:   190001.005   190317.009   190792.001   190920.003   191067.005
   655:   191251.009   191545.001   191795.018   191930.003   191936.016
   660:   191986.026   192218.005   192880.009   192910.005   192938.009
   665:   192963.005   192978.009   192997.005   193114.009   193909.001
   670:   194159.018   194386.003   194392.016   194442.026   194544.005
   675:   195131.009   195943.001   196080.003   196302.005   196541.009
   680:   196965.001   197114.003   197207.001   197237.003   198544.001
   685:   198678.003   198909.005   199152.009   199408.001   199625.003
   690:   199729.001   199979.018   200166.003   200172.016   200222.026
   695:   200331.005   200930.009   201955.001   201998.003   202197.001
   700:   202303.003   202490.005   202683.009   202914.001   202946.003
   705:   203052.001   203186.003   203207.001   203264.003   203292.001
   710:   203542.018   203608.003   203614.016   203664.026   204416.005
   715:   206425.009   207473.001   207538.003   207834.001   207938.003
   720:   207970.001   208007.003   208025.001   208275.018   208371.003
   725:   208377.016   208383.001   208427.026   208542.003   208649.005
   730:   209170.009   209436.001   209465.003   209862.001   210112.018
   735:   210439.003   210445.016   210495.026   210699.005   211153.009
   740:   212630.001   212682.003   212912.005   213138.009   213330.001
   745:   213580.018   213973.003   213979.016   214029.026   214411.005
   750:   215123.009   215146.005   215189.009   215209.005   215244.009
   755:   215303.005   215318.009   215335.005   215913.009   218295.005
   760:   218487.009   218665.001   218758.003   220077.001   220186.003
   765:   220341.005   220878.009   221180.001   221318.003   221566.005
   770:   221696.009   221763.005   221815.009   222050.001   222081.003
   775:   222671.001   222693.003   222940.005   223094.009   225892.005
   780:   226183.009   228319.001   228366.003   228399.001   228649.018
   785:   228957.003   228963.016   229013.026   229109.005   229835.009
   790:   230678.001   230703.003   231315.001   231565.018   231760.003
   795:   231766.016   231816.026   231898.005   232545.009   232778.001
   800:   232824.003   234025.005   234285.009   235305.001   235391.003
   805:   235605.005   235821.009   235985.001   236235.018   236686.003
   810:   236692.016   236742.026   236854.005   237399.009   237699.001
   815:   237813.003   237945.001   238055.003   238621.001   238777.003
   820:   238812.001   239041.003   239453.001   239682.003   239705.001
   825:   239867.003   240086.005   240310.009   240492.001   240742.018
   830:   240825.003   240831.016   240881.026   241294.001   241363.003
   835:   241563.005   242045.009   242213.001   242436.003   243084.001
   840:   243125.003   243801.001   243945.003   244262.001   244512.018
   845:   245002.003   245008.016   245058.026   245170.005   245287.009
   850:   245289.005   245738.009   248511.005   249020.009   249052.005
   855:   249264.009   254801.005   255062.009   255747.005   256036.009
   860:   257503.005   257810.009   259832.005   260041.009   262627.005
   865:   262642.009   262658.005   262771.009   263322.001   263572.018
   870:   263602.003   263608.016   263658.026   263723.005   265225.009
   875:   265608.001   265719.003   265894.005   265900.009   265901.005
   880:   266217.009   266265.005   266364.009   266664.001   266844.003
   885:   267315.005   267432.009   267672.001   267922.018   268021.003
   890:   268027.016   268077.026   268201.005   268674.009   269233.001
   895:   269344.003   269832.001   269979.003   270451.001   270588.003
   900:   270847.001   271053.003   271355.001   271425.003   271681.001
   905:   271834.003   272072.005   272252.009   272488.005   272559.009
   910:   272567.005   272580.009   272740.005   272850.009   273274.005
   915:   273297.009   274141.005   274173.009   274182.005   274294.009
   920:   274440.005   274468.009   274475.005   274510.009   274516.005
   925:   274536.009   274910.001   275131.003   275238.001   275307.003
   930:   275583.001   275675.003   275709.001   275959.018   276014.003
   935:   276020.016   276070.026   276253.005   276888.009   277115.001
   940:   277365.018   277580.003   277586.016   277612.001   277636.026
   945:   277656.003   277813.005   278252.009   278529.001   278779.018
   950:   279138.003   279144.016   279194.026   279275.005   280109.009
   955:   280126.005   280146.009   280172.005   280182.009   280636.001
   960:   280735.003   281004.005   281123.009   281352.001   281413.003
   965:   281646.001   281896.018   282003.003   282009.016   282059.026
   970:   282213.005   282893.009   283787.001   283969.003   284368.001
   975:   284486.003   285369.001   285619.018   285712.003   285718.016
   980:   285768.026   285945.005   286653.009   287178.001   287226.003
   985:   287323.001   287483.003   287739.005   288018.009   288247.001
   990:   288313.003   288773.001   288825.003   289147.001   289182.003
   995:   289206.001   289319.003   289713.005   289989.009   290323.001
  1000:   290342.003   290474.001   290687.003   290804.001   290894.003
  1005:   291371.001   291621.018   291672.003   291678.016   291697.001
  1010:   291728.026   291940.003   292147.005   292702.009   294251.001
  1015:   294426.003   294430.001   294684.018   294887.003   294893.016
  1020:   294943.026   295048.005   295629.009   295640.005   295669.009
  1025:   296618.001   296868.018   296894.003   296900.016   296950.026
  1030:   297087.005   297583.009   298855.001   298878.003   299156.005
  1035:   299445.009   300692.001   300798.003   300915.001   300943.003
  1040:   301375.001   301625.018   301669.003   301675.016   301725.026
  1045:   301844.005   302820.009   302841.005   302996.009   303817.001
  1050:   303949.003   304495.005   304748.009   305538.001   305767.003
  1055:   306200.005   306515.009   307302.001   307496.003   307511.001
  1060:   307698.003   308019.005   308365.009   308506.005   308662.009
  1065:   309932.001   310182.018   310261.003   310267.016   310317.026
  1070:   310370.005   310850.009   311265.001   311391.003   311509.001
  1075:   311611.003   311979.001   312229.018   312290.003   312296.016
  1080:   312319.001   312346.026   312474.003   312550.005   313111.009
  1085:   313687.001   313818.003   313936.001   314186.018   314279.003
  1090:   314285.016   314335.026   314440.005   314953.009   315054.005
  1095:   315319.009   315710.001   315790.003   316228.001   316441.003
  1100:   316703.005   316837.009   317691.005   317733.009   317794.005
  1105:   317943.009   318943.001   319154.003   319640.005   320032.009
  1110:   320899.001   321025.003   321042.001   321292.018   321423.003
  1115:   321429.016   321479.026   321542.005   322752.009   323266.001
  1120:   323422.003   323677.005   323838.009   324191.001   324313.003
  1125:   324353.001   324461.003   324468.001   324719.018   325159.003
  1130:   325165.016   325215.026   325350.005   325988.009   326833.001
  1135:   326920.003   327313.005   327535.009   327820.001   328039.003
  1140:   328136.001   328233.003   328259.001   328459.003   328592.005
  1145:   329154.009   329164.005   329213.009   329428.001   329473.003
  1150:   329485.001   329735.018   329778.003   329784.016   329787.001
  1155:   329834.026   329962.003   330026.005   330700.009   333904.005
  1160:   334127.009   334652.001   334751.003   335030.001   335201.003
  1165:   335476.001   335726.018   335926.003   335932.016   335982.026
  1170:   336073.005   336594.009   337168.001   337418.018   337437.003
  1175:   337443.016   337493.026   337595.005   337981.009   339592.001
  1180:   339723.003   340216.001   340266.003   340304.001   340391.003
  1185:   340642.005   340815.009   340984.001   341180.003   341255.001
  1190:   341505.018   341710.003   341716.016   341766.026   341929.005
  1195:   343008.009   343020.005   343027.009   343576.001   343612.003
  1200:   343657.001   343730.003   344298.001   344448.003   344464.001
  1205:   344484.003   344497.001   344519.003   344552.001   344737.003
  1210:   344953.005   345717.009   346097.001   346202.003   346209.001
  1215:   346460.018   346634.003   346640.016   346690.026   346765.005
  1220:   347249.009   347484.001   347561.003   347649.001   347899.018
  1225:   348286.003   348292.016   348342.026   348651.001   348780.003
  1230:   349088.005   349684.009   350281.001   350460.003   350928.005
  1235:   351159.009   351362.001   351522.003   351550.001   351797.003
  1240:   352251.005   352588.009   353735.005   353968.009   354765.005
  1245:   354886.009   355288.001   355529.003   355534.001   355787.018
  1250:   356023.003   356029.016   356079.026   356163.005   356780.009
  1255:   357158.001   357302.003   357439.001   357522.003   358032.001
  1260:   358181.003   358191.001   358441.018   358757.003   358763.016
  1265:   358813.026   358903.005   359235.009   359679.001   359725.003
  1270:   359808.001   360056.003   360301.005   360717.009   361160.001
  1275:   361410.018   361552.003   361558.016   361563.001   361608.026
  1280:   361861.018   361877.003   361883.016   361933.026   361984.005
  1285:   362840.009   362921.005   362957.009   365619.001   365869.018
  1290:   366046.003   366052.016   366102.026   366104.017   366254.005
  1295:   366590.009   367403.001   367459.003   367654.001   368154.018
  1300:   368195.003   368201.016   368251.026   368558.005   369092.009
  1305:   371217.001   371255.003   371522.001   371849.003   372289.001
  1310:   372540.003   372900.005   373927.009   374345.001   374494.003
  1315:   374682.005   374992.009   375161.001   375427.003   375490.001
  1320:   375517.003   375911.005   375986.009   376274.001   376452.003
  1325:   376463.001   376529.003   376538.001   376979.003   377133.005
  1330:   377274.009   377442.005   377654.009   378045.001   378180.003
  1335:   378659.001   378890.003   379172.005   379292.009   379364.005
  1340:   379529.009   380189.001   380502.003   380512.001   380581.003
  1345:   380583.001   380652.003   380658.001   381075.003   383425.005
  1350:   383542.009   386400.005   386482.009   387146.001   387198.003
  1355:   387432.001   387491.003   387790.001   388114.003   388351.005
  1360:   388445.009   389329.001   389828.003   390026.005   390264.009
  1365:   390596.005   390674.009   390827.005   391107.009   392291.005
  1370:   392441.009   393552.005   393802.009   394201.001   394449.003
  1375:   394670.005   395198.009   395382.001   395646.003   395703.001
  1380:   395757.003   395810.001   396131.003   396480.005   396722.009
  1385:   398816.005   398850.009   399410.001   399829.003   400414.001
  1390:   400736.003   400864.005   401059.009   401316.005   401363.009
  1395:   404865.005   405239.009   405608.001   405812.003   405927.005
  1400:   406103.009   406399.001   406788.003   406898.001   407252.003
  1405:   408088.001   408220.003   408400.005   408541.009   409058.001
  1410:   409347.003   409548.005   409773.009   409812.005   409824.009
  1415:   410145.001   410201.003   410390.001   410410.003   410733.001
  1420:   410917.003   411602.005   411625.009   411626.005   411664.009
  1425:   412073.001   412170.003   412252.001   412353.003   413320.005
  1430:   413359.009   414162.001   414332.003   414414.001   414453.003
  1435:   417094.005   417311.009   417654.001   417926.003   418091.001
  1440:   418386.003   418533.001   418739.003   418868.005   419186.009
  1445:   419187.005   419311.009   419615.001   419786.003   419826.001
  1450:   419969.003   420266.001   420731.003   423027.001   423526.003
  1455:   423739.001   424239.018   424858.003   424864.016   424914.026
  1460:   424977.005   425557.009   425934.001   426355.003   429969.005
  1465:   430048.009   430051.005   430175.009   430621.001   430755.003
  1470:   430988.005   431110.009   431473.001   431653.003   431905.005
  1475:   432117.009   432631.001   432717.003   433130.001   433315.003
  1480:   433682.001   433888.003   434997.005   435420.009   436468.001
  1485:   436732.003   436965.005   437322.009   437497.001   437578.003
  1490:   437890.001   438276.003   438527.005   438624.009   438677.005
  1495:   438809.009   439654.001   439730.003   439889.005   440350.009
  1500:   440952.001   440976.003   441391.005   441513.009   442363.005
  1505:   442375.009   442450.005   442573.009   442943.001   443082.003
  1510:   443853.001   444269.003   444504.005   444712.009   444992.001
  1515:   445492.018   445547.003   445553.016   445603.026   445671.005
  1520:   446337.009   446650.001   446853.003   446909.001   447064.003
  1525:   447470.001   447540.003   447585.001   447926.003   448544.001
  1530:   448823.003   448835.001   448913.003   448921.001   449229.003
  1535:   449480.005   449797.009   450168.001   450428.003   450473.001
  1540:   450683.003   451121.001   451172.003   451181.001   451340.003
  1545:   451605.005   451761.009   451936.001   451995.003   452162.001
  1550:   452211.003   452552.001   452629.003   452719.001   452973.003
  1555:   453323.001   453468.003   453476.001   453891.003   454143.005
  1560:   454542.009   455117.001   455222.003   455636.001   455798.003
  1565:   455957.005   456305.009   456519.001   456823.003   456828.001
  1570:   457111.003   457388.005   457482.009   457670.001   457916.003
  1575:   457920.001   458373.003   458555.005   458993.009   459160.001
  1580:   459660.018   459892.003   459898.016   459948.026   460023.005
  1585:   461241.009   461602.005   461609.009   461698.005   462894.009
  1590:   463062.005   463272.009   464466.005   464602.009   464606.005
  1595:   464765.009   464979.001   465161.003   465508.001   465620.003
  1600:   466543.001   466865.003   467055.005   467252.009   467665.001
  1605:   467825.003   468187.005   468195.009   468197.005   468311.009
  1610:   468670.001   468909.003   469117.005   469190.009   469690.001
  1615:   469856.003   469872.001   469912.003   470520.005   470624.009
  1620:   470873.001   470996.003   471946.001   472011.003   472605.001
  1625:   472873.003   472903.001   472935.003   472946.001   473225.003
  1630:   473366.005   473691.009   473974.001   474190.003   475784.001
  1635:   476026.003   476128.001   476148.003   477345.005   477429.009
  1640:   480911.001   481169.003   482324.001   482575.003   482783.001
  1645:   482818.003   482873.001   482997.003   483262.001   483383.003
  1650:   483695.001   484010.003   485125.005   485404.009   485901.001
  1655:   486401.018   486418.003   486424.016   486474.026   486502.005
  1660:   487725.009   487740.005   487747.009   487795.005   487870.009
  1665:   487873.005   488123.009   489489.005   489900.009   490088.001
  1670:   490131.003   490439.001   490575.003   491277.001   491595.003
  1675:   491782.005   492254.009   492649.001   492849.003   493008.005
  1680:   493601.009   496051.001   496306.003   496433.001   496560.003
  1685:   496853.001   496967.003   497006.001   497132.003   497181.001
  1690:   497295.003   497496.005   497821.009   498169.001   498294.003
  1695:   498329.001   498414.003   498590.005   499108.009   499494.001
  1700:   499574.003   499746.005   499908.009   500017.005   500035.009
  1705:   500420.001   500554.003   500559.001   500639.003   500807.005
  1710:   501131.009   501556.001   501679.003   501874.005   502126.009
  1715:   502271.001   502356.003   502439.001   502528.003   502730.001
  1720:   502817.003   503364.005   503527.009   509057.005   509077.009
  1725:   509090.005   509252.009   509857.001   510357.018   510367.003
  1730:   510373.016   510423.026   510480.005   511258.009   511706.001
  1735:   511884.003   512137.005   512386.009   512736.001   512828.003
  1740:   513060.005   513298.009   513683.001   513977.003   514114.001
  1745:   514156.003   514441.005   514588.009   514834.001   515023.003
  1750:   515061.001   515234.003   515763.005   515957.009   516140.001
  1755:   516547.003   516604.001   516907.003   517278.005   517616.009
  1760:   517795.001   517890.003   517995.001   518162.003   518539.005
  1765:   518948.009   520827.001   520940.003   521371.005   521555.009
  1770:   522009.005   522130.009   524243.001   524743.018   524815.003
  1775:   524821.016   524871.026   524941.005   525818.009   528286.005
  1780:   528532.009   529348.005   529484.009   529682.001   529922.003
  1785:   529984.001   530145.003   530417.005   530664.009   530836.001
  1790:   531336.018   531396.003   531402.016   531419.001   531452.026
  1795:   531470.003   531605.005   532447.009   532785.001   533093.003
  1800:   533486.005   533771.009   534227.001   534391.003   534732.005
  1805:   535045.009   535433.001   535462.003   535472.001   535618.003
  1810:   535807.005   535920.009   536105.001   536302.003   536343.001
  1815:   536843.003   536849.016   536899.026   536941.005   538094.009
  1820:   538217.005   538492.009   539432.001   539673.003   539853.005
  1825:   539986.009   540179.001   540216.003   540296.001   540770.003
  1830:   540954.005   541392.009   541839.001   542339.018   542598.003
  1835:   542604.016   542654.026   542735.005   543322.009   544540.001
  1840:   544617.003   544804.005   544933.009   545108.001   545256.003
  1845:   545327.001   545547.003   545726.005   545936.009   546293.001
  1850:   546602.003   546627.001   546664.003   546738.001   546892.003
  1855:   547049.005   547393.009   547552.001   547754.003   547894.001
  1860:   547977.003   548360.005   548703.009   548704.005   548727.009
  1865:   549264.001   549332.003   549350.001   549490.003   549617.005
  1870:   550044.009   550447.001   550499.003   550581.001   550696.003
  1875:   550712.001   550770.003   550889.005   551040.009   551603.001
  1880:   551623.003   551706.001   551890.003   551937.001   552137.003
  1885:   552623.005   552900.009   553091.001   553233.003   553346.001
  1890:   553363.003   553586.001   553613.003   553655.001   553817.003
  1895:   553823.001   554229.003   554447.005   554853.009   555263.001
  1900:   555763.018   555871.003   555877.016   555882.001   555927.026
  1905:   556099.003   556233.005   556753.009   557301.001   557720.003
  1910:   557751.001   557937.003   558332.005   558557.009   558936.001
  1915:   559185.003   559231.001   559564.003   559876.005   560107.009
  1920:   560279.001   560365.003   560432.001   560586.003   560592.001
  1925:   560657.003   560677.001   560889.003   561166.005   561527.009
  1930:   561882.001   562071.003   562547.001   562769.003   562993.005
  1935:   563214.009   563448.001   563547.003   563597.001   564097.018
  1940:   564222.003   564228.016   564278.026   564407.005   565201.009
  1945:   565533.001   565880.003   566052.005   566271.009   566807.001
  1950:   566934.003   567197.005   567233.009   567577.001   567717.003
  1955:   568106.005   568246.009   568456.001   568618.003   568744.001
  1960:   568874.003   568888.001   569155.003   569496.005   569737.009
  1965:   569769.005   570316.009   570322.005   570338.009   570550.001
  1970:   570618.003   570870.001   571370.018   571450.003   571456.016
  1975:   571506.026   571712.005   572202.009   572396.001   572438.003
  1980:   572937.001   573328.003   573730.005   573887.009   574078.001
  1985:   574170.003   574249.001   574677.003   575537.005   575674.009
  1990:   576119.001   576196.003   576210.001   576288.003   576298.001
  1995:   576664.003   576903.005   577131.009   577387.001   577434.003
  2000:   577445.001   577617.003   577675.001   577947.003   578129.005
  2005:   578395.009   578697.001   578866.003   578915.001   579330.003
  2010:   579839.001   579936.003   579949.001   580260.003   580283.001
  2015:   580368.003   580907.001   581407.018   581764.003   581770.016
  2020:   581820.026   581914.005   582380.009   583695.005   583978.009
  2025:   584923.005   585229.009   586966.005   587007.009   587027.005
  2030:   587055.009   587075.005   587080.009   587113.005   587292.009
  2035:   587613.001   587706.003   587773.001   587797.003   587901.001
  2040:   587964.003   588259.005   588495.009   588891.001   589021.003
  2045:   589060.001   589125.003   589346.001   589587.003   589905.005
  2050:   590166.009   590448.001   590582.003   590589.001   590748.003
  2055:   591046.005   591266.009   591768.001   592047.003   592249.005
  2060:   592444.009   593788.005   593893.009   594096.001   594349.003
  2065:   594446.001   594722.003   594952.005   595379.009   596994.005
  2070:   597166.009   597183.005   597250.009   597751.001   598162.003
  2075:   598444.005   598768.009   599080.001   599354.003   599537.005
  2080:   599894.009   599899.005   599912.009   600202.001   600446.003
  2085:   600524.001   600692.003   600963.005   601095.009   601312.001
  2090:   601455.003   601462.001   601963.018   602044.003   602050.016
  2095:   602100.026   602223.005   602448.009   602936.005   603001.009
  2100:   603010.005   603354.009   603370.005   603609.009   604478.005
  2105:   604669.009   607514.001   607833.003   607889.001   608026.003
  2110:   608080.005   608272.009   609101.005   609207.009   609268.005
  2115:   609412.009   609600.001   609683.003   610211.005   610703.009
  2120:   611316.001   611515.003   611687.005   611828.009   612116.001
  2125:   612425.003   612698.005   612867.009   616227.005   616322.009
  2130:   617193.001   617245.003   617340.001   617372.003   617949.001
  2135:   618118.003   618216.001   618337.003   618931.005   619105.009
  2140:   619289.001   619776.003   619931.005   620237.009   620479.001
  2145:   620799.003   620844.001   621149.003   621249.005   621579.009
  2150:   621736.001   621933.003   622123.001   622344.003   622665.005
  2155:   622819.009   623004.001   623080.003   623172.001   623541.003
  2160:   623713.005   623975.009   624328.001   624538.003   624646.001
  2165:   624749.003   624919.005   625583.009   625843.001   626107.003
  2170:   626125.001   626328.003   626621.005   626733.009   626893.001
  2175:   626988.003   627075.001   627423.003   627562.005   627699.009
  2180:   627700.005   627866.009   628065.001   628107.003   628181.001
  2185:   628218.003   628298.001   628398.003   628558.005   628865.009
  2190:   629838.005   629929.009   630251.001   630543.003   630807.005
  2195:   631127.009   631618.005   631724.009   632354.001   632496.003
  2200:   632683.001   632734.003   633083.001   633195.003   633331.005
  2205:   633454.009   633749.005   633822.009   634104.005   634146.009
  2210:   634644.001   634817.003   634942.001   635064.003   635177.001
  2215:   635208.003   635472.005   635624.009   635817.001   635850.003
  2220:   635875.001   636305.003   636793.005   636826.009   637254.001
  2225:   637486.003   638127.001   638510.003   638954.005   638961.009
  2230:   638967.005   639065.009   639077.005   639100.009   639129.005
  2235:   639227.009   642838.005   643001.009   643265.001   643442.003
  2240:   643500.001   643701.003   643716.001   643832.003   644021.005
  2245:   644302.009   644474.001   644517.003   645070.001   645282.003
  2250:   645465.005   645817.009   646844.001   647007.003   647170.005
  2255:   647565.009   647933.001   648347.003   648569.005   648713.009
  2260:   649464.001   649581.003   650071.005   650168.009   650500.001
  2265:   650738.003   651210.005   651244.009   652265.005   652928.009
  2270:   652933.005   653605.009   656006.005   656079.009   656432.001
  2275:   656668.003   656858.005   657093.009   657335.001   657835.018
  2280:   657985.003   657991.016   658041.026   658356.005   658904.009
  2285:   659782.001   659935.003   659954.001   660128.003   660547.005
  2290:   660769.009   660999.001   661137.003   661754.001   662051.003
  2295:   662279.005   662394.009   662484.005   662589.009   662730.001
  2300:   662912.003   663408.005   663521.009   664398.005   664561.009
  2305:   664771.001   665231.003   665414.005   665739.009   667760.001
  2310:   667915.003   668179.005   668266.009   668597.001   669055.003
  2315:   669238.005   669471.009   671051.005   671066.009   673928.001
  2320:   674237.003   674905.001   675009.003   675092.001   675177.003
  2325:   675195.001   675490.003   675584.005   675903.009   676201.001
  2330:   676701.018   676863.003   676869.016   676919.026   676980.005
  2335:   677782.009   678571.001   678806.003   679095.005   679379.009
  2340:   679380.005   679581.009   679755.001   679941.003   679984.001
  2345:   680159.003   680405.005   680805.009   681044.001   681173.003
  2350:   681191.001   681474.003   681671.005   682088.009   682389.001
  2355:   682791.003   683112.005   683361.009   683680.001   683904.003
  2360:   684100.005   684319.009   684621.005   684660.009   684914.001
  2365:   685064.003   685129.001   685226.003   685478.005   685500.009
  2370:   685926.001   686371.003   686383.001   686572.003   686857.005
  2375:   686881.009   688326.001   688357.003   688528.001   688997.003
  2380:   689382.005   689459.009   690173.001   690502.003   690711.005
  2385:   690803.009   690818.005   690847.009   690850.005   690889.009
  2390:   691129.001   691249.003   691299.001   691577.003   691799.005
  2395:   691897.009   691937.005   693413.009   693416.005   693418.009
  2400:   693424.005   693435.009   693465.005   693475.009   694805.005
  2405:   694895.009   695301.001   695388.003   695402.001   695530.003
  2410:   695773.005   695901.009   695902.005   696036.009   696252.001
  2415:   696541.003   696578.001   696766.003   697009.005   697310.009
  2420:   697553.001   697678.003   697867.001   697988.003   698173.005
  2425:   698724.009   699022.001   699265.003   699398.001   699529.003
  2430:   699769.005   700087.009   700149.005   700343.009   700614.001
  2435:   700909.003   701117.005   701355.009   701561.001   701672.003
  2440:   701721.001   702221.018   702226.003   702232.016   702282.026
  2445:   702383.005   702961.009   704301.001   704458.003   704642.005
  2450:   704881.009   705238.001   705347.003   705573.005   705653.009
  2455:   705885.001   706080.003   706125.001   706270.003   706479.005
  2460:   706748.009   706993.001   707493.018   707516.003   707522.016
  2465:   707572.026   708323.005   708963.009   709299.001   709413.003
  2470:   709468.001   709526.003   709563.001   709600.003   709742.001
  2475:   710145.003   710739.005   710880.009   711161.001   711241.003
  2480:   711738.001   711760.003   711788.001   711886.003   712198.005
  2485:   712604.009   712716.005   712827.009   713065.001   713113.003
  2490:   713245.001   713261.003   713923.005   714337.009   714529.001
  2495:   714575.003   714651.001   714959.003   715323.005   715568.009
  2500:   716164.001   716294.003   716323.001   716501.003   716729.005
  2505:   716955.009   717525.001   718025.018   718038.003   718044.016
  2510:   718094.026   718179.005   718727.009   720210.001   720387.003
  2515:   720719.005   720933.009   721590.001   721759.003   721995.005
  2520:   722185.009   722628.001   722936.003   722947.001   723081.003
  2525:   724094.001   724275.003   724332.001   724645.003   724665.001
  2530:   724775.003   725469.005   725639.009   725965.005   725973.009
  2535:   725976.005   726139.009   727700.001   727807.003   728563.005
  2540:   728825.009   729163.001   729336.003   729656.005   729671.009
  2545:   729674.005   729734.009   730161.001   730430.003   730437.001
  2550:   730604.003   730877.005   731241.009   731789.001   732096.003
  2555:   732405.005   732696.009   732963.001   733262.003   733269.001
  2560:   733368.003   733372.001   733464.003   733466.001   733818.003
  2565:   734046.005   734374.009   734666.001   734702.003   734746.001
  2570:   735246.018   735392.003   735398.016   735448.026   735513.005
  2575:   736070.009   737734.001   737777.003   737793.001   738190.003
  2580:   738506.005   738927.009   739242.001   739545.003   739808.005
  2585:   740054.009   740067.005   740091.009   740341.001   740370.003
  2590:   740426.001   740837.003   741054.005   741195.009   741509.001
  2595:   741621.003   741637.001   741841.003   742085.005   742386.009
  2600:   743137.001   743222.003   743410.005   743645.009   743843.001
  2605:   743948.003   743979.001   744152.003   744167.001   744194.003
  2610:   744199.001   744237.003   744247.001   744467.003   744744.005
  2615:   744838.009   744918.005   745097.009   745358.001   745858.018
  2620:   745972.003   745978.016   746028.026   746112.005   746721.009
  2625:   747053.001   747431.003   747745.005   748051.009   748322.001
  2630:   748749.003   748759.001   748899.003   749122.005   749360.009
  2635:   749794.001   750012.003   750023.001   750393.003   750482.001
  2640:   750769.003   751098.005   751339.009   751838.001   752047.003
  2645:   752056.001   752404.003   752415.001   752458.003   752787.005
  2650:   753316.009   753610.001   753695.003   754002.001   754218.003
  2655:   754245.001   754504.003   754790.005   755217.009   755920.001
  2660:   756258.003   756471.005   756786.009   757097.001   757138.003
  2665:   757457.001   757793.003   758354.001   758387.003   758402.001
  2670:   758440.003   758445.001   758487.003   758496.001   758950.003
  2675:   758968.001   758987.003   758990.001   759179.003   759450.005
  2680:   759900.009   760206.001   760270.003   760667.001   760806.003
  2685:   760923.001   761047.003   761058.001   761538.003   761660.005
  2690:   761970.009   762251.001   762285.003   762342.001   762842.018
  2695:   762911.003   762917.016   762967.026   763116.005   763991.009
  2700:   763996.005   764382.009   764392.005   764402.009   765354.001
  2705:   765400.003   765665.005   765759.009   766117.001   766381.003
  2710:   766397.001   766434.003   766441.001   766697.003   766931.005
  2715:   767221.009   767384.001   767458.003   767495.001   767604.003
  2720:   767728.001   767859.003   767876.001   768211.003   768578.005
  2725:   768699.009   768990.001   769186.003   769197.001   769486.003
  2730:   770496.001   770996.018   771325.003   771331.016   771381.026
  2735:   771558.005   772070.009   772377.001   772416.003   772878.001
  2740:   773024.003   773039.001   773115.003   773154.001   773567.003
  2745:   773955.005   774292.009   774475.001   774511.003   774811.001
  2750:   774994.003   775012.001   775512.018   775663.003   775669.016
  2755:   775719.026   775811.005   776726.009   778017.001   778105.003
  2760:   778120.001   778150.003   778159.001   778185.003   778194.001
  2765:   778440.003   778507.001   778647.003   778968.005   779267.009
  2770:   779307.005   779355.009   779726.001   780075.003   780088.001
  2775:   780109.003   780449.005   780714.009   781116.001   781167.003
  2780:   781235.001   781622.003   781720.001   781945.003   781986.001
  2785:   782070.003   782341.005   782619.009   782854.001   782962.003
  2790:   782969.001   783212.003   783264.001   783764.018   783768.003
  2795:   783774.016   783824.026   783864.005   784483.009   784821.001
  2800:   785092.003   785136.001   785605.003   785825.005   786111.009
  2805:   786348.001   786511.003   786571.001   786593.003   786673.001
  2810:   786848.003   787199.005   787352.009   787528.001   788028.018
  2815:   788129.003   788130.001   788135.016   788185.026   788323.003
  2820:   788500.005   788925.009   789634.001   790134.018   790136.003
  2825:   790142.016   790192.026   790346.005   790775.009   791475.001
  2830:   791901.003   792145.005   792158.009   792167.005   792368.009
  2835:   792705.001   792863.003   793327.005   793580.009   793766.001
  2840:   793881.003   793893.001   794393.018   794395.003   794401.016
  2845:   794451.026   794609.005   795821.009   795858.005   795876.009
  2850:   796536.001   796720.003   796734.001   796886.003   797138.005
  2855:   797241.009   797680.001   798153.003   798993.005   799174.009
  2860:   801141.005   801423.009   801830.001   801867.003   801882.001
  2865:   802138.003   802251.005   802751.009   802945.001   803151.003
  2870:   803235.001   803562.003   804094.005   804381.009   804552.001
  2875:   804609.003   804876.001   805251.003   805503.005   805846.009
  2880:   806031.001   806090.003   806167.001   806488.003   806553.001
  2885:   806659.003   806960.005   807159.009   807695.001   807750.003
  2890:   807799.001   807829.003   807906.001   808304.003   808588.005
  2895:   808723.009   809048.001   809076.003   809125.001   809594.003
  2900:   809825.005   809907.009   810223.001   810450.003   810463.001
  2905:   810616.003   810829.005   811248.009   811623.001   811698.003
  2910:   811712.001   811734.003   811752.001   812252.018   812298.003
  2915:   812304.016   812354.026   812404.005   813767.009   814592.001
  2920:   814705.003   814720.001   814925.003   815073.005   815187.009
  2925:   815583.001   815642.003   815657.001   815745.003   815757.001
  2930:   815788.003   815792.001   815828.003   815842.001   816208.003
  2935:   816298.005   816451.009   816746.001   817226.003   817743.001
  2940:   817798.003   817809.001   818250.003   818466.005   818920.009
  2945:   819287.001   819440.003   820073.001   820507.003   820668.005
  2950:   821076.009   821255.001   821286.003   821627.001   822006.003
  2955:   822009.001   822197.003   822339.005   822636.009   822799.001
  2960:   822836.003   823279.001   823554.003   823762.005   824158.009
  2965:   825254.005   825296.009   825298.005   825529.009   825716.001
  2970:   826216.018   826236.003   826242.016   826251.001   826285.003
  2975:   826292.026   826408.005   827008.009   827050.005   827093.009
  2980:   827549.001   827658.003   828075.005   828105.009   828341.001
  2985:   828500.003   828521.001   828810.003   829198.005   829354.009
  2990:   829650.001   829848.003   829935.001   830065.003   830216.005
  2995:   830616.009   830913.001   831413.018   831795.003   831801.016
  3000:   831851.026   831895.005   832667.009   832837.005   832844.009
  3005:   833217.001   833439.003   833484.001   833810.003   833824.001
  3010:   834105.003   834343.005   834579.009   834778.001   835210.003
  3015:   835226.001   835624.003   835935.005   836072.009   836303.001
  3020:   836410.003   836424.001   836505.003   836522.001   836717.003
  3025:   836733.001   836984.003   837389.005   837536.009   837736.001
  3030:   837804.003   837889.001   837916.003   838203.001   838451.003
  3035:   839233.001   839319.003   839330.001   839614.003   839637.001
  3040:   839771.003   840200.005   840222.009   840450.001   840691.003
  3045:   840752.001   841005.003   841306.005   841670.009   841857.001
  3050:   842357.018   842449.003   842455.016   842505.026   842612.005
  3055:   843241.009   843704.005   843856.009   844137.001   844179.003
  3060:   844737.005   844840.009   847565.005   847693.009   848115.001
  3065:   848493.003   849061.001   849263.003   849750.005   849897.009
  3070:   850244.001   850437.003   850774.005   851026.009   851262.001
  3075:   851454.003   851631.005   852358.009   852469.005   852494.009
  3080:   852749.001   853107.003   853283.005   853416.009   853602.001
  3085:   853866.003   853907.001   853959.003   853993.001   854137.003
  3090:   854727.005   854847.009   855847.005   855889.009   855897.005
  3095:   855914.009   856217.001   856458.003   856479.001   856779.003
  3100:   856999.005   857028.009   857225.001   857606.003   858356.001
  3105:   858442.003   858501.001   858808.003   858988.005   859630.009
  3110:   859843.001   859984.003   860154.001   860654.018   860828.003
  3115:   860834.016   860884.026   861067.005   861461.009   861920.001
  3120:   862328.003   862514.005   862656.009   862937.001   863102.003
  3125:   864504.001   864958.003   865124.005   865304.009   865452.001
  3130:   865502.003   866011.001   866442.003   866606.005   867199.009
  3135:   867862.001   868071.003   868076.001   868167.003   868197.001
  3140:   868417.003   868606.005   869028.009   869197.001   869614.003
  3145:   869623.001   869836.003   870184.005   870422.009   870589.001
  3150:   870754.003   870757.001   870960.003   871016.001   871040.003
  3155:   871072.001   871110.003   871123.001   871260.003   871465.005
  3160:   871701.009   871703.005   871990.009   872891.005   872921.009
  3165:   873176.005   873321.009   874272.005   874363.009   874702.001
  3170:   874877.003   875041.001   875426.003   875706.005   875829.009
  3175:   876044.001   876121.003   876175.001   876494.003   876514.001
  3180:   876663.003   877008.005   877145.009   877347.001   877847.018
  3185:   877910.003   877916.016   877966.026   878602.005   879263.009
  3190:   879451.001   879487.003   879522.001   879876.003   880099.005
  3195:   880393.009   880581.001   880776.003   880831.001   881087.003
  3200:   881273.005   881384.009   881411.005   881673.009   882335.005
  3205:   882369.009   882775.001   883189.003   883419.005   883707.009
  3210:   883860.001   884025.003   884071.001   884151.003   884225.001
  3215:   884456.003   884730.005   884851.009   884900.005   884993.009
  3220:   885138.001   885396.003   885464.001   885622.003   885870.005
  3225:   885984.009   886140.001   886191.003   886631.001   886868.003
  3230:   886879.001   887001.003   887303.005   887539.009   887731.001
  3235:   887917.003   888043.001   888158.003   888453.001   888952.003
  3240:   889240.005   889339.009   889658.001   889818.003   889858.001
  3245:   890327.003   890401.001   890901.018   891005.003   891011.016
  3250:   891061.026   891165.005   891793.009   892120.001   892585.003
  3255:   892606.001   892669.003   893022.005   893281.009   893691.001
  3260:   894027.003   894256.001   894512.003   894727.005   895048.009
  3265:   895489.001   895512.003   895730.001   895971.003   896095.005
  3270:   896209.009   896505.005   896689.009   897731.001   897894.003
  3275:   898119.005   898200.009   898713.001   898953.003   899365.001
  3280:   899623.003   900567.001   900969.003   901317.005   901444.009
  3285:   902123.001   902200.003   902211.001   902382.003   902549.005
  3290:   903142.009   904558.001   904673.003   904950.005   905105.009
  3295:   905186.005   905421.009   905655.001   905754.003   905887.001
  3300:   905911.003   906026.001   906085.003   906118.001   906286.003
  3305:   906516.005   906902.009   907372.001   907610.003   907828.005
  3310:   908038.009   908527.005   908766.009   909082.001   909199.003
  3315:   909242.001   909418.003   909604.005   909617.009   909628.005
  3320:   909877.009   910026.001   910275.003   910504.001   910862.003
  3325:   911109.005   911180.009   911552.001   911773.003   911807.001
  3330:   912138.003   912205.001   912648.003   912905.005   913084.009
  3335:   913817.001   913843.003   914053.005   914088.009   914091.005
  3340:   914128.009   914487.001   914847.003   914859.001   915120.003
  3345:   915349.005   915514.009   916235.001   916409.003   916672.005
  3350:   916748.009   920074.001   920106.003   920544.001   920687.003
  3355:   920717.001   921217.018   921224.003   921230.016   921280.026
  3360:   921392.005   921803.009   923503.005   923592.009   924086.005
  3365:   924194.009   925297.005   925331.009   926649.005   926775.009
  3370:   926816.005   926956.009   927384.001   927566.003   927598.001
  3375:   927735.003   927964.005   928102.009   928324.001   928349.003
  3380:   928409.001   928515.003   928942.005   929202.009   929640.001
  3385:   929768.003   929978.001   930170.003   930418.005   930714.009
  3390:   931240.001   931723.003   932016.005   932035.009   932039.005
  3395:   932191.009   932424.001   932460.003   932520.001   932899.003
  3400:   933555.001   933718.003   933749.001   934249.018   934336.003
  3405:   934340.001   934342.016   934392.026   934413.003   934542.005
  3410:   934936.009   935766.001   935950.003   936459.001   936691.003
  3415:   936730.001   936801.003   936817.001   936900.003   936902.001
  3420:   937127.003   937431.005   937682.009   937877.001   937941.003
  3425:   938273.001   938441.003   938459.001   938551.003   938736.005
  3430:   939011.009   939648.001   939738.003   940158.001   940292.003
  3435:   940603.005   940945.009   941589.001   941712.003   941727.001
  3440:   941913.003   942137.005   942226.009   942611.001   942763.003
  3445:   942772.001   943200.003   943220.001   943250.003   943440.005
  3450:   943529.009   944537.005   944628.009   944887.001   945172.003
  3455:   945186.001   945337.003   945490.005   945813.009   946182.001
  3460:   946437.003   946450.001   946667.003   946847.005   946915.009
  3465:   947251.001   947286.003   947320.001   947537.003   948142.001
  3470:   948395.003   948415.001   948525.003   948707.005   948998.009
  3475:   949203.001   949603.003   951496.005   951526.009   951984.001
  3480:   952066.003   952121.001   952151.003   952200.001   952467.003
  3485:   952769.005   952898.009   953096.001   953213.003   953275.001
  3490:   953372.003   953547.005   953645.009   953769.005   953840.009
  3495:   953893.005   954085.009   956556.001   956918.003   957247.005
  3500:   957513.009   958071.001   958262.003   959021.005   959293.009
  3505:   959608.001   959708.003   959732.001   959993.003   960004.001
  3510:   960335.003   960630.005   960946.009   961423.001   961808.003
  3515:   961822.001   961933.003   961951.001   962084.003   962430.005
  3520:   962446.009   962448.005   962531.009   962741.001   963241.018
  3525:   963285.003   963291.016   963341.026   963462.005   964182.009
  3530:   965084.001   965169.003   965342.005   965737.009   966213.001
  3535:   966224.003   966440.001   966471.003   966649.005   966978.009
  3540:   967347.001   967374.003   967439.001   967607.003   967670.001
  3545:   967756.003   967933.005   968237.009   968712.001   968826.003
  3550:   968833.001   968933.003   969657.001   970157.018   970294.003
  3555:   970300.016   970350.026   970454.005   971725.009   972609.001
  3560:   972705.003   972721.001   972903.003   972908.001   972930.003
  3565:   973132.005   973268.009   973449.001   973488.003   973636.001
  3570:   974136.018   974318.003   974324.016   974374.026   974482.005
  3575:   974903.009   975386.001   975886.018   975944.003   975950.016
  3580:   976000.026   976125.005   976573.009   976975.005   977052.009
  3585:   978085.005   978112.009   978129.005   978156.009   978922.001
  3590:   979028.003   979238.005   979402.009   980231.001   980290.003
  3595:   980496.005   980770.009   981081.001   981240.003   981277.001
  3600:   981349.003   981422.001   981570.003   981804.005   982075.009
  3605:   983091.001   983328.003   983720.005   983792.009   984610.001
  3610:   984949.003   985201.005   985478.009   985690.001   986000.003
  3615:   986005.001   986254.003   986499.005   986793.009   987354.001
  3620:   987391.003   987398.001   987525.003   987536.001   987665.003
  3625:   987899.005   987924.009   989021.005   989036.009   989102.005
  3630:   989162.009   989380.005   989546.009   991087.001   991111.003
  3635:   991285.001   991395.003   991417.001   991534.003   991722.005
  3640:   991753.009   991763.005   991799.009   992138.001   992277.003
  3645:   992293.001   992463.003   992726.005   992955.009   993297.001
  3650:   993411.003   993423.001   993792.003   993907.001   994276.003
  3655:   995036.001   995154.003   995160.001   995490.003   995860.005
  3660:   996047.009   996338.001   996442.003   996449.001   996859.003
  3665:   997282.005   997381.009   997528.005   997659.009   998062.001
  3670:   998345.003   998754.001   999244.003   999253.001   999365.003
  3675:   999376.001   999432.003   999573.005   999597.009   999607.005
  3680:  1000036.009  1000433.001  1000560.003  1000569.001  1000811.003
  3685:  1001150.005  1001188.009  1001370.001  1001870.018  1001918.003
  3690:  1001924.016  1001974.026  1002230.005  1002624.009  1002903.001
  3695:  1003323.003  1003366.001  1003794.003  1004131.005  1004309.009
  3700:  1004492.001  1004992.018  1005417.003  1005423.016  1005473.026
  3705:  1005551.005  1006131.009  1006405.001  1006446.003  1006521.001
  3710:  1007021.018  1007024.003  1007030.016  1007080.026  1007208.005
  3715:  1007870.009  1008108.001  1008152.003  1008568.001  1008733.003
  3720:  1009064.005  1009202.009  1009613.001  1009670.003  1009688.001
  3725:  1009831.003  1010315.005  1010345.009  1010719.001  1010925.003
  3730:  1011421.001  1011543.003  1011558.001  1011680.003  1012205.001
  3735:  1012571.003  1012582.001  1012720.003  1013039.001  1013250.003
  3740:  1013268.001  1013672.003  1014129.005  1014311.009  1014520.001
  3745:  1014607.003  1014647.001  1015147.018  1015343.003  1015349.016
  3750:  1015399.026  1016535.005  1016938.009  1017483.001  1017531.003
  3755:  1018228.005  1018497.009  1019704.005  1019773.009  1019827.005
  3760:  1019843.009  1020286.001  1020783.003  1021066.005  1021273.009
  3765:  1021571.001  1022071.018  1022280.003  1022286.016  1022332.001
  3770:  1022336.026  1022413.003  1022915.005  1023477.009  1023828.001
  3775:  1024137.003  1024186.001  1024240.003  1024291.001  1024348.003
  3780:  1025111.001  1025187.003  1025195.001  1025387.003  1025441.001
  3785:  1025540.003  1025775.005  1026062.009  1026082.005  1026098.009
  3790:  1026203.005  1026434.009  1026830.001  1027322.003  1027705.005
  3795:  1027856.009  1028065.001  1028251.003  1028264.001  1028469.003
  3800:  1028752.005  1028916.009  1029135.001  1029446.003  1029464.001
  3805:  1029725.003  1029932.005  1030167.009  1030655.001  1030755.003
  3810:  1030777.001  1031161.003  1031475.001  1031645.003  1031962.005
  3815:  1032163.009  1032353.001  1032519.003  1032561.001  1032998.003
  3820:  1033545.001  1033577.003  1033583.001  1033623.003  1033636.001
  3825:  1034136.018  1034452.003  1034458.016  1034478.001  1034508.026
  3830:  1034530.003  1034719.005  1035260.009  1036110.001  1036610.018
  3835:  1036638.003  1036644.016  1036694.026  1036986.005  1037010.009
  3840:  1037025.005  1037751.009  1038500.001  1038944.003  1039321.005
  3845:  1039397.009  1039687.001  1039816.003  1039878.001  1040378.018
  3850:  1040462.003  1040468.016  1040518.026  1040593.005  1041117.009
  3855:  1041509.001  1042009.018  1042196.003  1042202.016  1042252.026
  3860:  1042407.005  1042964.009  1043778.001  1044178.003  1044196.001
  3865:  1044558.003  1045241.001  1045546.003  1045682.001  1045925.003
  3870:  1046355.005  1046464.009  1046831.001  1046907.003  1046920.001
  3875:  1047420.018  1047533.003  1047539.016  1047589.026  1047681.005
  3880:  1048581.009  1049338.001  1049605.003  1049619.001  1049887.003
  3885:  1050416.005  1050471.009  1050586.005  1050731.009  1051079.001
  3890:  1051579.018  1051764.003  1051770.016  1051820.026  1051969.005
  3895:  1052496.009  1053382.001  1053882.018  1053983.003  1053989.016
  3900:  1054039.026  1054144.005  1054552.009  1055329.001  1055418.003
  3905:  1055443.001  1055705.003  1056019.005  1056386.009  1056979.001
  3910:  1057013.003  1057127.001  1057330.003  1057364.001  1057593.003
  3915:  1057860.005  1057939.009  1058031.005  1058220.009  1058657.001
  3920:  1058952.003  1058968.001  1059343.003  1060103.001  1060179.003
  3925:  1060263.001  1060646.003  1061022.005  1061096.009  1061148.005
  3930:  1061241.009  1063403.005  1063584.009  1063603.005  1063618.009
  3935:  1063630.005  1063827.009  1064162.001  1064354.003  1064594.005
  3940:  1064733.009  1065106.001  1065455.003  1065708.001  1065803.003
  3945:  1066083.005  1066170.009  1066396.001  1066748.003  1067032.001
  3950:  1067419.003  1067695.005  1068049.009  1068362.001  1068862.018
  3955:  1068935.003  1068941.016  1068991.026  1069155.005  1069466.009
  3960:  1069471.005  1069481.009  1069489.005  1069586.009  1070329.005
  3965:  1070400.009  1070639.001  1070672.003  1070790.001  1071290.018
  3970:  1071382.003  1071388.016  1071438.026  1071536.005  1072098.009
  3975:  1072304.005  1072411.009  1072812.005  1073330.009  1075260.005
  3980:  1075329.009  1075395.005  1075640.009  1076543.001  1076582.003
  3985:  1076591.001  1076848.003  1076966.005  1077335.009  1077589.001
  3990:  1077750.003  1077794.001  1078067.003  1078339.005  1078465.009
  3995:  1078533.005  1078672.009  1078946.001  1079168.003  1079176.001
  4000:  1079425.003  1079708.005  1079716.009  1079727.005  1079937.009
  4005:  1080411.001  1080446.003  1080458.001  1080536.003  1080556.001
  4010:  1080579.003  1080589.001  1080770.003  1080983.005  1081390.009
  4015:  1082052.001  1082534.003  1083031.005  1083194.009  1083550.005
  4020:  1083674.009  1083857.001  1084092.003  1084104.001  1084271.003
  4025:  1084433.005  1084928.009  1085184.001  1085334.003  1085366.001
  4030:  1085392.003  1085453.001  1085818.003  1086515.001  1086757.003
  4035:  1086762.001  1086917.003  1086931.001  1087251.003  1088042.001
  4040:  1088504.003  1089147.001  1089459.003  1089502.001  1089545.003
  4045:  1089570.001  1089895.003  1089906.001  1090030.003  1090448.005
  4050:  1090864.009  1092223.001  1092278.003  1092317.001  1092402.003
  4055:  1092415.001  1092638.003  1094333.005  1094707.009  1095054.001
  4060:  1095554.018  1095904.003  1095910.016  1095960.026  1096146.005
  4065:  1096553.009  1097178.001  1097678.018  1097864.003  1097870.016
  4070:  1097920.026  1098020.005  1099087.009  1099719.001  1100036.003
  4075:  1100086.001  1100251.003  1101638.001  1101687.003  1101747.001
  4080:  1102247.018  1102459.003  1102465.016  1102515.026  1102704.005
  4085:  1103930.009  1104581.001  1104946.003  1104998.001  1105356.003
  4090:  1105899.005  1106040.009  1106229.001  1106308.003  1106431.001
  4095:  1106460.003  1106928.001  1107069.003  1107660.001  1107851.003
  4100:  1107916.001  1107970.003  1107983.001  1108483.018  1108636.003
  4105:  1108642.016  1108692.026  1109052.005  1109439.009  1109930.001
  4110:  1110177.003  1110183.001  1110685.018  1110726.003  1110732.016
  4115:  1110782.026  1110998.005  1111691.009  1112265.001  1112530.003
  4120:  1112583.001  1112826.003  1113307.005  1113595.009  1114005.001
  4125:  1114145.003  1114161.001  1114266.003  1114273.001  1114669.003
  4130:  1118066.001  1118147.003  1118281.001  1118307.003  1118319.001
  4135:  1118477.003  1118700.005  1118992.009  1119557.001  1119704.003
  4140:  1119742.001  1120242.018  1120353.003  1120359.016  1120409.026
  4145:  1120591.005  1121181.009  1121668.001  1121882.003  1121920.001
  4150:  1122035.003  1122094.001  1122188.003  1122216.001  1122501.003
  4155:  1122862.005  1122872.009  1122898.005  1122920.009  1123233.001
  4160:  1123375.003  1123391.001  1123542.003  1124195.005  1124392.009
  4165:  1124879.001  1125048.003  1125056.001  1125179.003  1125684.001
  4170:  1125784.003  1125810.001  1126239.003  1126534.005  1126709.009
  4175:  1127237.001  1127314.003  1127327.001  1127465.003  1127487.001
  4180:  1127776.003  1128035.005  1128056.009  1128064.005  1128485.009
  4185:  1128817.001  1128843.003  1128918.001  1129017.003  1129030.001
  4190:  1129484.003  1129664.005  1129977.009  1130454.001  1130517.003
  4195:  1130940.001  1131074.003  1131375.005  1131384.009  1131393.005
  4200:  1131578.009  1131867.001  1132282.003  1132355.001  1132740.003
  4205:  1133032.001  1133327.003  1133625.005  1133927.009  1134124.001
  4210:  1134162.003  1134209.001  1134471.003  1134480.001  1134669.003
  4215:  1135130.005  1135208.009  1135498.001  1135835.003  1135920.001
  4220:  1136003.003  1136029.001  1136287.003  1136496.005  1136863.009
  4225:  1137402.001  1137712.003  1138276.001  1138402.003  1138411.001
  4230:  1138584.003  1139000.005  1139083.009  1139749.001  1140062.003
  4235:  1140070.001  1140200.003  1140677.001  1140929.003  1140941.001
  4240:  1141000.003  1141020.001  1141344.003  1141773.005  1142019.009
  4245:  1142560.001  1143060.018  1143071.003  1143077.016  1143127.026
  4250:  1143227.005  1143841.009  1144378.001  1144507.003  1144685.001
  4255:  1144804.003  1144820.001  1144981.003  1145176.005  1145355.009
  4260:  1145818.001  1146043.003  1146054.001  1146386.003  1146596.005
  4265:  1146814.009  1147306.001  1147459.003  1147758.001  1147785.003
  4270:  1147824.001  1147986.003  1148000.001  1148236.003  1148879.001
  4275:  1149315.003  1149319.001  1149355.003  1149382.001  1149494.003
  4280:  1149780.005  1150002.009  1151008.005  1151332.009  1152389.005
  4285:  1152455.009  1153347.005  1153692.009  1154069.001  1154173.003
  4290:  1154388.001  1154584.003  1154782.005  1154905.009  1155015.005
  4295:  1155370.009  1155492.005  1155656.009  1155952.001  1156127.003
  4300:  1156159.001  1156238.003  1156253.001  1156283.003  1156301.001
  4305:  1156319.003  1156325.001  1156371.003  1156506.005  1156901.009
  4310:  1157495.001  1157762.003  1157952.005  1158346.009  1159116.001
  4315:  1159174.003  1159432.005  1159505.009  1159591.005  1159697.009
  4320:  1162682.005  1162766.009  1162863.005  1163123.009  1163455.001
  4325:  1163567.003  1163649.001  1163812.003  1163963.001  1164182.003
  4330:  1164503.005  1164605.009  1164956.001  1164989.003  1165051.001
  4335:  1165253.003  1165289.001  1165576.003  1165635.001  1165699.003
  4340:  1165904.005  1166056.009  1166218.001  1166399.003  1166735.001
  4345:  1167179.003  1167457.005  1167623.009  1183290.005  1183301.009
  4350:  1183317.005  1183460.009  1188185.001  1188439.003  1189507.001
  4355:  1189598.003  1189864.001  1189883.003  1189984.001  1190171.003
  4360:  1190199.001  1190439.003  1191021.001  1191378.003  1191723.001
  4365:  1191997.003  1192214.005  1192317.009  1192358.005  1192600.009
  4370:  1196411.005  1196452.009  1196467.005  1196537.009  1196705.005
  4375:  1196819.009  1197009.001  1197331.003  1197400.001  1197497.003
  4380:  1198233.005  1198403.009  1200224.005  1200263.009  1200265.005
  4385:  1200314.009  1200980.005  1201018.009  1201298.001  1201463.003
  4390:  1201669.001  1202169.018  1202454.003  1202460.016  1202510.026
  4395:  1202593.005  1203108.009  1206571.005  1206745.009  1208069.005
  4400:  1208202.009  1209071.005  1209128.009  1209396.001  1209496.003
  4405:  1209543.001  1209591.003  1209747.001  1209845.003  1210021.005
  4410:  1210214.009  1210389.001  1210637.003  1210734.001  1211085.003
  4415:  1211322.005  1211356.009  1211805.001  1211929.003  1211947.001
  4420:  1212086.003  1212806.001  1212922.003  1212947.001  1213153.003
  4425:  1213291.005  1213716.009  1219841.001  1220104.003  1220693.005
  4430:  1220719.009  1220731.005  1221033.009  1223698.001  1224046.003
  4435:  1224379.005  1224614.009  1225340.001  1225532.003  1225658.001
  4440:  1225779.003  1226487.005  1226671.009  1227673.001  1227764.003
  4445:  1228019.005  1228151.009  1228461.001  1228560.003  1228571.001
  4450:  1229071.018  1229087.003  1229093.016  1229143.026  1229217.005
  4455:  1229920.009  1230471.001  1230920.003  1230924.001  1231013.003
  4460:  1231227.005  1231370.009  1232229.001  1232358.003  1232396.001
  4465:  1232542.003  1233309.005  1233346.009  1233354.005  1233377.009
  4470:  1234126.001  1234280.003  1234293.001  1234565.003  1235026.005
  4475:  1235168.009  1235607.001  1235790.003  1235802.001  1235983.003
  4480:  1236008.001  1236125.003  1236906.001  1237353.003  1237785.005
  4485:  1237933.009  1238335.001  1238357.003  1238362.001  1238591.003
  4490:  1238606.001  1238770.003  1239255.005  1239745.009  1240049.001
  4495:  1240162.003  1240174.001  1240373.003  1240416.001  1240470.003
  4500:  1240576.005  1240807.009  1241161.001  1241476.003  1241487.001
  4505:  1241689.003  1242169.001  1242199.003  1242213.001  1242239.003
  4510:  1242252.001  1242364.003  1242379.001  1242621.003  1243067.005
  4515:  1243085.009  1243503.001  1243529.003  1243586.001  1243815.003
  4520:  1243828.001  1244086.003  1244315.005  1244479.009  1245635.001
  4525:  1245868.003  1245881.001  1245987.003  1247013.005  1247018.009
  4530:  1247030.005  1247352.009  1247868.001  1247919.003  1247970.001
  4535:  1248317.003  1248328.001  1248450.003  1248468.001  1248542.003
  4540:  1248834.005  1248859.009  1248866.005  1249590.009  1249743.005
  4545:  1250734.009  1252205.001  1252541.003  1252963.005  1253203.009
  4550:  1254651.001  1255107.003  1255208.005  1255511.009  1255688.001
  4555:  1255722.003  1255941.001  1256441.018  1256468.003  1256474.016
  4560:  1256524.026  1256650.005  1257418.009  1258071.001  1258190.003
  4565:  1258249.001  1258281.003  1259176.001  1259629.003  1259852.005
  4570:  1260344.009  1260613.001  1260652.003  1260789.001  1260809.003
  4575:  1260863.001  1261084.003  1261099.001  1261292.003  1261536.005
  4580:  1261672.009  1261692.005  1261866.009  1262391.005  1262413.009
  4585:  1262596.001  1262831.003  1262842.001  1263154.003  1263413.005
  4590:  1263729.009  1264224.001  1264439.003  1264454.001  1264814.003
  4595:  1265185.005  1265391.009  1266233.001  1266456.003  1267168.001
  4600:  1267549.003  1267564.001  1267704.003  1267943.005  1268284.009
  4605:  1269531.005  1269540.009  1269559.005  1269581.009  1269854.001
  4610:  1270354.018  1270365.003  1270371.016  1270421.026  1270580.005
  4615:  1271023.009  1271248.001  1271438.003  1271656.001  1271992.003
  4620:  1272059.001  1272224.003  1272441.005  1272796.009  1273196.001
  4625:  1273244.003  1273320.001  1273694.003  1274035.005  1274095.009
  4630:  1274435.001  1274753.003  1274770.001  1274873.003  1275896.001
  4635:  1276132.003  1276141.001  1276300.003  1276509.005  1277280.009
  4640:  1277970.001  1278082.003  1278559.005  1278769.009  1279183.005
  4645:  1279813.009  1280468.001  1280663.003  1280709.001  1280979.003
  4650:  1281514.001  1281569.003  1281593.001  1281908.003  1282231.005
  4655:  1282363.009  1283593.005  1283612.009  1283759.005  1283986.009
  4660:  1283993.005  1284003.009  1285014.005  1285053.009  1285228.001
  4665:  1285694.003  1286335.001  1286551.003  1286568.001  1286912.003
  4670:  1287202.005  1287215.009  1287225.005  1287329.009  1287456.005
  4675:  1287658.009  1287836.001  1287979.003  1288094.001  1288125.003
  4680:  1288144.001  1288307.003  1288344.001  1288642.003  1289211.001
  4685:  1289481.003  1289492.001  1289552.003  1289575.001  1289593.003
  4690:  1289612.001  1289871.003  1290149.005  1290484.009  1290813.001
  4695:  1291031.003  1291083.001  1291143.003  1291146.001  1291371.003
  4700:  1291383.001  1291696.003  1291817.005  1292426.009  1292726.001
  4705:  1292746.003  1293144.001  1293563.003  1293594.001  1293716.003
  4710:  1293885.005  1294087.009  1294239.005  1294340.009  1294713.001
  4715:  1294942.003  1295015.001  1295296.003  1295507.005  1295784.009
  4720:  1296333.001  1296645.003  1297452.001  1297952.018  1298262.003
  4725:  1298268.016  1298318.026  1298548.005  1298967.009  1299311.001
  4730:  1299811.018  1299899.003  1299905.016  1299919.001  1299955.026
  4735:  1300079.003  1300239.005  1300541.009  1301115.001  1301518.003
  4740:  1301576.001  1301656.003  1301699.001  1301766.003  1301783.001
  4745:  1301953.003  1302294.005  1302676.009  1307141.005  1307245.009
  4750:  1309056.001  1309144.003  1309157.001  1309199.003  1309550.005
  4755:  1309665.009  1309929.001  1310000.003  1310251.001  1310473.003
  4760:  1310801.005  1311087.009  1311380.001  1311439.003  1311473.001
  4765:  1311973.018  1312023.003  1312029.016  1312079.026  1312217.005
  4770:  1312940.009  1313363.001  1313644.003  1313791.001  1313852.003
  4775:  1313871.001  1314119.003  1314128.001  1314260.003  1314798.001
  4780:  1315265.003  1315963.001  1316037.003  1316201.001  1316331.003
  4785:  1316347.001  1316667.003  1317353.005  1317477.009  1318872.005
  4790:  1318975.009  1319191.001  1319351.003  1319420.001  1319564.003
  4795:  1319608.001  1319670.003  1320207.001  1320317.003  1320324.001
  4800:  1320433.003  1320629.001  1321045.003  1321645.005  1321667.009
  4805:  1322051.001  1322551.018  1322840.003  1322846.016  1322896.026
  4810:  1323073.005  1323661.009  1324116.001  1324259.003  1324304.001
  4815:  1324557.003  1324611.001  1324706.003  1325337.005  1325373.009
  4820:  1325499.005  1325614.009  1325923.001  1326279.003  1326290.001
  4825:  1326442.003  1326455.001  1326568.003  1327449.001  1327901.003
  4830:  1327950.001  1328026.003  1328175.001  1328393.003  1328912.005
  4835:  1329083.009  1329290.001  1329668.003  1329670.001  1329945.003
  4840:  1330505.001  1331005.018  1331195.003  1331201.016  1331251.026
  4845:  1331357.005  1332233.009  1333067.001  1333095.003  1333128.001
  4850:  1333628.018  1333763.003  1333769.016  1333819.026  1333991.005
  4855:  1334723.009  1335857.005  1335997.009  1336654.001  1336697.003
  4860:  1336782.001  1337006.003  1337585.001  1338085.018  1338397.003
  4865:  1338403.016  1338453.026  1338643.005  1339182.009  1339433.001
  4870:  1339459.003  1339635.001  1339915.003  1339964.001  1340263.003
  4875:  1340894.001  1341319.003  1341335.001  1341472.003  1341494.001
  4880:  1341578.003  1342098.001  1342323.003  1342337.001  1342519.003
  4885:  1343034.005  1343281.009  1343557.001  1343632.003  1343728.001
  4890:  1343880.003  1343930.001  1343991.003  1344059.001  1344088.003
  4895:  1344178.001  1344205.003  1344261.001  1344598.003  1345103.005
  4900:  1345173.009  1345411.001  1345440.003  1345471.001  1345686.003
  4905:  1345745.001  1345909.003  1345913.001  1346264.003  1347076.001
  4910:  1347102.003  1347116.001  1347394.003  1347409.001  1347610.003
  4915:  1347932.005  1348164.009  1348676.001  1349176.018  1349400.003
  4920:  1349406.016  1349456.026  1349563.005  1349984.009  1350573.001
  4925:  1351073.018  1351270.003  1351276.016  1351326.026  1351549.005
  4930:  1352205.009  1352213.005  1352243.009  1353211.001  1353337.003
  4935:  1353370.001  1353521.003  1354223.001  1354556.003  1354570.001
  4940:  1354683.003  1355130.005  1355295.009  1355902.001  1355934.003
  4945:  1355979.001  1356063.003  1356094.001  1356281.003  1356605.005
  4950:  1356642.009  1356661.005  1356780.009  1357307.001  1357514.003
  4955:  1357525.001  1357917.003  1358430.001  1358457.003  1358473.001
  4960:  1358681.003  1358697.001  1359089.003  1359294.005  1359574.009
  4965:  1359946.001  1360042.003  1360056.001  1360337.003  1360345.001
  4970:  1360563.003  1361259.001  1361455.003  1361512.001  1361812.003
  4975:  1362277.005  1362694.009  1362928.001  1362953.003  1362999.001
  4980:  1363499.018  1363612.003  1363618.016  1363668.026  1363831.005
  4985:  1364503.009  1365294.001  1365550.003  1365555.001  1365667.003
  4990:  1366073.005  1366099.009  1366888.001  1367388.018  1367427.003
  4995:  1367433.016  1367483.026  1368229.005  1368752.009  1369647.001
  5000:  1369735.003  1369808.001  1370264.003  1370854.005  1370989.009
  5005:  1371473.001  1371559.003  1371630.001  1372039.003  1372805.001
  5010:  1372881.003  1372935.001  1373058.003  1373488.001  1373571.003
  5015:  1373830.005  1374147.009  1374668.001  1374841.003  1374857.001
  5020:  1375244.003  1375705.001  1375839.003  1375853.001  1376161.003
  5025:  1376482.005  1376815.009  1377728.001  1377938.003  1378965.001
  5030:  1379314.003  1379318.001  1379615.003  1380368.001  1380483.003
  5035:  1380571.001  1380685.003  1380695.001  1380913.003  1381140.005
  5040:  1381415.009  1382120.001  1382242.003  1382799.001  1382887.003
  5045:  1382903.001  1383403.018  1383464.003  1383470.016  1383520.026
  5050:  1383598.005  1384159.009  1384641.001  1384757.003  1384824.001
  5055:  1385324.018  1385944.003  1385950.016  1386000.026  1386552.005
  5060:  1386989.009  1387853.001  1388284.003  1388954.001  1389228.003
  5065:  1389311.001  1389443.003  1389966.005  1390164.009  1391045.001
  5070:  1391088.003  1391571.005  1391576.009  1391580.005  1391688.009
  5075:  1392030.001  1392137.003  1392179.001  1392300.003  1392620.005
  5080:  1392797.009  1393208.001  1393430.003  1393520.001  1393602.003
  5085:  1393640.001  1393771.003  1394657.001  1394804.003  1394845.001
  5090:  1394963.003  1395271.005  1395706.009  1396253.001  1396288.003
  5095:  1396681.001  1396929.003  1397816.001  1398316.018  1398367.003
  5100:  1398373.016  1398423.026  1398648.005  1399234.009  1399808.001
  5105:  1400180.003  1400183.001  1400274.003  1401233.001  1401283.003
  5110:  1401692.005  1401884.009  1402239.001  1402283.003  1402344.001
  5115:  1402475.003  1402490.001  1402719.003  1402978.005  1403327.009
  5120:  1403546.001  1403572.003  1403798.001  1403895.003  1403912.001
  5125:  1404353.003  1404743.005  1404791.009  1405093.001  1405260.003
  5130:  1405274.001  1405415.003  1405440.001  1405648.003  1405856.005
  5135:  1406166.009  1406479.005  1406581.009  1406872.001  1406911.003
  5140:  1406966.001  1407315.003  1407329.001  1407409.003  1407495.001
  5145:  1407959.003  1408076.005  1408208.009  1408443.001  1408537.003
  5150:  1408562.001  1408681.003  1408698.001  1408835.003  1408845.001
  5155:  1409219.003  1410215.005  1410409.009  1410741.001  1411006.003
  5160:  1411025.001  1411358.003  1412004.001  1412237.003  1412250.001
  5165:  1412741.003  1413057.005  1413083.009  1413084.005  1413380.009
  5170:  1413855.001  1414027.003  1414556.005  1414764.009  1416582.005
  5175:  1416638.009  1417079.001  1417379.003  1418028.001  1418360.003
  5180:  1418962.001  1418992.003  1419070.001  1419510.003  1419824.005
  5185:  1419860.009  1420150.001  1420313.003  1420356.001  1420434.003
  5190:  1420465.001  1420779.003  1421247.001  1421747.018  1422287.003
  5195:  1422293.016  1422297.001  1422343.026  1422479.003  1422870.005
  5200:  1423329.009  1423915.001  1424124.003  1424185.001  1424685.018
  5205:  1424806.003  1424812.016  1424862.026  1424959.001  1424980.003
  5210:  1425171.005  1426244.009  1426246.005  1426266.009  1426546.005
  5215:  1426885.009  1427488.001  1427891.003  1428387.001  1428464.003
  5220:  1428529.001  1428754.003  1428794.001  1429002.003  1429453.005
  5225:  1429579.009  1430248.001  1430427.003  1430469.001  1430543.003
  5230:  1430753.001  1430865.003  1431216.005  1431323.009  1431955.001
  5235:  1431970.003  1432313.001  1432813.018  1432847.003  1432853.016
  5240:  1432868.001  1432903.026  1432967.003  1433103.005  1433826.009
  5245:  1434712.001  1434889.003  1434949.001  1435035.003  1435098.001
  5250:  1435515.003  1436345.001  1436596.003  1436611.001  1436783.003
  5255:  1436801.001  1437236.003  1437613.005  1437639.009  1437956.001
  5260:  1438141.003  1438171.001  1438552.003  1439366.001  1439454.003
  5265:  1439476.001  1439686.003  1439763.001  1440047.003  1440061.001
  5270:  1440253.003  1440872.001  1441082.003  1441093.001  1441245.003
  5275:  1441475.005  1441680.009  1441981.001  1442003.003  1442021.001
  5280:  1442044.003  1442086.001  1442586.018  1442977.003  1442983.016
  5285:  1443033.026  1443101.005  1444143.009  1444802.001  1445137.003
  5290:  1445163.001  1445459.003  1446077.001  1446327.003  1446342.001
  5295:  1446664.003  1446742.001  1446932.003  1447168.005  1447271.009
  5300:  1447579.001  1448079.018  1448401.003  1448407.016  1448457.026
  5305:  1448624.005  1449063.009  1449906.001  1449971.003  1450091.001
  5310:  1450398.003  1450463.001  1450567.003  1451595.001  1451636.003
  5315:  1451661.001  1451823.003  1451840.001  1452053.003  1452235.005
  5320:  1452427.009  1452713.001  1452740.003  1452777.001  1452846.003
  5325:  1452901.001  1453172.003  1453188.001  1453334.003  1453827.001
  5330:  1453857.003  1453917.001  1454255.003  1454271.001  1454452.003
  5335:  1454960.001  1455244.003  1455260.001  1455760.018  1455770.003
  5340:  1455776.016  1455826.026  1455941.005  1456408.009  1457404.001
  5345:  1457904.018  1458050.003  1458056.016  1458106.026  1458465.005
  5350:  1458935.009  1459837.005  1460129.009  1460733.001  1460994.003
  5355:  1461889.001  1461995.003  1462010.001  1462358.003  1462729.005
  5360:  1462886.009  1463207.001  1463315.003  1463381.001  1463503.003
  5365:  1463520.001  1463873.003  1464608.001  1464909.003  1464922.001
  5370:  1465131.003  1465701.001  1465742.003  1465756.001  1465955.003
  5375:  1465965.001  1466427.003  1466830.005  1467013.009  1467663.001
  5380:  1467750.003  1467781.001  1468136.003  1468795.001  1469034.003
  5385:  1469053.001  1469553.018  1469756.003  1469762.016  1469812.026
  5390:  1469959.005  1470336.009  1471164.001  1471664.018  1471778.003
  5395:  1471784.016  1471834.026  1471992.005  1472444.009  1473094.001
  5400:  1473189.003  1473282.001  1473320.003  1473757.005  1473940.009
  5405:  1474435.001  1474641.003  1474646.001  1474779.003  1475275.001
  5410:  1475299.003  1475440.001  1475541.003  1475588.001  1475622.003
  5415:  1475686.001  1475985.003  1476190.005  1476318.009  1476815.001
  5420:  1477236.003  1477412.001  1477646.003  1478258.005  1478279.009
  5425:  1478281.005  1478396.009  1478728.001  1478751.003  1478813.001
  5430:  1479189.003  1479420.001  1479701.003  1480720.001  1480819.003
  5435:  1480938.001  1481147.003  1481160.001  1481466.003  1481480.001
  5440:  1481807.003  1482490.001  1482530.003  1482546.001  1482661.003
  5445:  1482694.001  1482758.003  1482793.001  1483139.003  1483154.001
  5450:  1483331.003  1483629.005  1483806.009  1484469.001  1484754.003
  5455:  1484771.001  1484838.003  1484860.001  1485046.003  1485365.005
  5460:  1486121.009  1486297.005  1486322.009  1486954.001  1487071.003
  5465:  1487091.001  1487119.003  1487136.001  1487246.003  1487293.001
  5470:  1487696.003  1488063.005  1488254.009  1488541.001  1488768.003
  5475:  1488786.001  1489129.003  1489168.001  1489586.003  1490028.001
  5480:  1490129.003  1490172.001  1490539.003  1490555.001  1490853.003
  5485:  1491031.005  1491339.009  1491824.001  1492004.003  1492037.001
  5490:  1492522.003  1492672.005  1492790.009  1493224.001  1493540.003
  5495:  1493620.001  1493761.003  1493831.001  1493942.003  1494086.005
  5500:  1494291.009  1494575.001  1494608.003  1494635.001  1494863.003
  5505:  1494934.001  1494957.003  1494964.001  1495250.003  1495858.001
  5510:  1495882.003  1495897.001  1495952.003  1496332.001  1496610.003
  5515:  1496984.005  1497072.009  1497891.001  1498353.003  1498802.005
  5520:  1498932.009  1498960.005  1498971.009  1499273.001  1499315.003
  5525:  1499332.001  1499625.003  1499636.001
B:
     0:        0.000     1574.000        0.000     1573.000        0.000
     5:      951.000        0.000        0.000        0.000      951.000
    10:        0.000        1.000        0.000        1.000        0.000
    15:        0.000      159.000        1.000      158.000        0.000
    20:        0.000        0.000        0.000        0.000        0.000
    25:        0.000      159.000        0.000        0.000        0.000
    30:        0.000
D:
     0:  1635908.000  1635539.000  1635528.000
E:
     0:      250.000      500.000
T:
     0:        0.000        0.000        0.000        0.000
W:
     0:        2.000        0.000        0.000
