File: C:\MED-PC IV\Data\Reyes\AW\AW149.999


Start Date: 08/12/24
End Date: 08/12/24
Subject: 49
Experiment: AW
Group: EXP20
Box: 5
Start Time: 16:24:17
End Time: 17:14:18
MSN: DRRD_exp_20
C:       0.000
F:       0.000
G:       0.000
H:       0.000
I:       0.000
J:       0.000
K:    1244.000
L:       0.000
M:       0.000
N:       0.000
O:       0.000
P:       0.000
Q:       0.000
R:       0.000
S:       0.000
U: 2162725.000
V:       0.000
X:       0.000
Y:    4582.000
Z:       0.000
A:
     0:     2213.005     2335.009     9871.005    10344.009    10775.005
     5:    10970.009    15000.013    15000.011    16876.001    17020.003
    10:    17158.001    17175.003    17500.005    17517.009    18095.005
    15:    18190.009    18528.001    18860.003    19268.001    19499.003
    20:    19646.001    19997.003    20226.001    20579.003    20806.005
    25:    20874.009    21139.001    21570.003    21875.005    21948.009
    30:    22114.001    22454.003    23060.005    23233.009    23646.001
    35:    23883.003    23972.001    24003.003    24498.005    24540.009
    40:    24769.001    25144.003    25154.001    25258.003    25308.001
    45:    25496.003    25928.001    26550.018    26730.003    26736.016
    50:    26764.001    26786.026    27049.003    27205.005    28096.009
    55:    28104.005    28107.009    35592.001    35694.003    36089.001
    60:    36227.003    36237.001    36407.003    36817.001    37070.003
    65:    37103.001    37725.018    37806.003    37812.016    37862.026
    70:    38206.005    38784.009    38817.005    38940.009    39331.001
    75:    39686.003    39730.001    40352.018    40493.003    40499.016
    80:    40549.026    40861.005    41686.009    41697.005    41726.009
    85:    41765.005    41790.009    41995.001    42094.003    42416.001
    90:    42533.003    42775.001    42816.003    42857.001    42954.003
    95:    44021.001    44293.003    44644.005    44649.009    53105.005
   100:    53246.009    53266.005    53428.009    53838.001    54009.003
   105:    54281.001    54395.003    54595.001    54986.003    55436.001
   110:    56058.018    56084.003    56090.016    56096.001    56140.026
   115:    56188.003    56277.005    56839.009    57078.001    57217.003
   120:    57645.001    58112.003    58123.001    58224.003    58773.001
   125:    59395.018    59843.003    59849.016    59899.026    60265.005
   130:    60933.009    61334.001    61956.018    62124.003    62130.016
   135:    62141.001    62150.003    62180.026    62292.005    63135.009
   140:    63145.005    63178.009    63427.001    63938.003    63955.001
   145:    64180.003    64315.005    64474.009    64669.001    65146.003
   150:    65417.005    65419.009    65431.005    65468.009    65762.001
   155:    66384.018    66533.003    66539.016    66558.001    66589.026
   160:    66731.003    66856.005    67033.009    67300.005    67414.009
   165:    67638.001    68260.018    68354.003    68360.016    68410.026
   170:    68460.005    69702.009    71297.001    71911.003    71940.001
   175:    72045.003    72094.001    72157.003    72199.001    72332.003
   180:    72533.005    72566.009    72880.001    73150.003    73168.001
   185:    73790.018    73853.003    73859.016    73888.001    73909.026
   190:    74199.003    74313.005    75104.009    75310.001    75833.003
   195:    76455.001    76623.003    76658.001    76747.003    83076.001
   200:    83440.003    83499.001    83968.003    84288.001    84664.003
   205:    84683.001    85030.003    85265.001    85887.018    85961.003
   210:    85967.016    86017.026    86297.005    86807.009    86940.005
   215:    87164.009    87481.001    87895.003    87957.001    88308.003
   220:    88995.001    89008.003    89283.001    89440.003    89487.001
   225:    89746.003    90180.001    90398.003    90440.001    90775.003
   230:    90919.005    90987.009    93447.005    93480.009    93508.005
   235:    93543.009    93720.005    93977.009    94323.001    94516.003
   240:    94615.001    94811.003    95372.001    95994.018    96011.003
   245:    96017.016    96058.001    96067.026    96144.003    96215.005
   250:    96632.009    96642.005    96693.009    96927.001    97000.003
   255:    97130.001    97737.003    97863.001    98232.003    98346.005
   260:    98464.009    98605.001    99227.018    99231.003    99237.016
   265:    99287.026    99623.005   100126.009   100181.005   100354.009
   270:   100716.001   101127.003   101145.001   101454.003   101807.005
   275:   102015.009   102392.001   102764.003   102806.001   103035.003
   280:   103299.001   103604.003   103617.001   104150.003   104689.001
   285:   104715.003   104730.001   104788.003   104817.001   105439.018
   290:   105710.003   105716.016   105737.001   105766.026   106099.003
   295:   106133.001   106178.003   106190.001   106554.003   107155.005
   300:   107180.009   107244.005   108152.009   108803.001   108864.003
   305:   110015.001   110431.003   111351.001   111437.003   111686.001
   310:   112071.003   112257.001   112879.018   112975.003   112981.016
   315:   113026.005   113031.026   113638.009   113651.005   113656.009
   320:   113674.005   113741.009   116445.005   116531.009   118378.001
   325:   118436.003   118817.005   118854.009   119110.001   119500.003
   330:   119542.001   120164.018   120285.003   120291.016   120341.026
   335:   120414.005   121042.009   124390.005   124411.009   124711.001
   340:   125175.003   125204.001   125293.003   125737.001   125785.003
   345:   125836.001   126198.003   126568.001   126707.003   127307.005
   350:   127372.009   127757.001   128092.003   128128.001   128222.003
   355:   129076.001   129139.003   132615.005   132651.009   132751.005
   360:   132780.009   132795.005   132817.009   132943.005   132996.009
   365:   133356.005   133379.009   133387.005   133571.009   134218.001
   370:   134285.003   134381.001   134468.003   134880.001   135152.003
   375:   135686.005   135853.009   136033.001   136637.003   136645.001
   380:   136745.003   137950.001   138463.003   138486.001   138598.003
   385:   138608.001   138677.003   139399.001   139471.003   139812.001
   390:   140434.018   140454.003   140460.016   140488.001   140510.026
   395:   140630.003   140888.005   141441.009   142000.001   142186.003
   400:   142270.001   142304.003   142352.001   142693.003   142728.001
   405:   142829.003   142850.001   142940.003   143621.005   143634.009
   410:   143775.005   143858.009   144079.001   144490.003   144631.001
   415:   144912.003   145033.001   145310.003   145654.001   146104.003
   420:   146270.001   146527.003   146781.001   146794.003   148779.005
   425:   148881.009   150360.005   150499.009   150933.001   150992.003
   430:   151177.001   151351.003   151527.005   151578.009   151606.005
   435:   151628.009   153755.001   153880.003   153906.001   153925.003
   440:   154300.005   154338.009   154968.001   155404.003   155413.001
   445:   155541.003   156360.005   156586.009   156783.001   156956.003
   450:   156992.001   157242.003   158155.005   158234.009   158668.001
   455:   158800.003   158845.001   159092.003   159152.001   159243.003
   460:   159572.001   159969.003   159975.001   160033.003   160062.001
   465:   160304.003   161052.001   161228.003   161328.001   161426.003
   470:   161453.001   162075.018   162147.003   162153.016   162203.026
   475:   162470.005   162909.009   163169.001   163791.018   163843.003
   480:   163849.016   163899.026   163993.001   164143.003   164327.005
   485:   165102.009   165130.005   165415.009   166756.001   166892.003
   490:   166908.001   167244.003   167721.001   167915.003   167955.001
   495:   168154.003   168752.001   169146.003   169191.001   169265.003
   500:   169339.001   169439.003   169479.001   169633.003   169653.001
   505:   169670.003   169693.001   169709.003   169889.001   170106.003
   510:   170141.001   170213.003   170312.001   170692.003   170957.005
   515:   171130.009   171315.001   171553.003   171614.001   171629.003
   520:   171681.001   171746.003   171806.001   172428.018   172596.003
   525:   172602.016   172652.026   172853.005   173562.009   175562.001
   530:   175904.003   176293.001   176789.003   176802.001   176857.003
   535:   177269.005   177287.009   177464.001   177699.003   177754.001
   540:   178165.003   178490.001   178647.003   178694.001   178871.003
   545:   178953.001   179111.003   179185.001   179317.003   179901.005
   550:   180060.009   180369.001   180633.003   180710.001   180799.003
   555:   180810.001   180861.003   181249.005   181456.009   181785.001
   560:   182407.018   182454.003   182460.016   182492.001   182510.026
   565:   182546.003   182819.005   183467.009   183492.005   183549.009
   570:   184206.001   184242.003   184279.001   184536.003   184588.001
   575:   184651.003   184706.001   184804.003   184845.001   185467.018
   580:   185469.003   185475.016   185525.026   185939.005   186914.009
   585:   187799.005   187918.009   188309.001   188482.003   188666.001
   590:   188824.003   189312.005   189558.009   189601.005   189879.009
   595:   193270.005   193334.009   195842.001   196137.003   196696.001
   600:   196996.003   197071.001   197112.003   197701.005   197709.009
   605:   197711.005   197813.009   197973.001   198166.003   198184.001
   610:   198280.003   198293.001   198425.003   199058.005   199208.009
   615:   199707.001   199732.003   199756.001   200164.003   200249.001
   620:   200462.003   201018.001   201065.003   201073.001   201156.003
   625:   201174.001   201796.018   201804.003   201810.016   201836.001
   630:   201860.026   201962.003   202012.001   202045.003   202398.005
   635:   202518.009   202869.001   203090.003   203116.001   203276.003
   640:   203680.001   203900.003   203919.001   204189.003   204702.005
   645:   205378.009   205664.001   205735.003   205762.001   205953.003
   650:   206001.001   206129.003   206699.001   206907.003   206922.001
   655:   207043.003   207058.001   207111.003   207516.001   207807.003
   660:   207825.001   207960.003   208139.001   208189.003   208206.001
   665:   208427.003   208981.005   209197.009   209448.001   209590.003
   670:   209666.001   209696.003   209770.001   209832.003   209884.001
   675:   210190.003   210206.001   210334.003   210429.001   210657.003
   680:   210670.001   210716.003   210741.001   210841.003   210976.001
   685:   211319.003   211890.005   212059.009   213802.005   213886.009
   690:   214232.001   214439.003   214564.001   214712.003   214916.001
   695:   215434.003   215980.001   216086.003   216116.001   216131.003
   700:   216171.001   216338.003   216363.001   216835.003   216867.001
   705:   217489.018   217677.003   217683.016   217733.026   218247.005
   710:   218810.009   219163.001   219267.003   219427.001   219862.003
   715:   220221.001   220272.003   220341.001   220396.003   220431.001
   720:   220684.003   220754.001   220792.003   222872.001   222912.003
   725:   224248.005   224523.009   227300.001   227392.003   227552.001
   730:   228044.003   228082.001   228153.003   228173.001   228302.003
   735:   228311.001   228403.003   228417.001   228544.003   228989.005
   740:   229013.009   229109.005   229207.009   229410.001   229647.003
   745:   229661.001   229832.003   230401.001   230912.003   231091.001
   750:   231131.003   231587.001   232209.018   232305.003   232311.016
   755:   232332.001   232361.026   232471.003   232482.001   232718.003
   760:   232739.001   233361.018   233421.003   233427.016   233477.026
   765:   234113.005   235584.009   237307.005   237353.009   242154.005
   770:   242327.009   242561.005   242852.009   243376.001   243432.003
   775:   249666.005   249739.009   249809.005   249903.009   250039.005
   780:   250282.009   250861.001   251201.003   251500.005   251668.009
   785:   252029.001   252348.003   252529.001   252627.003   253105.005
   790:   253131.009   253454.001   253867.003   254090.005   254420.009
   795:   254606.001   254622.003   254642.001   254779.003   254810.001
   800:   255096.003   255377.005   255508.009   255743.005   255750.009
   805:   256605.001   257227.018   257404.003   257410.016   257460.026
   810:   257706.005   258362.009   263388.005   263539.009   264234.001
   815:   264319.003   264536.001   264625.003   265047.001   265623.003
   820:   266268.005   266292.009   266376.005   266380.009   266399.005
   825:   266523.009   266665.001   267287.018   267356.003   267362.016
   830:   267412.026   267597.005   268192.009   268436.001   268952.003
   835:   269325.005   269338.009   269349.005   269420.009   269563.001
   840:   270185.018   270223.003   270229.016   270279.026   270581.005
   845:   271322.009   271844.001   271919.003   271966.001   272296.003
   850:   272711.005   272736.009   272740.005   273230.009   273455.001
   855:   273482.003   273628.001   273715.003   273736.001   274163.003
   860:   274661.005   274730.009   276006.001   276048.003   276229.001
   865:   276567.003   277059.001   277121.003   277200.001   277822.018
   870:   278079.003   278085.016   278135.026   278234.005   278862.009
   875:   278870.005   278874.009   279330.001   279519.003   279544.001
   880:   279843.003   280494.001   280620.003   280680.001   281141.003
   885:   281550.005   281563.009   281574.005   281612.009   281644.005
   890:   281742.009   282233.001   282845.003   283313.001   283346.003
   895:   283382.001   283427.003   283490.001   283623.003   283681.001
   900:   283927.003   284173.005   284346.009   284602.001   284621.003
   905:   284663.001   284851.003   284974.001   285066.003   286561.001
   910:   286633.003   289474.005   289486.009   289693.005   289698.009
   915:   289712.005   289841.009   290155.001   290180.003   291114.001
   920:   291238.003   291398.005   291589.009   293678.005   293771.009
   925:   294166.001   294267.003   294286.001   294589.003   294845.005
   930:   294982.009   295125.001   295575.003   296655.001   296795.003
   935:   296811.001   296839.003   296890.001   296943.003   296972.001
   940:   297071.003   297450.005   297733.009   298131.001   298663.003
   945:   298672.001   298958.003   299260.005   299262.009   299429.005
   950:   299558.009   299766.001   300130.003   300916.001   301089.003
   955:   301159.001   301672.003   302175.005   302328.009   302520.001
   960:   302711.003   302797.001   303110.003   303511.005   303540.009
   965:   303556.005   303579.009   303781.001   304026.003   304052.001
   970:   304621.003   304951.005   305068.009   305281.001   305320.003
   975:   305342.001   305547.003   305583.001   305650.003   305665.001
   980:   305805.003   305894.001   306184.003   306838.005   307049.009
   985:   307228.001   307364.003   307385.001   307502.003   307518.001
   990:   307603.003   307626.001   307695.003   307733.001   307757.003
   995:   307778.001   307798.003   307812.001   308063.003   308098.001
  1000:   308335.003   308351.001   308439.003   308450.001   308546.003
  1005:   309091.001   309239.003   309302.001   309379.003   309843.005
  1010:   310005.009   310339.001   310961.018   311439.003   311445.016
  1015:   311495.026   311954.005   312473.009   312817.001   312879.003
  1020:   312899.001   313036.003   313061.001   313240.003   313566.005
  1025:   313875.009   314068.001   314096.003   314119.001   314199.003
  1030:   314246.001   314837.003   315817.001   316148.003   318556.001
  1035:   318863.003   318881.001   318980.003   318993.001   319192.003
  1040:   319913.005   320020.009   321216.005   321246.009   321684.001
  1045:   321872.003   321907.001   322068.003   322372.001   322803.003
  1050:   323440.001   323699.003   324164.001   324327.003   324354.001
  1055:   324457.003   325026.001   325234.003   325291.001   325385.003
  1060:   325442.001   325509.003   325950.005   326154.009   326323.001
  1065:   326545.003   326554.001   326628.003   326654.001   326773.003
  1070:   327157.001   327333.003   327793.005   327951.009   328172.001
  1075:   328304.003   328353.001   328975.018   329251.003   329257.016
  1080:   329307.026   329672.005   329689.009   329711.005   330265.009
  1085:   334205.001   334413.003   334837.001   335351.003   335829.001
  1090:   336247.003   336632.005   336695.009   336912.001   337279.003
  1095:   337911.001   338533.018   338540.003   338546.016   338596.026
  1100:   338946.005   339430.009   339835.001   339973.003   339987.001
  1105:   340143.003   340729.001   340827.003   341483.001   341886.003
  1110:   342280.005   342411.009   342629.001   342772.003   343506.001
  1115:   343553.003   343644.001   343680.003   344020.005   344131.009
  1120:   344265.005   344317.009   344976.001   345017.003   345027.001
  1125:   345098.003   345555.001   345671.003   345729.001   345795.003
  1130:   345837.001   345925.003   346376.001   346853.003   347084.001
  1135:   347130.003   347581.005   347738.009   347911.001   348130.003
  1140:   348562.005   348743.009   349182.001   349629.003   349645.001
  1145:   349730.003   349742.001   349962.003   350004.001   350079.003
  1150:   350556.005   350568.009   350809.001   351338.003   351820.001
  1155:   352052.003   352069.001   352258.003   352914.005   353355.009
  1160:   353660.001   353842.003   353860.001   353949.003   353962.001
  1165:   354385.003   356769.005   356776.009   357034.001   357069.003
  1170:   357083.001   357194.003   357215.001   357229.003   357279.001
  1175:   357597.003   359610.001   359625.003   359736.001   359985.003
  1180:   360101.001   360211.003   360317.001   360725.003   360742.001
  1185:   361174.003   361778.001   361899.003   361920.001   361999.003
  1190:   362990.001   363220.003   363871.001   363975.003   364054.001
  1195:   364187.003   364794.005   364915.009   365368.001   365443.003
  1200:   366244.001   366307.003   367228.001   367307.003   369705.005
  1205:   370012.009   370107.005   370147.009   370442.005   370464.009
  1210:   370472.005   370555.009   372281.005   372394.009   372769.001
  1215:   373065.003   373085.001   373707.018   373748.003   373754.016
  1220:   373790.001   373804.026   373848.003   374684.005   374702.009
  1225:   374793.005   375433.009   376906.001   377041.003   377172.001
  1230:   377304.003   377373.001   377495.003   377522.001   377538.003
  1235:   377985.005   378110.009   378361.001   378382.003   378415.001
  1240:   378714.003   378764.001   379033.003   379191.001   379214.003
  1245:   379241.001   379269.003   379293.001   379464.003   379480.001
  1250:   379527.003   379874.001   380145.003   380176.001   380471.003
  1255:   381170.001   381191.003   381222.001   381322.003   381380.001
  1260:   381470.003   381489.001   381558.003   381589.001   381800.003
  1265:   382225.005   382350.009   382591.001   382837.003   382919.001
  1270:   383010.003   383558.001   383866.003   384463.001   384629.003
  1275:   384638.001   384672.003   384693.001   385150.003   386009.001
  1280:   386031.003   386057.001   386679.018   386840.003   386846.016
  1285:   386896.026   387189.005   387704.009   388357.001   388452.003
  1290:   389086.005   389167.009   392665.005   392675.009   392679.005
  1295:   392789.009   392936.005   392948.009   393097.005   393197.009
  1300:   393399.001   393430.003   393458.001   393536.003   393585.001
  1305:   393753.003   393772.001   393816.003   394169.001   394227.003
  1310:   395087.005   395106.009   396294.005   396299.009   396366.005
  1315:   396382.009   396387.005   396412.009   397141.001   397214.003
  1320:   397836.001   397896.003   397951.001   398443.003   398540.001
  1325:   398566.003   398579.001   398744.003   399356.001   399494.003
  1330:   399603.001   399824.003   400947.001   400979.003   401447.005
  1335:   401591.009   408211.005   408256.009   408279.005   408306.009
  1340:   408322.005   408334.009   408597.001   408781.003   408809.001
  1345:   408839.003   410291.005   410385.009   410627.001   410961.003
  1350:   410988.001   411185.003   411536.005   411701.009   412193.001
  1355:   412215.003   412735.001   412859.003   413205.001   413757.003
  1360:   414683.001   414761.003   414886.005   415064.009   420829.001
  1365:   420998.003   421213.005   421289.009   422544.005   422564.009
  1370:   423149.001   423417.003   423439.001   423550.003   424034.001
  1375:   424066.003   424096.001   424182.003   425014.005   425229.009
  1380:   425413.001   425508.003   425662.001   425844.003   440854.005
  1385:   440940.009   440952.005   441064.009   441313.005   441428.009
  1390:   454027.001   454487.003   454497.001   454921.003   455668.005
  1395:   455835.009   456006.001   456540.003   457049.005   457250.009
  1400:   457436.001   457822.003   458377.001   458435.003   458453.001
  1405:   458510.003   458534.001   458719.003   459305.005   459447.009
  1410:   459686.001   459898.003   459933.001   459986.003   460028.001
  1415:   460208.003   461204.005   461226.009   461622.001   461968.003
  1420:   463625.001   463685.003   463905.001   463960.003   464030.001
  1425:   464333.003   465006.001   465404.003   465708.005   465779.009
  1430:   465820.005   466055.009   466725.005   466769.009   466960.001
  1435:   467173.003   467200.001   467450.003   467680.005   467696.009
  1440:   467712.005   467792.009   468000.001   468484.003   469237.001
  1445:   469790.003   470291.001   470477.003   470879.001   471099.003
  1450:   471113.001   471568.003   471944.005   472050.009   472246.001
  1455:   472407.003   472822.005   472844.009   472852.005   473285.009
  1460:   473547.001   473680.003   473776.001   474071.003   474616.001
  1465:   474989.003   475392.005   475426.009   475440.005   475466.009
  1470:   475671.001   476038.003   476050.001   476153.003   476941.005
  1475:   477447.009   478977.001   479014.003   479028.001   479085.003
  1480:   479885.001   479900.003   480000.001   480126.003   480142.001
  1485:   480265.003   480832.001   480909.003   480955.001   481044.003
  1490:   481105.001   481425.003   481993.001   482289.003   482304.001
  1495:   482409.003   482424.001   482514.003   483026.005   483032.009
  1500:   483229.001   483335.003   483343.001   483592.003   483606.001
  1505:   483707.003   484417.001   485039.018   485103.003   485109.016
  1510:   485159.026   485505.005   486205.009   486816.005   486889.009
  1515:   487167.001   487336.003   487612.005   487700.009   487934.001
  1520:   488556.018   488638.003   488644.016   488694.026   489266.005
  1525:   489271.009   489285.005   489830.009   490335.001   490428.003
  1530:   490448.001   490543.003   491039.001   491140.003   491220.001
  1535:   491389.003   491415.001   491464.003   491482.001   491685.003
  1540:   491854.005   491939.009   491989.005   492244.009   492548.001
  1545:   492940.003   493960.001   494067.003   494103.001   494569.003
  1550:   495073.005   495081.009   495113.005   495128.009   495478.001
  1555:   495559.003   495620.001   495767.003   495803.001   496286.003
  1560:   496767.001   497389.018   497608.003   497614.016   497664.026
  1565:   497947.005   497958.009   497966.005   498774.009   498797.005
  1570:   498937.009   499785.001   500407.018   500465.003   500471.016
  1575:   500521.026   501003.005   502133.009   502341.005   502603.009
  1580:   502616.005   502965.009   503717.005   503734.009   503741.005
  1585:   503748.009   503839.005   503850.009   503968.005   504103.009
  1590:   504224.005   504432.009   504448.005   504491.009   504524.005
  1595:   505891.009   511960.005   511979.009   512417.001   512677.003
  1600:   512705.001   512839.003   513819.001   513884.003   525486.005
  1605:   525513.009   536119.005   536149.009   536264.005   536300.009
  1610:   536397.005   536703.009   537574.001   537707.003   538310.001
  1615:   538731.003   539056.001   539072.003   539565.001   539836.003
  1620:   540384.001   540613.003   541119.001   541741.018   541823.003
  1625:   541829.016   541879.026   542700.005   542716.009   542739.005
  1630:   542751.009   542763.005   542794.009   542815.005   543408.009
  1635:   543427.005   543562.009   543938.001   544445.003   545076.001
  1640:   545362.003   545463.001   545670.003   545685.001   546114.003
  1645:   546339.005   546641.009   546845.001   546966.003   546988.001
  1650:   547196.003   547628.005   547700.009   547732.005   547818.009
  1655:   548064.001   548413.003   548494.001   548642.003   548979.005
  1660:   549061.009   549334.001   549838.003   549963.005   550246.009
  1665:   550536.001   550820.003   551514.005   551541.009   551717.001
  1670:   552077.003   552115.001   552186.003   552527.001   553149.018
  1675:   553170.003   553176.016   553226.026   553336.005   554267.009
  1680:   555077.001   555373.003   555393.001   555469.003   555494.001
  1685:   555689.003   555909.001   556210.003   556581.001   557013.003
  1690:   557202.005   557338.009   557560.001   558182.018   558207.003
  1695:   558213.016   558263.026   558392.005   559263.009   559324.005
  1700:   559374.009   559400.005   559509.009   561668.005   561740.009
  1705:   564735.001   565018.003   565622.001   565694.003   565778.001
  1710:   565953.003   565987.001   566231.003   566718.001   566899.003
  1715:   566929.001   567253.003   567279.001   567404.003   567447.001
  1720:   567738.003   567753.001   567768.003   568002.001   568470.003
  1725:   568823.005   569031.009   569277.001   569695.003   570383.001
  1730:   570553.003   570618.001   571133.003   571158.001   571287.003
  1735:   571696.001   572039.003   572544.005   572624.009   572933.001
  1740:   573263.003   573753.001   573893.003   573931.001   574423.003
  1745:   574794.005   574926.009   575122.001   575596.003   576043.005
  1750:   576135.009   576371.001   576993.018   576995.003   577001.016
  1755:   577051.026   577163.005   578014.009   578989.001   579154.003
  1760:   579176.001   579290.003   579303.001   579319.003   579434.001
  1765:   579613.003   580391.001   580653.003   580675.001   580985.003
  1770:   581169.005   581241.009   581384.005   581524.009   581696.001
  1775:   582318.018   582372.003   582378.016   582392.001   582428.026
  1780:   582474.003   582744.005   583401.009   583476.005   583514.009
  1785:   583781.001   584084.003   584112.001   584322.003   584338.001
  1790:   584503.003   585193.001   585227.003   585291.001   585576.003
  1795:   586113.001   586280.003   586298.001   586397.003   586439.001
  1800:   587061.018   587069.003   587075.016   587125.026   587280.005
  1805:   588205.009   588244.005   588353.009   589862.001   589941.003
  1810:   589974.001   590377.003   590971.001   591123.003   591170.001
  1815:   591230.003   591250.001   591333.003   591744.005   591835.009
  1820:   591923.005   592070.009   592356.001   592544.003   592635.001
  1825:   592846.003   593266.005   593302.009   593324.005   593350.009
  1830:   593360.005   593390.009   593831.001   593945.003   593967.001
  1835:   594046.003   594720.001   594872.003   595255.001   595405.003
  1840:   595454.001   595547.003   596017.005   596091.009   596641.001
  1845:   596713.003   597359.001   597400.003   597535.001   597950.003
  1850:   597967.001   598226.003   599134.005   599141.009   599447.001
  1855:   599716.003   599800.001   599841.003   599936.001   600132.003
  1860:   600516.005   600732.009   601023.001   601118.003   601152.001
  1865:   601317.003   603039.001   603330.003   603511.005   603543.009
  1870:   603972.001   604395.003   604965.001   605157.003   605186.001
  1875:   605320.003   605893.001   606113.003   606256.001   606381.003
  1880:   606483.005   606698.009   606909.001   607087.003   607125.001
  1885:   607399.003   607754.005   607789.009   608061.001   608314.003
  1890:   608332.001   608440.003   609276.001   609377.003   609449.001
  1895:   609794.003   609813.001   609876.003   610777.001   611399.018
  1900:   611575.003   611581.016   611631.026   611813.005   612461.009
  1905:   612503.005   612713.009   614025.001   614089.003   615031.005
  1910:   615053.009   615076.005   615089.009   615580.001   615746.003
  1915:   615799.001   616327.003   616692.001   616711.003   616726.001
  1920:   617285.003   617301.001   617444.003   617465.001   617618.003
  1925:   617947.005   618162.009   618414.001   618667.003   618690.001
  1930:   618814.003   618829.001   619088.003   619610.005   619629.009
  1935:   619883.001   619991.003   620065.001   620165.003   620202.001
  1940:   620712.003   621113.005   621294.009   621557.001   621684.003
  1945:   621698.001   622007.003   622143.001   622404.003   622407.001
  1950:   622850.003   622872.001   622943.003   622983.001   623032.003
  1955:   623931.001   624486.003   624504.001   624555.003   625064.005
  1960:   625158.009   625168.005   625307.009   634388.005   634409.009
  1965:   634414.005   634794.009   635319.001   635612.003   635630.001
  1970:   635826.003   656378.005   656530.009   666697.005   666802.009
  1975:   666977.005   667276.009   667475.005   667726.009   667805.005
  1980:   667875.009   667974.005   668095.009   668534.001   669019.003
  1985:   669680.001   669706.003   670033.001   670144.003   670572.005
  1990:   670676.009   670994.001   671136.003   671399.001   671433.003
  1995:   672019.001   672248.003   672304.001   672459.003   672645.001
  2000:   672710.003   673423.001   673978.003   673999.001   674167.003
  2005:   674191.001   674453.003   675001.001   675273.003   675286.001
  2010:   675619.003   676093.005   676112.009   676128.005   676308.009
  2015:   676367.005   676446.009   676703.001   677128.003   677577.005
  2020:   677908.009   680803.005   680833.009   681165.001   681465.003
  2025:   681488.001   681576.003   681606.001   681647.003   681666.001
  2030:   681862.003   682739.001   682839.003   683576.001   683871.003
  2035:   683889.001   683903.003   683909.001   684466.003   684649.005
  2040:   684795.009   685080.001   685334.003   685375.001   685456.003
  2045:   685963.005   686436.009   686699.001   687185.003   687674.001
  2050:   687960.003   688391.005   688430.009   689009.001   689404.003
  2055:   689521.001   689960.003   690206.001   690497.003   690511.001
  2060:   690686.003   690703.001   690778.003   691149.001   691560.003
  2065:   692070.005   692474.009   693154.001   693167.003   693893.001
  2070:   693929.003   694255.005   694327.009   695934.001   696117.003
  2075:   696913.001   697249.003   697364.001   697496.003   697541.001
  2080:   697696.003   697857.001   698000.003   698052.001   698376.003
  2085:   698915.005   699302.009   699317.005   699642.009   700496.005
  2090:   700630.009   708524.005   708619.009   711276.005   711529.009
  2095:   711963.001   712147.003   712322.001   712778.003   712811.001
  2100:   712928.003   712958.001   713065.003   713102.001   713282.003
  2105:   713634.005   713724.009   713930.001   714107.003   714156.001
  2110:   714308.003   714765.005   714889.009   715072.001   715228.003
  2115:   715241.001   715346.003   715368.001   715452.003   715489.001
  2120:   715605.003   716336.001   716443.003   716528.001   716958.003
  2125:   716977.001   717098.003   717112.001   717245.003   717487.001
  2130:   717648.003   717676.001   717952.003   718682.001   719304.018
  2135:   719408.003   719414.016   719464.026   719589.005   720336.009
  2140:   721608.001   721782.003   721801.001   721947.003   722596.001
  2145:   722819.003   722837.001   722878.003   722910.001   723223.003
  2150:   724009.001   724179.003   724603.005   724604.009   724631.005
  2155:   724661.009   725125.001   725747.018   725926.003   725932.016
  2160:   725982.026   726464.005   727470.009   728540.001   728627.003
  2165:   729109.005   729312.009   729478.005   729565.009   729840.001
  2170:   730121.003   730151.001   730263.003   730653.001   731187.003
  2175:   731764.001   732188.003   732478.005   732614.009   732831.001
  2180:   732849.003   732889.001   733346.003   733357.001   733386.003
  2185:   734025.001   734295.003   734309.001   734411.003   734427.001
  2190:   734500.003   735006.001   735628.018   735651.003   735657.016
  2195:   735670.001   735707.026   735709.003   735859.005   736550.009
  2200:   736577.005   736910.009   739814.005   739950.009   740607.001
  2205:   740663.003   740867.001   741023.003   741962.001   742038.003
  2210:   742165.001   742468.003   742476.001   742777.003   743183.001
  2215:   743412.003   743874.001   744166.003   744190.001   744294.003
  2220:   745091.001   745332.003   745375.001   745526.003   746042.001
  2225:   746425.003   746892.005   746987.009   747317.001   747754.003
  2230:   747778.001   747809.003   748474.001   748752.003   749272.005
  2235:   749282.009   749293.005   749331.009   749442.005   749662.009
  2240:   749759.005   749885.009   750536.001   750688.003   750717.001
  2245:   750762.003   750776.001   750870.003   750884.001   751244.003
  2250:   751640.005   751731.009   751942.001   752120.003   752134.001
  2255:   752230.003   752248.001   752428.003   752443.001   752509.003
  2260:   752558.001   752582.003   753190.001   753269.003   753351.001
  2265:   753559.003   753878.005   754079.009   754243.001   754427.003
  2270:   754453.001   754684.003   754704.001   754772.003   755193.001
  2275:   755372.003   755391.001   755500.003   755518.001   755834.003
  2280:   756128.001   756516.003   756531.001   756631.003   756645.001
  2285:   757128.003   758019.001   758347.003   758373.001   758524.003
  2290:   758563.001   758642.003   758691.001   758928.003   759646.005
  2295:   759690.009   759903.001   760171.003   760187.001   760639.003
  2300:   761109.005   761137.009   761262.005   761283.009   761420.005
  2305:   761558.009   761587.005   761697.009   761922.001   762291.003
  2310:   762345.001   762538.003   762548.001   762638.003   762654.001
  2315:   762965.003   763599.001   764221.018   764535.003   764541.016
  2320:   764591.026   764741.005   765577.009   771132.005   771159.009
  2325:   771239.005   771959.009   772459.001   772518.003   772582.001
  2330:   772622.003   773316.001   773477.003   773500.001   773693.003
  2335:   774029.001   774480.003   775146.001   775539.003   775554.001
  2340:   775770.003   775841.001   775955.003   775978.001   776600.018
  2345:   777981.003   777987.016   778037.026   778280.005   779043.009
  2350:   779745.001   779924.003   781820.001   781918.003   782192.001
  2355:   782438.003   782485.001   782510.003   783125.001   783747.018
  2360:   783839.003   783845.016   783895.026   784039.005   784793.009
  2365:   784818.005   784975.009   786352.001   786482.003   786642.001
  2370:   787034.003   787682.001   787986.003   788506.001   789128.018
  2375:   789150.003   789156.016   789171.001   789202.003   789206.026
  2380:   789376.005   790029.009   790044.005   790297.009   791275.001
  2385:   791605.003   791675.001   791711.003   791743.001   791822.003
  2390:   792164.001   792401.003   792422.001   792699.003   792748.001
  2395:   792837.003   793639.001   793891.003   793912.001   794180.003
  2400:   794685.001   795110.003   795669.005   795788.009   796067.001
  2405:   796565.003   797209.001   797831.018   798389.003   798395.016
  2410:   798445.026   798745.005   799597.009   800542.001   801164.018
  2415:   801171.003   801177.016   801227.026   801462.005   802376.009
  2420:   803038.001   803290.003   803335.001   803376.003   803442.001
  2425:   803489.003   804058.001   804200.003   804224.001   804275.003
  2430:   804732.005   804750.009   805082.001   805099.003   805120.001
  2435:   805211.003   805424.001   805684.003   806799.005   806930.009
  2440:   807354.001   807504.003   808391.001   808417.003   808480.001
  2445:   808720.003   808754.001   808824.003   809458.001   809728.003
  2450:   810351.001   810593.003   810905.001   810950.003   811059.001
  2455:   811453.003   812112.001   812713.003   812742.001   812767.003
  2460:   813031.001   813192.003   813606.005   813859.009   813949.005
  2465:   814078.009   814315.001   814638.003   814757.001   814784.003
  2470:   814897.001   814989.003   815624.005   815964.009   816326.001
  2475:   816621.003   817070.005   817081.009   817356.001   817616.003
  2480:   817644.001   817718.003   817768.001   818097.003   818432.001
  2485:   818694.003   818716.001   818788.003   819259.005   819491.009
  2490:   819661.005   819826.009   820052.001   820389.003   821974.001
  2495:   822390.003   823054.001   823573.003   823623.001   823733.003
  2500:   824096.001   824284.003   824306.001   824324.003   824351.001
  2505:   824409.003   825068.001   825149.003   825176.001   825214.003
  2510:   825224.001   825340.003   825348.001   825409.003   825429.001
  2515:   825440.003   825497.001   825524.003   826042.001   826511.003
  2520:   826520.001   826801.003   827566.005   827591.009   827614.005
  2525:   827634.009   827989.001   828063.003   828084.001   828138.003
  2530:   828293.001   828307.003   828340.001   828627.003   828858.001
  2535:   828900.003   829030.001   829147.003   829155.001   829187.003
  2540:   829236.001   829858.018   830010.003   830016.016   830066.026
  2545:   830548.005   831294.009   832164.001   832226.003   832263.001
  2550:   832281.003   832314.001   832359.003   832515.001   832651.003
  2555:   833200.001   833672.003   833935.001   834557.018   834662.003
  2560:   834668.016   834718.026   834727.001   834774.003   835140.005
  2565:   835903.009   835914.005   835936.009   836363.005   836585.009
  2570:   837120.001   837740.003   837749.001   837824.003   837843.001
  2575:   837957.003   838421.005   838559.009   838979.001   839601.018
  2580:   839821.003   839827.016   839877.026   840288.005   841087.009
  2585:   843072.005   843092.009   843550.001   843570.003   843596.001
  2590:   843661.003   843696.001   843901.003   844053.001   844193.003
  2595:   844800.001   844969.003   845004.001   845107.003   845195.001
  2600:   845542.003   845559.001   845693.003   845705.001   845863.003
  2605:   846452.001   847074.018   847255.003   847261.016   847311.026
  2610:   847469.005   848097.009   848489.001   849111.018   849621.003
  2615:   849627.016   849670.001   849677.026   849896.003   850060.005
  2620:   850777.009   851325.001   851947.018   852147.003   852153.016
  2625:   852203.026   852625.005   853180.009   853368.005   853766.009
  2630:   854467.005   854514.009   855437.001   855558.003   855575.001
  2635:   855685.003   855711.001   855820.003   856471.001   856695.003
  2640:   856723.001   857194.003   857755.001   858046.003   858092.001
  2645:   858234.003   858872.005   858885.009   859173.005   859399.009
  2650:   859842.001   859939.003   859992.001   860028.003   860670.001
  2655:   860841.003   860860.001   861063.003   861245.001   861649.003
  2660:   862472.001   862572.003   862596.001   862655.003   862761.001
  2665:   863088.003   863204.001   863417.003   863992.005   864006.009
  2670:   864028.005   864301.009   864579.001   864615.003   864664.001
  2675:   864881.003   864923.001   865269.003   865886.001   866040.003
  2680:   866649.001   866782.003   866804.001   866873.003   867175.005
  2685:   867331.009   867524.001   867590.003   867685.001   867722.003
  2690:   867794.001   868187.003   868205.001   868324.003   868345.001
  2695:   868429.003   868437.001   868500.003   868553.001   868679.003
  2700:   869288.001   869418.003   869440.001   869566.003   869581.001
  2705:   869718.003   870185.001   870521.003   870536.001   870567.003
  2710:   870586.001   870753.003   870778.001   871051.003   871479.005
  2715:   871680.009   872029.001   872651.018   872958.003   872964.016
  2720:   872984.001   873014.026   873212.003   873429.005   874336.009
  2725:   875474.001   875774.003   875826.001   876291.003   876807.001
  2730:   877343.003   877358.001   877685.003   878072.005   878576.009
  2735:   878662.005   878698.009   879001.001   879330.003   879348.001
  2740:   879682.003   880032.005   880467.009   880882.001   881504.018
  2745:   881791.003   881797.016   881813.001   881847.026   881875.003
  2750:   882179.005   882194.009   882204.005   882845.009   882879.005
  2755:   883042.009   884316.001   884419.003   884451.001   884646.003
  2760:   885666.005   885687.009   885697.005   885768.009   886100.001
  2765:   886696.003   886733.001   886762.003   886815.001   887026.003
  2770:   887126.001   887161.003   887171.001   887669.003   887687.001
  2775:   887719.003   888182.005   888193.009   888550.001   889172.018
  2780:   889460.003   889466.016   889516.026   889798.005   890597.009
  2785:   890627.005   890812.009   893308.005   893321.009   893777.001
  2790:   893899.003   894450.001   894621.003   894639.001   894751.003
  2795:   895441.001   895854.003   895881.001   896098.003   896142.001
  2800:   896326.003   896811.005   896817.009   896832.005   896892.009
  2805:   897156.001   897639.003   898160.001   898782.018   899059.003
  2810:   899065.016   899115.026   899313.001   899349.003   899373.001
  2815:   899507.003   899681.005   900613.009   901959.001   902084.003
  2820:   902689.001   902765.003   902784.001   903234.003   903255.001
  2825:   903576.003   903688.001   903747.003   904048.005   904419.009
  2830:   904744.001   904969.003   904998.001   905165.003   905448.005
  2835:   905651.009   905912.005   906053.009   906331.001   906598.003
  2840:   907261.001   907349.003   907392.001   907944.003   907957.001
  2845:   908069.003   908698.001   909320.018   909523.003   909529.016
  2850:   909579.026   909712.005   910208.009   910700.001   911322.018
  2855:   911783.003   911789.016   911839.026   912147.005   913092.009
  2860:   919751.005   919881.009   919948.005   920209.009   920841.001
  2865:   920943.003   920994.001   921111.003   927616.005   927766.009
  2870:   927836.005   927857.009   928019.005   928076.009   928859.001
  2875:   928995.003   929796.001   930065.003   930201.001   930721.003
  2880:   931170.005   931286.009   931508.001   931620.003   931696.001
  2885:   931829.003   931861.001   931882.003   931917.001   932013.003
  2890:   932466.001   932583.003   932664.001   932729.003   932743.001
  2895:   932892.003   933263.005   933297.009   933552.001   934174.018
  2900:   934232.003   934238.016   934288.026   934373.005   935376.009
  2905:   935909.001   936477.003   936873.001   936966.003   937503.001
  2910:   937856.003   938140.001   938514.003   938542.001   938712.003
  2915:   939072.005   939125.009   939325.001   939808.003   940841.001
  2920:   941037.003   941483.005   941573.009   942463.001   942890.003
  2925:   943115.001   943162.003   943932.001   944349.003   944579.001
  2930:   945142.003   945301.001   945371.003   946211.005   946218.009
  2935:   946262.005   946369.009   946563.001   946665.003   946687.001
  2940:   947023.003   947239.005   947369.009   947571.001   948193.018
  2945:   948237.003   948243.016   948293.026   948360.005   949068.009
  2950:   949531.001   950153.018   950455.003   950461.016   950511.026
  2955:   950601.005   951477.009   951547.005   951679.009   952250.001
  2960:   952431.003   952462.001   952656.003   952677.001   952806.003
  2965:   952878.001   952935.003   953031.001   953466.003   953738.001
  2970:   954360.018   954368.003   954374.016   954424.026   954505.005
  2975:   955438.009   955845.001   956198.003   956224.001   956353.003
  2980:   956383.001   956587.003   956621.001   957243.018   957251.003
  2985:   957257.016   957307.026   957503.005   958149.009   958407.001
  2990:   959015.003   959681.001   959797.003   959810.001   960195.003
  2995:   961021.001   961643.018   961656.003   961662.016   961712.026
  3000:   961797.005   962709.009   963153.001   963775.018   964570.003
  3005:   964576.016   964626.026   964720.005   965854.009   966320.001
  3010:   966942.018   967291.003   967297.016   967347.026   967349.017
  3015:   967449.005   968202.009   968312.005   968376.009   968395.005
  3020:   968719.009   971574.005   971622.009   972029.001   972095.003
  3025:   972109.001   972216.003   972482.001   972541.003   972571.001
  3030:   972755.003   972809.001   973008.003   973084.001   973115.003
  3035:   973424.001   973642.003   973679.001   973817.003   974507.001
  3040:   974765.003   974903.001   975020.003   975043.001   975467.003
  3045:   975792.005   976020.009   976350.001   977042.003   977695.001
  3050:   978078.003   978274.005   978364.009   978678.001   979225.003
  3055:   979938.001   980545.003   980765.005   981024.009   981480.001
  3060:   982053.003   982413.001   982824.003   982844.001   983010.003
  3065:   983377.001   983585.003   983953.005   984100.009   984300.001
  3070:   985047.018   985120.003   985126.016   985176.026   985462.005
  3075:   986123.009   986141.005   986156.009   986783.001   986950.003
  3080:   987062.001   987087.003   988566.001   988679.003   989354.001
  3085:   989419.003   989444.001   989908.003   990278.005   990468.009
  3090:   990478.005   990507.009   990838.001   991410.003   991891.001
  3095:   991941.003   991964.001   992431.003   992443.001   992461.003
  3100:   992503.001   992523.003   993039.001   993521.003   993881.005
  3105:   993889.009   994135.001   994291.003   994310.001   994655.003
  3110:   995313.005   995339.009   995378.005   995541.009   995811.001
  3115:   996208.003   996235.001   996345.003   996861.001   996884.003
  3120:   997271.005   997302.009   997540.001   998287.018   998368.003
  3125:   998374.016   998424.026   998571.005   999043.009   999543.001
  3130:   999597.003   999634.001  1000197.003  1000661.001  1000801.003
  3135:  1001189.005  1001319.009  1001527.001  1002274.018  1002328.003
  3140:  1002334.016  1002384.026  1002510.005  1002516.009  1002527.005
  3145:  1003147.009  1003619.001  1004182.003  1004216.001  1004393.003
  3150:  1005532.001  1006193.003  1006438.005  1006666.009  1007037.001
  3155:  1007531.003  1007564.001  1007606.003  1008351.001  1009042.003
  3160:  1009505.001  1009544.003  1009553.001  1009668.003  1009731.001
  3165:  1010116.003  1011001.001  1011734.003  1012132.001  1012431.003
  3170:  1012445.001  1012625.003  1013116.005  1013151.009  1013168.005
  3175:  1013187.009  1014498.005  1014697.009  1014954.001  1015701.018
  3180:  1015778.003  1015784.016  1015797.001  1015834.026  1016009.003
  3185:  1016152.005  1016981.009  1016997.005  1017041.009  1017056.005
  3190:  1017093.009  1017098.005  1017164.009  1018783.001  1018857.003
  3195:  1018979.001  1019204.003  1019222.001  1019433.003  1019449.001
  3200:  1019863.003  1019887.001  1020062.003  1020583.001  1020799.003
  3205:  1020819.001  1021185.003  1021207.001  1021350.003  1021369.001
  3210:  1021448.003  1021483.001  1021518.003  1022003.001  1022224.003
  3215:  1022240.001  1022488.003  1023019.001  1023766.018  1023814.003
  3220:  1023820.016  1023870.026  1024640.005  1025524.009  1025578.005
  3225:  1025688.009  1027556.005  1027743.009  1028638.005  1028675.009
  3230:  1029078.001  1029122.003  1029157.001  1029245.003  1029267.001
  3235:  1029313.003  1029344.001  1029361.003  1029497.001  1029632.003
  3240:  1029669.001  1029692.003  1030924.001  1030973.003  1031790.001
  3245:  1032166.003  1032176.001  1032260.003  1032443.001  1032513.003
  3250:  1032686.001  1032757.003  1033676.001  1034293.003  1034327.001
  3255:  1034392.003  1034515.001  1034738.003  1035240.001  1035987.018
  3260:  1036214.003  1036220.016  1036235.001  1036260.003  1036267.001
  3265:  1036270.026  1036549.003  1037003.005  1037735.009  1037758.005
  3270:  1037868.009  1039819.005  1039875.009  1040858.001  1041138.003
  3275:  1041194.001  1041365.003  1041445.001  1041623.003  1041809.001
  3280:  1042017.003  1042078.001  1042348.003  1042722.001  1043116.003
  3285:  1043733.001  1044229.003  1044821.001  1045014.003  1045782.001
  3290:  1045911.003  1046026.001  1046053.003  1046131.001  1046294.003
  3295:  1046309.001  1046494.003  1046737.001  1047356.003  1047377.001
  3300:  1047449.003  1047761.001  1047801.003  1047819.001  1047909.003
  3305:  1048685.001  1048868.003  1048893.001  1049597.003  1050035.005
  3310:  1050267.009  1050519.001  1050555.003  1050585.001  1051332.018
  3315:  1051434.003  1051440.016  1051490.026  1051625.005  1052680.009
  3320:  1054671.005  1054730.009  1055038.005  1055351.009  1056590.001
  3325:  1056827.003  1056843.001  1057024.003  1057051.001  1057073.003
  3330:  1057089.001  1057836.018  1058142.003  1058148.016  1058198.026
  3335:  1058211.001  1058347.003  1058490.005  1059377.009  1062921.005
  3340:  1063042.009  1063070.005  1063207.009  1064045.001  1064224.003
  3345:  1064348.001  1064541.003  1064722.001  1065369.003  1065819.001
  3350:  1065895.003  1065943.001  1066460.003  1066551.005  1066653.009
  3355:  1066692.005  1066754.009  1067176.001  1067491.003  1068168.001
  3360:  1068911.003  1069039.005  1069164.009  1069487.001  1070026.003
  3365:  1070754.001  1071184.003  1071216.001  1071367.003  1071410.001
  3370:  1072157.018  1072166.003  1072172.016  1072200.001  1072222.026
  3375:  1072564.003  1072630.005  1073357.009  1073377.005  1073386.009
  3380:  1073420.005  1073640.009  1073651.005  1073658.009  1073662.005
  3385:  1073663.009  1074303.001  1074700.003  1074738.001  1074823.003
  3390:  1075312.005  1075557.009  1075745.001  1075874.003  1075890.001
  3395:  1076203.003  1076255.001  1076536.003  1076730.001  1076920.003
  3400:  1076937.001  1077200.003  1077852.001  1077943.003  1077954.001
  3405:  1078459.003  1078962.005  1079122.009  1079140.005  1079148.009
  3410:  1079576.001  1079816.003  1080264.001  1080307.003  1080382.001
  3415:  1080637.003  1081085.001  1081174.003  1081197.001  1081944.018
  3420:  1082119.003  1082125.016  1082145.001  1082169.003  1082175.026
  3425:  1082212.001  1082426.003  1083605.005  1084236.009  1084288.005
  3430:  1084354.009  1086785.001  1086871.003  1087080.001  1087226.003
  3435:  1087303.001  1087794.003  1088364.005  1088387.009  1088397.005
  3440:  1088770.009  1089722.005  1089746.009  1090352.001  1091099.018
  3445:  1091202.003  1091208.016  1091258.026  1091306.005  1092771.009
  3450:  1094139.001  1094752.003  1094801.001  1095260.003  1095280.001
  3455:  1095588.003  1095813.005  1096019.009  1096115.005  1096135.009
  3460:  1096621.001  1096920.003  1096929.001  1097445.003  1097656.005
  3465:  1097916.009  1098025.005  1098061.009  1098305.001  1098758.003
  3470:  1098842.001  1098907.003  1099741.001  1100205.003  1100215.001
  3475:  1100247.003  1100259.001  1100344.003  1100939.001  1101035.003
  3480:  1101882.001  1102175.003  1102230.001  1102523.003  1102566.001
  3485:  1102794.003  1103048.005  1103220.009  1103419.005  1103476.009
  3490:  1103772.001  1103858.003  1103875.001  1104281.003  1104483.005
  3495:  1104891.009  1105240.001  1105563.003  1105932.005  1105946.009
  3500:  1106187.001  1106934.018  1107413.003  1107419.016  1107469.026
  3505:  1107599.005  1108257.009  1108288.005  1108337.009  1108675.001
  3510:  1108937.003  1108971.001  1108987.003  1109027.001  1109712.003
  3515:  1109984.001  1110661.003  1110682.001  1110772.003  1111267.001
  3520:  1111631.003  1112263.001  1112440.003  1112458.001  1112924.003
  3525:  1113162.001  1113909.018  1113947.003  1113953.016  1114003.026
  3530:  1114314.005  1115044.009  1116346.005  1116892.009  1117346.001
  3535:  1117693.003  1117715.001  1117874.003  1118420.005  1118649.009
  3540:  1118757.005  1118820.009  1119572.001  1120319.018  1120657.003
  3545:  1120663.016  1120713.026  1120898.005  1121709.009  1122167.005
  3550:  1122285.009  1123403.001  1123417.003  1124593.001  1124933.003
  3555:  1124975.001  1125079.003  1125266.001  1125280.003  1125526.005
  3560:  1125665.009  1125970.001  1126277.003  1126300.001  1126403.003
  3565:  1126481.001  1126548.003  1126872.001  1126938.003  1127658.001
  3570:  1128387.003  1128942.005  1129036.009  1129086.005  1129314.009
  3575:  1129614.001  1130113.003  1130136.001  1130181.003  1130770.001
  3580:  1131054.003  1131070.001  1131358.003  1131584.001  1132106.003
  3585:  1132458.005  1132531.009  1132571.005  1132979.009  1133695.001
  3590:  1133732.003  1133765.001  1133821.003  1133831.001  1134313.003
  3595:  1134715.005  1134740.009  1134884.005  1134887.009  1134899.005
  3600:  1134949.009  1135007.005  1135232.009  1135528.001  1135671.003
  3605:  1136272.001  1136364.003  1136475.001  1136506.003  1136581.001
  3610:  1136972.003  1137021.001  1137035.003  1137089.001  1137196.003
  3615:  1137892.001  1138338.003  1138538.001  1139243.003  1139590.001
  3620:  1139750.003  1140281.005  1140285.009  1140432.005  1140546.009
  3625:  1140779.001  1141526.018  1141747.003  1141753.016  1141803.026
  3630:  1143376.005  1143781.009  1144623.005  1144871.009  1145718.005
  3635:  1145749.009  1149862.005  1149870.009  1149876.005  1150068.009
  3640:  1150111.005  1150172.009  1150184.005  1150277.009  1150284.005
  3645:  1150430.009  1150434.005  1150705.009  1150732.005  1150751.009
  3650:  1150757.005  1151990.009  1152696.005  1152868.009  1156543.005
  3655:  1156564.009  1163761.001  1163830.003  1163901.001  1163935.003
  3660:  1164688.001  1164908.003  1164923.001  1164994.003  1166526.005
  3665:  1166557.009  1169537.001  1169610.003  1170012.001  1170164.003
  3670:  1170305.001  1170618.003  1170904.005  1171149.009  1171266.005
  3675:  1171349.009  1171549.001  1171972.003  1172147.001  1172185.003
  3680:  1172944.001  1173359.003  1173493.001  1174070.003  1174596.001
  3685:  1174932.003  1175072.001  1175117.003  1175512.001  1176224.003
  3690:  1176544.001  1176638.003  1177103.001  1177220.003  1177282.001
  3695:  1177616.003  1177996.001  1178426.003  1178569.001  1179054.003
  3700:  1179182.001  1179304.003  1179332.001  1179634.003  1180378.005
  3705:  1180721.009  1180952.001  1181699.018  1181701.003  1181707.016
  3710:  1181757.026  1181787.001  1181861.003  1182008.005  1183013.009
  3715:  1184150.001  1184287.003  1184305.001  1184444.003  1184453.001
  3720:  1184577.003  1184582.001  1184710.003  1184796.001  1184940.003
  3725:  1184986.001  1185277.003  1185792.001  1186120.003  1186154.001
  3730:  1186246.003  1186937.001  1187684.018  1187888.003  1187894.016
  3735:  1187944.026  1188197.005  1188896.009  1189435.001  1190010.003
  3740:  1190040.001  1190204.003  1190233.001  1190312.003  1190821.001
  3745:  1191444.003  1192094.001  1192129.003  1192157.001  1192332.003
  3750:  1192348.001  1192423.003  1193812.001  1193841.003  1194348.005
  3755:  1194799.009  1195741.001  1195765.003  1195811.001  1196465.003
  3760:  1197118.001  1197223.003  1197265.001  1198012.018  1198152.003
  3765:  1198158.016  1198208.026  1198436.005  1198924.009  1198970.005
  3770:  1199064.009  1199592.001  1199815.003  1199924.001  1199967.003
  3775:  1200711.005  1200746.009  1201067.001  1201814.018  1202230.003
  3780:  1202236.016  1202286.026  1202443.005  1202457.009  1202634.005
  3785:  1203825.009  1205718.001  1205765.003  1205809.001  1206546.003
  3790:  1206558.001  1206891.003  1206946.001  1206973.003  1207055.001
  3795:  1207098.003  1207688.001  1207834.003  1207864.001  1207956.003
  3800:  1208524.001  1209032.003  1209051.001  1209194.003  1209831.005
  3805:  1210220.009  1210469.001  1210530.003  1210552.001  1211299.018
  3810:  1211463.003  1211469.016  1211519.026  1211756.005  1212348.009
  3815:  1212363.005  1212562.009  1213297.001  1213364.003  1213378.001
  3820:  1213720.003  1214438.001  1215185.018  1215263.003  1215269.016
  3825:  1215319.026  1215666.005  1216550.009  1216584.005  1216795.009
  3830:  1218014.001  1218193.003  1218213.001  1218269.003  1218288.001
  3835:  1218347.003  1219084.001  1219438.003  1219747.005  1219900.009
  3840:  1220234.001  1220956.003  1221614.001  1222300.003  1222348.001
  3845:  1222389.003  1222403.001  1222591.003  1223233.001  1223980.018
  3850:  1223991.003  1223997.016  1224012.001  1224047.026  1224139.003
  3855:  1224306.005  1225135.009  1225798.001  1226545.018  1226720.003
  3860:  1226726.016  1226776.026  1227049.005  1227637.009  1227682.005
  3865:  1227879.009  1228752.001  1228864.003  1228888.001  1229090.003
  3870:  1229703.001  1230345.003  1230936.005  1230960.009  1231038.005
  3875:  1231171.009  1231250.005  1231291.009  1231494.001  1231533.003
  3880:  1231563.001  1231933.003  1231963.001  1232306.003  1232904.001
  3885:  1233259.003  1233277.001  1233709.003  1234244.005  1234512.009
  3890:  1234808.001  1235183.003  1235637.001  1236304.003  1236722.001
  3895:  1237469.018  1237593.003  1237599.016  1237605.001  1237649.026
  3900:  1237779.003  1238057.005  1238839.009  1241774.005  1241832.009
  3905:  1242502.001  1242813.003  1242947.001  1243224.003  1243276.001
  3910:  1244023.018  1244323.003  1244329.016  1244379.026  1244506.005
  3915:  1245383.009  1245934.001  1246049.003  1246143.001  1246212.003
  3920:  1246240.001  1246255.003  1246293.001  1246330.003  1246348.001
  3925:  1246411.003  1246535.001  1246622.003  1247002.001  1247402.003
  3930:  1248040.001  1248187.003  1248207.001  1248283.003  1248874.001
  3935:  1249266.003  1249285.001  1249562.003  1249969.001  1250522.003
  3940:  1250847.001  1251198.003  1251742.001  1251848.003  1251911.001
  3945:  1252454.003  1252472.001  1252638.003  1253151.001  1253490.003
  3950:  1253513.001  1253976.003  1254022.001  1254078.003  1254088.001
  3955:  1254232.003  1254242.001  1254306.003  1254320.001  1254615.003
  3960:  1255266.005  1255455.009  1255659.001  1255728.003  1255740.001
  3965:  1256087.003  1256123.001  1256175.003  1256199.001  1256319.003
  3970:  1256343.001  1256454.003  1257043.001  1257215.003  1257221.001
  3975:  1257319.003  1257336.001  1257625.003  1258109.005  1258369.009
  3980:  1258441.005  1258486.009  1258671.001  1259121.003  1259132.001
  3985:  1259254.003  1259263.001  1259492.003  1259993.001  1260613.003
  3990:  1261273.005  1261291.009  1261361.005  1261623.009  1262810.001
  3995:  1262856.003  1262883.001  1263247.003  1263306.001  1263498.003
  4000:  1264424.005  1264616.009  1265246.001  1265851.003  1266864.001
  4005:  1267347.003  1267370.001  1267481.003  1268068.005  1268139.009
  4010:  1268377.001  1269043.003  1269068.001  1269142.003  1269681.005
  4015:  1269881.009  1270101.001  1270848.018  1270997.003  1271003.016
  4020:  1271053.026  1271312.005  1272058.009  1273177.001  1273236.003
  4025:  1273340.001  1273559.003  1273582.001  1273717.003  1273759.001
  4030:  1274277.003  1274834.001  1275122.003  1275528.005  1275897.009
  4035:  1276148.001  1276524.003  1276542.001  1276660.003  1277446.001
  4040:  1277708.003  1277726.001  1278160.003  1278178.001  1278271.003
  4045:  1278584.005  1278605.009  1278613.005  1278913.009  1279005.005
  4050:  1279074.009  1279320.001  1279924.003  1280470.001  1280829.003
  4055:  1280852.001  1281075.003  1281789.001  1282342.003  1282869.001
  4060:  1282891.003  1283035.001  1283072.003  1283153.001  1283900.018
  4065:  1284125.003  1284131.016  1284181.026  1284524.005  1285261.009
  4070:  1286492.005  1286496.009  1286880.001  1287341.003  1287876.001
  4075:  1288154.003  1288170.001  1288245.003  1288655.005  1288805.009
  4080:  1288992.001  1289477.003  1290077.001  1290541.003  1290554.001
  4085:  1290648.003  1290683.001  1290737.003  1290746.001  1290894.003
  4090:  1291323.001  1292070.018  1292446.003  1292452.016  1292502.026
  4095:  1292687.005  1293525.009  1297180.001  1297786.003  1298320.001
  4100:  1298776.003  1298795.001  1298955.003  1299444.001  1299637.003
  4105:  1299655.001  1300093.003  1300318.001  1300602.003  1301015.001
  4110:  1301105.003  1301143.001  1301736.003  1301750.001  1302159.003
  4115:  1302494.001  1303241.018  1303398.003  1303404.016  1303454.026
  4120:  1303640.005  1304460.009  1307939.001  1308666.003  1308955.001
  4125:  1309307.003  1309693.001  1310410.003  1311164.001  1311464.003
  4130:  1311482.001  1311728.003  1312164.001  1312786.003  1313349.005
  4135:  1313565.009  1313883.001  1314139.003  1314486.001  1315064.003
  4140:  1315228.005  1315530.009  1315538.005  1315545.009  1315794.001
  4145:  1316171.003  1316198.001  1316410.003  1316996.001  1317048.003
  4150:  1317099.001  1317846.018  1318247.003  1318253.016  1318303.026
  4155:  1318432.005  1319157.009  1319289.005  1319490.009  1320549.001
  4160:  1320615.003  1320669.001  1320891.003  1320926.001  1321270.003
  4165:  1321535.005  1321676.009  1321840.001  1322096.003  1322114.001
  4170:  1322551.003  1322965.001  1323379.003  1323854.001  1324180.003
  4175:  1324692.001  1325439.018  1325639.003  1325645.016  1325695.026
  4180:  1325790.005  1326617.009  1326648.005  1326651.009  1326778.005
  4185:  1326846.009  1326894.005  1326924.009  1329088.001  1329231.003
  4190:  1329248.001  1329804.003  1329867.001  1330518.003  1331207.001
  4195:  1331503.003  1332112.001  1332859.018  1333357.003  1333363.016
  4200:  1333413.026  1333767.005  1334338.009  1334953.001  1334974.003
  4205:  1335043.001  1335191.003  1336620.001  1336718.003  1336772.001
  4210:  1337011.003  1337348.001  1337452.003  1337529.001  1337967.003
  4215:  1337981.001  1338234.003  1340738.005  1340938.009  1344360.005
  4220:  1344802.009  1344950.005  1344956.009  1345654.001  1346401.018
  4225:  1346924.003  1346930.016  1346980.026  1347127.005  1347815.009
  4230:  1349925.001  1350325.003  1350774.001  1351177.003  1351671.001
  4235:  1351989.003  1352505.001  1352553.003  1352569.001  1352880.003
  4240:  1353181.001  1353244.003  1353701.001  1354035.003  1354408.001
  4245:  1354568.003  1354590.001  1354766.003  1354788.001  1355008.003
  4250:  1355526.005  1355684.009  1356469.001  1356542.003  1356563.001
  4255:  1356835.003  1357078.001  1357443.003  1359061.005  1359097.009
  4260:  1359106.005  1359207.009  1384215.005  1384589.009  1393636.005
  4265:  1393948.009  1394267.005  1394381.009  1394769.001  1395489.003
  4270:  1395503.001  1395612.003  1395637.001  1395904.003  1395977.001
  4275:  1396350.003  1396833.005  1396863.009  1397123.001  1397163.003
  4280:  1397249.001  1397508.003  1397548.001  1397645.003  1397678.001
  4285:  1397809.003  1398590.001  1398885.003  1399271.001  1399321.003
  4290:  1400195.001  1400734.003  1401322.001  1401867.003  1401896.001
  4295:  1402022.003  1402062.001  1402195.003  1404661.005  1405019.009
  4300:  1406203.005  1406318.009  1406349.005  1406641.009  1419432.005
  4305:  1419464.009  1419486.005  1419675.009  1419825.005  1419928.009
  4310:  1419934.005  1419956.009  1420163.005  1420228.009  1420729.001
  4315:  1420854.003  1420970.001  1421054.003  1421101.001  1421353.003
  4320:  1421560.005  1421719.009  1421940.001  1422006.003  1422031.001
  4325:  1422331.003  1422348.001  1422555.003  1423314.001  1423343.003
  4330:  1423385.001  1423662.003  1423681.001  1423837.003  1425146.001
  4335:  1425348.003  1425375.001  1425506.003  1425929.001  1425988.003
  4340:  1426075.001  1426649.003  1426695.001  1426980.003  1427628.001
  4345:  1427749.003  1427762.001  1428009.003  1428477.005  1428771.009
  4350:  1429170.001  1429227.003  1429412.001  1429742.003  1429790.001
  4355:  1429799.003  1429816.001  1429987.003  1430725.001  1430773.003
  4360:  1430793.001  1430946.003  1431926.001  1432186.003  1432204.001
  4365:  1432299.003  1432316.001  1432493.003  1432522.001  1432640.003
  4370:  1434699.005  1434804.009  1435039.001  1435149.003  1435165.001
  4375:  1435546.003  1435561.001  1435656.003  1435669.001  1435712.003
  4380:  1435725.001  1436312.003  1436336.001  1436547.003  1437212.005
  4385:  1437387.009  1437622.001  1437641.003  1437714.001  1438014.003
  4390:  1438246.001  1438993.018  1439043.003  1439049.016  1439061.001
  4395:  1439079.003  1439099.026  1439250.005  1440199.009  1441610.001
  4400:  1441710.003  1441740.001  1441913.003  1441953.001  1442157.003
  4405:  1442294.001  1442312.003  1442332.001  1442723.003  1442744.001
  4410:  1442815.003  1443477.001  1443747.003  1443974.001  1444590.003
  4415:  1444824.001  1444914.003  1445522.001  1445547.003  1445601.001
  4420:  1446028.003  1446046.001  1446207.003  1446930.001  1447190.003
  4425:  1447222.001  1447423.003  1447787.001  1448142.003  1448691.001
  4430:  1449033.003  1449055.001  1449151.003  1449598.005  1449725.009
  4435:  1450003.001  1450053.003  1450247.001  1450279.003  1450478.001
  4440:  1450523.003  1450542.001  1450637.003  1450653.001  1450722.003
  4445:  1450759.001  1450810.003  1451306.001  1451460.003  1451515.001
  4450:  1451774.003  1451791.001  1452237.003  1452262.001  1452366.003
  4455:  1452386.001  1452487.003  1452769.001  1452806.003  1452848.001
  4460:  1452928.003  1454556.005  1455028.009  1458559.001  1458687.003
  4465:  1458713.001  1458728.003  1458807.001  1458905.003  1459080.001
  4470:  1459827.018  1460786.003  1460792.016  1460842.026  1461207.005
  4475:  1461244.009  1461334.005  1461889.009  1461907.005  1462074.009
  4480:  1462691.005  1462730.009  1464108.001  1464145.003  1464168.001
  4485:  1464250.003  1464272.001  1464319.003  1464373.001  1464440.003
  4490:  1464448.001  1464469.003  1465151.001  1465717.003  1465772.001
  4495:  1465818.003  1466243.001  1466990.018  1467343.003  1467349.016
  4500:  1467399.026  1467598.005  1468251.009  1468279.005  1468419.009
  4505:  1472538.001  1472610.003  1472658.001  1473405.018  1473513.003
  4510:  1473519.016  1473569.026  1473666.005  1474759.009  1474821.005
  4515:  1474879.009  1481062.001  1481115.003  1481371.001  1481560.003
  4520:  1481813.001  1482124.003  1482150.001  1482419.003  1482757.001
  4525:  1483228.003  1484158.005  1484419.009  1484696.001  1485011.003
  4530:  1485128.001  1485875.018  1486082.003  1486088.016  1486122.001
  4535:  1486138.026  1486248.003  1486364.005  1487176.009  1488626.005
  4540:  1488645.009  1489258.001  1489439.003  1489773.001  1489835.003
  4545:  1489933.001  1490419.003  1490521.001  1490567.003  1491162.001
  4550:  1491186.003  1491215.001  1491636.003  1491648.001  1491797.003
  4555:  1491803.001  1492045.003  1492530.001  1492951.003  1492961.001
  4560:  1493324.003  1493343.001  1493790.003  1494152.001  1494175.003
  4565:  1494815.005  1494943.009  1495207.001  1495954.018  1496122.003
  4570:  1496128.016  1496178.026  1496447.005  1496984.009  1497006.005
  4575:  1497089.009  1498045.001  1498422.003  1498990.001  1499491.003
  4580:  1499510.001  1499739.003
B:
     0:        0.000     1512.000        0.000     1512.000        0.000
     5:      608.000        0.000        0.000        0.000      608.000
    10:        0.000        1.000        0.000        1.000        0.000
    15:        0.000      113.000        1.000      113.000        0.000
    20:        0.000        0.000        0.000        0.000        0.000
    25:        0.000      113.000        0.000        0.000        0.000
    30:        0.000
D:
     0:  3662463.000  3662235.000  3662464.000
E:
     0:      622.000      746.400
T:
     0:        0.000        0.000        0.000        0.000
W:
     0:        0.000        0.000        0.000
