File: C:\MED-PC IV\Data\Reyes\AW\AW146.999


Start Date: 08/12/24
End Date: 08/12/24
Subject: 46
Experiment: AW
Group: PERC
Box: 2
Start Time: 16:24:17
End Time: 17:14:18
MSN: DRRD_perc
C:       0.000
F:       0.000
G:       0.000
H:       0.000
I:       0.000
J:       0.000
K:    1941.000
L:       0.000
M:       0.000
N:       0.000
O:       0.000
Q:     634.400
S:     559.117
U: 2162725.000
V:       0.000
X:       0.000
Y:    5607.000
Z:       0.000
A:
     0:     6484.005     6494.009     6559.005     6580.009     6593.005
     5:     6724.009     6791.005     6801.009     6841.005     7541.009
    10:     9272.005     9296.009     9840.005     9843.009     9848.005
    15:     9873.009     9878.005     9897.009     9937.005     9951.009
    20:     9975.005    10077.009    10078.005    10081.009    10107.005
    25:    10229.009    15000.013    15000.011    15529.005    15543.009
    30:    15567.005    15588.009    15612.005    15635.009    15652.005
    35:    15672.009    18013.005    18139.009    19341.001    19586.003
    40:    20147.001    20312.003    20377.001    20487.003    20536.001
    45:    21069.003    21541.005    21660.009    21679.005    21684.009
    50:    22224.005    22230.009    22305.005    22326.009    22404.005
    55:    22409.009    22927.001    23282.003    23725.001    24534.003
    60:    24956.005    24998.009    25027.005    25032.009    25066.005
    65:    25074.009    25936.005    25941.009    26113.001    26558.003
    70:    27063.001    27946.003    28243.005    28252.009    28269.005
    75:    28649.009    29271.001    29395.003    29484.001    29538.003
    80:    29688.001    29759.003    29782.001    29852.003    29882.001
    85:    29946.003    29962.001    30048.003    30065.001    30238.003
    90:    30257.001    31035.003    31728.005    31743.009    31757.005
    95:    31777.009    31790.005    31818.009    32103.001    32531.003
   100:    32538.001    33206.003    33285.001    33341.003    33730.001
   105:    33826.003    33972.001    34267.003    34333.001    34370.003
   110:    34692.005    34696.009    34892.005    34895.009    34905.005
   115:    34945.009    34958.005    34998.009    36007.001    36504.003
   120:    36554.001    36665.003    36684.001    36838.003    36873.001
   125:    37679.003    38152.001    38328.003    38336.001    38676.003
   130:    38680.001    39540.003    39920.001    39985.003    40295.001
   135:    40317.003    40765.001    40887.003    40937.001    41136.003
   140:    41269.001    41354.003    41387.001    41772.003    41798.001
   145:    42001.003    42011.001    42310.003    43042.001    43333.003
   150:    43385.001    43412.003    43416.001    43586.003    44283.005
   155:    44397.009    44432.005    44442.009    44465.005    44483.009
   160:    44484.005    44491.009    44561.005    44584.009    44615.005
   165:    44635.009    44641.005    45131.009    45495.005    45506.009
   170:    45582.005    45592.009    45605.005    45684.009    45727.005
   175:    45741.009    45752.005    45776.009    45948.005    45991.009
   180:    45995.005    46067.009    46113.005    46116.009    46727.001
   185:    46804.003    49375.005    49379.009    49437.005    49449.009
   190:    49457.005    49463.009    49470.005    49527.009    49557.005
   195:    49560.009    50722.001    50751.003    50781.001    50849.003
   200:    50911.001    51529.003    52341.001    52368.003    52778.005
   205:    52790.009    52821.005    52828.009    52844.005    53386.009
   210:    53387.005    53413.009    53425.005    53431.009    58877.001
   215:    58932.003    58975.001    59016.003    59039.001    59107.003
   220:    59117.001    59582.003    59766.005    59975.009    59981.005
   225:    60071.009    60260.005    60273.009    68414.005    68421.009
   230:    68427.005    68437.009    69100.001    69447.003    69478.001
   235:    69711.003    69781.001    70026.003    70356.005    70364.009
   240:    70366.005    70541.009    70579.005    70584.009    71513.001
   245:    71802.003    71834.001    71898.003    72455.001    72614.003
   250:    72656.001    72779.003    72833.001    73634.003    73906.005
   255:    73912.009    73946.005    73953.009    73977.005    74094.009
   260:    74407.001    74526.003    74585.001    74860.003    74874.001
   265:    75597.003    75788.005    75798.009    75801.005    76002.009
   270:    76032.005    76040.009    76421.001    77392.018    78157.003
   275:    78163.016    78213.026    78287.005    78297.009    78317.005
   280:    78325.009    78328.005    79120.009    79121.005    79143.009
   285:    79145.005    79453.009    79462.005    79481.009    79484.005
   290:    79505.009    79722.005    79738.009    79774.005    79783.009
   295:    79796.005    79806.009    79821.005    79826.009    80444.005
   300:    80449.009    80478.005    80484.009    80562.005    80579.009
   305:    80585.005    81261.009    81265.005    81268.009    81876.001
   310:    81917.003    81968.001    82370.003    82808.005    82821.009
   315:    82841.005    82846.009    82859.005    82865.009    82899.005
   320:    82903.009    82905.005    82913.009    82922.005    83013.009
   325:    83014.005    83064.009    83083.005    83125.009    83153.005
   330:    83161.009    83168.005    83182.009    83186.005    83194.009
   335:    83200.005    83220.009    88432.005    88436.009    88664.005
   340:    88667.009    89033.005    89062.009    89070.005    89106.009
   345:    89123.005    89132.009    89177.005    89188.009    89400.001
   350:    90126.003    90135.001    90530.003    91055.001    91151.003
   355:    91164.001    91840.003    91859.001    92411.003    98158.001
   360:    98179.003    98193.001    98281.003    98332.001    98782.003
   365:    99143.005    99148.009    99153.005    99558.009   100674.005
   370:   100681.009   100705.005   100714.009   100721.005   100991.009
   375:   101255.005   101290.009   101296.005   101435.009   103573.005
   380:   103646.009   103676.005   103800.009   103815.005   103845.009
   385:   103865.005   103879.009   103881.005   103889.009   103895.005
   390:   104452.009   104453.005   104466.009   104487.005   104700.009
   395:   104702.005   104716.009   104719.005   104727.009   112228.005
   400:   112238.009   112253.005   112260.009   112271.005   112281.009
   405:   112292.005   112306.009   112324.005   112332.009   113024.001
   410:   113346.003   113398.001   113434.003   113508.001   114343.003
   415:   114964.001   115078.003   115133.001   116104.018   116118.003
   420:   116124.016   116174.026   116241.005   118405.009   118583.005
   425:   118596.009   118616.005   118626.009   118642.005   118717.009
   430:   118723.005   118736.009   118741.005   118768.009   118771.005
   435:   119861.009   119877.005   119891.009   119904.005   119913.009
   440:   119923.005   119940.009   120088.005   120097.009   120104.005
   445:   120109.009   120116.005   120122.009   120149.005   120164.009
   450:   120202.005   120212.009   120250.005   120265.009   120288.005
   455:   120312.009   120317.005   120326.009   120334.005   120416.009
   460:   120417.005   120426.009   120430.005   120437.009   120462.005
   465:   120492.009   120511.005   120521.009   120525.005   120533.009
   470:   120658.005   120667.009   121266.005   121282.009   121295.005
   475:   121323.009   121335.005   121362.009   121377.005   121387.009
   480:   121433.005   121436.009   121531.005   121543.009   121546.005
   485:   121553.009   121586.005   121592.009   121984.005   121988.009
   490:   121998.005   122004.009   122006.005   122014.009   122021.005
   495:   122030.009   122037.005   122066.009   122067.005   122474.009
   500:   122477.005   122498.009   122514.005   122540.009   122551.005
   505:   122846.009   122853.005   123200.009   123202.005   123220.009
   510:   123231.005   123257.009   123263.005   125308.009   126055.005
   515:   126059.009   126116.005   126143.009   126196.005   126204.009
   520:   126685.001   126827.003   126861.001   127035.003   127051.001
   525:   127467.003   127818.001   127958.003   128000.001   128320.003
   530:   128331.001   128777.003   128805.001   128888.003   129578.005
   535:   129584.009   129603.005   129733.009   129766.005   129775.009
   540:   129951.005   129954.009   129963.005   129978.009   129985.005
   545:   130959.009   131614.005   131631.009   131654.005   131671.009
   550:   131745.005   131753.009   131778.005   131780.009   131786.005
   555:   131792.009   131998.001   132064.003   132229.001   132328.003
   560:   132368.001   132452.003   132476.001   132596.003   132646.001
   565:   132693.003   132796.001   133079.003   133118.001   133231.003
   570:   133290.001   133343.003   133352.001   134323.018   134337.003
   575:   134343.016   134393.026   134466.005   134473.009   134501.005
   580:   135147.009   135148.005   135165.009   135168.005   135174.009
   585:   140790.001   141190.003   141217.001   141299.003   141736.001
   590:   141871.003   141888.001   141973.003   142024.001   142148.003
   595:   142187.001   142634.003   145264.001   145965.003   146035.001
   600:   146210.003   146238.001   147209.018   147314.003   147320.016
   605:   147370.026   147452.005   148232.009   148233.005   148245.009
   610:   148246.005   148255.009   148292.005   148309.009   148310.005
   615:   148341.009   149244.001   149284.003   149493.001   149582.003
   620:   149621.001   149735.003   149767.001   149992.003   150044.001
   625:   150117.003   150238.001   150322.003   150347.001   150540.003
   630:   150571.001   150999.003   151728.001   151761.003   151915.001
   635:   151968.003   152013.001   152118.003   152135.001   152173.003
   640:   152180.001   152449.003   152496.001   152727.003   152781.001
   645:   153352.003   153885.001   153997.003   154078.001   154155.003
   650:   154249.001   155001.003   155286.005   155922.009   156196.005
   655:   156221.009   156266.005   156274.009   156289.005   156296.009
   660:   156660.005   156667.009   158189.001   158248.003   158286.001
   665:   158656.003   158752.001   159537.003   159666.001   159716.003
   670:   160181.005   160295.009   160344.005   160346.009   160821.001
   675:   160848.003   160949.001   160981.003   161036.001   161090.003
   680:   161123.001   161162.003   161891.001   161915.003   161962.001
   685:   162067.003   162093.001   162429.003   162463.001   162600.003
   690:   162627.001   162835.003   162877.001   163086.003   163207.001
   695:   163337.003   163366.001   164252.003   165481.005   165488.009
   700:   165510.005   165523.009   165537.005   165761.009   165803.005
   705:   165808.009   166237.001   166335.003   166401.001   166570.003
   710:   166616.001   166781.003   166816.001   166852.003   166887.001
   715:   166948.003   166969.001   167443.003   167492.001   167556.003
   720:   167611.001   167631.003   168089.005   168362.009   169047.001
   725:   169208.003   169253.001   169348.003   169381.001   169423.003
   730:   169933.005   169952.009   169958.005   169963.009   169977.005
   735:   169983.009   170510.001   170558.003   170597.001   170797.003
   740:   170812.001   171783.018   171849.003   171855.016   171905.026
   745:   171982.005   172701.009   172702.005   172717.009   173719.001
   750:   173983.003   174073.001   174206.003   174610.005   174619.009
   755:   174877.001   175167.003   175185.001   175787.003   175854.005
   760:   175862.009   175865.005   176099.009   176112.005   176118.009
   765:   176129.005   176152.009   176181.005   176186.009   176211.005
   770:   176219.009   176220.005   176247.009   176252.005   176268.009
   775:   176291.005   176295.009   176312.005   176510.009   176543.005
   780:   176555.009   176624.005   176632.009   176641.005   177293.009
   785:   177330.005   177355.009   177365.005   177373.009   177374.005
   790:   177377.009   177390.005   177394.009   177541.001   177651.003
   795:   177932.001   178602.003   178775.005   178784.009   178864.005
   800:   178870.009   178871.005   178877.009   178892.005   178927.009
   805:   179116.001   179235.003   179286.001   179404.003   179422.001
   810:   179857.003   179858.001   180341.003   180911.001   181882.018
   815:   182277.003   182283.016   182313.001   182333.026   182341.003
   820:   182444.005   183106.009   183200.005   183208.009   183367.005
   825:   183379.009   183383.005   183457.009   183466.005   183478.009
   830:   183490.005   183501.009   183533.005   183542.009   183554.005
   835:   183561.009   183576.005   183596.009   183855.005   183864.009
   840:   183965.005   183974.009   183989.005   183994.009   184071.005
   845:   184113.009   184153.005   184217.009   184299.005   184308.009
   850:   184411.005   184444.009   184466.005   184484.009   184486.005
   855:   184532.009   189431.005   189440.009   189446.005   189472.009
   860:   189552.005   189563.009   189568.005   189582.009   189587.005
   865:   189610.009   189701.005   189718.009   189840.005   189854.009
   870:   189872.005   189882.009   189888.005   189896.009   189922.005
   875:   189927.009   190819.001   190846.003   190937.001   191127.003
   880:   191214.001   191272.003   192052.001   193023.018   193494.003
   885:   193500.016   193550.026   193597.005   194401.009   194406.005
   890:   194472.009   194485.005   194501.009   194506.005   194511.009
   895:   194516.005   194522.009   194583.005   194598.009   194621.005
   900:   194642.009   194650.005   194708.009   194764.005   194785.009
   905:   194798.005   194801.009   194833.005   194849.009   195719.001
   910:   195818.003   196547.005   196555.009   196611.005   196615.009
   915:   196757.001   197362.003   197404.001   198375.018   198483.003
   920:   198489.016   198539.026   198587.005   198593.009   198596.005
   925:   198598.009   198602.005   198610.009   198613.005   199404.009
   930:   199467.005   199478.009   199483.005   199497.009   199506.005
   935:   199516.009   199517.005   199540.009   200931.001   200987.003
   940:   201152.001   202123.018   202126.003   202132.016   202182.026
   945:   202232.005   205678.009   205712.005   205720.009   205741.005
   950:   205748.009   205752.005   205827.009   205843.005   205888.009
   955:   205900.005   205943.009   207467.001   207500.003   207529.001
   960:   207612.003   207638.001   208609.018   209274.003   209280.016
   965:   209330.026   209333.017   209354.005   209368.009   209381.005
   970:   209386.009   209393.005   209400.009   209411.005   211911.009
   975:   211927.005   212028.009   212029.005   212078.009   212081.005
   980:   212174.009   212193.005   212212.009   212315.005   212409.009
   985:   212607.005   213014.009   213042.005   213053.009   216817.005
   990:   216832.009   216844.005   216855.009   218188.001   219204.018
   995:   220090.003   220096.016   220146.026   220149.017   220249.005
  1000:   221007.009   221034.005   221080.009   221236.005   221260.009
  1005:   221271.005   221278.009   221379.005   221399.009   221968.001
  1010:   222060.003   222312.001   222340.003   222455.001   222475.003
  1015:   222545.001   223547.003   223555.017   223828.005   223850.009
  1020:   224042.005   224051.009   224071.005   224668.009   224696.005
  1025:   224698.009   225073.001   225145.003   225176.001   225259.003
  1030:   225276.001   225375.003   225381.001   225503.003   225510.001
  1035:   225620.003   225695.001   226248.003   226772.005   226779.009
  1040:   226794.005   226833.009   227046.001   227126.003   227237.001
  1045:   227316.003   227372.001   227447.003   227473.001   228298.003
  1050:   228373.001   228526.003   228877.005   228882.009   229002.005
  1055:   229119.009   229161.005   229172.009   229198.005   229210.009
  1060:   229407.005   229412.009   229437.005   229441.009   229530.005
  1065:   229546.009   231175.005   231180.009   231195.005   231277.009
  1070:   232066.001   232134.003   232206.001   232240.003   232292.001
  1075:   232472.003   232811.005   232818.009   232828.005   233031.009
  1080:   233216.001   233381.003   233423.001   233480.003   233509.001
  1085:   234603.003   236216.001   236444.003   236481.001   236524.003
  1090:   236586.001   236628.003   236729.001   236833.003   236854.001
  1095:   237057.003   237090.001   237528.003   238343.005   238352.009
  1100:   238372.005   238446.009   238839.001   238931.003   238939.001
  1105:   239489.003   239495.001   240037.003   240632.001   240751.003
  1110:   240768.001   240787.003   240806.001   241083.003   241094.001
  1115:   241219.003   241226.001   241901.003   242584.005   242590.009
  1120:   242647.005   242977.009   242990.005   243110.009   243124.005
  1125:   243133.009   243134.005   243264.009   243278.005   243950.009
  1130:   244304.001   244436.003   244513.001   244909.003   245271.001
  1135:   245313.003   245398.001   245764.003   245779.001   246554.003
  1140:   246825.001   246882.003   246920.001   246992.003   247292.001
  1145:   247350.003   248018.005   248027.009   248057.005   248077.009
  1150:   248083.005   248110.009   248122.005   248128.009   248159.005
  1155:   248171.009   250767.001   250965.003   251141.005   251153.009
  1160:   251220.005   251415.009   251482.005   251487.009   251856.001
  1165:   252441.003   252542.005   252550.009   252569.005   252731.009
  1170:   252742.005   252778.009   252782.005   252829.009   252860.005
  1175:   252876.009   252900.005   252920.009   253170.005   253176.009
  1180:   253200.005   253204.009   253673.001   253732.003   254176.001
  1185:   254292.003   254472.001   255566.003   256010.005   256022.009
  1190:   256056.005   256149.009   256166.005   256174.009   256178.005
  1195:   256187.009   256202.005   256208.009   256304.005   256328.009
  1200:   256371.005   256394.009   256418.005   256602.009   256606.005
  1205:   256725.009   256748.005   256758.009   256766.005   256872.009
  1210:   256881.005   256892.009   256907.005   256911.009   256917.005
  1215:   256922.009   256925.005   256932.009   256938.005   256952.009
  1220:   256955.005   257175.009   257182.005   257189.009   257193.005
  1225:   257205.009   257216.005   257235.009   257262.005   257271.009
  1230:   258960.001   259008.003   259362.001   259527.003   259683.001
  1235:   259828.003   259880.001   260170.003   260190.001   260321.003
  1240:   260348.001   260798.003   260901.001   261122.003   261433.005
  1245:   261442.009   261630.001   261842.003   261875.001   262454.003
  1250:   262467.001   262873.003   262924.001   263547.003   263775.005
  1255:   263785.009   263851.005   263869.009   263919.005   263923.009
  1260:   264100.001   265167.003   265231.001   265317.003   265599.005
  1265:   265968.009   265969.005   265997.009   266012.005   266029.009
  1270:   266046.005   266068.009   266082.005   266095.009   266118.005
  1275:   266125.009   266141.005   266146.009   266200.005   266206.009
  1280:   266217.005   266222.009   267224.001   267246.003   267279.001
  1285:   267301.003   267349.001   267468.003   267499.001   267559.003
  1290:   280579.005   280626.009   280668.005   280687.009   280717.005
  1295:   280725.009   280735.005   280743.009   280754.005   280773.009
  1300:   280779.005   280995.009   280996.005   281397.009   281578.001
  1305:   281674.003   281745.001   281850.003   282107.001   282467.003
  1310:   282525.001   282547.003   282703.005   282708.009   282807.001
  1315:   283529.003   283680.001   283792.003   283955.001   284919.003
  1320:   285077.001   285102.003   285728.001   285800.003   285838.001
  1325:   285984.003   286150.001   287035.003   287053.001   287149.003
  1330:   287360.001   287379.003   287428.005   287451.009   287453.005
  1335:   287702.009   287703.005   287732.009   287734.005   287742.009
  1340:   287769.005   287781.009   287928.005   287935.009   288229.001
  1345:   288981.003   289047.001   289141.003   289197.005   289204.009
  1350:   289209.005   289218.009   289237.005   289498.009   289501.005
  1355:   289517.009   296905.005   296941.009   298531.001   298758.003
  1360:   298810.001   299001.003   299006.001   299680.003   299910.005
  1365:   299922.009   299927.005   300079.009   300108.005   300167.009
  1370:   300691.001   300757.003   300776.001   300825.003   300881.001
  1375:   300937.003   300958.001   301043.003   301127.001   301565.003
  1380:   301588.001   301794.003   302278.005   302286.009   302294.005
  1385:   302401.009   302463.005   302468.009   302710.001   303672.003
  1390:   303693.001   303777.003   303816.001   303907.003   304382.001
  1395:   305581.018   305820.003   305826.016   305840.001   305876.026
  1400:   306161.003   306259.005   306272.009   306277.005   307328.009
  1405:   307335.005   307343.009   307346.005   307363.009   307400.005
  1410:   307411.009   308200.005   308209.009   308241.005   308250.009
  1415:   308260.005   308266.009   308281.005   308285.009   308287.005
  1420:   308308.009   308376.005   308388.009   308438.005   308442.009
  1425:   309071.001   309104.003   309132.001   309316.003   309610.001
  1430:   310232.003   310259.001   310628.003   311110.001   311381.003
  1435:   311494.001   311561.003   311596.001   312415.003   312458.001
  1440:   312495.003   312889.001   313383.003   313430.001   313612.003
  1445:   314442.001   314528.003   314692.001   314739.003   314868.001
  1450:   314922.003   314936.001   315013.003   315028.001   315383.003
  1455:   315418.001   315649.003   316212.005   316219.009   316281.005
  1460:   316937.009   316939.005   317281.009   321613.005   321627.009
  1465:   321738.005   321750.009   321768.005   322061.009   322064.005
  1470:   322072.009   322081.005   322090.009   322097.005   322102.009
  1475:   322117.005   322149.009   322157.005   322173.009   322175.005
  1480:   322196.009   322198.005   322223.009   322591.001   322641.003
  1485:   322742.001   322803.003   323179.001   323788.003   323844.001
  1490:   323923.003   323933.001   324505.003   324523.001   324650.003
  1495:   324679.001   325246.003   325630.005   325635.009   326067.001
  1500:   326253.003   326267.001   326350.003   326417.001   326483.003
  1505:   326485.001   326609.003   326618.001   327302.003   327992.005
  1510:   327996.009   328109.005   328205.009   328207.005   328220.009
  1515:   328226.005   328269.009   328271.005   328282.009   328296.005
  1520:   328303.009   328615.001   329814.018   330223.003   330229.016
  1525:   330237.001   330279.026   330475.003   330492.005   330498.009
  1530:   330514.005   330532.009   330540.005   331619.009   331649.005
  1535:   331696.009   331706.005   331723.009   331727.005   331772.009
  1540:   331776.005   331788.009   331833.005   331843.009   331865.005
  1545:   331885.009   331893.005   331906.009   331945.005   331959.009
  1550:   332031.005   332041.009   332053.005   332081.009   332170.005
  1555:   332185.009   332218.005   332220.009   332254.005   332278.009
  1560:   332307.005   332329.009   332391.005   332403.009   332425.005
  1565:   332443.009   332445.005   332487.009   332491.005   332523.009
  1570:   333098.001   333247.003   333307.001   333700.003   333746.001
  1575:   333794.003   333834.001   333929.003   334021.001   334041.003
  1580:   334116.001   334789.003   335644.001   335669.003   335712.001
  1585:   335996.003   337764.001   337933.003   337997.001   339196.018
  1590:   339243.003   339249.016   339299.026   339338.005   340529.009
  1595:   340533.005   340725.009   340731.005   340756.009   342172.001
  1600:   342246.003   342814.001   342905.003   342979.001   344178.018
  1605:   344288.003   344294.016   344344.026   344447.005   345936.009
  1610:   345972.005   345988.009   346045.005   346051.009   346096.005
  1615:   346112.009   346983.005   346999.009   347095.005   347104.009
  1620:   347143.005   347153.009   347168.005   347183.009   347186.005
  1625:   347195.009   347366.005   347380.009   348130.001   348327.003
  1630:   348439.001   348681.003   348697.001   349495.003   350134.001
  1635:   350798.003   350911.001   351101.003   351159.001   351545.003
  1640:   351573.001   352772.018   352846.003   352852.016   352902.026
  1645:   353111.005   353931.009   353947.005   353967.009   353970.005
  1650:   353996.009   353998.005   354032.009   354036.005   354058.009
  1655:   354135.005   354156.009   354166.005   354172.009   354195.005
  1660:   354200.009   354220.005   354230.009   357212.005   357217.009
  1665:   357223.005   357229.009   358097.001   358360.003   358422.001
  1670:   359487.003   359693.001   360326.003   360335.001   360474.003
  1675:   362654.001   363055.003   363267.001   363275.003   363351.001
  1680:   363368.003   363444.001   363483.003   363545.001   364121.003
  1685:   364150.001   364344.003   364351.001   365552.018   366284.003
  1690:   366290.016   366340.026   366411.005   366418.009   366456.005
  1695:   367086.009   367087.005   367216.009   367233.005   367252.009
  1700:   367295.005   367300.009   367304.005   367320.009   367653.005
  1705:   367668.009   367714.005   367723.009   369134.001   369187.003
  1710:   369319.001   369741.003   370898.005   370915.009   371172.001
  1715:   371221.003   371429.001   371506.003   371637.001   371685.003
  1720:   371705.001   371917.003   371931.001   372086.003   372120.001
  1725:   372147.003   372172.001   372279.003   372309.001   372358.003
  1730:   372369.001   372401.003   373116.001   373234.003   373321.001
  1735:   374211.003   374221.001   374768.003   375441.001   376640.018
  1740:   376852.003   376858.016   376908.026   377064.005   377641.009
  1745:   377669.005   377685.009   377700.005   377757.009   377769.005
  1750:   377789.009   377838.005   377898.009   377919.005   377950.009
  1755:   377968.005   377998.009   378049.005   378070.009   378127.005
  1760:   378144.009   378174.005   378192.009   378206.005   378292.009
  1765:   378412.005   378425.009   379086.001   380285.018   380829.003
  1770:   380835.016   380885.026   380964.005   380969.009   381017.005
  1775:   381578.009   381581.005   381795.009   381953.005   382067.009
  1780:   382090.005   382128.009   382129.005   382135.009   382348.005
  1785:   382369.009   383338.001   383366.003   384016.001   384171.003
  1790:   385587.001   385600.003   385683.001   385704.003   385760.001
  1795:   386200.003   386327.001   386368.003   386381.001   387438.003
  1800:   388362.001   389561.018   389616.003   389622.016   389672.026
  1805:   389826.005   389834.009   389838.005   390724.009   390738.005
  1810:   390788.009   390789.005   390887.009   390914.005   390939.009
  1815:   390997.005   391014.009   391022.005   391063.009   391072.005
  1820:   391082.009   391506.005   391530.009   391548.005   391574.009
  1825:   391642.005   391659.009   391706.005   391714.009   392764.001
  1830:   392789.003   393204.001   393961.003   394133.001   394786.003
  1835:   395416.001   395550.003   395607.001   395637.003   395786.001
  1840:   396817.003   397454.001   397620.003   397633.001   397933.003
  1845:   397960.001   398141.003   398148.001   398912.003   398943.001
  1850:   399023.003   399601.005   399621.009   399624.005   399729.009
  1855:   399975.001   400270.003   400320.001   400644.003   400676.001
  1860:   401875.018   402060.003   402066.016   402085.001   402112.003
  1865:   402116.026   402269.005   402976.009   403013.005   403033.009
  1870:   404841.001   405078.003   405143.001   405711.003   406044.005
  1875:   406051.009   406654.001   406739.003   406800.001   406988.003
  1880:   407028.001   407194.003   407227.001   408426.018   408754.003
  1885:   408760.016   408810.026   408945.005   409775.009   409776.005
  1890:   409788.009   409792.005   409873.009   409889.005   409916.009
  1895:   409928.005   409984.009   410036.005   410040.009   411601.001
  1900:   411762.003   411802.001   411876.003   411924.001   412830.003
  1905:   412938.001   412958.003   413047.001   413128.003   414184.001
  1910:   414414.003   414501.001   414688.003   414724.001   415923.018
  1915:   416850.003   416856.016   416906.026   416968.005   417880.009
  1920:   417902.005   417981.009   417996.005   418023.009   418056.005
  1925:   418062.009   418063.005   418077.009   418251.005   418288.009
  1930:   418458.005   418470.009   418732.005   418740.009   419633.001
  1935:   420551.003   421017.001   421196.003   421249.001   421372.003
  1940:   421428.001   421813.003   421841.001   422002.003   422031.001
  1945:   422975.003   422987.001   423020.003   423047.001   423270.003
  1950:   423947.001   424055.003   427777.005   427784.009   427877.005
  1955:   427894.009   428997.001   429105.003   429154.001   429236.003
  1960:   429299.001   429786.003   429836.001   430044.003   430093.001
  1965:   430124.003   431265.001   431315.003   431343.001   432542.018
  1970:   432792.003   432798.016   432848.026   432882.005   433749.009
  1975:   433764.005   433774.009   433776.005   433800.009   433808.005
  1980:   433820.009   433838.005   434011.009   434028.005   434054.009
  1985:   434075.005   434079.009   434109.005   434117.009   434118.005
  1990:   434132.009   434152.005   434177.009   434605.005   434618.009
  1995:   434684.005   434691.009   434709.005   434720.009   436656.001
  2000:   436752.003   436987.001   438186.018   438664.003   438670.016
  2005:   438720.026   438743.005   438751.009   438767.005   439648.009
  2010:   439661.005   439676.009   439678.005   439690.009   439708.005
  2015:   439891.009   439892.005   439898.009   439909.005   439912.009
  2020:   439917.005   439922.009   439925.005   439931.009   439934.005
  2025:   439940.009   439941.005   439949.009   439950.005   439956.009
  2030:   439958.005   439964.009   439967.005   439972.009   440025.005
  2035:   440032.009   440648.001   440864.003   440929.001   441087.003
  2040:   441167.001   441299.003   441376.001   442575.018   443230.003
  2045:   443236.016   443286.026   443359.005   444020.009   444021.005
  2050:   444071.009   444087.005   444094.009   444096.005   444105.009
  2055:   444124.005   444147.009   445222.001   445608.003   445641.001
  2060:   446688.003   447316.001   447867.003   447887.001   448508.003
  2065:   451618.005   451635.009   451651.005   451895.009   451920.005
  2070:   451926.009   451943.005   451953.009   452988.001   454139.003
  2075:   454618.001   455817.018   456485.003   456491.016   456541.026
  2080:   456544.017   456618.005   456624.009   456625.005   457344.009
  2085:   457368.005   457383.009   457386.005   457397.009   457415.005
  2090:   457474.009   457475.005   457504.009   457519.005   457578.009
  2095:   457591.005   457620.009   457626.005   457634.009   457683.005
  2100:   457700.009   457730.005   457741.009   457799.005   457824.009
  2105:   458374.005   458379.009   458381.005   458430.009   458522.005
  2110:   458548.009   458558.005   458563.009   458569.005   458580.009
  2115:   458589.005   458594.009   459122.001   459197.003   459450.001
  2120:   460712.018   461320.003   461326.016   461376.026   461379.017
  2125:   461438.005   462619.009   462631.005   462643.009   462647.005
  2130:   462660.009   462666.005   462717.009   462723.005   462964.009
  2135:   462966.005   462969.009   462974.005   462981.009   462982.005
  2140:   462989.009   462991.005   462997.009   463223.005   463231.009
  2145:   464211.001   464429.003   464437.017   464533.001   464678.003
  2150:   464721.001   465336.003   465344.017   465358.001   466335.003
  2155:   466343.017   466407.001   466566.003   466910.005   466931.009
  2160:   466962.005   466975.009   466998.005   467010.009   467015.005
  2165:   467023.009   467492.001   467776.003   467782.001   469217.018
  2170:   469374.003   469380.016   469411.001   469430.026   469443.003
  2175:   469544.005   470594.009   470599.005   470666.009   470681.005
  2180:   470698.009   470710.005   470721.009   470722.005   470746.009
  2185:   470790.005   470795.009   471490.005   471496.009   471506.005
  2190:   471555.009   471556.005   471564.009   471640.005   471644.009
  2195:   471648.005   471655.009   471656.005   472713.009   472714.005
  2200:   472730.009   472731.005   472737.009   472739.005   472745.009
  2205:   472747.005   472754.009   472755.005   472762.009   472764.005
  2210:   472771.009   472772.005   472779.009   472798.005   472803.009
  2215:   472815.005   472819.009   472822.005   472829.009   472831.005
  2220:   472838.009   472839.005   472846.009   472847.005   472855.009
  2225:   472856.005   472862.009   472864.005   472871.009   472872.005
  2230:   472879.009   472881.005   472887.009   472889.005   472896.009
  2235:   472897.005   472904.009   472906.005   472912.009   472914.005
  2240:   472920.009   472922.005   472928.009   472931.005   472937.009
  2245:   472940.005   472945.009   472946.005   473072.009   473073.005
  2250:   473078.009   473081.005   473086.009   473322.005   473328.009
  2255:   473356.005   473361.009   473381.005   473385.009   473407.005
  2260:   473410.009   473440.005   473444.009   473473.005   473478.009
  2265:   473481.005   473486.009   473515.005   473518.009   473656.005
  2270:   473662.009   473664.005   473670.009   473672.005   473678.009
  2275:   473681.005   473804.009   475600.005   475609.009   475804.005
  2280:   475814.009   475831.005   475849.009   475890.005   475900.009
  2285:   475966.005   475977.009   476548.001   476644.003   476723.001
  2290:   476833.003   477519.001   477556.003   477609.001   478700.003
  2295:   478770.001   479721.003   479919.005   479924.009   479925.005
  2300:   479954.009   479964.005   479970.009   480004.005   480022.009
  2305:   480027.005   480049.009   480060.005   480070.009   480086.005
  2310:   480119.009   480142.005   480153.009   480169.005   480428.009
  2315:   480429.005   480438.009   480440.005   480450.009   480452.005
  2320:   480464.009   480471.005   480492.009   480494.005   480523.009
  2325:   480530.005   480552.009   480567.005   480576.009   480578.005
  2330:   480590.009   480921.005   480927.009   480928.005   481010.009
  2335:   481032.001   481109.003   481191.001   481470.003   481505.001
  2340:   481845.003   481880.001   483312.018   483403.003   483409.016
  2345:   483459.026   483642.005   483658.009   483665.005   484673.009
  2350:   484674.005   484699.009   484700.005   484861.009   484880.005
  2355:   484886.009   485131.005   485138.009   485336.005   485353.009
  2360:   485449.005   485458.009   485586.005   485601.009   485634.005
  2365:   485651.009   485725.005   485742.009   485753.005   485758.009
  2370:   486232.001   486275.003   486408.001   486440.003   486531.001
  2375:   486773.003   486779.001   488018.003   488124.005   488133.009
  2380:   488141.005   488156.009   488158.005   488182.009   489075.001
  2385:   489215.003   489261.001   489537.003   489570.001   489824.003
  2390:   489892.001   489978.003   490965.005   490971.009   490977.005
  2395:   490982.009   491404.001   491455.003   491816.001   492172.003
  2400:   492217.001   492964.003   492986.001   493370.003   493464.005
  2405:   493471.009   493474.005   493488.009   493491.005   493500.009
  2410:   493501.005   493540.009   493544.005   493851.009   493856.005
  2415:   493862.009   493864.005   493876.009   493924.005   493930.009
  2420:   494097.001   495025.003   495357.001   496537.003   496941.001
  2425:   497056.003   497068.001   497521.003   497532.001   498364.003
  2430:   498641.001   499104.003   499116.001   499419.003   499511.001
  2435:   499622.003   499706.001   499751.003   499943.001   501007.003
  2440:   501094.005   501105.009   501133.005   501270.009   501275.005
  2445:   501659.009   501698.005   501709.009   501721.005   501764.009
  2450:   501787.005   501821.009   501823.005   501869.009   501872.005
  2455:   502014.009   502133.005   502138.009   502150.005   502159.009
  2460:   502188.005   502196.009   502219.005   502231.009   502232.005
  2465:   502371.009   502372.005   502381.009   502388.005   502403.009
  2470:   502409.005   502443.009   502447.005   502495.009   502502.005
  2475:   502577.009   502581.005   502783.009   502784.005   502794.009
  2480:   502817.005   502840.009   503247.001   503404.003   503465.001
  2485:   504284.003   504310.001   504654.003   504680.001   504836.003
  2490:   505044.001   505568.003   505618.001   505661.003   505710.001
  2495:   505761.003   505785.001   505899.003   505951.001   506327.003
  2500:   506392.001   507503.003   507961.005   507977.009   508325.001
  2505:   508395.003   509224.001   509308.003   509346.001   509670.003
  2510:   509699.001   510998.003   511777.001   512418.003   513891.001
  2515:   513922.003   514037.001   514091.003   514733.001   515593.003
  2520:   515915.001   516127.003   516131.001   516573.003   516583.001
  2525:   517444.003   517859.001   518154.003   518168.001   519121.003
  2530:   519395.005   519570.009   520838.005   520843.009   525540.001
  2535:   526636.003   526659.001   526689.003   526713.001   526758.003
  2540:   526779.001   526812.003   526844.001   526883.003   526909.001
  2545:   526952.003   526985.001   527041.003   527059.001   527097.003
  2550:   527142.001   527172.003   527203.001   527251.003   527290.001
  2555:   527317.003   527346.001   527368.003   527662.005   527842.009
  2560:   527866.005   527898.009   527900.005   527925.009   527926.005
  2565:   527934.009   527948.005   527988.009   528069.005   528075.009
  2570:   528080.005   528102.009   528179.005   528210.009   528531.001
  2575:   529963.018   530091.003   530097.016   530112.001   530147.026
  2580:   530232.003   530299.005   530306.009   530313.005   531226.009
  2585:   531233.005   531278.009   531287.005   531489.009   531490.005
  2590:   531495.009   531535.005   531667.009   531681.005   531698.009
  2595:   531717.005   531738.009   531755.005   531895.009   531919.005
  2600:   531933.009   531934.005   531941.009   531952.005   531984.009
  2605:   532012.005   532020.009   532026.005   532063.009   532080.005
  2610:   532087.009   532088.005   532095.009   532097.005   532104.009
  2615:   532105.005   532111.009   532389.005   532480.009   533009.001
  2620:   533239.003   533260.001   534276.003   534808.001   534972.003
  2625:   535031.001   535399.003   535423.001   535707.003   535729.001
  2630:   536970.003   537555.001   537687.003   538359.001   538454.003
  2635:   538777.001   538816.003   538831.001   538937.003   539001.001
  2640:   540433.018   540442.003   540448.016   540498.026   540531.005
  2645:   543551.009   544416.001   544527.003   544597.001   546029.018
  2650:   546362.003   546368.016   546418.026   546489.005   547405.009
  2655:   547426.005   547478.009   547591.005   547615.009   547976.005
  2660:   547982.009   548064.005   548080.009   548095.005   548165.009
  2665:   548376.005   548448.009   548467.005   548488.009   548532.005
  2670:   548537.009   548548.005   548562.009   548884.001   549234.003
  2675:   549474.001   549544.003   549816.001   550928.003   551978.001
  2680:   552283.003   552342.001   553661.003   553807.001   554762.003
  2685:   554781.001   556029.003   556428.005   556603.009   556650.005
  2690:   556667.009   556732.005   556741.009   556759.005   556768.009
  2695:   557476.005   557503.001   557531.009   558935.018   558993.003
  2700:   558999.016   559049.026   559102.005   559130.009   559133.005
  2705:   560408.009   560427.005   560779.009   560787.005   560883.009
  2710:   560885.005   560894.009   560896.005   561247.009   561281.005
  2715:   561287.009   561297.005   561304.009   561306.005   561319.009
  2720:   561322.005   561334.009   561339.005   561384.009   561406.005
  2725:   561466.009   561482.005   561489.009   561494.005   561512.009
  2730:   561535.005   561540.009   561790.005   561822.009   561823.005
  2735:   561830.009   562132.005   562138.009   562399.005   562406.009
  2740:   562408.005   562414.009   562416.005   562422.009   562434.005
  2745:   562438.009   562545.001   562653.003   562860.001   564152.003
  2750:   564710.001   565163.003   565606.001   565810.003   565849.001
  2755:   567281.018   567328.003   567334.016   567384.026   567492.005
  2760:   567497.009   567519.005   567529.009   567530.005   567539.009
  2765:   567540.005   568497.009   568514.005   568550.009   568552.005
  2770:   568604.009   568608.005   568697.009   568703.005   568715.009
  2775:   568738.005   568758.009   568774.005   568794.009   568807.005
  2780:   568818.009   568839.005   568900.009   568912.005   568958.009
  2785:   569004.005   569026.009   569029.005   569311.009   569313.005
  2790:   569318.009   569564.005   569568.009   569570.005   569644.009
  2795:   570014.005   570019.009   570020.005   570120.009   570121.005
  2800:   570127.009   570129.005   570135.009   570244.001   570430.003
  2805:   570446.005   570451.009   570464.005   570468.009   570472.005
  2810:   570478.009   570479.005   570505.001   570528.009   570529.005
  2815:   570537.009   570538.005   570543.009   570554.005   570561.009
  2820:   570562.005   570586.009   571370.003   571442.001   571492.003
  2825:   571524.001   572872.003   573253.005   573265.009   574095.001
  2830:   575176.003   575399.005   575464.009   575466.005   575471.009
  2835:   575873.001   575978.003   576249.001   577681.018   577753.003
  2840:   577759.016   577809.026   577883.005   578809.009   578814.005
  2845:   578824.009   578834.005   578929.009   578940.005   579090.009
  2850:   579144.005   579175.009   579177.005   579222.009   579228.005
  2855:   579234.009   579238.005   579247.009   579257.005   579385.009
  2860:   579390.005   579398.009   579401.005   579414.009   579425.005
  2865:   579461.009   579469.005   579494.009   579501.005   580049.001
  2870:   580342.009   580346.003   580346.005   580350.009   580354.005
  2875:   580360.009   580362.005   580368.009   580371.005   580375.009
  2880:   580379.005   580385.009   580387.005   580392.009   580394.005
  2885:   580402.009   580404.005   580406.009   580410.001   580412.005
  2890:   580416.009   580471.005   580474.009   580513.005   580516.009
  2895:   580520.005   580525.009   580563.005   580568.009   580571.005
  2900:   580577.009   580578.005   580585.009   580587.005   580594.009
  2905:   580595.005   580610.009   580612.005   580644.009   580645.005
  2910:   580660.009   580661.005   580677.009   580689.005   580691.009
  2915:   580704.005   580710.009   580713.005   580718.009   580954.005
  2920:   580961.009   580962.005   580969.009   580970.005   580978.009
  2925:   580979.005   580986.009   580987.005   581012.009   581013.005
  2930:   581016.009   581623.005   581627.009   581640.005   581644.009
  2935:   581656.005   581659.009   581664.005   581671.009   581673.005
  2940:   581678.009   581681.005   581686.009   581714.005   581720.009
  2945:   581722.005   581728.009   581730.005   581745.009   581747.005
  2950:   581842.018   581921.009   581926.003   581931.005   581932.016
  2955:   581936.009   581943.005   581952.009   581982.026   581998.005
  2960:   582003.009   582007.005   582015.009   582022.005   582044.009
  2965:   582062.005   583310.009   583311.005   583387.009   583424.005
  2970:   583427.009   583430.005   583480.009   583520.005   583526.009
  2975:   583568.005   583611.009   583618.005   583656.009   583679.005
  2980:   583713.009   583727.005   583739.009   583762.005   583776.009
  2985:   583783.005   583796.009   583800.005   583834.009   583841.005
  2990:   584184.009   584198.005   584208.009   584226.005   584629.001
  2995:   584841.003   585283.009   585286.005   585290.009   585386.005
  3000:   585392.009   585393.005   585419.001   585475.003   585592.009
  3005:   585594.005   585600.009   585602.005   585609.009   585610.005
  3010:   585632.001   585633.009   585636.005   585641.009   587064.018
  3015:   587269.003   587275.016   587325.026   587412.005   587429.009
  3020:   587459.005   588380.009   588430.005   588445.009   588447.005
  3025:   588629.009   588645.005   588650.009   588664.005   589822.001
  3030:   590084.003   590255.009   590256.005   590272.009   590273.005
  3035:   590546.001   590623.003   590696.001   591089.009   591099.005
  3040:   591102.009   591126.003   591158.001   592335.005   592338.009
  3045:   592342.005   592349.009   592351.005   592355.009   592590.018
  3050:   593085.005   593090.009   593092.005   593100.009   593168.005
  3055:   593174.009   593177.005   593182.009   593185.005   593190.009
  3060:   593243.005   593249.009   593253.005   593256.009   593268.005
  3065:   593273.009   593286.003   593292.016   593310.005   593315.009
  3070:   593335.005   593342.009   593342.026   593351.005   593367.009
  3075:   593368.005   593415.009   593416.005   593420.009   593435.005
  3080:   594106.009   594145.005   594362.009   594374.005   594449.009
  3085:   594487.005   594528.009   594530.005   594544.009   594554.005
  3090:   594562.009   594571.005   594579.009   594586.005   594638.009
  3095:   594700.005   594729.009   594744.005   594786.009   594822.005
  3100:   594825.009   594894.005   594916.009   594943.005   595083.009
  3105:   595087.005   595102.009   595111.005   596552.009   596576.005
  3110:   596593.009   596597.005   596630.009   596662.005   596721.009
  3115:   596723.005   596786.009   596810.005   596972.009   596980.005
  3120:   597103.009   597115.005   597132.009   597133.005   597220.009
  3125:   597223.005   597238.009   597264.005   597309.009   597315.005
  3130:   597381.009   597395.005   597424.009   597425.005   598351.001
  3135:   598485.003   598567.001   599999.018   600024.003   600030.016
  3140:   600080.026   600083.017   600106.009   600130.005   602088.009
  3145:   602092.005   602261.009   602273.005   602282.009   602284.005
  3150:   603460.001   603554.003   603699.001   603885.009   603887.005
  3155:   603894.009   603941.003   603947.005   603952.009   603954.005
  3160:   603958.009   603979.005   603985.009   603987.005   603993.009
  3165:   604004.005   604009.009   604074.001   604280.005   604286.009
  3170:   604287.005   604352.003   604362.009   604401.001   604438.005
  3175:   604536.009   604538.005   604544.009   604755.005   604761.009
  3180:   604763.005   604769.009   604771.005   604811.009   604813.005
  3185:   604820.009   604821.005   604828.009   604830.005   604834.009
  3190:   604922.003   605002.001   605577.003   605756.005   605762.009
  3195:   605765.005   605769.009   605840.005   605845.009   605856.005
  3200:   605862.009   605864.005   605879.009   605880.005   605888.009
  3205:   605889.005   605895.009   605897.005   605903.009   605906.005
  3210:   605911.009   605915.005   605927.009   605928.005   605989.009
  3215:   606089.005   606099.009   606104.005   606372.009   606413.005
  3220:   606614.009   606615.005   606621.009   606975.001   607105.003
  3225:   607116.001   608526.003   609303.001   609374.003   609429.001
  3230:   610870.018   610943.003   610949.016   610999.026   611072.005
  3235:   611091.009   611095.005   612240.009   612257.005   612281.009
  3240:   612289.005   612504.009   612524.005   612545.009   612554.005
  3245:   612812.009   612814.005   612842.009   612843.005   612849.009
  3250:   612857.005   613805.001   614065.003   614135.001   614155.003
  3255:   614208.001   615641.003   617080.009   617198.005   617201.009
  3260:   617206.005   617212.009   617214.005   617221.009   617222.005
  3265:   617229.009   617230.005   617278.009   617280.005   617287.009
  3270:   617289.005   617295.009   617297.005   617303.009   617306.005
  3275:   617310.009   617314.005   617316.009   617430.005   617758.001
  3280:   618957.003   619095.009   619107.005   619114.009   619134.005
  3285:   619631.009   619640.005   619670.009   619692.005   620447.001
  3290:   620673.009   620674.005   620679.009   621124.005   621130.009
  3295:   621159.005   621164.009   621467.005   621473.009   621483.005
  3300:   621589.009   621591.005   621598.009   621725.005   621731.009
  3305:   621759.005   621870.003   621990.009   621992.005   621998.009
  3310:   621999.005   622049.009   622050.001   622050.005   622128.003
  3315:   622151.001   622449.009   622450.005   622466.009   622467.005
  3320:   622496.003   623052.009   623191.005   623200.009   623202.005
  3325:   623210.009   623223.005   623233.009   623237.005   623259.009
  3330:   623272.005   623430.009   623432.005   623563.009   623564.005
  3335:   623574.009   623584.005   623627.009   623772.005   623777.009
  3340:   623815.005   623839.009   623845.005   623866.009   623877.005
  3345:   624027.009   624030.005   624057.009   624067.005   624127.009
  3350:   624210.005   624217.009   624231.005   624237.009   624241.005
  3355:   624254.009   624255.005   624265.009   624288.005   624566.009
  3360:   624578.005   624584.009   624585.005   624592.009   624593.005
  3365:   624600.009   624602.005   624607.009   624611.005   624616.009
  3370:   624636.005   624641.009   624644.005   624649.009   624653.005
  3375:   624658.009   624660.005   625009.001   625217.009   625236.003
  3380:   625395.005   625400.009   625403.005   625409.009   625412.005
  3385:   625415.009   625420.005   625425.009   625436.005   625510.009
  3390:   625511.005   625518.009   625520.005   625524.009   625528.005
  3395:   625534.009   625553.005   625559.009   625561.005   625567.009
  3400:   625570.005   625575.009   625579.005   625582.009   625586.005
  3405:   625592.009   625628.005   625633.009   625812.005   625817.009
  3410:   625819.005   625826.009   625827.005   625835.009   625844.005
  3415:   625851.009   625853.005   625860.009   625861.005   625868.009
  3420:   625869.001   625869.005   625877.009   625878.005   625884.009
  3425:   625886.005   625893.009   625894.005   625901.009   625903.005
  3430:   625905.003   625909.009   625912.005   625918.009   625936.005
  3435:   625942.009   625944.005   625960.009   625961.005   626002.009
  3440:   626003.005   626136.009   626137.005   626143.009   626144.005
  3445:   626152.009   626162.005   626167.009   626170.005   626175.009
  3450:   626184.001   626245.005   626251.009   626262.005   626268.009
  3455:   626270.005   626276.009   626287.005   626292.009   626370.005
  3460:   626464.009   626546.003   626567.001   627104.005   627160.009
  3465:   627169.003   627196.001   627388.005   627394.009   627397.005
  3470:   627402.009   627404.005   627410.009   627421.005   627427.009
  3475:   627429.005   627435.009   627438.005   627444.009   627446.005
  3480:   627452.009   627454.005   627461.009   627462.005   627494.009
  3485:   627495.005   627503.009   627504.005   627511.009   627513.005
  3490:   627519.009   627520.005   627526.009   627529.005   627536.009
  3495:   627537.005   627545.009   627546.005   627552.009   627588.005
  3500:   627594.009   627596.005   627602.009   627604.005   627611.009
  3505:   627613.005   627643.009   627646.005   627670.009   627671.005
  3510:   627678.009   627679.005   627686.009   627688.005   627692.009
  3515:   627696.005   627703.009   627779.005   627814.003   628084.009
  3520:   628086.005   628135.009   628139.005   628142.009   628230.005
  3525:   628648.009   628656.005   628770.009   628780.005   629228.009
  3530:   629240.005   629259.009   629260.005   629302.009   629351.005
  3535:   629410.009   629465.005   629487.009   629539.005   629613.009
  3540:   629657.005   629704.009   629748.005   629871.009   629889.005
  3545:   629896.009   629898.005   630223.009   631546.001   631607.003
  3550:   631732.001   632197.003   632357.001   633483.005   633623.009
  3555:   633648.003   633683.001   633813.003   633975.005   633980.009
  3560:   633983.005   633990.009   633992.005   633997.009   633999.005
  3565:   634006.009   634007.005   634013.009   634016.005   634023.009
  3570:   634024.005   634031.009   634096.005   634393.009   634394.005
  3575:   634425.009   634432.005   634444.009   634447.005   634463.009
  3580:   634469.005   637975.009   637981.005   638000.009   638021.005
  3585:   638033.009   638060.005   638307.009   638553.005   638558.009
  3590:   638561.005   639078.001   639136.003   639192.009   639193.005
  3595:   639273.001   639318.009   639377.005   639384.009   639385.005
  3600:   639400.009   639402.005   639555.003   639606.001   639768.009
  3605:   639828.005   639833.009   639835.005   639842.009   639843.005
  3610:   639868.009   639869.005   639876.009   639877.005   639884.009
  3615:   639885.005   639892.009   639919.005   639926.009   639927.005
  3620:   640020.003   640042.009   640043.005   640058.001   640068.009
  3625:   640069.005   640235.009   640236.005   640300.003   640356.001
  3630:   640404.003   640428.001   640861.009   640862.005   640868.009
  3635:   640869.005   640885.009   640886.005   640893.009   640894.005
  3640:   640950.003   641068.009   641113.005   641581.009   641591.005
  3645:   641805.009   641807.005   641815.009   641821.005   641857.009
  3650:   641860.005   642004.009   642069.005   642075.009   642086.005
  3655:   642109.009   642191.005   642198.009   642230.005   642419.009
  3660:   642420.005   642435.009   642437.005   642444.009   642445.005
  3665:   642452.009   642453.005   642461.009   642462.005   642468.009
  3670:   642470.005   642477.009   642479.005   642486.009   642487.005
  3675:   642494.009   642495.005   642503.009   642505.005   642510.009
  3680:   642529.005   642535.009   642538.005   642543.009   642546.005
  3685:   642560.009   642564.005   642569.009   642570.005   642577.009
  3690:   642578.005   642586.009   642596.005   642602.009   642604.005
  3695:   642609.009   642612.005   642618.009   642622.005   642625.009
  3700:   642638.005   642644.009   642645.005   642661.009   642662.005
  3705:   642669.009   642671.005   642677.009   642753.005   642817.009
  3710:   644471.005   644488.009   648241.005   648247.009   648250.005
  3715:   648254.009   648257.005   648276.009   648283.005   648288.009
  3720:   648292.005   648296.009   651335.005   651366.009   651368.005
  3725:   651374.009   651401.005   651408.009   651502.005   651508.009
  3730:   651509.005   651525.009   651526.005   651533.009   651534.005
  3735:   651542.009   651543.005   651551.009   651559.005   651566.009
  3740:   651567.005   651575.009   651576.005   651582.009   651585.005
  3745:   651591.009   651593.005   651600.009   651601.005   651608.009
  3750:   651609.005   651616.009   651619.005   651625.009   651627.005
  3755:   651629.009   651635.005   651640.009   651652.005   651656.009
  3760:   651660.005   651665.009   651668.005   651673.009   651960.005
  3765:   651965.009   651969.005   651975.009   652027.005   652030.009
  3770:   652035.005   652041.009   652068.005   652074.009   652177.005
  3775:   652182.009   652185.005   652192.009   652194.005   652197.009
  3780:   652202.005   652207.009   652327.005   652333.009   652335.005
  3785:   652343.009   652344.005   652358.009   652403.005   652407.009
  3790:   652419.005   652425.009   652426.005   652685.009   652694.005
  3795:   652701.009   652703.005   653893.009   653894.005   655297.009
  3800:   655327.005   655342.009   655364.005   655376.009   655402.005
  3805:   655847.001   655867.003   656120.001   656139.003   656165.001
  3810:   656214.003   656234.001   656769.003   656792.001   656891.003
  3815:   656927.001   656953.003   656983.001   657017.003   657180.001
  3820:   657222.003   657246.001   657267.003   658347.001   659788.018
  3825:   660022.003   660028.016   660078.026   660173.009   660191.005
  3830:   660881.009   660909.005   660924.009   660925.005   660949.009
  3835:   660954.005   661151.009   661156.005   661246.009   661258.005
  3840:   661423.009   661435.005   661438.009   661495.005   661548.009
  3845:   661596.005   661616.009   661622.005   662095.001   662269.003
  3850:   662492.001   662590.009   662591.005   662687.003   662692.001
  3855:   663064.009   663066.005   663530.003   664166.001   664523.009
  3860:   664526.005   664532.009   664535.005   664541.009   664560.005
  3865:   664565.009   664594.005   664599.009   664601.005   664668.009
  3870:   664669.005   664674.009   664678.005   664679.009   664694.005
  3875:   664697.009   664703.005   664708.009   664711.005   664715.009
  3880:   664718.005   664850.009   664935.005   664942.009   664943.005
  3885:   665454.003   665909.009   665910.005   666494.009   666495.005
  3890:   666501.001   666560.009   666561.005   666643.009   666644.005
  3895:   666669.009   666754.005   666759.009   666761.005   666767.009
  3900:   666770.005   666775.009   666780.005   666782.009   666788.005
  3905:   666792.009   666794.005   666937.009   667012.005   667017.009
  3910:   667019.005   667369.003   667452.001   667683.003   668800.001
  3915:   668824.003   668886.009   668887.005   668889.001   668970.009
  3920:   668971.005   668978.009   668979.005   669210.009   669212.005
  3925:   669219.009   669222.005   669226.009   669310.003   669348.001
  3930:   669363.005   669368.009   669372.005   669378.009   669379.005
  3935:   669386.009   669388.005   669393.009   669413.005   669418.009
  3940:   669429.005   669433.003   669438.001   669787.009   669788.005
  3945:   670651.003   671097.009   671134.005   671143.009   671157.005
  3950:   671359.009   671370.005   671916.001   671961.003   672121.001
  3955:   672155.003   672197.001   672253.003   672275.001   672397.003
  3960:   672426.001   672720.003   672785.001   673996.003   674366.001
  3965:   674480.003   674533.001   674950.003   676026.001   676233.003
  3970:   676274.001   676309.003   676372.001   676515.003   676597.001
  3975:   676744.003   677056.009   677090.005   677285.009   677310.005
  3980:   677825.001   678101.003   678130.001   679191.003   679980.001
  3985:   681179.003   681216.001   681323.003   681376.001   681494.003
  3990:   681611.001   682749.003   682822.001   683060.003   683556.009
  3995:   683587.005   683624.009   683630.005   683688.009   683689.005
  4000:   683700.009   683713.005   683972.001   684270.003   684313.001
  4005:   685729.003   686258.009   686282.005   691256.001   691335.003
  4010:   691357.001   691440.003   691485.001   692258.003   692348.001
  4015:   692395.003   692684.009   692685.005   692822.009   692841.005
  4020:   692849.009   692858.005   694394.001   695011.003   695439.009
  4025:   695452.005   695566.009   695569.005   703118.009   703124.005
  4030:   703207.009   703210.005   703547.001   703618.003   705043.001
  4035:   705096.003   705360.001   705492.003   705509.001   705634.003
  4040:   705730.001   705748.003   706266.009   706272.005   706746.001
  4045:   706974.003   707048.001   707274.003   707345.001   707616.003
  4050:   707785.001   707876.003   708030.001   708110.003   708165.001
  4055:   708931.003   709020.001   709100.003   709661.001   709771.003
  4060:   709786.001   710501.003   710519.001   710660.003   711088.009
  4065:   711097.005   711936.009   711937.005   711966.009   711967.005
  4070:   711981.009   711997.005   712005.009   712006.005   712750.009
  4075:   712771.005   713545.001   713674.003   713751.001   714430.003
  4080:   715224.001   715355.003   715799.001   715859.003   715885.001
  4085:   716301.003   716317.001   717156.003   717315.009   717321.005
  4090:   717511.009   717521.005   717937.001   718181.003   718219.001
  4095:   718444.003   718518.001   718721.003   727882.001   728068.003
  4100:   728110.001   728496.003   728523.001   729443.003   729650.009
  4105:   729670.005   729867.009   729870.005   729884.009   729903.005
  4110:   730686.001   730820.003   731021.001   731264.003   731406.001
  4115:   731451.003   731465.001   732638.003   733444.001   733463.003
  4120:   733549.001   733700.003   734291.009   734294.005   734300.009
  4125:   734311.005   734708.001   734808.003   734891.001   736332.018
  4130:   737332.003   737338.016   737388.026   737463.009   737465.005
  4135:   742000.009   742014.005   742053.009   742065.005   742249.009
  4140:   742250.005   742904.001   742979.003   744518.009   744527.005
  4145:   744534.009   744538.005   744578.009   744585.005   745453.001
  4150:   746630.003   747417.001   747651.003   747658.001   748775.003
  4155:   749008.009   749022.005   749027.009   749037.005   749336.009
  4160:   749339.005   749384.009   749385.005   750194.001   751596.003
  4165:   752580.001   752656.003   752670.001   754106.003   754309.009
  4170:   754328.005   765096.009   765098.005   765113.009   765124.005
  4175:   765149.009   765165.005   765209.009   765210.005   766891.009
  4180:   766893.005   766900.009   766903.005   766924.009   766926.005
  4185:   767050.009   767058.005   767244.009   767253.005   767280.009
  4190:   767282.005   769095.009   769100.005   769188.009   769204.005
  4195:   769319.009   769337.005   769346.009   769349.005   770305.001
  4200:   771157.003   771400.009   771409.005   771417.009   771427.005
  4205:   771825.009   771827.005   771836.009   771845.005   771867.009
  4210:   771872.005   778963.009   778972.005   779051.009   779055.005
  4215:   779638.001   779706.003   779895.001   780089.003   780212.001
  4220:   780804.003   781030.001   782229.003   783075.001   783238.003
  4225:   783286.001   784727.018   784900.003   784906.016   784956.026
  4230:   789145.001   789331.003   790008.001   790970.003   791119.001
  4235:   791145.003   791511.009   791530.005   791535.009   791544.005
  4240:   791579.009   791590.005   791624.009   791646.005   794669.001
  4245:   794870.003   795002.001   795141.003   795252.001   795360.003
  4250:   795427.001   796702.003   797627.001   798140.003   798487.001
  4255:   798554.003   798637.001   799980.003   800564.001   801720.003
  4260:   801859.001   802275.003   802568.009   802574.005   803019.009
  4265:   803026.005   803056.009   803067.005   803081.009   803093.005
  4270:   803111.009   803112.005   803128.009   803132.005   803224.009
  4275:   803232.005   803271.009   803276.005   803295.009   803304.005
  4280:   803358.009   803368.005   803378.009   803380.005   806614.001
  4285:   808055.018   808501.003   808507.016   808557.026   809206.009
  4290:   809211.005   809249.009   809257.005   809264.009   809275.005
  4295:   809558.009   809561.005   809816.009   809832.005   813800.009
  4300:   813812.005   813825.009   813828.005   815083.001   816138.003
  4305:   816616.001   818057.018   818698.003   818704.016   818754.026
  4310:   818792.009   818794.005   820801.009   820822.005   820860.009
  4315:   820866.005   820905.009   820942.005   821083.009   821089.005
  4320:   821136.009   821152.005   821330.009   821338.005   821351.009
  4325:   821357.005   822656.001   822978.003   822988.001   824380.003
  4330:   824388.017   825166.001   825383.003   825511.001   825572.003
  4335:   825669.001   826183.003   826220.001   827690.018   827880.003
  4340:   827886.016   827936.026   827995.009   828000.005   829114.009
  4345:   829120.005   829352.009   829380.005   829437.009   829470.005
  4350:   829522.009   829526.005   829548.009   829553.005   829600.009
  4355:   829612.005   829639.009   829643.005   831892.009   831918.005
  4360:   831923.009   831930.005   831957.009   831978.005   831992.009
  4365:   831993.005   833207.001   833917.003   833983.001   834085.003
  4370:   835112.001   835420.003   835450.001   835863.003   836003.001
  4375:   837153.003   838286.001   839756.018   840471.003   840477.016
  4380:   840527.026   840530.017   842438.009   842440.005   842528.009
  4385:   842535.005   844777.009   844783.005   844901.009   844910.005
  4390:   844924.009   844929.005   844960.009   844973.005   845035.009
  4395:   845055.005   845083.009   845088.005   845100.009   845105.005
  4400:   845117.009   845118.005   845128.009   845129.005   845146.009
  4405:   845162.005   845173.009   845174.005   845546.001   845840.003
  4410:   846492.001   847635.003   847643.017   848619.001   850219.018
  4415:   850928.003   850934.016   850984.026   850987.017   851044.009
  4420:   851048.005   853288.009   853307.005   853337.009   853341.005
  4425:   853539.009   853546.005   853738.009   853739.005   855557.001
  4430:   856732.003   856740.017   857577.009   857579.005   857603.009
  4435:   857620.005   857631.009   857633.005   857775.009   857796.005
  4440:   858356.001   858557.003   858628.001   858862.003   858915.001
  4445:   859303.003   859341.001   859411.003   859443.001   861013.003
  4450:   861687.001   861953.003   861994.001   863185.003   863954.001
  4455:   864274.003   864334.001   865451.003   865466.001   866159.003
  4460:   867076.001   868788.018   869017.003   869023.016   869073.026
  4465:   869263.009   869266.005   870768.009   870772.005   870795.009
  4470:   870838.005   870977.009   870993.005   871014.009   871016.005
  4475:   871476.009   871478.005   871499.009   871501.005   871520.009
  4480:   871525.005   872360.001   873156.003   873292.001   873746.003
  4485:   874280.009   874295.005   874693.001   874840.003   874911.001
  4490:   875166.003   875219.001   875899.003   875908.001   875976.003
  4495:   876087.001   877227.003   878279.001   878365.003   878407.001
  4500:   878597.003   878671.001   879542.003   879560.001   879700.003
  4505:   879774.001   880196.003   881433.009   881434.005   882099.001
  4510:   882179.003   882443.001   882527.003   882576.001   884120.003
  4515:   884705.001   885233.003   885254.001   885564.003   885913.001
  4520:   886008.003   886146.001   887221.003   887466.001   887919.003
  4525:   888530.009   888533.005   888671.009   888676.005   888914.001
  4530:   889145.003   889326.001   890663.003   891787.009   891790.005
  4535:   903503.009   903505.005   903598.009   903616.005   903688.009
  4540:   903696.005   903701.009   903719.005   903767.009   903775.005
  4545:   903902.009   903910.005   904780.001   904835.003   904922.001
  4550:   906634.018   906821.003   906827.016   906877.026   907060.009
  4555:   907064.005   908010.009   908024.005   910543.001   911899.003
  4560:   913194.001   914817.003   915184.009   915187.005   916549.001
  4565:   916650.003   916700.001   918412.018   918484.003   918490.016
  4570:   918540.026   918602.009   918603.005   919656.009   919657.005
  4575:   919706.009   919719.005   919858.009   919871.005   920146.009
  4580:   920155.005   920500.009   920504.005   920775.009   920791.005
  4585:   920856.009   920861.005   921852.001   922068.003   922134.001
  4590:   922280.003   922848.001   922883.003   922996.001   923076.003
  4595:   923128.001   924318.003   924622.001   924794.003   925522.001
  4600:   925575.003   925669.001   927381.018   927833.003   927839.016
  4605:   927889.026   928837.009   928840.005   932562.001   933992.003
  4610:   934469.009   934476.005   934738.009   934748.005   935489.001
  4615:   935537.003   935620.001   935850.003   935898.001   936153.003
  4620:   936211.001   937923.018   938421.003   938427.016   938449.001
  4625:   938477.026   938628.003   938695.009   938696.005   940046.009
  4630:   940057.005   940066.009   940067.005   940436.009   940444.005
  4635:   941035.009   941037.005   943187.001   943299.003   943410.001
  4640:   943463.003   943540.001   945178.003   945351.009   945353.005
  4645:   945838.009   945839.005   945866.009   945869.005   945882.009
  4650:   945900.005   945941.009   945958.005   946045.009   946056.005
  4655:   947135.001   948847.018   949069.003   949075.016   949125.026
  4660:   950812.009   950828.005   950846.009   950859.005   950876.009
  4665:   950883.005   950925.009   950932.005   950953.009   950957.005
  4670:   951023.009   951039.005   951061.009   951067.005   951074.009
  4675:   951082.005   952055.001   952607.003   952986.001   954688.003
  4680:   956588.001   957626.003   957720.001   958448.003   959213.009
  4685:   959214.005   959863.001   961309.003   961879.009   961884.005
  4690:   962153.009   962165.005   963248.001   964960.018   965006.003
  4695:   965012.016   965062.026   965065.017   966325.009   966326.005
  4700:   966773.009   966775.005   967851.009   967890.005   969291.001
  4705:   969356.003   969520.001   969587.003   969788.001   970211.003
  4710:   970251.001   971932.003   972757.001   972800.003   973228.001
  4715:   973832.003   973898.001   974879.003   974910.001   975024.003
  4720:   975628.009   975630.005   975799.009   975803.005   976260.001
  4725:   976353.003   976416.001   977140.003   977179.001   978290.003
  4730:   979655.001   979678.003   979756.001   980045.003   980222.001
  4735:   980323.003   980355.001   980433.003   980865.001   981049.003
  4740:   982298.001   982299.009   982318.005   982332.003   982380.009
  4745:   982383.005   982562.009   982575.005   983539.001   983634.003
  4750:   983690.001   983924.003   983960.001   984878.003   985583.001
  4755:   987316.018   987470.003   987476.016   987526.026   987687.009
  4760:   987693.005   987699.009   987700.005   988478.009   988485.005
  4765:   989213.009   989226.005   990989.001   991150.003   991185.001
  4770:   991307.003   991349.001   991527.003   991587.001   992381.003
  4775:   992800.001   993808.003   994349.009   994355.005   994439.009
  4780:   994455.005   994460.009   994472.005   994476.009   994477.005
  4785:   994989.001   996722.018   996952.003   996958.016   997008.026
  4790:   997146.009   997147.005   997895.009   997899.005  1003060.009
  4795:  1003085.005  1003122.009  1003142.005  1003160.009  1003166.005
  4800:  1005363.001  1005651.003  1006560.009  1006563.005  1007111.001
  4805:  1007173.003  1007379.001  1009112.018  1009491.003  1009497.016
  4810:  1009547.026  1010535.009  1010537.005  1010722.009  1010727.005
  4815:  1010748.009  1010756.005  1010773.009  1010776.005  1016730.009
  4820:  1016732.005  1018535.001  1018649.003  1018666.001  1018693.003
  4825:  1018724.001  1020178.003  1020875.009  1020877.005  1020904.009
  4830:  1020916.005  1020981.009  1020992.005  1021854.001  1023552.003
  4835:  1023904.009  1023916.005  1024128.009  1024143.005  1024161.009
  4840:  1024173.005  1024183.009  1024184.005  1024357.009  1024364.005
  4845:  1024408.009  1024416.005  1024859.001  1025227.003  1025266.001
  4850:  1026277.003  1026635.009  1026636.005  1026943.009  1026953.005
  4855:  1026970.009  1026974.005  1029034.001  1029891.003  1029930.001
  4860:  1031648.003  1032753.001  1034486.018  1034618.003  1034624.016
  4865:  1034674.026  1036007.009  1036027.005  1036980.009  1036993.005
  4870:  1038231.001  1038484.003  1038852.001  1039105.003  1039158.001
  4875:  1040598.003  1041237.001  1042793.003  1047709.001  1049442.018
  4880:  1049484.003  1049490.016  1049540.026  1049543.017  1049621.009
  4885:  1049625.005  1050953.009  1050954.005  1051880.009  1051908.005
  4890:  1053006.001  1054592.003  1054600.017  1055155.009  1055159.005
  4895:  1055293.009  1055296.005  1057699.001  1057949.003  1057966.001
  4900:  1059537.003  1060033.009  1060041.005  1065294.009  1065315.005
  4905:  1065337.009  1065349.005  1066207.001  1068008.018  1068289.003
  4910:  1068295.016  1068345.026  1068348.017  1068500.009  1068504.005
  4915:  1069432.009  1069442.005  1071178.001  1071355.003  1071389.001
  4920:  1072235.003  1074169.001  1075136.003  1075745.009  1075746.005
  4925:  1076466.001  1078317.018  1078356.003  1078362.016  1078366.001
  4930:  1078412.026  1078515.003  1078685.009  1078687.005  1080074.009
  4935:  1080079.005  1080097.009  1080112.005  1080121.009  1080132.005
  4940:  1081824.001  1081986.003  1082529.001  1082619.003  1082735.001
  4945:  1082807.003  1082893.001  1083553.003  1083585.001  1085106.003
  4950:  1085180.001  1085402.003  1086365.001  1087500.003  1087528.001
  4955:  1087725.003  1089309.001  1089443.003  1089521.001  1089711.003
  4960:  1090014.001  1091855.003  1093707.001  1095558.018  1095919.003
  4965:  1095925.016  1095975.026  1100097.001  1101948.018  1101974.003
  4970:  1101980.016  1102030.026  1103155.009  1103167.005  1103839.009
  4975:  1103841.005  1104396.001  1104440.003  1105237.001  1106120.003
  4980:  1107400.001  1107609.003  1107664.001  1108081.003  1108116.001
  4985:  1108599.003  1108733.001  1108750.003  1109794.009  1109796.005
  4990:  1110840.001  1111323.003  1111338.001  1111869.003  1111976.001
  4995:  1113382.003  1113422.001  1114725.003  1115459.009  1115463.005
  5000:  1115560.009  1115564.005  1115945.001  1116141.003  1116235.001
  5005:  1118086.018  1118919.003  1118925.016  1118975.026  1119565.009
  5010:  1119567.005  1122562.001  1123764.003  1125179.001  1125461.003
  5015:  1125485.001  1126736.003  1128231.001  1129764.003  1129806.001
  5020:  1130871.003  1132764.001  1133967.003  1133983.001  1134090.003
  5025:  1134106.001  1135326.003  1136004.001  1136211.003  1136514.001
  5030:  1138365.018  1138706.003  1138712.016  1138731.001  1138762.026
  5035:  1138971.003  1141528.001  1141553.003  1141667.001  1141866.003
  5040:  1141895.001  1142150.003  1142547.001  1142803.003  1142911.001
  5045:  1142974.003  1143004.001  1143175.003  1143230.001  1143301.003
  5050:  1143318.001  1144716.003  1146983.001  1147496.003  1147999.001
  5055:  1149384.003  1150341.001  1150828.003  1150839.001  1151590.003
  5060:  1152892.001  1154381.003  1154392.001  1154954.003  1157075.009
  5065:  1157078.005  1157150.009  1157156.005  1159186.001  1159407.003
  5070:  1159450.001  1159834.003  1159898.001  1159954.003  1160231.001
  5075:  1161106.003  1162202.001  1162352.003  1162555.001  1162843.003
  5080:  1162953.001  1163428.003  1163669.001  1164320.003  1165501.009
  5085:  1165502.005  1165513.009  1165515.005  1165968.009  1165969.005
  5090:  1166610.001  1168068.003  1169111.001  1169483.003  1169541.001
  5095:  1170090.003  1170101.001  1170772.003  1171519.009  1171525.005
  5100:  1171541.009  1171553.005  1171585.009  1171589.005  1172011.001
  5105:  1172216.003  1172273.001  1172965.003  1173004.001  1173185.003
  5110:  1173565.001  1174639.003  1175085.009  1175140.005  1176182.001
  5115:  1176403.003  1176513.001  1177362.003  1178475.001  1178526.003
  5120:  1178714.001  1178750.003  1178789.001  1178992.003  1179047.001
  5125:  1179413.003  1179496.001  1179726.003  1179897.001  1180040.003
  5130:  1181359.001  1181404.003  1181767.001  1182214.003  1183304.009
  5135:  1183320.005  1183473.009  1183474.005  1183520.009  1183523.005
  5140:  1183896.001  1184102.003  1184131.001  1184428.003  1212705.001
  5145:  1212852.003  1212887.001  1212955.003  1213027.001  1213174.003
  5150:  1213225.001  1214062.003  1228042.001  1228253.003  1228315.001
  5155:  1228424.003  1228661.001  1228928.003  1228991.001  1229918.003
  5160:  1230447.009  1230450.005  1230457.009  1230462.005  1230510.009
  5165:  1230605.005  1230977.009  1230987.005  1231841.001  1233375.003
  5170:  1233908.009  1233911.005  1234421.001  1234682.003  1234749.001
  5175:  1235472.003  1235818.001  1235842.003  1235881.001  1235902.003
  5180:  1235937.001  1235965.003  1237147.001  1237197.003  1237245.001
  5185:  1237389.003  1237457.001  1238050.003  1239169.001  1239249.003
  5190:  1239384.001  1239416.003  1239459.001  1239715.003  1239788.001
  5195:  1239809.003  1239921.001  1239940.003  1239977.001  1240843.003
  5200:  1240937.001  1240967.003  1242010.001  1242262.003  1242353.001
  5205:  1244012.003  1244356.009  1244358.005  1246377.009  1246380.005
  5210:  1247189.009  1247197.005  1254833.001  1254859.003  1255074.001
  5215:  1255757.003  1256819.001  1256950.003  1257232.001  1257261.003
  5220:  1257285.001  1257431.003  1257602.001  1257739.003  1257865.001
  5225:  1258135.003  1258444.001  1259884.003  1261221.001  1261369.003
  5230:  1261398.001  1262121.003  1262167.001  1263228.003  1263985.009
  5235:  1263988.005  1264561.001  1265089.003  1265182.001  1265829.003
  5240:  1267036.001  1267070.003  1267096.001  1268213.003  1268888.009
  5245:  1268889.005  1270029.001  1270522.003  1270540.001  1271504.003
  5250:  1272255.001  1272297.003  1272313.001  1273148.003  1275636.001
  5255:  1277026.003  1278320.001  1280171.018  1280342.003  1280348.016
  5260:  1280398.026  1282742.001  1282874.003  1282963.001  1282990.003
  5265:  1283111.001  1284314.003  1284753.009  1284769.005  1285937.001
  5270:  1287408.003  1290917.009  1290918.005  1292143.001  1293877.003
  5275:  1295206.001  1295274.003  1296148.001  1296196.003  1296218.001
  5280:  1296458.003  1296500.001  1298351.018  1298403.003  1298409.016
  5285:  1298459.026  1303575.001  1305059.003  1306478.001  1307038.003
  5290:  1307073.001  1308852.003  1309610.009  1309617.005  1310018.009
  5295:  1310020.005  1310736.001  1312587.018  1312743.003  1312749.016
  5300:  1312799.026  1316447.001  1316537.003  1316726.001  1318176.003
  5305:  1319649.001  1321274.003  1322618.001  1322835.003  1322893.001
  5310:  1324490.003  1326605.001  1326665.003  1326703.001  1326820.003
  5315:  1327075.001  1328926.018  1328965.003  1328971.016  1329021.026
  5320:  1329819.009  1329821.005  1333971.001  1333990.003  1334136.001
  5325:  1334363.003  1334409.001  1334916.003  1334950.001  1335927.003
  5330:  1337101.001  1338952.018  1339649.003  1339655.016  1339705.026
  5335:  1339785.009  1339794.005  1341007.009  1341012.005  1341019.009
  5340:  1341025.005  1341324.009  1341326.005  1341339.009  1341356.005
  5345:  1343329.001  1343535.003  1343561.001  1343798.003  1343833.001
  5350:  1345479.003  1346292.009  1346305.005  1347383.001  1347449.003
  5355:  1347486.001  1348080.003  1348708.001  1349575.003  1349597.001
  5360:  1349996.003  1351539.001  1351665.003  1351730.001  1351757.003
  5365:  1351812.001  1353568.003  1355334.001  1355796.003  1355855.001
  5370:  1356073.003  1356084.001  1356642.003  1357660.009  1357668.005
  5375:  1357934.001  1358167.003  1358289.001  1358387.003  1358467.001
  5380:  1359274.003  1359942.001  1361696.003  1363870.001  1365264.003
  5385:  1365892.001  1366091.003  1366143.001  1366727.003  1366740.001
  5390:  1367316.003  1367479.001  1367511.003  1368385.009  1368387.005
  5395:  1369839.001  1371690.018  1372173.003  1372179.016  1372229.026
  5400:  1373535.009  1373536.005  1374520.009  1374523.005  1377964.001
  5405:  1378248.003  1378450.001  1378655.003  1378680.001  1379689.003
  5410:  1381010.001  1381111.003  1381184.001  1381231.003  1381253.001
  5415:  1382100.003  1382180.001  1382520.003  1382665.001  1382768.003
  5420:  1384006.001  1384111.003  1384457.001  1384552.003  1384629.001
  5425:  1384966.003  1384972.001  1385976.003  1387006.001  1387428.003
  5430:  1387522.001  1387557.003  1387578.001  1387596.003  1387625.001
  5435:  1388016.003  1388027.001  1388111.003  1388120.001  1388169.003
  5440:  1389611.001  1389673.003  1389719.001  1389767.003  1389995.001
  5445:  1390042.003  1390183.001  1390320.003  1390409.001  1392114.003
  5450:  1393246.001  1395097.018  1396568.003  1396574.016  1396624.026
  5455:  1397928.009  1397932.005  1401492.001  1403090.003  1404465.001
  5460:  1406316.018  1407075.003  1407081.016  1407131.026  1407216.009
  5465:  1407217.005  1410275.009  1410296.005  1411899.001  1412918.003
  5470:  1413159.001  1413212.003  1413240.001  1414882.003  1415703.001
  5475:  1415752.003  1415834.001  1416277.003  1416708.001  1418466.003
  5480:  1420079.001  1420124.003  1420155.001  1420477.003  1420489.001
  5485:  1421708.003  1436712.001  1436912.003  1439516.001  1440462.003
  5490:  1441096.009  1441110.005  1442142.001  1443312.003  1443320.017
  5495:  1443379.001  1443641.003  1443649.017  1443655.001  1444228.003
  5500:  1444236.017  1445203.001  1445455.003  1445463.017  1445493.001
  5505:  1445541.003  1445580.001  1445643.003  1445656.001  1446543.003
  5510:  1447542.009  1447545.005  1448544.001  1448612.003  1448627.001
  5515:  1448788.003  1448877.001  1449527.003  1449549.001  1450052.003
  5520:  1451149.001  1451499.003  1451558.001  1452952.003  1457623.009
  5525:  1457643.005  1457659.009  1457685.005  1457701.009  1457703.005
  5530:  1457780.009  1457785.005  1457830.009  1457833.005  1457852.009
  5535:  1457856.005  1458662.009  1458663.005  1460061.001  1460540.003
  5540:  1460586.001  1461052.003  1461068.001  1461292.003  1461324.001
  5545:  1461915.003  1470375.001  1470620.003  1470709.001  1471264.003
  5550:  1471372.001  1472007.003  1473563.001  1474532.003  1474569.001
  5555:  1474765.003  1474788.001  1475963.003  1476822.001  1478707.018
  5560:  1478855.003  1478861.016  1478911.026  1479006.009  1479007.005
  5565:  1480218.009  1480234.005  1480303.009  1480309.005  1480345.009
  5570:  1480361.005  1481547.009  1481555.005  1481571.009  1481582.005
  5575:  1483204.001  1483330.003  1483593.001  1484508.003  1485951.009
  5580:  1485957.005  1485984.009  1485993.005  1486045.009  1486052.005
  5585:  1486061.009  1486062.005  1488183.001  1488740.003  1488814.001
  5590:  1489118.003  1490454.001  1492339.018  1492493.003  1492499.016
  5595:  1492507.001  1492549.026  1492675.003  1494939.009  1494941.005
  5600:  1497240.001  1497410.003  1497532.001  1498098.003  1498164.001
  5605:  1498485.003  1499667.001
B:
     0:        0.000     1050.000        0.000     1049.000        0.000
     5:     1627.000        0.000        0.000        0.000     1626.000
    10:        0.000        1.000        0.000        1.000        0.000
    15:        0.000       77.000       22.000       77.000        0.000
    20:        0.000        0.000        0.000        0.000        0.000
    25:        0.000       77.000        0.000        0.000        0.000
    30:        0.000
D:
     0:  3662730.000  3662392.000  3661210.000
E:
     0:      970.500     1884.971
P:
     0:        0.000      245.000      165.000      110.000      533.000
     5:      355.000      809.000      445.000      883.000      124.000
    10:       54.000       71.000       70.000       64.000       86.000
    15:      173.000      778.000      428.000      666.000       56.000
    20:       96.000      295.000       37.000      497.000      111.000
    25:      154.000      806.000      176.000      339.000      855.000
    30:       65.000       22.000      122.000      199.000       85.000
    35:      385.000      203.000      299.000      291.000       27.000
    40:      165.000       77.000       29.000       68.000      618.000
    45:       27.000       55.000       41.000       68.000      465.000
    50:      347.000      233.000      245.000      289.000       64.000
    55:      159.000      123.000      801.000      119.000      275.000
    60:      723.000     1736.000       41.000      402.000      726.000
    65:      395.000       96.000      676.000      552.000       21.000
    70:       88.000      450.000      322.000       36.000      835.000
    75:      114.000      985.000      142.000      174.000      416.000
    80:      140.000      320.000      446.000       83.000       66.000
    85:       99.000       84.000      120.000       47.000      283.000
    90:      113.000       53.000      985.000      400.000       82.000
    95:      135.000       85.000      124.000      447.000      701.000
   100:      175.000     1076.000       40.000       89.000      114.000
   105:      225.000       73.000       84.000      193.000      428.000
   110:       33.000       53.000      105.000       38.000      267.000
   115:      231.000      571.000      112.000       77.000      752.000
   120:       59.000      370.000      785.000       50.000       27.000
   125:       32.000       54.000       39.000       24.000      105.000
   130:      336.000      137.000      208.000      209.000      130.000
   135:      886.000       98.000      169.000      165.000       36.000
   140:       61.000      474.000       64.000       20.000      161.000
   145:       95.000       42.000       48.000      200.000     1037.000
   150:      264.000      133.000      290.000      602.000      110.000
   155:      670.000      119.000      118.000      435.000      475.000
   160:     1366.000        4.000       27.000      190.000       58.000
   165:     1442.000       99.000      605.000     1079.000       56.000
   170:      974.000       33.000       83.000     1636.000     1902.000
   175:       92.000       28.000       20.000     1002.000       72.000
   180:       83.000       99.000      119.000      108.000      553.000
   185:       80.000       79.000       75.000      825.000      153.000
   190:       68.000       34.000      180.000      165.000       57.000
   195:     1094.000      228.000       43.000       42.000      104.000
   200:      203.000      438.000       92.000      549.000      539.000
   205:      119.000       19.000      277.000      125.000      673.000
   210:      132.000      396.000       42.000      366.000      775.000
   215:       57.000       72.000       58.000      198.000      585.000
   220:       59.000      116.000     1094.000       48.000      165.000
   225:      145.000      290.000      131.000      450.000      221.000
   230:      212.000      579.000      406.000      623.000     1067.000
   235:       86.000       22.000       22.000      119.000       60.000
   240:       96.000      105.000      360.000       22.000      722.000
   245:      112.000      964.000       25.000       72.000      146.000
   250:      885.000       96.000       19.000      752.000       94.000
   255:      227.000      191.000      670.000       66.000       49.000
   260:       56.000       85.000      438.000      206.000      962.000
   265:       84.000       91.000     1438.000      281.000       33.000
   270:      184.000      622.000      369.000      271.000       67.000
   275:      819.000       37.000      494.000      182.000       86.000
   280:       47.000       54.000       77.000      355.000      231.000
   285:       50.000       61.000      609.000       79.000      572.000
   290:      127.000      567.000      186.000       83.000       66.000
   295:      117.000      684.000     1608.000      192.000      149.000
   300:      393.000       48.000       95.000       20.000      673.000
   305:       25.000      284.000      169.000     1246.000       74.000
   310:       91.000     1309.000      197.000      242.000      798.000
   315:      664.000      190.000      386.000     1273.000      263.000
   320:     1065.000      633.000      139.000      401.000        8.000
   325:       17.000       39.000      576.000      194.000     1931.000
   330:       53.000      422.000       49.000       77.000       48.000
   335:      212.000      155.000       27.000      107.000       49.000
   340:       32.000      118.000      890.000      547.000     1411.000
   345:     1743.000       28.000      155.000       13.000       21.000
   350:      440.000       41.000     1057.000     1254.000       25.000
   355:      757.000      653.000      134.000       30.000     1031.000
   360:      166.000      300.000      181.000      762.000       80.000
   365:      295.000      324.000     1384.000        0.000      237.000
   370:      568.000       85.000      188.000      166.000     1527.000
   375:      161.000       74.000      906.000       20.000       81.000
   380:      230.000      187.000     2126.000      918.000      179.000
   385:      123.000      385.000      161.000      944.000       33.000
   390:      223.000      108.000      108.000       82.000      487.000
   395:      208.000       31.000       50.000     1449.000       96.000
   400:     1677.000      216.000      158.000      132.000     1854.000
   405:      386.000     1047.000      551.000      621.000     1151.000
   410:     1867.000       75.000     1870.000      218.000      145.000
   415:      615.000      977.000      159.000      284.000     1589.000
   420:        9.000       96.000      110.000       37.000     1091.000
   425:      951.000       77.000      279.000      340.000     1523.000
   430:       43.000       32.000      242.000     1236.000      140.000
   435:      276.000      254.000       86.000       51.000      356.000
   440:      747.000      384.000      928.000     1180.000      115.000
   445:      453.000      832.000      463.000      303.000      111.000
   450:       45.000     1064.000      157.000      819.000      344.000
   455:      156.000      524.000       43.000       51.000      114.000
   460:      376.000     1111.000       70.000       84.000      324.000
   465:     1299.000      641.000       31.000       54.000      860.000
   470:      212.000      437.000      861.000      295.000      953.000
   475:     1096.000       30.000       45.000       33.000       39.000
   480:       43.000       56.000       38.000       30.000       48.000
   485:       27.000       22.000     1560.000       81.000      230.000
   490:     1016.000      164.000      368.000      284.000     1241.000
   495:      132.000       95.000       39.000      106.000     1441.000
   500:      111.000     1765.000      350.000       70.000     1112.000
   505:      305.000     1319.000      955.000     1248.000     1490.000
   510:      108.000     1292.000      453.000      204.000     1479.000
   515:      186.000      865.000       50.000     1348.000     1081.000
   520:      105.000     1504.000      297.000     1516.000      212.000
   525:       56.000     1637.000      262.000       77.000      430.000
   530:     2128.000      134.000     1457.000       94.000      242.000
   535:      278.000      521.000      575.000      130.000     1410.000
   540:       71.000     1514.000      260.000       20.000     1433.000
   545:     1199.000     1423.000       78.000      345.000      227.000
   550:       36.000      362.000      602.000      618.000       61.000
   555:      465.000     1291.000      130.000       58.000      282.000
   560:      414.000      242.000       48.000      522.000       20.000
   565:       19.000       49.000      535.000       99.000       26.000
   570:       34.000       42.000       21.000     1675.000      174.000
   575:      195.000      834.000     1288.000      868.000      231.000
   580:       24.000      421.000       85.000     1209.000       45.000
   585:       34.000       56.000      122.000      294.000     1211.000
   590:      114.000      417.000      207.000       35.000      143.000
   595:      147.000      276.000     1061.000     1199.000      107.000
   600:      118.000     1138.000      238.000      298.000     1416.000
   605:       79.000       83.000      773.000       47.000      617.000
   610:       71.000       53.000      132.000      125.000       18.000
   615:      228.000      226.000      271.000       91.000       80.000
   620:      766.000       80.000      110.000      715.000      141.000
   625:      129.000      679.000      131.000       60.000      416.000
   630:      839.000      244.000      225.000      203.000      186.000
   635:      386.000      920.000      134.000      243.000       45.000
   640:     1173.000       19.000      151.000      100.000     2441.000
   645:       75.000     1177.000      234.000     1115.000     1402.000
   650:       76.000     1436.000      852.000       68.000      194.000
   655:      592.000     1199.000      163.000     1614.000      186.000
   660:      962.000       26.000      201.000      139.000      108.000
   665:     1275.000      513.000       67.000     1343.000     1156.000
   670:      416.000     1887.000     1055.000     2082.000      322.000
   675:     1392.000      217.000       61.000      514.000     1660.000
   680:      710.000      102.000      308.000      413.000     1150.000
   685:     2185.000      294.000     1143.000     2309.000     1175.000
   690:      201.000      234.000      388.000       70.000     1570.000
   695:      266.000     1191.000      320.000     1117.000      693.000
   700:     1941.000      796.000      454.000      147.000      255.000
   705:      680.000       68.000     1140.000       86.000      190.000
   710:      871.000      140.000      422.000       80.000       84.000
   715:     1544.000      528.000      310.000       95.000     1075.000
   720:      453.000      231.000     1337.000       55.000     1899.000
   725:     1356.000     1623.000      101.000     1784.000      216.000
   730:      146.000       35.000       80.000     1190.000      172.000
   735:       53.000     2164.000     1430.000       48.000      230.000
   740:      255.000     2210.000      147.000      112.000       53.000
   745:     1638.000     1934.000      552.000     1702.000     1038.000
   750:      728.000     1446.000     1758.000       65.000       67.000
   755:      423.000     1681.000       43.000      604.000      981.000
   760:      114.000       93.000      724.000     1111.000       23.000
   765:      289.000      101.000       78.000      184.000       34.000
   770:       95.000      234.000      918.000     1887.000      161.000
   775:      122.000      178.000      794.000     1008.000     1963.000
   780:      288.000       62.000     2112.000      114.000       27.000
   785:     1454.000     1698.000      368.000     1011.000      857.000
   790:     1718.000     1865.000      253.000      253.000     1440.000
   795:     1556.000     1775.000     1586.000      250.000     1571.000
   800:     2082.000      177.000      846.000      967.000     1890.000
   805:       99.000      162.000       90.000       72.000      660.000
   810:     1521.000      222.000     1135.000      197.000      134.000
   815:      190.000     1841.000     2212.000     1877.000       44.000
   820:      883.000      209.000      417.000      483.000       17.000
   825:      483.000      531.000     1406.000     1303.000      196.000
   830:     2684.000     1202.000      282.000     1251.000     1533.000
   835:     1065.000     1203.000      107.000     1220.000      207.000
   840:     2192.000      205.000       25.000      199.000      255.000
   845:      256.000       63.000      171.000       71.000     1398.000
   850:      513.000     1385.000      487.000      751.000     1489.000
   855:      562.000      221.000      384.000       56.000      875.000
   860:      150.000      288.000      475.000      651.000     1458.000
   865:      372.000      549.000      671.000      205.000      692.000
   870:      181.000     1074.000      221.000      849.000       51.000
   875:       36.000      203.000      366.000      230.000      143.000
   880:       45.000      447.000      206.000      297.000      147.000
   885:       68.000      147.000      837.000      211.000      109.000
   890:      267.000      927.000     1534.000      261.000      723.000
   895:       24.000       21.000       28.000       50.000      144.000
   900:      593.000       80.000       32.000      256.000       21.000
   905:       19.000      866.000       30.000      252.000     1659.000
   910:       26.000      683.000      131.000       29.000      146.000
   915:      137.000      270.000     1440.000      148.000      723.000
   920:     1061.000      528.000      647.000       34.000     1117.000
   925:      493.000      964.000       42.000      835.000     1390.000
   930:     2022.000      132.000       27.000     1203.000     1471.000
   935:     1734.000       68.000       48.000      240.000     1903.000
   940:     1484.000      560.000     1779.000     2007.000       90.000
   945:     1450.000     1625.000      217.000     1597.000       60.000
   950:      117.000     1890.000       19.000      227.000      507.000
   955:      977.000     2548.000      206.000      237.000     1646.000
   960:       66.000      594.000      867.000      399.000      126.000
   965:       27.000     1756.000      462.000      218.000      558.000
   970:      233.000       98.000      807.000     1754.000     1394.000
   975:      199.000      584.000      576.000       32.000     2334.000
   980:      284.000      205.000     1009.000      101.000       47.000
   985:      847.000      340.000      103.000      105.000       95.000
   990:      337.000     1001.000      422.000       35.000       18.000
   995:      391.000       84.000       49.000       62.000       48.000
  1000:       47.000      137.000     1705.000     3322.000     1598.000
  1005:     2610.000     1019.000       53.000     1642.000       49.000
  1010:      443.000     1758.000       45.000      322.000     1219.000
  1015:      200.000      946.000     1170.000      262.000      573.000
  1020:      252.000       48.000       63.000      887.000       68.000
  1025:      161.000      650.000      503.000      350.000     1394.000
  1030:      479.000      466.000      224.000      591.000      245.000
  1035:      555.000      635.000      969.000      196.000     1175.000
  1040:     2033.000      126.000      915.000      557.000      304.000
  1045:     2039.000      122.000      170.000      566.000      321.000
  1050:        0.000
R:
     0:        1.000   312611.621        0.000
T:
     0:        0.000        0.000        0.000        0.000
W:
     0:        2.000        2.000        0.000
