File: C:\MED-PC IV\Data\Reyes\AW\AW142.999


Start Date: 08/12/24
End Date: 08/12/24
Subject: 42
Experiment: AW
Group: PERC
Box: 4
Start Time: 15:12:26
End Time: 16:02:26
MSN: DRRD_perc
C:       0.000
F:       0.000
G:       0.000
H:       0.000
I:       0.000
J:       0.000
K:    2299.000
L:       0.000
M:       0.000
N:       0.000
O:       0.000
Q:     288.950
S:     220.094
U:    6792.000
V:       0.000
X:       0.000
Y:    2679.000
Z:       0.000
A:
     0:     3779.005     4021.009     4170.005     4410.009     5093.005
     5:     5292.009     5300.005     5853.009     7056.005     7089.009
    10:     8405.005     8541.009    15000.013    15000.011    16740.001
    15:    16786.003    17154.005    17163.009    17165.005    17187.009
    20:    18842.001    18899.003    19197.001    19238.003    19259.001
    25:    19601.003    20108.001    20323.003    21183.001    21436.003
    30:    21485.001    21660.003    22190.001    22230.003    22265.001
    35:    22311.003    22327.001    23329.003    24092.001    24729.003
    40:    25303.001    25341.003    25349.001    25450.003    26219.005
    45:    26564.009    27807.001    28167.003    28779.001    29621.003
    50:    29674.001    29829.003    29873.001    30817.003    31469.001
    55:    32049.003    32103.001    32163.003    32416.001    33102.003
    60:    33589.005    33700.009    37077.005    37222.009    41838.001
    65:    41896.003    42606.001    42644.003    42725.001    43223.003
    70:    43245.001    43580.003    43619.001    43680.003    43753.001
    75:    44745.003    45064.005    45322.009    45327.005    45487.009
    80:    45850.001    45891.003    45929.001    46004.003    46213.001
    85:    46250.003    46271.001    46288.003    46320.001    46599.003
    90:    46797.001    47251.003    47312.001    47500.003    47550.001
    95:    47995.003    51145.001    51237.003    51264.001    51334.003
   100:    51397.001    51490.003    51565.001    51735.003    57015.001
   105:    57084.003    58185.001    58368.003    58406.001    58773.003
   110:    65119.005    65810.009    65954.005    66126.009    66943.005
   115:    66961.009    67275.005    67340.009    67911.001    67980.003
   120:    68076.001    68130.003    68158.001    68498.003    68507.001
   125:    69028.003    69087.001    69241.003    70093.001    70123.003
   130:    70545.001    70564.003    70758.001    71773.003    72359.001
   135:    72397.003    72422.001    72651.003    72673.001    72845.003
   140:    72861.001    73107.003    73184.001    74046.003    74071.001
   145:    74436.003    74458.001    75546.003    75584.001    75671.003
   150:    75727.001    75776.003    75842.001    76049.003    76126.001
   155:    76642.003    76917.005    77039.009    77506.001    77566.003
   160:    77828.001    77886.003    77922.001    78049.003    79326.001
   165:    79747.003    81458.001    81477.003    81520.001    81945.003
   170:    81994.001    82095.003    82117.001    82241.003    90455.005
   175:    90899.009    96322.001    96379.003   100189.005   100350.009
   180:   100392.005   100398.009   100418.005   100480.009   107982.001
   185:   108005.003   108057.001   108082.003   108129.001   108616.003
   190:   108709.001   108767.003   108859.001   109008.003   109092.001
   195:   110088.003   110428.005   110554.009   111029.001   111042.003
   200:   111151.001   111560.003   111605.001   112728.003   112842.001
   205:   112878.003   113165.005   113681.009   113732.005   113803.009
   210:   113904.005   114008.009   114022.005   114205.009   114565.005
   215:   114738.009   115104.005   115241.009   115263.005   115423.009
   220:   116436.001   116702.003   116782.001   117062.003   117090.001
   225:   117253.003   118188.001   118630.003   119534.001   120684.018
   230:   120840.003   120846.016   120896.026   121079.005   121765.009
   235:   122080.005   122591.009   122605.005   122635.009   122654.005
   240:   122906.009   124755.001   124800.003   129355.005   130329.009
   245:   130944.005   131306.009   131457.005   131530.009   132516.001
   250:   132574.003   132691.001   132729.003   132769.001   133278.003
   255:   133843.005   134057.009   138753.001   138792.003   138812.001
   260:   138857.003   138884.001   139183.003   139320.001   140217.003
   265:   140457.005   140659.009   141141.001   141197.003   141421.001
   270:   141622.003   141665.001   141759.003   142421.001   142515.003
   275:   142841.001   142869.003   142886.001   143846.003   143942.001
   280:   144005.003   145251.001   145341.003   145428.001   145498.003
   285:   145510.001   145518.003   145943.005   145962.009   145980.005
   290:   146295.009   146463.005   146658.009   152302.005   152354.009
   295:   152895.001   153002.003   153431.001   153647.003   153680.001
   300:   153747.003   153771.001   153809.003   154003.001   154152.003
   305:   158992.005   159218.009   165910.001   165939.003   166066.001
   310:   166104.003   166136.001   166228.003   166288.001   166312.003
   315:   166588.001   167007.003   167049.001   167199.003   167212.001
   320:   167748.003   168104.001   168150.003   168179.001   168229.003
   325:   168270.001   169420.018   169487.003   169493.016   169543.026
   330:   169563.001   169583.003   169777.005   170414.009   170515.005
   335:   170815.009   170861.005   170880.009   170904.005   171012.009
   340:   173511.001   174661.018   174775.003   174781.016   174831.026
   345:   175026.005   175719.009   176096.005   176368.009   176810.005
   350:   177008.009   177135.005   177144.009   178559.001   178614.003
   355:   178860.001   178955.003   178967.001   180024.003   180662.001
   360:   181812.018   182494.003   182500.016   182550.026   182706.001
   365:   182800.003   182975.005   183543.009   183569.005   184037.009
   370:   185847.001   185889.003   185937.001   185990.003   186040.001
   375:   187190.018   187272.003   187278.016   187328.026   187527.005
   380:   188202.009   191579.001   191723.003   191807.001   192200.003
   385:   192217.001   192770.003   192799.001   192861.003   192883.001
   390:   193038.003   193062.001   193761.003   194143.001   194196.003
   395:   194215.001   194622.003   194680.001   195220.003   195362.001
   400:   195929.003   196076.005   196309.009   196965.001   197191.003
   405:   197215.001   197234.003   197254.001   197499.003   197658.001
   410:   197846.003   198281.001   198619.003   198636.001   199311.003
   415:   199331.001   199376.003   200571.001   201136.003   201229.001
   420:   201892.003   202189.001   203021.003   203188.001   203544.003
   425:   203570.001   204131.003   204757.005   204971.009   207011.001
   430:   207035.003   207133.001   207307.003   207489.001   208568.003
   435:   208587.001   209383.003   209419.001   209438.003   209518.001
   440:   209654.003   210912.001   211214.003   211263.001   211427.003
   445:   211504.001   211950.003   212896.005   213216.009   215348.001
   450:   215409.003   215423.001   215760.003   216587.005   216694.009
   455:   220608.005   220747.009   221208.001   221356.003   221368.001
   460:   221468.003   221495.001   222470.003   222609.001   222627.003
   465:   222657.001   223807.018   223835.003   223841.016   223891.026
   470:   224142.005   224730.009   224897.005   225003.009   226763.001
   475:   227036.003   227086.001   227132.003   227592.001   228062.003
   480:   228115.001   228289.003   228726.005   228930.009   228933.005
   485:   229087.009   229611.001   229644.003   229714.001   229740.003
   490:   229901.001   230521.003   230633.001   231783.018   232478.003
   495:   232484.016   232534.026   232819.005   233360.009   233440.005
   500:   233633.009   233706.005   233771.009   236942.001   237067.003
   505:   237123.001   237195.003   237432.001   237509.003   238373.001
   510:   239155.003   240262.005   240613.009   243223.001   243377.003
   515:   243416.001   243469.003   243501.001   243510.003   243532.001
   520:   243827.003   243852.001   244042.003   244104.001   244795.003
   525:   244820.001   245300.003   245397.001   245449.003   245461.001
   530:   245717.003   245770.001   246771.003   246809.001   246948.003
   535:   247562.001   248360.003   248420.001   249058.003   249381.001
   540:   250531.018   252418.003   252424.016   252474.026   252477.017
   545:   253567.005   254185.009   254307.005   254340.009   254527.005
   550:   255077.009   255124.005   255172.009   258507.001   258778.003
   555:   258852.001   258899.003   259114.001   260414.018   260801.003
   560:   260807.016   260857.026   261063.005   261342.009   261462.005
   565:   262173.009   267203.001   267243.003   267293.001   267341.003
   570:   267463.001   267580.003   267596.001   267657.003   267700.001
   575:   267772.003   267786.001   268849.003   269415.001   269665.003
   580:   269685.001   269773.003   269787.001   270283.003   270297.001
   585:   270707.003   270765.001   271193.003   271292.001   271321.003
   590:   271640.001   271968.003   272018.001   272438.003   272517.001
   595:   272766.003   272782.001   273552.003   274258.005   274543.009
   600:   275700.001   275756.003   275880.001   275921.003   276020.001
   605:   277320.018   278127.003   278133.016   278154.001   278183.026
   610:   278314.003   278517.005   279189.009   279312.005   279605.009
   615:   281388.001   281590.003   281613.001   281679.003   281698.001
   620:   282998.018   283576.003   283582.016   283595.001   283632.026
   625:   283780.003   283984.005   284314.009   284378.005   284863.009
   630:   286851.001   287324.003   287388.001   287496.003   287934.001
   635:   288064.003   288310.001   288629.003   288719.001   288836.003
   640:   288861.001   289063.003   289132.001   289414.003   289446.001
   645:   290746.018   290853.003   290859.016   290909.026   290916.001
   650:   290954.003   291188.005   292107.009   292115.005   292296.009
   655:   293860.001   293966.003   294018.001   295318.018   295855.003
   660:   295861.016   295911.026   296117.005   297229.009   297494.005
   665:   297514.009   299232.005   299298.009   300138.001   300238.003
   670:   301230.005   301421.009   304998.001   305119.003   305163.001
   675:   305264.003   305363.001   306421.003   306887.001   307404.003
   680:   307483.001   307674.003   307710.001   308681.003   308993.001
   685:   309051.003   309118.001   309220.003   309305.001   309471.003
   690:   309523.001   309841.003   310176.001   310770.003   311303.001
   695:   311406.003   311477.001   311732.003   311967.005   312272.009
   700:   313726.001   313847.003   313959.001   314139.003   315039.005
   705:   315306.009   318873.005   319094.009   319170.005   319496.009
   710:   320338.001   320612.003   320717.001   320758.003   321351.001
   715:   321447.003   321473.001   322773.018   324132.003   324138.016
   720:   324143.001   324188.026   324237.003   324417.005   325008.009
   725:   325031.005   325413.009   326726.001   326771.003   326809.001
   730:   328109.018   328157.003   328163.016   328213.026   328439.005
   735:   329427.009   329445.005   329702.009   329723.005   329755.009
   740:   329783.005   329813.009   329882.005   329992.009   330930.001
   745:   330994.003   331051.001   331216.003   331311.001   332611.018
   750:   333134.003   333140.016   333170.001   333190.026   333251.003
   755:   333403.005   333895.009   333974.005   334789.009   336140.001
   760:   336205.003   336317.001   336576.003   336668.001   337883.003
   765:   337912.001   338398.003   338952.001   339059.003   339086.001
   770:   339489.003   339557.001   339685.003   339769.001   339913.003
   775:   340045.001   340277.003   340345.001   340554.003   340582.001
   780:   341206.003   341691.005   341836.009   342921.001   343086.003
   785:   343147.001   343279.003   343308.001   344608.018   345238.003
   790:   345244.016   345294.026   345555.005   346717.009   346745.005
   795:   346778.009   346867.005   346912.009   348149.001   348322.003
   800:   348405.001   348657.003   348676.001   349605.003   349628.001
   805:   350463.003   351119.001   351344.003   351405.001   351811.003
   810:   351833.001   353133.018   353291.003   353297.016   353347.026
   815:   353566.005   354170.009   354233.005   354521.009   354567.005
   820:   354579.009   356316.001   356458.003   356625.001   357925.018
   825:   358170.003   358176.016   358180.001   358226.026   358394.003
   830:   358727.005   359302.009   359389.005   359464.009   359625.005
   835:   359872.009   360588.005   360683.009   361550.001   361586.003
   840:   361721.001   361936.003   361988.001   362123.003   362150.001
   845:   362227.003   362498.001   362567.003   363289.001   363401.003
   850:   363426.001   363564.003   363644.001   364138.003   364163.001
   855:   364649.003   364672.001   364903.003   365146.001   365203.003
   860:   365254.001   365456.003   365550.001   366333.003   366619.001
   865:   367919.018   368612.003   368618.016   368668.026   368961.005
   870:   369668.009   369730.005   369812.009   369861.005   370013.009
   875:   372578.001   372589.003   372669.001   373104.003   373182.001
   880:   373340.003   373403.001   373470.003   373488.001   373615.003
   885:   374541.001   374654.003   374736.001   374814.003   374909.001
   890:   375271.003   375506.001   375654.003   375754.001   375811.003
   895:   375859.001   375956.003   376022.001   376076.003   376104.001
   900:   376267.003   376295.001   376527.003   376600.001   376818.003
   905:   376878.001   377732.003   379210.005   379614.009   381873.001
   910:   381880.003   381901.001   382053.003   382787.001   382862.003
   915:   382883.001   383099.003   383166.001   383421.003   383458.001
   920:   384758.018   386036.003   386042.016   386092.026   386314.005
   925:   387223.009   387227.005   387617.009   387696.005   387709.009
   930:   387857.005   388068.009   389417.001   389466.003   389504.001
   935:   389577.003   389838.001   390935.003   391478.001   391507.003
   940:   391633.001   392420.003   392460.001   393760.018   395787.003
   945:   395793.016   395843.026   395846.017   396118.005   396648.009
   950:   396807.005   396826.009   396840.005   396994.009   397061.005
   955:   397191.009   399578.001   399728.003   399736.017   399843.001
   960:   400073.003   400081.017   400110.001   400248.003   400256.017
   965:   400266.001   401182.003   401190.017   402332.005   402621.009
   970:   403642.001   403663.003   404354.001   404769.003   404777.017
   975:   404915.001   405678.003   405686.017   407301.005   407505.009
   980:   408938.001   409002.003   409045.001   409377.003   409452.001
   985:   409536.003   409612.001   410687.003   410695.017   410707.001
   990:   412086.003   412094.017   412699.005   413188.009   415533.001
   995:   415655.003   415685.001   415784.003   415846.001   416516.003
  1000:   416558.001   416894.003   416902.001   418374.003   418425.001
  1005:   418542.003   419082.001   419163.003   419235.001   419908.003
  1010:   419985.001   420038.003   420175.001   420317.003   420362.001
  1015:   420672.003   420716.001   422293.018   422715.003   422721.016
  1020:   422771.026   422985.005   423581.009   426137.001   426548.003
  1025:   426596.001   427783.003   428407.001   428463.003   428479.001
  1030:   429487.003   429513.001   430069.003   430129.001   431182.003
  1035:   431631.005   431708.009   431741.005   432174.009   433511.001
  1040:   433608.003   433674.001   433714.003   433775.001   433832.003
  1045:   433879.001   435456.018   435522.003   435528.016   435578.026
  1050:   435759.005   436111.009   436115.005   436380.009   436402.005
  1055:   436467.009   436505.005   436738.009   436903.005   437110.009
  1060:   438403.001   439330.003   439359.001   440253.003   440554.001
  1065:   441713.003   441773.001   441977.003   443126.005   443355.009
  1070:   444277.001   444371.003   444443.001   444671.003   444743.001
  1075:   445932.003   446872.001   446938.003   446964.001   448541.018
  1080:   450188.003   450194.016   450244.026   450247.017   450460.005
  1085:   451294.009   451340.005   451406.009   451421.005   452186.009
  1090:   454005.005   454091.009   454782.001   454889.003   455055.001
  1095:   455106.003   455444.001   456364.003   457068.001   457129.003
  1100:   458192.001   458518.003   458544.001   459665.003   460092.005
  1105:   460712.009   461424.005   461550.009   463322.001   463392.003
  1110:   463487.001   463588.003   463685.001   464157.003   464259.001
  1115:   464825.003   464861.001   465731.003   466224.001   467355.003
  1120:   467536.001   467592.003   467773.001   468547.003   469111.005
  1125:   469421.009   472443.005   472471.009   477686.001   477765.003
  1130:   477802.001   477817.003   477828.001   478706.003   478760.001
  1135:   478829.003   479285.005   479731.009   479741.005   479756.009
  1140:   481735.001   482893.003   482943.001   483411.003   484143.001
  1145:   484243.003   484263.001   485150.003   485364.001   485635.003
  1150:   486535.005   487092.009   487166.005   487351.009   489127.005
  1155:   489196.009   490288.001   490408.003   490648.001   491916.003
  1160:   491968.001   492036.003   492058.001   492222.003   492711.001
  1165:   493809.003   493833.001   494100.003   494142.001   494438.003
  1170:   494455.001   494664.003   494682.001   495405.003   495441.001
  1175:   496376.003   496983.001   497332.003   497351.001   497734.003
  1180:   502816.005   503108.009   503580.005   503681.009   503718.005
  1185:   503727.009   504608.005   504784.009   505331.001   505451.003
  1190:   505912.001   505939.003   506165.001   506214.003   506223.001
  1195:   506318.003   506344.001   507523.003   508153.001   508414.003
  1200:   508486.001   510108.018   510112.003   510118.016   510168.026
  1205:   510343.005   511854.009   513873.001   513937.003   514007.001
  1210:   514793.003   515331.001   515435.003   515474.001   516854.003
  1215:   517506.001   519022.003   519281.005   519684.009   519790.005
  1220:   519978.009   519982.005   520056.009   520915.001   520997.003
  1225:   521036.001   521171.003   521245.001   521312.003   521375.001
  1230:   521461.003   521491.001   522673.003   522697.001   523324.003
  1235:   524824.001   525015.003   525057.001   525293.003   525306.001
  1240:   526279.003   526957.005   527372.009   533191.001   533337.003
  1245:   535206.001   535243.003   535372.001   535506.003   535543.001
  1250:   536659.003   537259.001   537463.003   537525.001   537663.003
  1255:   537719.001   539081.003   539109.001   540731.018   540804.003
  1260:   540810.016   540860.026   541057.005   542046.009   542064.005
  1265:   542996.009   545100.001   545170.003   545253.001   545280.003
  1270:   545357.001   545425.003   545494.001   547038.003   547423.005
  1275:   547819.009   548917.001   548997.003   549021.001   550418.003
  1280:   551099.001   551153.003   551235.001   552295.003   552425.001
  1285:   552585.003   552608.001   554230.018   554331.003   554337.016
  1290:   554387.026   554412.001   554502.003   554704.005   555547.009
  1295:   555962.005   556471.009   561504.001   561696.003   561806.001
  1300:   561849.003   561931.001   563464.003   565417.001   567039.018
  1305:   567371.003   567377.016   567427.026   567588.005   569167.009
  1310:   569552.005   569668.009   574543.001   574601.003   575280.001
  1315:   575348.003   575418.001   575495.003   575628.001   575758.003
  1320:   575786.001   576011.003   576099.001   577368.003   577981.001
  1325:   578223.003   578257.001   579760.003   580362.005   580618.009
  1330:   580829.005   581185.009   587812.001   587949.003   588025.001
  1335:   588090.003   588216.001   588285.003   588440.001   588499.003
  1340:   588544.001   588616.003   588669.001   590247.003   590867.005
  1345:   591132.009   596474.001   596860.003   596916.001   597065.003
  1350:   597344.001   597576.003   598465.005   598929.009   599026.005
  1355:   599060.009   599071.005   599103.009   599173.005   599243.009
  1360:   600358.001   600447.003   601159.001   602781.018   603035.003
  1365:   603041.016   603091.026   603263.005   604197.009   606351.001
  1370:   607894.003   608470.005   608777.009   610782.005   610838.009
  1375:   611116.005   611488.009   615680.001   617302.018   617357.003
  1380:   617363.016   617413.026   617661.005   618175.009   618242.005
  1385:   618831.009   618851.005   618868.009   618959.005   619416.009
  1390:   625335.001   625412.003   625551.001   626639.003   626681.001
  1395:   627942.003   628716.001   630338.018   630476.003   630482.016
  1400:   630532.026   630712.005   631201.009   631227.005   631249.009
  1405:   631289.005   631533.009   631805.005   632162.009   634164.001
  1410:   634293.003   634391.001   634563.003   634620.001   634958.003
  1415:   634996.001   636314.003   636804.005   637318.009   642642.001
  1420:   642675.003   642799.001   643019.003   643063.001   643169.003
  1425:   643274.001   643452.003   645235.001   645356.003   645468.001
  1430:   645747.003   645800.001   646758.003   646835.001   646955.003
  1435:   647627.005   647860.009   648695.005   649039.009   651755.001
  1440:   653377.018   654278.003   654284.016   654334.026   654561.005
  1445:   654990.009   655167.005   655527.009   657842.001   657890.003
  1450:   657933.001   658066.003   658099.001   658156.003   658188.001
  1455:   659061.003   659766.001   661298.003   662057.001   662139.003
  1460:   662165.001   663676.003   663698.001   664116.003   664421.001
  1465:   664988.003   665045.001   665305.003   665998.005   666309.009
  1470:   667598.001   667798.003   669395.005   669559.009   674513.001
  1475:   674643.003   674685.001   675297.003   675395.001   675538.003
  1480:   675572.001   675653.003   676191.001   677813.018   678545.003
  1485:   678551.016   678601.026   678832.005   679302.009   679465.005
  1490:   679687.009   679757.005   679893.009   682468.001   682512.003
  1495:   682680.001   684021.003   684726.001   684791.003   684808.001
  1500:   685520.003   685584.001   685870.003   685893.001   687515.018
  1505:   687522.003   687528.016   687578.026   687589.001   687735.003
  1510:   687930.005   688618.009   688680.005   688861.009   689057.005
  1515:   689306.009   698413.001   699473.003   700076.001   700120.003
  1520:   700157.001   701779.018   702309.003   702315.016   702365.026
  1525:   702524.005   703346.009   703382.005   703898.009   708603.001
  1530:   708708.003   708744.001   710106.003   710474.001   712096.018
  1535:   712138.003   712144.016   712153.001   712194.026   712277.003
  1540:   712517.005   713230.009   713289.005   713789.009   721770.001
  1545:   721819.003   721850.001   722065.003   722182.001   722280.003
  1550:   722298.001   722593.003   722633.001   722707.003   722907.001
  1555:   722936.003   723036.001   724330.003   724384.001   724422.003
  1560:   725124.001   726209.003   726592.001   726786.003   727261.005
  1565:   727364.009   731491.001   731532.003   731578.001   731641.003
  1570:   731681.001   733303.018   733450.003   733456.016   733506.026
  1575:   733655.005   733663.009   733760.005   734783.009   734801.005
  1580:   734834.009   742109.001   742165.003   742256.001   742278.003
  1585:   742289.001   743745.003   744135.001   745496.003   745564.001
  1590:   746493.003   747124.001   747755.003   747917.001   747946.003
  1595:   747998.001   748030.003   748084.001   748708.003   748733.001
  1600:   749833.003   749935.001   750417.003   751021.005   751317.009
  1605:   759070.001   759122.003   759177.001   759465.003   759554.001
  1610:   761176.018   761440.003   761446.016   761481.001   761496.026
  1615:   761853.003   762178.005   763210.009   766490.001   766526.003
  1620:   767040.005   767139.009   767302.005   767964.009   768701.001
  1625:   768916.003   768993.001   770282.003   770302.001   771241.003
  1630:   771801.001   771903.003   772076.001   773698.018   773886.003
  1635:   773892.016   773942.026   774126.005   774509.009   774630.005
  1640:   774821.009   774843.005   775056.009   780760.001   780972.003
  1645:   781101.001   781352.003   781435.001   782268.003   782306.001
  1650:   782333.003   782999.005   783158.009   784102.001   785724.018
  1655:   786321.003   786327.016   786377.026   786633.005   787184.009
  1660:   787207.005   787497.009   789102.001   789964.003   790486.001
  1665:   791974.003   792448.001   792548.003   792560.001   792690.003
  1670:   792720.001   792891.003   792942.001   793083.003   793117.001
  1675:   793231.003   793747.005   793973.009   797655.001   797700.003
  1680:   797759.001   798059.003   798296.001   798378.003   798415.001
  1685:   799217.003   799307.001   799381.003   799475.001   799503.003
  1690:   799926.005   800215.009   801105.001   801173.003   801206.001
  1695:   802594.003   802925.001   803068.003   803078.001   804034.003
  1700:   804506.005   804744.009   804922.005   804936.009   805660.001
  1705:   806144.003   806810.001   806952.003   807005.001   808358.003
  1710:   808390.001   808535.003   808617.001   810239.018   810297.003
  1715:   810303.016   810353.026   810522.005   810889.009   810900.005
  1720:   811561.009   811568.005   811907.009   815562.001   815600.003
  1725:   815641.001   817115.003   818872.001   819334.003   819377.001
  1730:   820405.003   820417.001   820927.003   821442.001   821714.003
  1735:   821756.001   823378.018   823448.003   823454.016   823460.001
  1740:   823504.026   823715.003   824039.005   825447.009   825477.005
  1745:   825486.009   827297.001   827597.003   827634.001   828283.003
  1750:   829130.001   830752.018   831600.003   831606.016   831656.026
  1755:   831848.005   832464.009   835543.001   835910.003   835938.001
  1760:   836712.003   836758.001   836961.003   837649.001   837845.003
  1765:   837904.001   838287.003   838313.001   839358.003   840396.005
  1770:   840713.009   841252.005   841434.009   842079.001   842408.003
  1775:   842506.001   842784.003   842815.001   843644.003   843657.001
  1780:   845223.003   845239.001   845248.003   845807.001   845878.003
  1785:   845886.001   845999.003   846022.001   846929.003   846975.001
  1790:   847967.003   848638.005   848915.009   854384.001   854503.003
  1795:   854539.001   855570.003   856280.001   857220.003   857424.001
  1800:   857513.003   857535.001   858133.003   858279.001   858886.003
  1805:   859632.005   859960.009   864161.001   864226.003   864284.001
  1810:   864373.003   864385.001   865261.003   865297.001   866226.003
  1815:   866276.001   867089.003   867331.001   867357.003   867506.001
  1820:   867515.003   867648.005   868245.009   868356.005   868509.009
  1825:   876528.001   876734.003   876784.001   877513.003   877567.001
  1830:   877670.003   878060.001   878526.003   878573.001   879038.003
  1835:   879121.001   879185.003   879361.001   879423.003   879442.001
  1840:   880371.003   880402.001   880419.003   880756.005   880858.009
  1845:   884984.001   885016.003   885073.001   885109.003   885221.001
  1850:   885364.003   885400.001   885483.003   885557.001   887179.018
  1855:   887932.003   887938.016   887988.026   888213.005   889557.009
  1860:   894075.001   894131.003   894216.001   894443.003   894526.001
  1865:   896148.018   896716.003   896722.016   896772.026   897355.005
  1870:   898559.009   898571.005   898681.009   900969.001   902591.018
  1875:   902901.003   902907.016   902957.026   903592.005   903801.009
  1880:   908113.001   908136.003   908220.001   908343.003   908388.001
  1885:   909616.003   909650.001   910764.003   911432.001   913054.018
  1890:   913308.003   913314.016   913364.026   913759.005   913779.009
  1895:   913798.005   914275.009   914852.001   916126.003   916169.001
  1900:   916764.003   917527.005   917548.009   920975.001   921031.003
  1905:   922706.001   922790.003   922880.001   922968.003   923046.001
  1910:   924226.003   924266.001   924318.003   924414.001   924561.003
  1915:   924850.001   925794.003   926124.005   926419.009   927317.001
  1920:   927398.003   927437.001   929059.018   932569.003   932575.016
  1925:   932625.026   932628.017   932850.005   933295.009   933313.005
  1930:   934198.009   937221.005   937835.009   938888.001   938963.003
  1935:   938971.017   938980.001   939036.003   939171.001   939341.003
  1940:   939390.001   940214.003   940675.001   942512.003   943515.001
  1945:   945662.018   947608.003   947614.016   947664.026   947667.017
  1950:   947978.005   948422.009   948610.005   948663.009   948698.005
  1955:   948752.009   948782.005   949138.009   949191.005   949228.009
  1960:   952202.001   952266.003   952279.001   952483.003   952490.001
  1965:   953191.003   956812.001   956970.003   956982.001   957940.003
  1970:   958712.001   958817.003   958940.001   960099.003   960512.005
  1975:   960750.009   964182.001   964449.003   964488.001   964577.003
  1980:   964605.001   966873.003   966904.001   966972.003   967637.001
  1985:   967686.003   967788.001   967966.003   968368.001   969762.003
  1990:   970580.001   970950.003   971606.005   971801.009   972739.001
  1995:   975159.018   975614.003   975620.016   975631.001   975670.026
  2000:   975798.003   975990.005   976591.009   976824.005   977449.009
  2005:   980021.001   980173.003   980219.001   981213.003   981989.001
  2010:   982851.003   982892.001   984872.003   985906.001   987206.003
  2015:   987739.005   988069.009   992076.001   993294.003   993316.001
  2020:   994151.003   995190.001   995437.003   995501.001   997745.003
  2025:   997792.001   999490.003  1000192.001  1000714.003  1000857.001
  2030:  1001169.003  1001931.005  1002257.009  1004816.001  1004884.003
  2035:  1005345.001  1005373.003  1005443.001  1005694.003  1005728.001
  2040:  1008148.018  1009296.003  1009302.016  1009346.001  1009352.026
  2045:  1009468.003  1009674.005  1010249.009  1010283.005  1010369.009
  2050:  1010451.005  1010936.009  1010970.005  1011132.009  1011245.005
  2055:  1011418.009  1015169.001  1015223.003  1015273.001  1015369.003
  2060:  1015435.001  1017187.003  1017221.001  1017994.003  1018035.001
  2065:  1019821.003  1020764.001  1020875.003  1020943.001  1022545.003
  2070:  1022582.001  1023491.003  1030268.001  1030366.003  1030883.001
  2075:  1030898.003  1031303.001  1033723.018  1035672.003  1035678.016
  2080:  1035691.001  1035728.026  1035891.003  1036148.005  1036989.009
  2085:  1037347.005  1037488.009  1041017.005  1041180.009  1042699.001
  2090:  1042740.003  1042888.001  1042962.003  1042995.001  1043113.003
  2095:  1043142.001  1043254.003  1043259.001  1045683.018  1046013.003
  2100:  1046019.016  1046069.026  1046291.005  1047492.009  1049702.001
  2105:  1051584.003  1052235.001  1054655.018  1057145.003  1057151.016
  2110:  1057201.026  1057204.017  1057388.005  1057912.009  1057915.005
  2115:  1057943.009  1058323.005  1058506.009  1058547.005  1058658.009
  2120:  1058675.005  1058956.009  1059016.005  1059034.009  1065273.001
  2125:  1065332.003  1065397.001  1065466.003  1065665.001  1068222.018
  2130:  1069068.003  1069074.016  1069124.026  1069127.017  1069451.005
  2135:  1070113.009  1070143.005  1070378.009  1073247.001  1076036.018
  2140:  1076135.003  1076141.016  1076191.026  1076194.017  1076551.005
  2145:  1077095.009  1077348.005  1077358.009  1077425.005  1077484.009
  2150:  1077517.005  1077556.009  1077600.005  1077829.009  1081102.001
  2155:  1081491.003  1081553.001  1083097.003  1083369.001  1084522.003
  2160:  1084530.017  1084558.001  1085217.003  1087957.001  1089179.003
  2165:  1089267.001  1090772.003  1090780.017  1090839.001  1090893.003
  2170:  1090901.017  1090907.001  1091763.003  1092738.001  1094201.003
  2175:  1094950.001  1095746.003  1095807.001  1097386.003  1098037.001
  2180:  1098154.003  1098712.001  1099456.003  1099513.001  1099651.003
  2185:  1099683.001  1101506.003  1101800.001  1102699.003  1102759.001
  2190:  1103483.003  1103760.005  1104336.009  1107057.001  1109015.003
  2195:  1111289.001  1113510.003  1113789.001  1114197.003  1114246.001
  2200:  1114713.003  1114803.001  1114974.003  1115244.001  1115482.003
  2205:  1115540.001  1115651.003  1115717.001  1115960.003  1116009.001
  2210:  1116077.003  1116485.005  1116800.009  1120677.001  1120801.003
  2215:  1120900.001  1121046.003  1121135.001  1121186.003  1121204.001
  2220:  1121493.003  1121551.001  1122332.003  1122420.001  1123022.003
  2225:  1123043.001  1123198.003  1123724.001  1123974.003  1124037.001
  2230:  1124336.003  1124370.001  1125202.003  1125354.001  1125375.003
  2235:  1126353.005  1126951.009  1127300.005  1127341.009  1128331.005
  2240:  1128472.009  1132409.001  1132458.003  1132501.001  1133182.003
  2245:  1133216.001  1133381.003  1133460.001  1135907.003  1136168.001
  2250:  1136234.003  1136268.001  1136826.003  1136901.001  1137018.003
  2255:  1137076.001  1137498.003  1138246.001  1139122.003  1139174.001
  2260:  1139514.003  1139568.001  1140847.003  1140870.001  1141823.003
  2265:  1142120.005  1142677.009  1143380.001  1143443.003  1143518.001
  2270:  1143930.003  1143950.001  1144141.003  1144163.001  1145420.003
  2275:  1146355.001  1146696.003  1146874.005  1147105.009  1161872.001
  2280:  1161899.003  1161943.001  1162104.003  1162137.001  1162163.003
  2285:  1162184.001  1162535.003  1162575.001  1162726.003  1162769.001
  2290:  1162862.003  1164982.005  1165260.009  1169644.001  1169754.003
  2295:  1169785.001  1171004.003  1171515.001  1171583.003  1171714.001
  2300:  1174158.003  1174482.001  1174738.003  1174753.001  1174831.003
  2305:  1175666.005  1175908.009  1176353.005  1176395.009  1180220.001
  2310:  1180386.003  1180452.001  1180490.003  1181135.001  1181488.003
  2315:  1181836.005  1181872.009  1182028.005  1182227.009  1189376.001
  2320:  1191070.003  1191477.001  1191658.003  1191693.001  1193304.003
  2325:  1194213.001  1194398.003  1194435.001  1194636.003  1194903.001
  2330:  1194944.003  1194968.001  1196081.003  1196553.005  1196802.009
  2335:  1196827.005  1197093.009  1202043.001  1202097.003  1202266.001
  2340:  1202684.003  1202724.001  1203851.003  1203958.001  1204508.003
  2345:  1205218.001  1205415.003  1205757.005  1205948.009  1206383.001
  2350:  1206419.003  1210368.001  1210406.003  1210423.001  1210633.003
  2355:  1215951.001  1215991.003  1216492.005  1216737.009  1216745.005
  2360:  1216896.009  1219744.001  1221317.003  1221556.001  1222232.003
  2365:  1222834.001  1223587.003  1223922.005  1224071.009  1229582.001
  2370:  1229636.003  1229673.001  1229789.003  1229930.001  1229983.003
  2375:  1230043.001  1230871.003  1230916.001  1231878.003  1237440.001
  2380:  1237501.003  1237577.001  1237841.003  1237904.001  1238048.003
  2385:  1238080.001  1239267.003  1240552.001  1240569.003  1240643.001
  2390:  1242656.003  1243753.001  1244750.003  1244911.001  1246200.003
  2395:  1246336.001  1246358.003  1246712.005  1247067.009  1251840.001
  2400:  1251908.003  1252009.001  1252567.003  1252616.001  1252776.003
  2405:  1252828.001  1252893.003  1252950.001  1254108.003  1254259.001
  2410:  1255054.003  1255195.001  1255225.003  1256169.001  1256225.003
  2415:  1256462.001  1256482.003  1256549.001  1256925.003  1257736.005
  2420:  1258599.009  1272849.001  1272913.003  1273303.001  1273408.003
  2425:  1273456.001  1273882.003  1273954.001  1274016.003  1274053.001
  2430:  1274133.003  1274825.001  1274858.003  1274914.001  1275536.003
  2435:  1275652.001  1275670.003  1275913.005  1276105.009  1283593.001
  2440:  1283804.003  1284132.001  1284185.003  1284261.001  1284561.003
  2445:  1284635.001  1285036.003  1285108.001  1287503.003  1287699.001
  2450:  1287738.003  1288258.005  1289168.009  1293421.001  1294815.003
  2455:  1295128.001  1295374.003  1295430.001  1295546.003  1296057.001
  2460:  1296729.003  1297217.001  1298386.003  1298657.001  1298890.003
  2465:  1299446.001  1299478.003  1299527.001  1300018.003  1300955.001
  2470:  1301057.003  1301220.001  1301897.003  1303270.001  1303363.003
  2475:  1303406.001  1304485.003  1304883.005  1305218.009  1308484.001
  2480:  1308606.003  1311359.005  1311602.009  1316005.005  1316221.009
  2485:  1316452.005  1316694.009  1317014.005  1317029.009  1317087.005
  2490:  1317119.009  1318272.005  1318886.009  1319312.005  1319319.009
  2495:  1319365.005  1319442.009  1319486.005  1319534.009  1319758.005
  2500:  1320941.009  1321027.005  1321123.009  1328614.001  1328758.003
  2505:  1328801.001  1329199.003  1329236.001  1331047.003  1331741.001
  2510:  1332734.003  1333010.001  1333473.003  1333484.001  1335893.003
  2515:  1336475.005  1337123.009  1337152.005  1337157.009  1337166.005
  2520:  1337489.009  1337543.005  1337626.009  1338123.005  1338750.009
  2525:  1339660.005  1339702.009  1339716.005  1339720.009  1340101.005
  2530:  1340353.009  1341124.005  1341556.009  1341565.005  1341587.009
  2535:  1341977.005  1341980.009  1341998.005  1342007.009  1342053.005
  2540:  1343016.009  1343429.005  1343500.009  1343506.005  1343510.009
  2545:  1343528.005  1343537.009  1343730.005  1343859.009  1343914.005
  2550:  1344283.009  1344311.005  1346765.009  1346814.005  1346980.009
  2555:  1347207.005  1347276.009  1347372.005  1348141.009  1348221.005
  2560:  1348500.009  1348561.005  1349046.009  1349290.005  1351827.009
  2565:  1352095.005  1352886.009  1353710.001  1353735.003  1354256.001
  2570:  1354552.003  1355987.005  1356233.009  1356445.005  1356700.009
  2575:  1356909.005  1358371.009  1358381.005  1358620.009  1358622.005
  2580:  1358749.009  1358789.005  1360606.009  1360624.005  1360670.009
  2585:  1360696.005  1362042.009  1362060.005  1362161.009  1362175.005
  2590:  1362446.009  1362547.005  1362967.009  1363008.005  1363021.009
  2595:  1363078.005  1363254.009  1368721.005  1368785.009  1369669.001
  2600:  1369809.003  1369870.001  1369952.003  1369993.001  1370020.003
  2605:  1370324.001  1370393.003  1370618.001  1370841.003  1372071.005
  2610:  1372550.009  1377051.001  1377401.003  1377559.001  1377923.003
  2615:  1378004.001  1378321.003  1378409.001  1378536.003  1378696.001
  2620:  1378928.003  1378995.001  1379062.003  1379874.005  1381612.009
  2625:  1382000.005  1382009.009  1382224.005  1382234.009  1382253.005
  2630:  1382263.009  1382337.005  1382434.009  1382437.005  1382456.009
  2635:  1382461.005  1382518.009  1382690.005  1382730.009  1382742.005
  2640:  1382797.009  1382828.005  1382854.009  1383004.005  1384455.009
  2645:  1384470.005  1384540.009  1384584.005  1386560.009  1390463.005
  2650:  1390503.009  1391815.001  1392053.003  1392232.001  1392599.003
  2655:  1392826.001  1393579.003  1393620.001  1393754.003  1395935.005
  2660:  1396067.009  1449271.005  1449724.009  1452021.001  1452452.003
  2665:  1454245.001  1454520.003  1454572.001  1454734.003  1456401.005
  2670:  1456743.009  1474765.001  1475598.003  1475733.001  1475818.003
  2675:  1490899.001  1491458.003  1498710.001  1498876.003
B:
     0:        0.000      878.000        0.000      878.000        0.000
     5:      365.000        0.000        0.000        0.000      365.000
    10:        0.000        1.000        0.000        1.000        0.000
    15:        0.000       57.000       20.000       57.000        0.000
    20:        0.000        0.000        0.000        0.000        0.000
    25:        0.000       57.000        0.000        0.000        0.000
    30:        0.000
D:
     0:  1505667.000  1505502.000  1505668.000
E:
     0:     1149.500     2905.607
P:
     0:        0.000       46.000       57.000       41.000      342.000
     5:      215.000      253.000      175.000       40.000       46.000
    10:     1002.000      637.000       38.000      100.000      360.000
    15:      842.000      155.000      944.000      580.000       60.000
    20:      686.000       58.000       38.000      498.000      335.000
    25:       61.000      992.000       41.000       75.000       37.000
    30:       17.000      279.000      454.000      188.000      445.000
    35:       92.000       70.000       93.000      170.000       69.000
    40:      183.000      367.000       69.000       54.000      340.000
    45:      521.000      154.000       30.000       19.000     1015.000
    50:       38.000      229.000      172.000      246.000      862.000
    55:      365.000     1088.000       87.000       49.000      207.000
    60:      516.000       60.000       58.000      127.000      421.000
    65:       19.000      425.000      101.000      124.000       57.000
    70:       23.000       25.000      487.000       58.000      149.000
    75:      996.000       13.000      409.000     1123.000       36.000
    80:      266.000      280.000      163.000      442.000     1306.000
    85:       45.000       58.000       38.000      509.000       39.000
    90:       45.000      299.000      897.000       56.000      201.000
    95:       94.000       94.000       28.000      960.000       63.000
   100:       90.000       70.000        8.000      107.000      216.000
   105:       67.000       38.000      149.000       29.000       38.000
   110:       92.000       24.000      419.000      150.000      536.000
   115:       46.000       50.000     1217.000       20.000     1264.000
   120:       55.000       95.000     1057.000     1832.000       94.000
   125:       42.000       53.000     1232.000      144.000      393.000
   130:      553.000       62.000      155.000      699.000       53.000
   135:      407.000      540.000      567.000      226.000       19.000
   140:      245.000      188.000      338.000      675.000       45.000
   145:      565.000      663.000      832.000      356.000      561.000
   150:       24.000      174.000     1079.000      796.000       19.000
   155:      136.000      302.000      164.000      446.000       61.000
   160:      337.000      148.000      100.000      975.000       18.000
   165:     1178.000      273.000       46.000      470.000      174.000
   170:       33.000       26.000      620.000     1845.000      125.000
   175:       72.000       77.000      782.000      154.000       53.000
   180:        9.000      295.000      190.000      691.000      480.000
   185:       52.000      256.000     1001.000      139.000      798.000
   190:      638.000     3037.000      271.000       47.000     1687.000
   195:       40.000       48.000      117.000       61.000       72.000
   200:     1063.000      250.000       88.000      496.000      410.000
   205:      428.000       29.000      328.000      420.000      249.000
   210:      770.000       56.000       41.000     2107.000      127.000
   215:      202.000       66.000     1878.000      144.000      473.000
   220:      108.000      130.000      319.000      117.000      202.000
   225:      282.000     1407.000       38.000      106.000     1837.000
   230:      100.000      121.000      101.000     1058.000      517.000
   235:      191.000      971.000       58.000      102.000      166.000
   240:      318.000      594.000      103.000      255.000      121.000
   245:      180.000      274.000       41.000       96.000     2659.000
   250:       45.000       45.000     1348.000       64.000      165.000
   255:     1823.000       57.000       65.000      259.000     1215.000
   260:      486.000      107.000      403.000      128.000      144.000
   265:      232.000      209.000      624.000      165.000      132.000
   270:     1930.000      173.000      252.000      929.000      835.000
   275:      225.000      406.000     1458.000      142.000     1545.000
   280:      164.000       36.000      215.000      135.000       77.000
   285:       69.000      112.000      138.000      494.000      486.000
   290:      231.000       57.000      202.000      783.000     1993.000
   295:       11.000      435.000      158.000       67.000      127.000
   300:      113.000       78.000      362.000      148.000       57.000
   305:       97.000       54.000      163.000      232.000      218.000
   310:      854.000        7.000      152.000       75.000      216.000
   315:      255.000     2578.000       49.000       73.000     1097.000
   320:       29.000      787.000     3327.000      150.000      230.000
   325:      138.000      916.000       21.000      415.000      763.000
   330:       64.000      332.000       84.000     1075.000     1379.000
   335:      122.000       99.000      670.000      336.000     1471.000
   340:      117.000       81.000      673.000       53.000      142.000
   345:      310.000     1999.000      411.000     1187.000       56.000
   350:     1008.000      556.000     1053.000       97.000       40.000
   355:       57.000     1643.000      927.000      894.000     1159.000
   360:      204.000       94.000      228.000     1189.000       66.000
   365:     3224.000      107.000       51.000      920.000       61.000
   370:      326.000     1121.000       70.000      101.000      472.000
   375:      566.000      870.000     1131.000       56.000      774.000
   380:       79.000       15.000      878.000       69.000     1158.000
   385:      468.000      100.000      887.000      271.000      120.000
   390:     1268.000       68.000      164.000     1098.000      267.000
   395:      296.000      209.000      723.000      935.000      349.000
   400:      383.000      120.000       27.000       49.000       95.000
   405:     1179.000      261.000     1626.000       64.000      786.000
   410:      104.000     1380.000     1516.000       82.000      135.000
   415:       67.000       86.000     1182.000      627.000      191.000
   420:      236.000      973.000      146.000       37.000      134.000
   425:     1116.000      204.000      138.000     1362.000     1695.000
   430:       70.000       27.000       68.000     1544.000       80.000
   435:     1397.000       54.000     1060.000      160.000     1723.000
   440:       90.000      192.000       43.000     1533.000     1954.000
   445:       58.000       68.000       77.000      130.000      225.000
   450:     1269.000      242.000     1503.000      137.000       65.000
   455:       69.000       59.000       72.000     1578.000      386.000
   460:      149.000      232.000       89.000     1876.000     1543.000
   465:     1677.000       77.000     1088.000     1261.000     1760.000
   470:      129.000      172.000      338.000     1318.000       33.000
   475:      220.000      106.000      178.000      121.000      279.000
   480:      958.000      120.000     2523.000       48.000      133.000
   485:       57.000      873.000     1532.000       82.000     1511.000
   490:      418.000      567.000      260.000      200.000      130.000
   495:      612.000      143.000       81.000     2354.000       44.000
   500:     1341.000       65.000      712.000      286.000     1629.000
   505:      146.000     1060.000       44.000     2152.000      105.000
   510:     1362.000     1664.000       79.000       49.000      215.000
   515:       98.000      295.000       74.000       29.000     1294.000
   520:       38.000     1085.000      194.000       41.000       63.000
   525:     1769.000       56.000       22.000     1456.000     1361.000
   530:      929.000      631.000       29.000       32.000      624.000
   535:     1100.000      482.000       52.000      288.000     1886.000
   540:      353.000       36.000      215.000     1289.000      939.000
   545:      102.000     1810.000      212.000      251.000      833.000
   550:       27.000     2219.000      862.000     1488.000      100.000
   555:      130.000      171.000      141.000      114.000       45.000
   560:      300.000       82.000      802.000       74.000       28.000
   565:       68.000     1388.000      143.000      956.000      484.000
   570:      142.000     1353.000      145.000     1680.000       38.000
   575:     1474.000      462.000     1028.000      510.000      272.000
   580:     1692.000      207.000      300.000      649.000     2470.000
   585:      367.000      774.000      203.000      196.000      383.000
   590:     1045.000      329.000      278.000      829.000     1566.000
   595:        9.000       71.000      112.000      907.000      992.000
   600:      119.000     1031.000      940.000       89.000      598.000
   605:      607.000       65.000       89.000      876.000      929.000
   610:      813.000       26.000        9.000      206.000      729.000
   615:      103.000      466.000      465.000       64.000       62.000
   620:      929.000       17.000       32.000       36.000      143.000
   625:       83.000     2375.000       56.000      227.000     2190.000
   630:     1932.000       23.000      123.000     1228.000     1114.000
   635:     1876.000     1274.000      595.000       56.000       84.000
   640:       88.000     1180.000       52.000      147.000      944.000
   645:       81.000     5132.000       75.000       56.000      170.000
   650:      824.000     1837.000     4093.000       64.000      204.000
   655:      699.000      158.000      958.000      105.000     1159.000
   660:      267.000       89.000     2268.000       68.000       49.000
   665:      178.000     1394.000      370.000     2875.000      124.000
   670:      152.000      994.000      862.000     1980.000     1300.000
   675:     1218.000      835.000      247.000     2244.000     1698.000
   680:      522.000      312.000       68.000       28.000      251.000
   685:     3568.000      112.000       54.000       96.000     1752.000
   690:      773.000     1786.000      111.000     1602.000      909.000
   695:       98.000       15.000     4369.000      159.000       41.000
   700:       74.000      118.000      112.000     2750.000     1882.000
   705:     4910.000       59.000       69.000     3403.000     2888.000
   710:      389.000     1544.000     1153.000      659.000     1222.000
   715:     1505.000       54.000      856.000     1463.000      796.000
   720:     1579.000      117.000      744.000      138.000     1823.000
   725:      899.000      724.000     1958.000     2221.000      408.000
   730:      467.000      171.000      238.000      111.000      243.000
   735:       68.000      124.000      146.000       51.000      289.000
   740:      781.000      602.000      155.000      250.000      299.000
   745:      832.000       21.000       49.000      681.000      165.000
   750:     2447.000       66.000      558.000      117.000      422.000
   755:      876.000      340.000     1279.000      953.000       63.000
   760:      412.000      191.000     1257.000      341.000       27.000
   765:      161.000       26.000      351.000      151.000       93.000
   770:      110.000     1219.000       68.000     2444.000      256.000
   775:       78.000      166.000       38.000      353.000     1694.000
   780:      181.000     1611.000      185.000      201.000       41.000
   785:     1113.000       54.000      418.000     1127.000      550.000
   790:      197.000       36.000       38.000      210.000       40.000
   795:     1573.000      676.000      753.000       54.000      116.000
   800:       53.000      828.000      962.000       61.000      264.000
   805:      144.000     1187.000       17.000     2013.000      997.000
   810:     1289.000       22.000       68.000      558.000      160.000
   815:       65.000     1158.000      795.000       30.000       56.000
   820:       20.000      376.000       64.000      105.000      426.000
   825:       62.000       80.000       33.000      622.000       18.000
   830:      211.000       53.000      300.000      401.000     2395.000
   835:       39.000     1394.000      246.000      116.000      672.000
   840:     1169.000      233.000       32.000      491.000      102.000
   845:      677.000       93.000     1079.000      122.000      144.000
   850:      398.000     1811.000      993.000      463.000     2409.000
   855:       25.000      296.000      140.000       82.000       27.000
   860:       69.000      223.000      350.000      364.000      317.000
   865:      127.000      232.000       67.000      238.000      367.000
   870:      753.000      134.000      431.000      275.000      162.000
   875:      833.000       85.000      559.000      166.000
R:
     0:        1.000    48441.208        0.000
T:
     0:        0.000        0.000        0.000        0.000
W:
     0:        0.000        0.000        0.000
