File: C:\MED-PC IV\Data\Reyes\AW\AW150.999


Start Date: 08/12/24
End Date: 08/12/24
Subject: 50
Experiment: AW
Group: PERC
Box: 6
Start Time: 16:24:17
End Time: 17:14:18
MSN: DRRD_perc
C:       0.000
F:       0.000
G:       0.000
H:       0.000
I:       0.000
J:       0.000
K:    1882.000
L:       0.000
M:       0.000
N:       0.000
O:       0.000
Q:     366.600
S:     428.142
U: 2162725.000
V:       0.000
X:       0.000
Y:    3321.000
Z:       0.000
A:
     0:    15000.013    15000.011    15929.001    16076.003    16111.001
     5:    16513.003    16995.001    17471.003    17726.001    18464.003
    10:    18497.001    18515.003    18676.001    18712.003    19162.001
    15:    19290.003    19349.001    19440.003    19494.001    19962.003
    20:    19993.001    20011.003    20068.001    20116.003    20150.001
    25:    20459.003    20688.005    20906.009    21341.001    21369.003
    30:    21435.001    22376.018    22853.003    22859.016    22909.026
    35:    23062.005    23596.009    23607.005    23621.009    25953.001
    40:    26089.003    26399.001    26709.003    26828.001    27239.003
    45:    27281.001    27391.003    27728.001    28017.003    28130.001
    50:    28215.003    28270.001    28431.003    28456.001    28548.003
    55:    28578.001    28779.003    28869.001    29036.003    29478.001
    60:    29490.003    29542.001    29670.003    29850.001    29964.003
    65:    30003.001    30317.003    30989.005    31312.009    31588.005
    70:    31601.009    31615.005    31632.009    32062.001    32488.003
    75:    32505.001    32595.003    32618.001    32745.003    32862.001
    80:    33127.003    33193.001    33331.003    33715.001    33729.003
    85:    33751.001    34189.003    34291.001    34868.003    35237.005
    90:    35404.009    35614.001    36055.003    36098.001    36189.003
    95:    36264.001    36550.003    36568.001    36712.003    36746.001
   100:    36803.003    36857.001    36871.003    37006.001    37020.003
   105:    37091.001    37610.003    37706.001    38379.003    39029.001
   110:    39192.003    39248.001    39336.003    39451.001    39825.003
   115:    39864.001    40171.003    40339.001    40582.003    41332.001
   120:    41409.003    41595.001    41757.003    42599.001    42619.003
   125:    42641.001    42658.003    42682.001    42911.003    42928.001
   130:    43154.003    43642.001    44583.018    44990.003    44996.016
   135:    45015.001    45046.026    45103.003    45212.005    45215.009
   140:    45237.005    46130.009    48254.005    48345.009    48581.005
   145:    48622.009    48943.001    48958.003    49009.001    49019.003
   150:    49098.001    49227.003    49482.001    49870.003    50055.001
   155:    50205.003    50705.001    50712.003    50730.001    50830.003
   160:    50949.001    51517.003    51555.001    52342.003    52823.001
   165:    52913.003    53008.001    53949.018    54177.003    54183.016
   170:    54197.001    54233.026    54297.003    54394.005    55069.009
   175:    58479.001    58572.003    58616.001    58651.003    58744.001
   180:    59685.018    59795.003    59801.016    59851.026    60051.005
   185:    61210.009    61224.005    61339.009    61432.005    61438.009
   190:    64599.001    64772.003    65168.001    65847.003    65867.001
   195:    65947.003    66351.001    66450.003    66464.001    67350.003
   200:    67934.001    68363.003    68465.001    68517.003    68553.001
   205:    68904.003    69102.001    69290.003    69387.001    69398.003
   210:    69477.001    69975.003    70774.001    70968.003    71162.001
   215:    72103.018    72547.003    72553.016    72567.001    72603.026
   220:    72783.003    73123.001    73497.003    73988.001    74255.003
   225:    74543.001    74576.003    74966.005    76185.009    78560.005
   230:    78680.009    78729.005    78734.009    78737.005    78766.009
   235:    78784.005    78791.009    80983.001    81027.003    81082.001
   240:    81288.003    81317.001    81670.003    81714.001    81914.003
   245:    82083.001    82173.003    82738.005    82760.009    83302.001
   250:    83457.003    83485.001    83704.003    83811.001    83871.003
   255:    83956.001    84495.003    84858.001    85621.003    85915.005
   260:    86587.009    88040.001    88095.003    88237.001    89016.003
   265:    89603.001    89670.003    89826.001    90767.018    90926.003
   270:    90932.016    90982.026    91082.005    91989.009    92156.005
   275:    92201.009    93935.001    94038.003    94234.001    94311.003
   280:    95271.005    95586.009    95897.001    96105.003    96485.001
   285:    96506.003    96651.001    96786.003    96816.001    96913.003
   290:    97284.001    97556.003    97629.001    97658.003    98088.001
   295:    98690.003    98750.001    98910.003    99093.001    99158.003
   300:    99958.001   100867.003   100888.001   101014.003   101181.001
   305:   101214.003   101596.001   101620.003   101641.001   101828.003
   310:   101854.001   101863.003   101935.001   102137.003   102784.005
   315:   103151.009   103197.005   103215.009   103278.005   103347.009
   320:   109737.005   109762.009   109862.005   110177.009   110804.001
   325:   110883.003   110937.001   110988.003   111094.001   111290.003
   330:   111324.001   112265.018   112481.003   112487.016   112537.026
   335:   112538.001   113016.003   113166.001   113393.003   113782.001
   340:   114040.003   114069.001   115010.018   115426.003   115432.016
   345:   115482.026   115572.005   116940.009   117037.005   117050.009
   350:   117067.005   117075.009   117713.005   117810.009   118889.001
   355:   118957.003   119018.001   119080.003   120874.005   121329.009
   360:   121451.005   121613.009   123206.001   123583.003   124265.001
   365:   124450.003   124479.001   125085.003   125139.001   125710.003
   370:   126121.001   126428.003   126461.001   126809.003   126895.001
   375:   127332.003   127371.001   127893.003   128467.001   128549.003
   380:   128585.001   129526.018   130492.003   130498.016   130548.026
   385:   130551.017   130693.005   131339.009   131365.005   131546.009
   390:   131581.005   131612.009   132832.001   133246.003   133254.017
   395:   133745.001   134703.018   135174.003   135180.016   135230.026
   400:   135233.017   135254.005   136460.009   137484.001   137865.003
   405:   137873.017   137997.001   139042.003   139133.005   139464.009
   410:   140247.001   141311.018   141472.003   141478.016   141528.026
   415:   141531.017   141669.005   142450.009   142710.005   142744.009
   420:   146145.005   146205.009   146923.001   147319.003   147327.017
   425:   147331.001   147411.003   147442.001   147604.003   147647.001
   430:   148000.003   148252.001   148361.003   149206.001   149550.003
   435:   150588.001   151123.003   151241.001   151402.003   152530.001
   440:   152703.003   153387.001   153482.003   153579.001   153959.003
   445:   154185.001   154582.003   154675.001   154759.003   154779.001
   450:   154944.003   155660.005   155853.009   156210.001   156486.003
   455:   156512.001   156639.003   156657.001   156681.003   156749.001
   460:   156867.003   156949.001   157693.003   157847.005   158237.009
   465:   159286.001   159520.003   159570.001   160265.003   160425.001
   470:   160592.003   161156.001   161247.003   161289.001   161370.003
   475:   161486.001   162399.003   162420.001   162507.003   162531.001
   480:   162555.003   163618.001   164622.003   164711.001   164738.003
   485:   164764.001   165491.003   166209.001   166475.003   166511.001
   490:   166644.003   167688.001   168313.003   169044.005   169239.009
   495:   172234.005   172366.009   174562.001   174622.003   174742.001
   500:   175846.003   176222.001   176466.003   176785.005   176999.009
   505:   177329.001   177635.003   177672.001   177855.003   177883.001
   510:   178178.003   178594.001   178652.003   179234.001   179944.003
   515:   181173.001   182183.003   182209.001   182405.003   183476.001
   520:   183651.003   183740.001   183959.003   183992.001   184073.003
   525:   184524.001   185639.018   186178.003   186184.016   186205.001
   530:   186234.026   186265.003   186365.005   187032.009   187042.005
   535:   187341.009   187374.005   187562.009   188891.001   189061.003
   540:   189152.001   189384.003   189492.001   189678.003   190446.001
   545:   190537.003   190972.005   191126.009   191436.005   191592.009
   550:   194234.005   194241.009   194247.005   194290.009   195027.001
   555:   195522.003   195673.001   195818.003   195840.001   196558.003
   560:   197561.001   197579.003   197636.001   197766.003   197805.001
   565:   197849.003   198143.001   198728.003   198748.001   198844.003
   570:   198858.001   199679.003   201510.001   201552.003   201886.001
   575:   201911.003   201949.001   202003.003   202011.001   202025.003
   580:   202046.001   203161.018   203379.003   203385.016   203424.001
   585:   203435.026   203900.003   204070.005   204912.009   204954.005
   590:   205184.009   206317.005   206352.009   206362.005   206367.009
   595:   206452.005   206472.009   206526.005   206592.009   207229.005
   600:   207532.009   208229.001   209322.003   209359.001   209756.003
   605:   209909.005   210385.009   210859.001   211833.003   212371.001
   610:   213390.003   213621.001   214171.003   215266.001   215412.003
   615:   216447.005   216568.009   216619.005   216626.009   221986.001
   620:   222140.003   222521.005   222930.009   224873.001   225045.003
   625:   225229.001   225350.003   225871.001   225926.003   225956.001
   630:   225970.003   226001.001   226259.003   226413.001   226870.003
   635:   227203.005   227336.009   237148.005   237159.009   237243.005
   640:   237362.009   249921.005   249942.009   251905.001   251960.003
   645:   252015.001   252056.003   252173.001   252536.003   252578.001
   650:   252831.003   252890.001   252974.003   253050.001   253124.003
   655:   253247.001   253305.003   253323.001   253392.003   254305.005
   660:   254532.009   254804.001   255897.003   256100.001   256204.003
   665:   256416.001   256469.003   256710.001   256788.003   256833.001
   670:   256970.003   257397.001   258512.018   258670.003   258676.016
   675:   258726.026   258799.005   260017.009   263246.005   263558.009
   680:   263750.005   264174.009   264933.001   265603.003   266331.001
   685:   266720.003   270243.005   270327.009   270404.005   270529.009
   690:   270928.001   271538.003   271627.001   271692.003   271715.001
   695:   272085.003   272122.001   272246.003   272269.001   272454.003
   700:   272574.001   272622.003   272933.001   274013.003   274120.005
   705:   274619.009   275151.001   275455.003   275537.001   275971.003
   710:   276915.001   277635.003   278168.001   278855.003   278991.001
   715:   279034.003   279065.001   279327.003   279950.001   280075.003
   720:   280133.001   280196.003   280207.001   280226.003   281077.005
   725:   281278.009   284362.001   284738.003   284829.001   285076.003
   730:   287022.001   288023.003   288047.001   288234.003   292317.005
   735:   292553.009   295199.005   295536.009   296477.005   296741.009
   740:   315252.001   315321.003   315461.001   315514.003   316290.001
   745:   316499.003   316518.001   317481.003   317647.001   317660.003
   750:   318852.001   318892.003   318951.001   319091.003   319114.001
   755:   319580.003   319639.001   319656.003   319833.001   320247.003
   760:   320401.005   320708.009   321179.001   321186.003   321364.001
   765:   321478.003   321500.001   322153.003   323059.001   324064.003
   770:   324485.001   324822.003   325178.001   325658.003   325676.001
   775:   325838.003   326013.005   326342.009   326739.001   327118.003
   780:   327191.001   328306.018   328463.003   328469.016   328519.026
   785:   328603.005   329813.009   329904.005   330053.009   330082.005
   790:   330099.009   330159.005   330604.009   332457.001   333060.003
   795:   333667.001   333906.003   333919.001   334526.003   334540.001
   800:   334776.003   335413.001   336458.003   337288.001   338005.003
   805:   338086.001   338455.003   338668.001   339085.003   339614.005
   810:   339647.009   339670.005   340108.009   340449.001   341564.018
   815:   342488.003   342494.016   342502.001   342544.026   342647.003
   820:   342740.005   343589.009   343938.005   343981.009   344065.005
   825:   344112.009   345235.001   345424.003   345617.001   345668.003
   830:   345716.001   346204.003   346373.001   346410.003   347104.001
   835:   348219.018   348264.003   348270.016   348314.001   348320.026
   840:   348717.003   348732.001   348872.003   348980.005   350054.009
   845:   350103.005   350165.009   351617.001   352085.003   352107.001
   850:   352950.003   353518.001   353886.003   353945.001   354311.003
   855:   354540.001   354811.003   355384.001   355677.003   356112.005
   860:   356382.009   356647.001   356983.003   357063.001   357970.003
   865:   358013.001   358208.003   358238.001   358281.003   358294.001
   870:   358462.003   358966.001   359222.003   359254.001   359493.003
   875:   359665.001   359839.003   360001.001   360031.003   360949.001
   880:   361115.003   361918.001   362357.003   363251.001   364366.018
   885:   364426.003   364432.016   364480.001   364482.026   364674.003
   890:   365880.001   366654.003   366887.001   367293.003   367330.001
   895:   367405.003   367595.001   367641.003   368023.001   369131.003
   900:   369421.001   369493.003   369554.001   370580.003   371127.001
   905:   371193.003   371276.001   371463.003   371484.001   371709.003
   910:   372655.001   373434.003   373450.001   373499.003   373526.001
   915:   373940.003   374530.001   375639.003   375668.001   375736.003
   920:   375981.001   376125.003   376810.005   376835.009   376893.005
   925:   377886.009   378493.005   378827.009   379726.001   379827.003
   930:   380505.001   380568.003   380670.001   380871.003   381429.005
   935:   381555.009   381593.005   381605.009   381969.005   382004.009
   940:   382025.005   382294.009   391276.005   391659.009   392614.005
   945:   392617.009   392650.005   392884.009   393438.001   394553.018
   950:   394579.003   394585.016   394635.026   394640.001   394773.003
   955:   394911.005   395988.009   396000.005   396115.009   396807.001
   960:   396934.003   397329.001   398320.003   398373.001   399259.003
   965:   400074.005   400194.009   400913.001   402028.018   402224.003
   970:   402230.016   402280.026   402302.005   403367.009   404281.001
   975:   404825.003   404900.001   404968.003   405071.001   405681.003
   980:   406142.001   406783.003   407207.001   407387.003   407453.001
   985:   407616.003   407634.001   408492.003   409034.001   410149.018
   990:   410560.003   410566.016   410616.026   410741.005   411475.009
   995:   411520.005   411542.009   412758.001   413366.003   413446.001
  1000:   413699.003   414096.001   414238.003   414462.001   415153.003
  1005:   415177.001   416062.003   416077.001   416327.003   416394.001
  1010:   416548.003   417222.005   417388.009   417510.005   417800.009
  1015:   418444.001   419559.018   420853.003   420859.016   420909.026
  1020:   420912.017   422361.005   422821.009   422947.005   422979.009
  1025:   423328.001   423938.003   423946.017   423960.001   424729.003
  1030:   425455.001   426184.003   426235.001   427294.003   427341.001
  1035:   427982.003   428758.001   430018.018   430576.003   430582.016
  1040:   430632.026   430635.017   430680.001   430705.003   430794.005
  1045:   431372.009   431398.005   431480.009   431553.005   431570.009
  1050:   431675.005   431721.009   431769.005   431859.009   433730.005
  1055:   433852.009   434412.001   435000.003   435179.001   435846.003
  1060:   435854.017   436049.001   436964.003   436972.017   437236.005
  1065:   437606.009   437733.005   437848.009   438289.001   439284.003
  1070:   439292.017   439400.005   439757.009   440150.001   440476.003
  1075:   440554.001   441449.003   441468.001   441692.003   442292.001
  1080:   443441.003   443464.001   444060.003   444594.001   444790.003
  1085:   444893.001   445191.003   445523.005   445682.009   446549.005
  1090:   446661.009   447063.001   448307.003   448513.001   448626.003
  1095:   448672.001   448716.003   449139.001   449407.003   450042.001
  1100:   450254.003   450289.001   450828.003   450941.001   451653.003
  1105:   451885.001   453128.003   453550.001   453806.003   453910.001
  1110:   455282.018   456099.003   456105.016   456114.001   456155.026
  1115:   456244.003   456341.005   457199.009   457947.005   458053.009
  1120:   458741.001   459886.003   459915.001   460534.003   460730.001
  1125:   461255.003   461283.005   461753.009   464953.001   465227.003
  1130:   465261.001   466633.018   467162.003   467168.016   467218.026
  1135:   467258.001   467279.003   467352.005   468133.009   468143.005
  1140:   468158.009   468204.005   468459.009   468498.005   468555.009
  1145:   468563.005   468667.009   469458.001   470830.018   472814.003
  1150:   472820.016   472863.001   472870.026   472873.017   472896.003
  1155:   472904.017   472966.005   473620.009   473657.005   473667.009
  1160:   474770.001   474881.003   474967.001   475262.003   475308.001
  1165:   475623.003   475681.001   476359.003   476441.005   476837.009
  1170:   476848.005   476853.009   477237.001   478866.018   479660.003
  1175:   479666.016   479716.026   479719.017   479765.005   479850.009
  1180:   480120.005   481579.009   481713.005   481721.009   483504.001
  1185:   484218.003   484226.017   484477.001   484505.003   485154.001
  1190:   485569.003   485596.001   486041.003   486065.001   486675.003
  1195:   486789.005   487136.009   487342.005   487388.009   495601.005
  1200:   495644.009   495653.005   495680.009   496949.001   497326.003
  1205:   497364.001   497826.003   497838.001   497899.003   497953.001
  1210:   498143.003   498846.001   499157.003   499205.001   500297.003
  1215:   500473.001   500498.003   500957.001   500996.003   501182.001
  1220:   502051.003   502089.001   502402.003   502431.001   502568.003
  1225:   503235.001   503437.003   503551.001   503691.003   503739.001
  1230:   503831.003   503859.001   504207.003   504247.001   504754.003
  1235:   504772.001   504925.003   505126.001   505413.003   506012.005
  1240:   506329.009   506646.001   506825.003   506930.001   506960.003
  1245:   507043.001   507175.003   507268.001   507356.003   507641.001
  1250:   507693.003   507709.001   508778.003   509501.001   510136.003
  1255:   510661.001   510992.003   511425.005   511580.009   512045.001
  1260:   512105.003   512155.001   512534.003   512819.001   512862.003
  1265:   512881.001   513972.003   514023.001   514795.003   514843.001
  1270:   514951.003   515104.001   515431.003   515541.001   515618.003
  1275:   515670.001   515943.003   516030.001   516320.003   517044.005
  1280:   517376.009   517763.001   517942.003   517955.001   518107.003
  1285:   518208.001   518622.003   518668.001   519264.003   519980.001
  1290:   521669.003   522525.005   523004.009   524487.005   524796.009
  1295:   525539.001   525954.003   525969.001   527117.003   527242.001
  1300:   528015.003   528055.001   528284.003   528692.001   529252.003
  1305:   529995.001   531784.018   531861.003   531867.016   531917.026
  1310:   532842.005   533948.009   533956.005   534148.009   535153.005
  1315:   535195.009   535212.005   535252.009   535828.005   535960.009
  1320:   536466.001   537441.003   537723.001   537772.003   538294.001
  1325:   538580.003   539035.001   539292.003   539331.001   540001.003
  1330:   540224.005   540529.009   541177.005   541428.009   543030.001
  1335:   543183.003   543387.001   544814.003   544835.001   545514.003
  1340:   545525.001   545765.003   546826.001   547305.003   547341.001
  1345:   547566.003   547716.001   549250.003   549270.001   549398.003
  1350:   549432.001   550560.003   550622.001   551565.003   551634.001
  1355:   551665.003   551815.001   552009.003   552333.005   552786.009
  1360:   553552.005   553638.009   555414.005   555519.009   556064.001
  1365:   556459.003   556570.001   558359.018   558519.003   558525.016
  1370:   558575.026   558641.001   558655.003   558742.005   559680.009
  1375:   559706.005   559736.009   561404.001   561755.003   561982.001
  1380:   563428.003   563816.005   563943.009   565831.005   566274.009
  1385:   567022.001   568811.018   569684.003   569690.016   569740.026
  1390:   569940.005   570641.009   570654.005   570715.009   574653.001
  1395:   574895.003   576245.005   576364.009   590481.005   590602.009
  1400:   592691.001   593646.003   593668.001   594692.003   594738.001
  1405:   594967.003   595085.001   595744.003   595791.001   596401.003
  1410:   597232.001   597487.003   597537.001   597750.003   598002.001
  1415:   598303.003   598321.001   599161.003   599217.001   599784.003
  1420:   599867.001   600120.003   600702.001   600726.003   600790.001
  1425:   602281.003   602312.001   602418.003   602589.001   604378.018
  1430:   605896.003   605902.016   605952.026   606599.005   607627.009
  1435:   607633.005   607661.009   611192.001   611804.003   611867.001
  1440:   612763.003   613356.001   614645.003   614714.001   614951.003
  1445:   616113.005   616377.009   616866.001   617962.003   618193.001
  1450:   619921.003   619955.001   620077.003   620113.001   620177.003
  1455:   620342.001   620898.003   620952.001   620983.003   621017.001
  1460:   621640.003   622410.005   622624.009   623522.001   623555.003
  1465:   625497.001   627286.018   627943.003   627949.016   627999.026
  1470:   628155.005   628646.009   628690.005   629431.009   634068.005
  1475:   634111.009   635373.001   636454.003   636599.001   636721.003
  1480:   636787.001   637345.003   637362.001   637734.003   637949.001
  1485:   638455.003   639118.001   639174.003   639523.005   639878.009
  1490:   640784.001   641881.003   642626.001   643534.003   645115.001
  1495:   645711.003   645779.001   646264.003   646375.001   646537.003
  1500:   646588.001   646713.003   646887.001   647131.003   647163.001
  1505:   648212.003   648392.001   648554.003   649116.005   649143.009
  1510:   649162.005   649395.009   649687.005   650360.009   651121.001
  1515:   652229.003   652248.001   652254.003   652272.001   654061.018
  1520:   654174.003   654180.016   654230.026   654319.005   655126.009
  1525:   655159.005   655165.009   655176.005   655243.009   657267.005
  1530:   657334.009   657943.001   658081.003   658134.001   658909.003
  1535:   660046.001   660436.003   661494.001   662716.003   662739.001
  1540:   663432.003   663664.005   664173.009   664647.001   665094.003
  1545:   665575.001   666777.003   667017.005   667349.009   667947.001
  1550:   669736.018   670947.003   670953.016   671003.026   671078.005
  1555:   672865.009   675899.001   675948.003   676229.001   676435.003
  1560:   677047.005   677114.009   677788.001   679370.003   679442.001
  1565:   679609.003   681773.005   681923.009   682068.005   682262.009
  1570:   682696.001   683399.003   683480.001   684654.003   684734.001
  1575:   685813.003   687828.001   687866.003   688196.001   688259.003
  1580:   688284.001   688597.003   688819.001   688972.003   689026.001
  1585:   689479.003   689730.001   689964.003   691058.005   691455.009
  1590:   691536.005   691547.009   691554.005   691693.009   691987.001
  1595:   692395.003   692434.001   694223.018   694975.003   694981.016
  1600:   695031.026   695102.005   695760.009   695780.005   695857.009
  1605:   698059.001   698497.003   698546.001   698715.003   700012.001
  1610:   700404.003   701122.001   701236.003   701782.005   702082.009
  1615:   702845.005   702848.009   702856.005   703194.009   704195.001
  1620:   704266.003   704551.001   704922.003   705166.001   705454.003
  1625:   705478.001   705644.003   705952.005   706333.009   706714.001
  1630:   708474.003   709014.001   709373.003   709915.001   710163.003
  1635:   710209.001   710750.003   712082.001   712197.003   712382.001
  1640:   712441.003   712765.001   714076.003   714892.001   716238.003
  1645:   717158.001   718430.003   718455.001   718625.003   719516.005
  1650:   719972.009   721293.005   721393.009   721745.001   721987.003
  1655:   722190.001   723979.018   724400.003   724406.016   724456.026
  1660:   724640.005   725662.009   728002.001   728974.003   729013.001
  1665:   729499.003   730247.001   730302.003   730316.001   730649.003
  1670:   730660.001   731807.003   731879.001   732013.003   732042.001
  1675:   732732.003   733408.001   734836.003   735447.001   735636.003
  1680:   736084.005   736302.009   736638.001   736712.003   736724.001
  1685:   737060.003   737309.001   738067.003   738112.001   738284.003
  1690:   738785.001   739052.003   739114.001   740903.018   741409.003
  1695:   741415.016   741465.026   741521.001   741537.003   741623.005
  1700:   742312.009   745544.005   745608.009   746118.001   746853.003
  1705:   746880.001   748249.003   748272.001   748663.003   748760.001
  1710:   749759.003   750231.001   751656.003   751963.001   752112.003
  1715:   753273.001   755062.018   755521.003   755527.016   755577.026
  1720:   755651.005   756452.009   756488.005   756751.009   757978.005
  1725:   758019.009   758066.005   758170.009   758620.005   758724.009
  1730:   761475.001   761603.003   761710.001   761865.003   762091.001
  1735:   762125.003   762353.001   763991.003   764061.001   764544.003
  1740:   765046.001   766113.003   766217.001   766321.003   766441.001
  1745:   766821.003   767465.005   767534.009   767986.001   768213.003
  1750:   768346.001   769012.003   769036.001   769672.003   770308.005
  1755:   770486.009   770625.005   770807.009   771154.001   771339.003
  1760:   771348.001   772271.003   772317.001   772546.003   773041.001
  1765:   774060.003   774501.001   774542.003   774569.001   774868.003
  1770:   775167.001   775471.003   776245.001   777178.003   777222.001
  1775:   777411.003   777508.001   777711.003   778907.005   779062.009
  1780:   779348.001   779694.003   779767.001   779954.003   780101.001
  1785:   780595.003   780690.001   780722.003   780979.001   781284.003
  1790:   782222.001   782237.003   782293.001   782672.003   782795.005
  1795:   783255.009   784926.001   785064.003   785082.001   785121.003
  1800:   785248.001   785307.003   785361.001   785454.003   785481.001
  1805:   786662.003   787284.001   789073.018   789389.003   789395.016
  1810:   789445.026   789722.005   790408.009   790517.005   790579.009
  1815:   792437.001   792903.003   793003.001   793431.003   793459.001
  1820:   793583.003   794116.001   795905.018   796213.003   796219.016
  1825:   796269.026   796311.001   796322.003   796398.005   797196.009
  1830:   797201.005   797737.009   797799.005   797921.009   798186.005
  1835:   798302.009   799687.001   800223.003   800304.001   800560.003
  1840:   801652.001   802727.003   803156.001   803603.003   803778.001
  1845:   804040.003   804717.001   805180.003   805209.001   805263.003
  1850:   805346.001   806047.003   806821.005   807073.009   807438.001
  1855:   808551.003   808584.001   809005.003   809061.001   809209.003
  1860:   809232.001   809578.003   810002.001   811491.003   811630.001
  1865:   812290.003   812873.001   812920.003   812926.001   814714.003
  1870:   815422.001   815950.003   816021.001   816400.003   816746.001
  1875:   817930.003   819303.005   819307.009   819330.005   819510.009
  1880:   819847.001   820127.003   820156.001   820218.003   820275.001
  1885:   821027.003   821064.001   822618.003   823687.001   824010.003
  1890:   825043.001   825647.003   825853.001   825895.003   826791.001
  1895:   827081.003   828642.001   828820.003   828848.001   829071.003
  1900:   829103.001   829110.003   829255.001   829759.003   829834.001
  1905:   830276.003   830823.001   830904.003   830923.001   831440.003
  1910:   831522.001   831572.003   831661.001   832358.003   833304.001
  1915:   833909.003   834928.001   835011.003   835320.001   835925.003
  1920:   836631.001   836937.003   836960.001   837047.003   837064.001
  1925:   838294.003   838321.001   838906.003   838966.001   838982.003
  1930:   839002.001   839030.003   839675.005   839826.009   839969.005
  1935:   840224.009   840626.001   841404.003   841478.001   842190.003
  1940:   842775.005   842947.009   843345.001   843404.003   843443.001
  1945:   843461.003   843641.001   843920.003   845132.001   846762.003
  1950:   846911.001   847038.003   847212.001   848412.003   848467.001
  1955:   849020.003   849713.001   849894.003   849902.001   851276.003
  1960:   852057.001   853846.018   854269.003   854275.016   854325.026
  1965:   854464.005   855151.009   855172.005   855209.009   855228.005
  1970:   855254.009   856299.001   856320.003   856995.001   857493.003
  1975:   857515.001   858033.003   858073.001   858427.003   858442.001
  1980:   858754.003   858770.001   859765.003   860513.001   860624.003
  1985:   860945.001   861037.003   861187.001   862685.003   864113.001
  1990:   865902.018   865924.003   865930.016   865969.001   865980.026
  1995:   866246.003   866378.005   867606.009   867628.005   867663.009
  2000:   868699.001   869062.003   869156.001   869933.003   869962.001
  2005:   870336.003   870501.001   871555.003   872276.001   872330.003
  2010:   872577.001   873124.003   873140.001   873912.003   873924.001
  2015:   874652.003   874700.001   875221.003   875842.005   876129.009
  2020:   877202.001   878229.003   878258.001   878990.003   879367.001
  2025:   879624.003   879694.001   879722.003   879742.001   879865.003
  2030:   880062.001   880193.003   880206.001   880912.003   882098.001
  2035:   882172.003   882189.001   883665.003   883691.001   884699.003
  2040:   884952.001   884990.003   885054.001   885146.003   885291.001
  2045:   885360.003   885586.001   886506.003   886529.001   886627.003
  2050:   886742.001   888302.003   888315.001   888665.003   888723.001
  2055:   889048.003   889116.001   889759.003   889827.001   890251.003
  2060:   890704.001   891598.003   893007.005   893292.009   893792.001
  2065:   893869.003   893894.001   893986.003   894046.001   895395.003
  2070:   896205.001   897593.003   897742.001   897781.003   897825.001
  2075:   897928.003   897977.001   899450.003   899533.001   899968.003
  2080:   900216.005   900929.009   902103.001   902300.003   902407.001
  2085:   902415.003   902530.001   903942.003   903982.001   905326.003
  2090:   905656.005   905797.009   905836.005   906055.009   906546.001
  2095:   906671.003   913685.001   913961.003   914060.001   914164.003
  2100:   914570.005   914728.009   929716.005   929732.009   929737.005
  2105:   930074.009   930112.005   930128.009   931120.005   931169.009
  2110:   931173.005   931179.009   937690.001   937726.003   938248.001
  2115:   938312.003   938912.001   939110.003   939383.001   940085.003
  2120:   940095.001   940406.003   940472.001   941245.003   941347.001
  2125:   941638.003   941800.001   942000.003   942180.001   942275.003
  2130:   942782.001   943039.003   943100.001   943134.003   943473.001
  2135:   943996.003   944012.001   944204.003   944855.005   944864.009
  2140:   945038.005   945309.009   945314.005   945344.009   946593.001
  2145:   946707.003   947184.001   947313.003   947385.001   947428.003
  2150:   948212.001   949976.003   950371.001   951579.003   951594.001
  2155:   951948.003   952721.001   952893.003   952918.001   953500.003
  2160:   954008.005   954208.009   955624.005   955722.009   963858.005
  2165:   964333.009   965422.005   965437.009   965439.005   965653.009
  2170:   966126.001   966786.003   966812.001   967594.003   967605.001
  2175:   967886.003   967926.001   968470.003   968481.001   969404.003
  2180:   969630.001   969911.003   969924.001   970223.003   970812.001
  2185:   970845.003   970882.001   970975.003   971091.001   972537.003
  2190:   973442.001   974304.003   974336.001   974686.003   975021.001
  2195:   975282.003   976244.001   976425.003   976512.001   976704.003
  2200:   976897.001   977753.003   978235.001   978277.003   978311.001
  2205:   979002.003   979112.001   980157.003   980191.001   980506.003
  2210:   980611.001   981039.003   981054.001   981656.003   982013.005
  2215:   982653.009   990317.001   990409.003   990553.001   991131.003
  2220:   991176.001   991222.003   991237.001   991838.003   991863.001
  2225:   991939.003   992024.001   992574.003   993062.001   994707.003
  2230:   994723.001   995219.003   995249.001   995418.003   996098.001
  2235:   997363.003   997393.001   998740.003   999310.005   999404.009
  2240:  1001164.005  1001281.009  1007184.005  1007253.009  1008346.001
  2245:  1009841.003  1009900.001  1011168.003  1011573.001  1012193.003
  2250:  1012647.005  1012983.009  1013410.001  1014191.003  1014865.005
  2255:  1014956.009  1015487.001  1015743.003  1022317.005  1022510.009
  2260:  1022589.005  1022608.009  1022630.005  1024148.009  1024240.005
  2265:  1024768.009  1024902.005  1024967.009  1025231.005  1025613.009
  2270:  1026640.005  1028155.009  1028226.005  1028456.009  1028476.005
  2275:  1029061.009  1029236.005  1029515.009  1029650.005  1029658.009
  2280:  1029784.005  1031464.009  1031529.005  1031543.009  1032612.005
  2285:  1032715.009  1032745.005  1033308.009  1033355.005  1033366.009
  2290:  1034406.005  1035991.009  1036984.005  1037046.009  1037633.001
  2295:  1037670.003  1037903.001  1037939.003  1038034.001  1038251.003
  2300:  1038304.001  1038558.003  1038693.001  1039454.003  1039743.001
  2305:  1039799.003  1039826.001  1040270.003  1040937.001  1041057.003
  2310:  1041163.001  1041277.003  1041396.001  1041436.003  1041479.001
  2315:  1041580.003  1042341.001  1042479.003  1042499.001  1043363.003
  2320:  1043385.001  1043522.003  1043590.001  1043767.003  1043994.001
  2325:  1044360.003  1045239.001  1045661.003  1046307.005  1046316.009
  2330:  1047430.001  1047704.003  1047756.001  1048088.003  1048111.001
  2335:  1048416.003  1048423.001  1048579.003  1048587.001  1049813.003
  2340:  1049836.001  1049954.003  1051419.001  1052769.003  1052790.001
  2345:  1053509.003  1054908.005  1054927.009  1054933.005  1055259.009
  2350:  1056381.001  1056712.003  1056740.001  1057085.003  1057599.001
  2355:  1057865.003  1057884.001  1058621.003  1058648.001  1058791.003
  2360:  1059835.001  1060282.003  1060302.001  1061186.003  1061437.001
  2365:  1062344.003  1063000.001  1063893.003  1064506.005  1065190.009
  2370:  1065260.005  1065280.009  1071181.005  1071341.009  1076618.005
  2375:  1076850.009  1095223.001  1095238.003  1095340.001  1095429.003
  2380:  1095536.001  1095672.003  1095803.001  1095841.003  1096453.001
  2385:  1097184.003  1097197.001  1097895.003  1098041.001  1098875.003
  2390:  1099678.001  1101182.003  1101235.001  1101386.003  1101449.001
  2395:  1101995.003  1102471.005  1102993.009  1104167.001  1104216.003
  2400:  1104440.001  1104963.003  1105126.001  1105295.003  1106746.001
  2405:  1107079.003  1107094.001  1107142.003  1107166.001  1108955.018
  2410:  1109505.003  1109511.016  1109561.026  1109613.001  1109626.003
  2415:  1109693.005  1110649.009  1110678.005  1110825.009  1112674.001
  2420:  1112842.003  1114296.001  1115407.003  1116099.005  1116120.009
  2425:  1117079.001  1117113.003  1117268.001  1117498.003  1117586.001
  2430:  1117979.003  1118176.001  1118262.003  1118406.001  1119136.003
  2435:  1119444.001  1119867.003  1120164.005  1120695.009  1121815.001
  2440:  1121846.003  1121908.001  1121957.003  1122217.001  1122477.003
  2445:  1122526.001  1124125.003  1125110.001  1126899.018  1126988.003
  2450:  1126994.016  1127011.001  1127044.026  1127127.003  1127196.005
  2455:  1127961.009  1127976.005  1128048.009  1128054.005  1128253.009
  2460:  1128271.005  1128470.009  1128496.005  1128522.009  1128559.005
  2465:  1128592.009  1128662.005  1128909.009  1130256.001  1131446.003
  2470:  1131625.001  1131771.003  1132321.005  1132547.009  1132557.005
  2475:  1132574.009  1133589.001  1133950.003  1134004.001  1134828.003
  2480:  1134882.001  1135112.003  1135279.001  1136354.003  1137875.001
  2485:  1138985.003  1139046.001  1139279.003  1139755.005  1140053.009
  2490:  1141681.001  1142513.003  1142592.001  1143500.003  1143532.001
  2495:  1143994.003  1144124.001  1144265.003  1144280.001  1144574.003
  2500:  1144674.001  1145304.003  1145375.001  1146394.003  1146431.001
  2505:  1146505.003  1146584.001  1146782.003  1146883.001  1146965.003
  2510:  1147785.001  1149370.003  1149385.001  1149410.003  1150094.001
  2515:  1150130.003  1150192.001  1151373.003  1151389.001  1151450.003
  2520:  1151458.001  1153248.018  1154325.003  1154331.016  1154381.026
  2525:  1154547.005  1155301.009  1158846.001  1159182.003  1159280.001
  2530:  1160673.003  1161123.005  1161160.009  1161214.005  1161578.009
  2535:  1161646.005  1161662.009  1162230.001  1162746.003  1162835.001
  2540:  1163888.003  1164018.001  1164085.003  1164668.001  1166457.018
  2545:  1166729.003  1166735.016  1166785.026  1166833.005  1167523.009
  2550:  1167555.005  1167767.009  1167917.005  1168060.009  1168069.005
  2555:  1168297.009  1168449.005  1168463.009  1168836.005  1169015.009
  2560:  1169072.005  1169080.009  1169204.005  1169228.009  1169250.005
  2565:  1169268.009  1169633.005  1169679.009  1169708.005  1169928.009
  2570:  1169946.005  1169967.009  1171368.001  1172252.003  1172369.001
  2575:  1172477.003  1172519.001  1173022.003  1173074.001  1173231.003
  2580:  1173290.001  1173817.003  1174265.001  1176054.018  1176307.003
  2585:  1176313.016  1176363.026  1176459.001  1176479.003  1176608.005
  2590:  1177625.009  1177634.005  1177904.009  1178080.005  1178375.009
  2595:  1178390.005  1178756.009  1178879.005  1178911.009  1179777.001
  2600:  1179887.003  1179967.001  1181756.018  1182328.003  1182334.016
  2605:  1182384.026  1182435.005  1182941.009  1183007.005  1184250.009
  2610:  1184286.005  1184329.009  1184414.005  1184523.009  1184565.005
  2615:  1184599.009  1184703.005  1184971.009  1184987.005  1184995.009
  2620:  1186797.005  1187578.009  1188102.005  1189276.009  1189604.005
  2625:  1189833.009  1190505.001  1190571.003  1190642.001  1190676.003
  2630:  1190919.001  1191149.003  1191265.001  1191404.003  1191455.001
  2635:  1191483.003  1191768.001  1192046.003  1192077.001  1193110.003
  2640:  1193658.005  1193751.009  1193823.005  1194079.009  1194081.005
  2645:  1194086.009  1194090.005  1194127.009  1194812.001  1196601.018
  2650:  1196709.003  1196715.016  1196765.026  1196892.005  1198364.009
  2655:  1198388.005  1198416.009  1198545.005  1198658.009  1198703.005
  2660:  1198754.009  1199461.001  1201250.018  1201510.003  1201516.016
  2665:  1201566.026  1201800.005  1202335.009  1202491.005  1202499.009
  2670:  1202558.005  1202579.009  1202803.005  1202982.009  1203819.005
  2675:  1203887.009  1203906.005  1204036.009  1204328.005  1204490.009
  2680:  1205691.001  1205962.003  1206076.001  1207719.003  1207821.001
  2685:  1207884.003  1207988.001  1208387.003  1208572.001  1208673.003
  2690:  1208720.001  1210368.003  1210963.005  1211187.009  1211906.001
  2695:  1213695.018  1213703.003  1213709.016  1213759.026  1213813.001
  2700:  1213828.003  1213905.005  1214862.009  1215379.005  1215543.009
  2705:  1215681.005  1215719.009  1215726.005  1215909.009  1216704.001
  2710:  1217305.003  1217451.001  1218503.003  1218769.001  1219060.003
  2715:  1219161.001  1219230.003  1219975.001  1221764.018  1221848.003
  2720:  1221854.016  1221904.026  1221962.005  1223466.009  1223491.005
  2725:  1223622.009  1223841.005  1224450.009  1224674.005  1224872.009
  2730:  1224891.005  1224926.009  1226248.001  1227727.003  1228162.005
  2735:  1228218.009  1228863.001  1229649.003  1229731.001  1230299.003
  2740:  1230342.001  1230978.003  1230996.001  1232493.003  1233217.001
  2745:  1233271.003  1233595.001  1235173.003  1235352.001  1235997.003
  2750:  1236049.001  1236771.003  1236847.001  1236990.003  1237605.001
  2755:  1237861.003  1237924.001  1238061.003  1238075.001  1238348.003
  2760:  1239031.001  1239331.003  1239340.001  1239873.003  1239880.001
  2765:  1240406.003  1240852.005  1241172.009  1241732.001  1241800.003
  2770:  1241833.001  1243257.003  1244027.001  1245047.003  1245116.001
  2775:  1245854.003  1246044.001  1246062.003  1246142.001  1246289.003
  2780:  1247470.001  1248623.003  1248736.001  1249023.003  1249042.001
  2785:  1249071.003  1249102.001  1249128.003  1249337.001  1249359.003
  2790:  1249707.005  1250178.009  1250231.005  1250254.009  1250274.005
  2795:  1250780.009  1250872.005  1250882.009  1252138.001  1253927.018
  2800:  1254025.003  1254031.016  1254081.026  1254141.001  1254166.003
  2805:  1254239.005  1255052.009  1255190.005  1255275.009  1257405.001
  2810:  1257676.003  1257715.001  1258599.003  1258611.001  1260151.003
  2815:  1260717.005  1260922.009  1261550.001  1261795.003  1261852.001
  2820:  1263112.003  1263167.001  1263424.003  1263885.001  1264037.003
  2825:  1264049.001  1265601.003  1266110.001  1266212.003  1266248.001
  2830:  1266454.003  1266506.001  1266629.003  1266648.001  1266793.003
  2835:  1266802.001  1266814.003  1266830.001  1267834.003  1268668.001
  2840:  1269033.003  1269634.001  1269667.003  1269716.001  1269850.003
  2845:  1269891.001  1270108.003  1271229.001  1271665.003  1271732.001
  2850:  1271967.003  1272288.001  1273655.003  1273688.001  1274017.003
  2855:  1274070.001  1274261.003  1274504.005  1274795.009  1274976.005
  2860:  1275403.009  1275991.001  1276447.003  1276470.001  1277265.003
  2865:  1277921.001  1277969.003  1278182.001  1278461.003  1278620.001
  2870:  1280409.018  1280840.003  1280846.016  1280896.026  1280962.005
  2875:  1281662.009  1281723.005  1282150.009  1282178.005  1282207.009
  2880:  1282828.005  1283028.009  1284211.001  1284262.003  1284411.001
  2885:  1285037.003  1285068.001  1285139.003  1285216.001  1285371.003
  2890:  1285546.001  1285564.003  1286514.001  1288303.018  1288808.003
  2895:  1288814.016  1288864.026  1288893.005  1289620.009  1289641.005
  2900:  1289699.009  1289711.005  1289765.009  1289775.005  1290008.009
  2905:  1290428.005  1290487.009  1291243.005  1291273.009  1291507.005
  2910:  1291546.009  1291599.005  1291764.009  1292767.001  1292928.003
  2915:  1292983.001  1294772.018  1295023.003  1295029.016  1295079.026
  2920:  1295136.001  1295165.003  1295252.005  1296467.009  1296498.005
  2925:  1296535.009  1296540.005  1296643.009  1297254.005  1297279.009
  2930:  1297733.005  1297780.009  1297852.005  1297874.009  1298840.001
  2935:  1300095.003  1300466.001  1300646.003  1300923.001  1301506.003
  2940:  1301672.001  1302015.003  1302101.001  1302609.003  1302730.001
  2945:  1303208.003  1303226.001  1304193.003  1304542.005  1304908.009
  2950:  1306233.001  1306284.003  1306378.001  1306781.003  1306815.001
  2955:  1307030.003  1307049.001  1307423.003  1307435.001  1308151.003
  2960:  1308564.001  1308582.003  1308752.001  1308840.003  1308967.001
  2965:  1309305.003  1309329.001  1310057.003  1310158.005  1310174.009
  2970:  1310180.005  1310218.009  1310244.005  1310433.009  1313258.005
  2975:  1313279.009  1313931.001  1314432.003  1314504.001  1314721.003
  2980:  1314801.001  1315776.003  1315894.001  1316418.003  1317063.001
  2985:  1318852.018  1319429.003  1319435.016  1319485.026  1319536.005
  2990:  1321063.009  1321078.005  1321146.009  1321513.005  1321783.009
  2995:  1322737.001  1322820.003  1322876.001  1322952.003  1323046.001
  3000:  1323235.003  1323358.001  1323422.003  1323483.001  1323771.003
  3005:  1324369.005  1324449.009  1324976.001  1325625.003  1325661.001
  3010:  1327091.003  1327344.001  1327591.003  1327629.001  1328117.003
  3015:  1328148.001  1328211.003  1328558.005  1328881.009  1329438.001
  3020:  1330059.003  1330757.001  1332546.018  1334809.003  1334815.016
  3025:  1334865.026  1334914.001  1334921.003  1334997.005  1335698.009
  3030:  1336930.005  1336957.009  1337994.001  1339192.003  1339217.001
  3035:  1339322.003  1339340.001  1339899.003  1339947.001  1340034.003
  3040:  1340145.001  1341934.018  1341966.003  1341972.016  1342022.026
  3045:  1342169.005  1343306.009  1344012.005  1344213.009  1344976.001
  3050:  1345098.003  1345148.001  1345773.003  1345821.001  1347327.003
  3055:  1347532.001  1347667.003  1348083.001  1348261.003  1348274.001
  3060:  1349763.003  1350258.001  1351927.003  1351935.017  1351998.001
  3065:  1352256.003  1352391.001  1352558.003  1353213.005  1353416.009
  3070:  1353895.001  1355374.003  1356120.005  1356405.009  1356541.005
  3075:  1356660.009  1357078.001  1358779.003  1358787.017  1358854.001
  3080:  1358938.003  1358946.017  1358984.001  1359142.003  1359873.001
  3085:  1361762.018  1362057.003  1362063.016  1362113.026  1362134.001
  3090:  1362146.003  1362205.005  1363304.009  1363438.005  1363465.009
  3095:  1363493.005  1363514.009  1364274.005  1364379.009  1365202.001
  3100:  1365328.003  1365398.001  1365789.003  1365826.001  1367127.003
  3105:  1367672.001  1369561.018  1370385.003  1370391.016  1370441.026
  3110:  1370477.005  1371606.009  1371679.005  1371687.009  1371701.005
  3115:  1372033.009  1372173.005  1372315.009  1373951.001  1374050.003
  3120:  1374180.001  1374267.003  1374325.001  1374934.003  1375213.001
  3125:  1375285.003  1375357.001  1376802.003  1376843.001  1376963.003
  3130:  1377020.001  1378339.003  1378682.005  1378885.009  1380102.001
  3135:  1380497.003  1380545.001  1380926.003  1381091.001  1382483.003
  3140:  1383418.001  1384959.003  1384987.001  1385130.003  1385150.001
  3145:  1385178.003  1385194.001  1385346.003  1385387.001  1385795.003
  3150:  1386181.001  1386414.003  1386921.001  1388064.003  1388103.001
  3155:  1388552.003  1388591.001  1388642.003  1389354.001  1391243.018
  3160:  1391436.003  1391442.016  1391492.026  1391513.005  1392611.009
  3165:  1392646.005  1392665.009  1392756.005  1392782.009  1392978.005
  3170:  1393094.009  1394274.001  1395601.003  1395626.001  1396386.003
  3175:  1396521.005  1396802.009  1397206.001  1397335.003  1397398.001
  3180:  1397698.003  1397837.001  1398845.003  1400091.001  1401320.003
  3185:  1401419.001  1402619.003  1402629.001  1402918.003  1402936.001
  3190:  1403167.003  1403711.001  1403893.003  1403961.001  1404197.003
  3195:  1404294.001  1405942.003  1406195.001  1406375.003  1407299.005
  3200:  1407662.009  1408242.001  1408656.003  1408696.001  1408791.003
  3205:  1408828.001  1409980.003  1410005.001  1410753.003  1411525.001
  3210:  1411580.003  1411634.001  1411666.003  1411682.001  1411885.003
  3215:  1411973.001  1412073.003  1412146.001  1412330.003  1412384.001
  3220:  1412442.003  1412548.001  1412633.003  1412675.001  1412822.003
  3225:  1412897.001  1413297.003  1413342.001  1413434.003  1413528.001
  3230:  1413725.003  1413752.001  1413929.003  1414201.001  1414387.003
  3235:  1414486.001  1414910.003  1415619.001  1415683.003  1415922.001
  3240:  1416506.003  1416523.001  1416772.003  1416785.001  1417128.003
  3245:  1417344.001  1417377.003  1417952.001  1419247.003  1419277.001
  3250:  1419605.003  1420034.005  1420303.009  1421098.001  1422021.003
  3255:  1422212.001  1422325.003  1422377.001  1422751.003  1422793.001
  3260:  1422832.003  1423588.001  1423680.003  1423690.001  1424026.003
  3265:  1424036.001  1424454.003  1424827.001  1424910.003  1425317.001
  3270:  1425643.003  1425655.001  1426789.003  1426843.001  1426961.003
  3275:  1427150.001  1427201.003  1427908.005  1427925.009  1428202.001
  3280:  1429123.003  1429704.001  1429751.003  1429984.001  1430177.003
  3285:  1430244.001  1430742.003  1430834.001  1431307.003  1432306.001
  3290:  1432323.003  1434388.005  1434401.009  1434403.005  1434945.009
  3295:  1434981.005  1435261.009  1465593.005  1465624.009  1465645.005
  3300:  1465904.009  1465950.005  1466210.009  1494029.001  1494042.003
  3305:  1494138.001  1494318.003  1494536.001  1494619.003  1494791.001
  3310:  1494922.003  1494981.001  1496548.003  1497474.001  1497580.003
  3315:  1497634.001  1498025.003  1498066.001  1498897.003  1499804.001
  3320:  1499973.003
B:
     0:        0.000     1135.000        0.000     1135.000        0.000
     5:      422.000        0.000        0.000        0.000      422.000
    10:        0.000        1.000        0.000        1.000        0.000
    15:        0.000       62.000       19.000       62.000        0.000
    20:        0.000        0.000        0.000        0.000        0.000
    25:        0.000       62.000        0.000        0.000        0.000
    30:        0.000
D:
     0:  3662697.000  3662529.000  3662698.000
E:
     0:      941.000     1888.953
P:
     0:        0.000      147.000      402.000      476.000      738.000
     5:       18.000       36.000      128.000       91.000      468.000
    10:       18.000       48.000      309.000       28.000     1418.000
    15:      136.000      310.000      411.000      110.000      289.000
    20:       85.000      161.000       92.000      201.000      167.000
    25:       12.000      128.000      114.000      314.000      426.000
    30:       90.000      127.000      265.000      138.000       14.000
    35:      438.000      577.000      441.000       91.000      286.000
    40:      144.000       57.000       14.000       14.000      519.000
    45:      673.000      163.000       88.000      374.000      307.000
    50:      243.000       77.000      162.000       20.000       17.000
    55:      229.000      226.000     1348.000       53.000       15.000
    60:       10.000      129.000      388.000      150.000        7.000
    65:      100.000      568.000      787.000       90.000     1169.000
    70:       60.000       93.000       35.000     1051.000      173.000
    75:      679.000       80.000       99.000      886.000      429.000
    80:       52.000      351.000      188.000       11.000      498.000
    85:      194.000     1385.000      176.000      374.000      267.000
    90:       33.000       44.000      206.000      353.000      200.000
    95:       90.000      155.000      219.000       60.000      539.000
   100:      763.000       55.000      779.000       67.000     1100.000
   105:      103.000       77.000      208.000       21.000      135.000
   110:       97.000      272.000       29.000      602.000      160.000
   115:       65.000      909.000      126.000       33.000       24.000
   120:      187.000        9.000      202.000       79.000       51.000
   125:      196.000     1157.000      475.000      227.000      258.000
   130:     1357.000       68.000       62.000      377.000      185.000
   135:      606.000      571.000      307.000      348.000      437.000
   140:      522.000       82.000     1907.000      414.000     1429.000
   145:      381.000     1045.000     1225.000      396.000       80.000
   150:      162.000      353.000      109.000      344.000      535.000
   155:      161.000      173.000       95.000      380.000      397.000
   160:       84.000      165.000      276.000      127.000       24.000
   165:      118.000      744.000      234.000      695.000      167.000
   170:       91.000       81.000      913.000       87.000       24.000
   175:     1004.000       27.000      727.000      266.000      133.000
   180:      625.000       60.000     1104.000      244.000      306.000
   185:      183.000      295.000       58.000      710.000     1010.000
   190:      196.000      175.000      219.000       81.000     1654.000
   195:       27.000      170.000      232.000      186.000       91.000
   200:      495.000      145.000      718.000       18.000      130.000
   205:       44.000      585.000       96.000      821.000       42.000
   210:       25.000       54.000       13.000     1333.000      461.000
   215:     1093.000      397.000      974.000     1019.000      550.000
   220:      146.000      154.000      172.000      121.000       55.000
   225:       14.000      258.000      457.000       55.000       41.000
   230:      363.000      253.000       84.000       74.000       58.000
   235:       69.000     1093.000      104.000       53.000       78.000
   240:      137.000     1273.000      670.000      389.000      610.000
   245:       65.000      370.000      124.000      185.000       48.000
   250:     1080.000      304.000      434.000      720.000      687.000
   255:       43.000      262.000      125.000       63.000       19.000
   260:      376.000      247.000     1001.000      187.000       69.000
   265:       53.000      209.000      963.000       13.000       40.000
   270:      140.000      466.000       17.000      414.000        7.000
   275:      114.000      653.000     1005.000      337.000      480.000
   280:      162.000      379.000     1272.000      603.000      239.000
   285:      607.000      236.000     1045.000      717.000      369.000
   290:      417.000     2039.000       99.000      189.000       51.000
   295:      488.000       37.000     1160.000      393.000      140.000
   300:      468.000      843.000      368.000      366.000      271.000
   305:      293.000      336.000      907.000      195.000       43.000
   310:      168.000      256.000      239.000      174.000       30.000
   315:      166.000      439.000     1175.000      188.000      774.000
   320:      406.000       75.000       46.000     1108.000       72.000
   325:     1026.000       66.000      187.000      225.000      779.000
   330:       49.000      414.000     1109.000       68.000      144.000
   335:      101.000       63.000      201.000     1141.000      133.000
   340:      127.000      991.000      886.000     1311.000      544.000
   345:       68.000      610.000      641.000      180.000      163.000
   350:      858.000     1526.000      608.000      253.000      142.000
   355:      691.000      885.000      250.000      154.000     2409.000
   360:      610.000      769.000      729.000     1059.000      641.000
   365:     1818.000       25.000      588.000      667.000      915.000
   370:      995.000      326.000      895.000      224.000     1149.000
   375:      596.000      196.000      298.000     1244.000      113.000
   380:       44.000      268.000      212.000      539.000      712.000
   385:     1243.000      256.000     2189.000       85.000     1145.000
   390:      619.000      525.000      274.000     1901.000       21.000
   395:     3356.000       22.000      111.000      295.000      315.000
   400:      678.000     2423.000      714.000       28.000      415.000
   405:      445.000      610.000      377.000      462.000       61.000
   410:      190.000      311.000     1092.000       25.000       39.000
   415:      869.000      313.000      137.000      202.000      140.000
   420:       92.000      348.000      507.000      153.000      287.000
   425:      179.000       30.000      132.000       88.000       52.000
   430:     1069.000      635.000      331.000       60.000      379.000
   435:       43.000     1091.000      772.000      108.000      327.000
   440:       77.000      273.000      290.000      179.000      152.000
   445:      414.000      596.000     1689.000      415.000     1148.000
   450:      773.000      229.000      560.000     1866.000      975.000
   455:       49.000      286.000      257.000      670.000      153.000
   460:     1427.000      679.000      240.000      479.000      225.000
   465:     1534.000      128.000     1128.000      943.000       31.000
   470:      194.000      395.000     1949.000       14.000      351.000
   475:     1446.000     2662.000      242.000      955.000     1024.000
   480:      229.000      659.000      610.000      255.000      213.000
   485:      301.000      840.000      567.000      253.000       24.000
   490:     1491.000      106.000     3307.000      612.000      896.000
   495:     1289.000      237.000     1096.000     1728.000      122.000
   500:       64.000      556.000       31.000      623.000       33.000
   505:     2446.000     1081.000      122.000      558.000      372.000
   510:      506.000       56.000     1097.000      908.000      596.000
   515:      485.000      162.000      125.000      244.000     1049.000
   520:      162.000     1108.000        6.000     1902.000      138.000
   525:      775.000      390.000     1222.000      693.000      447.000
   530:     1202.000     3000.000       49.000      206.000     1582.000
   535:      167.000      703.000     1174.000     1079.000       38.000
   540:       63.000      313.000      153.000      453.000      234.000
   545:      408.000     2541.000      438.000      169.000      392.000
   550:      114.000       71.000      371.000      288.000      166.000
   555:     1760.000      359.000      248.000      541.000      115.000
   560:       59.000     1311.000     1346.000     1272.000      170.000
   565:      242.000     2210.000      972.000      486.000       55.000
   570:      333.000     1147.000      134.000      690.000     1428.000
   575:      189.000       74.000      336.000      758.000      172.000
   580:      267.000     2295.000       16.000      735.000     1369.000
   585:      391.000      999.000     1425.000      149.000     2248.000
   590:      128.000      155.000       34.000     1638.000      483.000
   595:     1067.000      104.000      380.000      227.000      666.000
   600:      636.000      185.000      923.000      229.000     1019.000
   605:       41.000      299.000      304.000      933.000      189.000
   610:      203.000      346.000      187.000      494.000       32.000
   615:      305.000       15.000      379.000      138.000       39.000
   620:       59.000       93.000     1181.000     2105.000      466.000
   625:      428.000      124.000     2097.000       11.000      536.000
   630:      256.000     1075.000      447.000      262.000      463.000
   635:       54.000      701.000     1113.000      421.000      148.000
   640:      346.000     1489.000      660.000       47.000     1785.000
   645:      528.000      379.000     1184.000      280.000       62.000
   650:      752.000     1554.000      323.000      604.000       42.000
   655:      290.000      178.000      223.000        7.000      504.000
   660:      442.000       81.000      517.000       50.000      697.000
   665:      605.000       83.000      605.000      306.000       87.000
   670:     1230.000      585.000       16.000       28.000      778.000
   675:      712.000       59.000       18.000      279.000     1630.000
   680:      127.000     1200.000      553.000      181.000     1373.000
   685:     2212.000       21.000      498.000      518.000      354.000
   690:      312.000      995.000      111.000       92.000     1498.000
   695:     1811.000      262.000      363.000      777.000      374.000
   700:     1054.000       54.000      547.000      772.000      728.000
   705:      521.000     1027.000      732.000      257.000       28.000
   710:      123.000      131.000      706.000       74.000     1476.000
   715:     1008.000       38.000       92.000       69.000      920.000
   720:       98.000     1560.000      350.000      325.000      643.000
   725:      424.000      894.000       77.000       92.000     1349.000
   730:     1388.000       39.000      103.000     1473.000      435.000
   735:      197.000        8.000     1412.000     1344.000      125.000
   740:      276.000      104.000       36.000       64.000      198.000
   745:      702.000      311.000      773.000      291.000      200.000
   750:       95.000      257.000       34.000      523.000      192.000
   755:      114.000      129.000       43.000     1764.000     1208.000
   760:      354.000      172.000      582.000      660.000      782.000
   765:      281.000      544.000      923.000      281.000      299.000
   770:       33.000       93.000     1446.000      862.000      350.000
   775:      261.000      181.000      192.000      856.000       42.000
   780:      691.000     1045.000      315.000      428.000      602.000
   785:       92.000      578.000       46.000      601.000       76.000
   790:      550.000     1645.000      496.000      169.000     1265.000
   795:     1347.000     1495.000     1268.000      620.000      781.000
   800:      256.000       37.000       36.000      217.000      254.000
   805:      761.000       56.000      444.000      120.000      114.000
   810:       40.000      101.000      138.000      864.000      137.000
   815:      177.000      366.000      422.000      274.000      332.000
   820:      305.000      154.000     1225.000      118.000     1350.000
   825:      719.000      331.000      345.000      266.000      737.000
   830:      143.000      447.000      884.000      907.000      893.000
   835:       15.000       89.000      136.000       38.000      731.000
   840:      698.000      834.000     1504.000      151.000      546.000
   845:       49.000      523.000      169.000      333.000       48.000
   850:     2339.000       13.000      168.000     1111.000       34.000
   855:      230.000      393.000       86.000      730.000      423.000
   860:       31.000       49.000      260.000     1599.000     1878.000
   865:       79.000     1190.000      146.000      361.000      824.000
   870:      230.000     1075.000     1110.000      233.000      832.000
   875:      908.000      462.000      141.000      294.000      630.000
   880:     1019.000       74.000      198.000       82.000     1585.000
   885:       25.000       36.000     1181.000       61.000     2866.000
   890:      336.000     1393.000      516.000     1053.000       67.000
   895:     2061.000      884.000      108.000      503.000      157.000
   900:      527.000     2042.000       20.000      110.000     2361.000
   905:       66.000       34.000      230.000      139.000       28.000
   910:      278.000     1033.000     1897.000     2049.000      271.000
   915:     1643.000       63.000      399.000      101.000     1648.000
   920:     1797.000       15.000      601.000     1052.000      291.000
   925:       69.000     1873.000     1479.000      786.000      568.000
   930:      636.000     1497.000       54.000     1578.000      645.000
   935:      722.000      143.000      256.000      137.000      273.000
   940:      300.000      533.000      524.000       68.000     1424.000
   945:     1020.000      738.000       18.000      147.000     1153.000
   950:      287.000       29.000       26.000       22.000     1887.000
   955:       25.000      271.000      884.000     1540.000      245.000
   960:     1260.000      257.000      152.000     1552.000      102.000
   965:      206.000      123.000      145.000       12.000     1004.000
   970:      365.000       33.000      134.000      217.000      436.000
   975:      235.000     1367.000      329.000      191.000      456.000
   980:      795.000       48.000      279.000     2220.000       51.000
   985:      626.000       71.000      155.000       18.000     2294.000
   990:      161.000     2040.000       29.000     1255.000      180.000
   995:      583.000      343.000      508.000      478.000      967.000
  1000:       51.000      403.000      215.000      374.000      716.000
  1005:       18.000       88.000      338.000      728.000      501.000
  1010:      217.000      975.000      524.000     2366.000       83.000
  1015:       76.000      189.000       64.000      288.000      649.000
  1020:     1430.000      247.000      488.000       63.000      621.000
  1025:     4052.000        7.000     1198.000      105.000      559.000
  1030:       87.000     1821.000      122.000      625.000     1506.000
  1035:      135.000      178.000     1489.000     1669.000      258.000
  1040:      167.000     1479.000     1701.000       84.000      158.000
  1045:     2184.000       12.000      126.000      391.000     1301.000
  1050:     2713.000       99.000       87.000      609.000       72.000
  1055:     1445.000      120.000     1319.000      395.000      381.000
  1060:     1392.000     1541.000      143.000       28.000      152.000
  1065:      408.000      233.000     1143.000      449.000       51.000
  1070:     2082.000     1327.000      760.000      129.000      300.000
  1075:     1008.000     1229.000     1200.000      289.000      231.000
  1080:      182.000      236.000     1648.000      180.000      414.000
  1085:       95.000     1152.000      748.000       55.000       32.000
  1090:      203.000      100.000      184.000       58.000       85.000
  1095:      147.000      400.000       92.000      197.000      177.000
  1100:      186.000      424.000       64.000      584.000      249.000
  1105:      343.000       33.000     1295.000      328.000      923.000
  1110:      113.000      374.000       39.000       92.000      336.000
  1115:      418.000       83.000      326.000     1134.000      118.000
  1120:       51.000      921.000       47.000      193.000      498.000
  1125:      473.000       17.000       13.000      180.000       83.000
  1130:      131.000     1567.000      106.000      391.000      831.000
  1135:      169.000
R:
     0:        1.000   183305.411        0.000
T:
     0:        0.000        0.000        0.000        0.000
W:
     0:        0.000        0.000        0.000
